4.9529155e-16   0   0   0   0
0.0201152172761688   0.0193732324324012   0.0201152172761683   0.0193732324324012   0
0.0590708743667887   0.0128401712760034   0.0389556570906198   -0.00653306115639775   0
0.0277974024966585   0.0330988860610715   -0.0312734718701301   0.0202587147850681   0
0.0483913215374214   0.0662976529051234   0.0205939190407628   0.0331987668440518   0
0.0234595603856068   0.0754996507572378   -0.0249317611518145   0.00920199785211438   0
0.0519669767416278   0.0981126377157814   0.028507416356021   0.0226129869585436   0
0.0572091900557391   0.123579766033115   0.00524221331411134   0.0254671283173339   0
0.0847678105899561   0.118962410230542   0.0275586205342169   -0.00461735580257322   0
0.0994991556329876   0.125684858888819   0.0147313450430315   0.00672244865827674   0
0.0972143579716245   0.105958918701274   -0.00228479766136304   -0.0197259401875447   0
0.093552053746989   0.100272577790764   -0.00366230422463548   -0.00568634091051021   0
0.11836244566332   0.0970511177530256   0.0248103919163312   -0.00322146003773827   0
0.0998835221475092   0.0964957127045889   -0.0184789235158111   -0.000555405048436652   0
0.128504104866504   0.122806986408936   0.0286205827189948   0.0263112737043471   0
0.0895660736136875   0.125494778653015   -0.0389380312528164   0.00268779224407928   0
0.124170099075696   0.13306457239686   0.0346040254620084   0.00756979374384498   0
0.105911180595433   0.139320248327509   -0.0182589184802633   0.00625567593064866   0
0.121879902378658   0.138578973311716   0.0159687217832256   -0.000741275015793103   0
0.100010635545567   0.145839364752455   -0.0218692668330908   0.00726039144073912   0
0.111559011768812   0.13953279918112   0.0115483762232444   -0.00630656557133452   0
0.134556676650468   0.149297235269145   0.0229976648816559   0.0097644360880243   0
0.121571996432882   0.167429022058241   -0.0129846802175853   0.0181317867890965   0
0.142231417701064   0.150184219874968   0.0206594212681821   -0.0172448021832734   0
0.12206973265817   0.151817737399565   -0.0201616850428942   0.00163351752459726   0
0.156520513420516   0.146518451851988   0.0344507807623455   -0.00529928554757736   0
0.168795032769141   0.148648541603004   0.0122745193486254   0.00213008975101642   0
0.145632343098491   0.143717459248763   -0.0231626896706498   -0.00493108235424131   0
0.166185392715479   0.095037058616486   0.0205530496169872   -0.0486804006322769   0
0.19686216913929   0.107854104472535   0.0306767764238116   0.0128170458560487   0
0.203875880676434   0.106439720222865   0.00701371153714375   -0.00141438424966972   0
0.198049802253613   0.127460510948522   -0.00582607842282079   0.0210207907256567   0
0.1788445184697   0.134252476954156   -0.0192052837839131   0.00679196600563481   0
0.161640045901436   0.134650163534835   -0.0172044725682636   0.000397686580678625   0
0.157268472099248   0.159947184789279   -0.00437157380218883   0.0252970212544443   0
0.178381744151146   0.145502808921443   0.0211132720518985   -0.0144443758678364   0
0.147013052706178   0.163220748030833   -0.0313686914449678   0.0177179391093896   0
0.212763690642453   0.152979659194113   0.0657506379362749   -0.0102410888367198   0
0.197078670388408   0.19259256052956   -0.0156850202540448   0.0396129013354476   0
0.213028367858702   0.235069110289434   0.0159496974702934   0.0424765497598736   0
0.208825661773291   0.253528841532602   -0.00420270608541073   0.0184597312431684   0
0.190493003455029   0.247008560125217   -0.0183326583182617   -0.00652028140738495   0
0.152489926896452   0.213469283206573   -0.0380030765585777   -0.0335392769186441   0
0.158368103783337   0.199390968677685   0.00587817688688538   -0.0140783145288884   0
0.156077032738306   0.214839503171405   -0.00229107104503143   0.0154485344937208   0
0.144026516757553   0.210834968718012   -0.0120505159807523   -0.00400453445339302   0
0.164286950733888   0.25874200378108   0.0202604339763345   0.0479070350630676   0
0.199769266049228   0.33279879074979   0.0354823153153405   0.0740567869687102   0
0.153758020611193   0.31277819728607   -0.0460112454380355   -0.0200205934637205   0
0.175855522414014   0.334544357150103   0.0220975018028217   0.021766159864033   0
0.158528310258315   0.314770543106951   -0.0173272121556995   -0.0197738140431519   0
0.178672291824042   0.329728243578572   0.0201439815657272   0.0149577004716211   0
0.14842903238839   0.33231361870998   -0.030243259435652   0.00258537513140833   0
0.160350639900116   0.321498267210342   0.0119216075117259   -0.0108153514996383   0
0.168305625408734   0.342859079965904   0.00795498550861776   0.0213608127555624   0
0.18135997733346   0.34453328953061   0.0130543519247268   0.00167420956470549   0
0.179549967606215   0.297929634389696   -0.00181000972724546   -0.0466036551409135   0
0.188670293909527   0.302641431911564   0.00912032630331175   0.00471179752186757   0
0.204451001475798   0.376038623008192   0.0157807075662715   0.0733971910966278   0
0.175121831401293   0.370922299158305   -0.0293291700745056   -0.00511632384988647   0
0.202775104885358   0.34071842330651   0.0276532734840655   -0.0302038758517957   0
0.203143434907157   0.366402429914848   0.000368330021798563   0.0256840066083389   0
0.206562371976289   0.373144439368906   0.00341893706913191   0.00674200945405756   0
0.191512796176372   0.358697853151974   -0.0150495757999162   -0.0144465862169316   0
0.19274933020715   0.375375520173997   0.0012365340307775   0.0166776670220222   0
0.192402720123007   0.394923570348617   -0.000346610084142607   0.0195480501746201   0
0.214842673390363   0.39440482084765   0.0224399532673557   -0.000518749500966309   0
0.190912585466618   0.376597524882078   -0.0239300879237447   -0.0178072959655722   0
