0   0   0   0   0
0.0477807963369082   0.0196664462323265   0.0477807963369082   0.0196664462323265   0
0.0876979894977443   0.0303897080527798   0.0399171931608362   0.0107232618204533   0
0.0581866674655803   0.0466667873764479   -0.029511322032164   0.0162770793236681   0
0.0642249652262211   0.0936697068883561   0.00603829776064077   0.0470029195119082   0
0.0683854992395088   0.100223928391116   0.00416053401328777   0.00655422150275967   0
0.0669419275264332   0.0893008417314999   -0.00144357171307569   -0.0109230866596159   0
0.0779677666699574   0.097955121308237   0.0110258391435243   0.00865427957673717   0
0.0730214295444163   0.100120568775706   -0.00494633712554109   0.00216544746746886   0
0.0926733151223636   0.117843663698079   0.0196518855779473   0.0177230949223734   0
0.0993737694374827   0.115227440053505   0.00670045431511913   -0.00261622364457469   0
0.109672597801522   0.117003805480464   0.0102988283640392   0.00177636542695893   0
0.114828596792521   0.137673474414811   0.00515599899099904   0.0206696689343478   0
0.106640812406856   0.127490588126712   -0.00818778438566464   -0.0101828862880994   0
0.116284782327362   0.140328704737999   0.00964396992050556   0.0128381166112866   0
0.117984558235768   0.149453094839573   0.0016997759084065   0.00912439010157451   0
0.142099142790424   0.148803880152105   0.0241145845546558   -0.000649214687468425   0
0.149291348446529   0.16107281485922   0.00719220565610479   0.0122689347071157   0
0.138786054624213   0.154803666495506   -0.0105052938223155   -0.00626914836371428   0
0.185748138989415   0.160031175142509   0.0469620843652018   0.00522750864700319   0
0.219938845730513   0.145414438021875   0.0341907067410982   -0.0146167371206346   0
0.200097141799099   0.152477798760836   -0.0198417039314145   0.00706336073896116   0
0.219685664810964   0.134465936098306   0.0195885230118653   -0.0180118626625294   0
0.229637404293745   0.149234371867396   0.00995173948278108   0.0147684357690898   0
0.246668868650403   0.172259161958919   0.0170314643566578   0.0230247900915223   0
0.223657602463317   0.194501875259558   -0.0230112661870863   0.0222427133006391   0
0.270584490437869   0.21220420292505   0.0469268879745521   0.0177023276654922   0
0.317056465457285   0.245204149739653   0.0464719750194166   0.0329999468146029   0
0.28458121242105   0.206706759909975   -0.0324752530362354   -0.0384973898296773   0
0.281044926954627   0.188019516460152   -0.0035362854664226   -0.018687243449823   0
0.302344746991014   0.194618251524711   0.0212998200363863   0.00659873506455902   0
0.272957406948934   0.190899603134579   -0.0293873400420798   -0.00371864839013256   0
0.225039099075337   0.194188272028315   -0.0479183078735969   0.00328866889373658   0
0.213123366017065   0.199889356472075   -0.0119157330582722   0.00570108444375922   0
0.219650929520247   0.190546604026694   0.00652756350318184   -0.00934275244538085   0
0.236978004995627   0.199368963144814   0.0173270754753803   0.00882235911811974   0
0.232302316842448   0.180761181326948   -0.00467568815317856   -0.018607781817866   0
0.235508892309046   0.191610530152754   0.00320657546659786   0.0108493488258062   0
0.251088593247738   0.217508272508862   0.0155797009386921   0.0258977423561082   0
0.245992098123542   0.211269365309342   -0.00509649512419663   -0.00623890719952028   0
0.225893908508243   0.180677024802675   -0.0200981896152984   -0.0305923405066668   0
0.229814801249091   0.175521933644473   0.00392089274084742   -0.00515509115820234   0
0.230266458507885   0.168923500330874   0.000451657258794508   -0.00659843331359883   0
0.225520124546057   0.171285069543959   -0.00474633396182855   0.00236156921308572   0
0.245558508938468   0.170724815951009   0.0200383843924117   -0.000560253592950921   0
0.220260868846454   0.169266226805311   -0.0252976400920145   -0.00145858914569763   0
0.192467326003635   0.138143698913823   -0.0277935428428191   -0.0311225278914883   0
0.192661651395857   0.13366808151058   0.000194325392222361   -0.0044756174032427   0
0.205195668457526   0.138303116985053   0.0125340170616694   0.00463503547447289   0
0.229492286041877   0.170948360720397   0.0242966175843503   0.0326452437353446   0
0.221780045140032   0.13402667810572   -0.00771224090184505   -0.0369216826146771   0
0.256086779457146   0.146348731193227   0.0343067343171139   0.0123220530875067   0
0.249989468698171   0.120503327410184   -0.00609731075897446   -0.0258454037830429   0
0.219307047176948   0.120538085131649   -0.0306824215212236   3.47577214645095e-05   0
0.235110059228954   0.132408209434411   0.0158030120520061   0.0118701243027627   0
0.355339335234332   0.517883693217966   0.120229276005378   0.385475483783554   0
0.493679987742002   0.527548472695266   0.13834065250767   0.00966477947729993   0
0.420208317018649   0.355294253703967   -0.0734716707233535   -0.172254218991299   0
0.414106410983534   0.243627165993291   -0.00610190603511473   -0.111667087710676   0
0.518319327682649   0.311653805558807   0.104212916699115   0.0680266395655165   0
0.323076907296611   0.206044186046069   -0.195242420386039   -0.105609619512738   0
0.29258547406345   0.114234073054364   -0.0304914332331601   -0.0918101129917051   0
0.310195107008399   0.111985162887792   0.0176096329449485   -0.0022489101665725   0
0.31523802474731   0.136216454672129   0.00504291773891119   0.0242312917843372   0
0.406027620758229   0.155752393121792   0.0907895960109187   0.0195359384496625   0
0.345711450757646   0.149774839358338   -0.0603161700005829   -0.00597755376345335   0
0.2228452561873   0.101160002854532   -0.122866194570346   -0.0486148365038066   0
0.193255739334441   0.118529454122396   -0.0295895168528583   0.0173694512678647   0
0.195318690455353   0.133287004498639   0.00206295112091109   0.0147575503762431   0
0.286583641723694   0.0887291583493354   0.0912649512683418   -0.044557846149304   0
0.248386053305411   0.0565861891166789   -0.0381975884182829   -0.0321429692326565   0
0.209141405666947   0.11594741490685   -0.0392446476384641   0.059361225790171   0
0.238325802683637   0.191161542652111   0.0291843970166902   0.0752141277452608   0
0.223080546883276   0.165701772450199   -0.0152452558003614   -0.0254597702019121   0
0.223525632010666   0.141232166430453   0.000445085127390221   -0.0244696060197455   0
