0   0   0   0   0
0.0270134192851443   0.0113451037764076   0.0270134192851443   0.0113451037764076   0
0.0544026123651445   0.0710607323078647   0.0273891930800002   0.0597156285314571   0
0.0407826512673152   0.023993641973335   -0.0136199610978293   -0.0470670903345297   0
0.0322066908240755   0.0459123218066331   -0.00857596044323976   0.0219186798332981   0
0.0154974248004698   0.0375713037960243   -0.0167092660236056   -0.00834101801060878   0
0.0305523904940201   0.0286447957598259   0.0150549656935503   -0.00892650803619842   0
0.0225401798508748   0.0276121319817696   -0.0080122106431453   -0.00103266377805622   0
0.027026284905876   0.0464735957548046   0.00448610505500119   0.0188614637730349   0
0.0324237817710002   0.0323723407092859   0.00539749686512422   -0.0141012550455187   0
0.0226270882488141   0.0379978774690572   -0.00979669352218613   0.00562553675977134   0
0.0228059411693905   0.0373112531876471   0.000178852920576452   -0.000686624281410177   0
0.0242142883505456   0.0405652853437908   0.00140834718115509   0.00325403215614377   0
0.0410592583827287   0.033965362269442   0.0168449700321831   -0.00659992307434878   0
0.0624278008955076   0.0518880936965015   0.0213685425127789   0.0179227314270594   0
0.0429202133806435   0.040172958225536   -0.0195075875148641   -0.0117151354709655   0
0.02354242081884   0.0369991541679319   -0.0193777925618035   -0.0031738040576041   0
0.055417990017265   0.0398236882334589   0.031875569198425   0.00282453406552698   0
0.0346014285533758   0.036477465700263   -0.0208165614638893   -0.00334622253319581   0
0.0401948728931986   0.0328224911015804   0.0055934443398228   -0.00365497459868266   0
0.0592862713218355   0.030020331831135   0.019091398428637   -0.00280215927044542   0
0.101647317239531   0.0559467211460694   0.0423610459176959   0.0259263893149345   0
0.0567577143606857   0.0461208375625018   -0.0448896028788457   -0.00982588358356763   0
0.10444522367012   0.0643494798096754   0.0476875093094339   0.0182286422471736   0
0.121053419171424   0.0743250117139526   0.0166081955013048   0.0099755319042772   0
0.0709779100407429   0.0574745241192365   -0.0500755091306815   -0.0168504875947161   0
0.0671850004200735   0.0491349002874456   -0.0037929096206694   -0.00833962383179088   0
0.0838914993004202   0.0676636616601678   0.0167064988803467   0.0185287613727222   0
0.0387435049313604   0.0468960691786602   -0.0451479943690598   -0.0207675924815076   0
0.0689060438300423   0.0691480840270949   0.0301625388986819   0.0222520148484348   0
0.101560944355302   0.121606550424181   0.0326549005252594   0.0524584663970857   0
0.16460334490635   0.168973287128312   0.0630424005510486   0.0473667367041314   0
0.143401941325019   0.15656960800237   -0.0212014035813315   -0.0124036791259421   0
0.21374754619529   0.207328942234198   0.070345604870271   0.0507593342318285   0
0.21895653286593   0.217342960991059   0.00520898667064035   0.0100140187568601   0
0.237025233023896   0.245145721450364   0.0180687001579658   0.0278027604593055   0
0.258085187717303   0.246491567589804   0.0210599546934068   0.00134584613943978   0
0.215214997407561   0.212011586426063   -0.0428701903097417   -0.0344799811637405   0
0.201305101087838   0.218076639393841   -0.0139098963197227   0.00606505296777737   0
0.20876983420704   0.214233638530172   0.00746473311920134   -0.00384300086366818   0
0.240507855598375   0.218522203218751   0.0317380213913355   0.00428856468857874   0
0.242917858822602   0.163683051237001   0.00241000322422624   -0.0548391519817499   0
0.248009596604664   0.141541561745982   0.00509173778206223   -0.0221414894910196   0
0.185387820281726   0.0764477365403211   -0.0626217763229378   -0.0650938252056606   0
0.215793830168862   0.106019594114365   0.0304060098871363   0.0295718575740439   0
0.209546573031163   0.0882502795515914   -0.00624725713769914   -0.0177693145627736   0
0.254456876666622   0.151812127648733   0.0449103036354585   0.0635618480971419   0
0.306921990162392   0.208691470035289   0.0524651134957699   0.0568793423865558   0
0.334577910546955   0.226234796774841   0.0276559203845631   0.0175433267395523   0
0.391044312690552   0.245146827827597   0.0564664021435968   0.0189120310527556   0
0.384131190887067   0.23462197150106   -0.00691312180348402   -0.0105248563265375   0
0.31755888423419   0.191015665126265   -0.0665723066528771   -0.0436063063747946   0
0.369892381970567   0.219965902753238   0.0523334977363771   0.0289502376269729   0
0.373405785731987   0.238009209995144   0.00351340376141923   0.0180433072419056   0
0.372791516558132   0.270385705467763   -0.000614269173854542   0.0323764954726192   0
0.377224667785429   0.259491415993355   0.00443315122729721   -0.0108942894744073   0
0.379743388342671   0.253976025798013   0.00251872055724123   -0.00551539019534214   0
0.36009710982636   0.263388561961427   -0.0196462785163105   0.00941253616341403   0
0.380277686975621   0.28212060423185   0.0201805771492611   0.0187320422704227   0
0.34008600249181   0.250693865910784   -0.0401916844838108   -0.031426738321066   0
0.2985187466508   0.213735890563758   -0.0415672558410108   -0.036957975347026   0
0.283905876300638   0.196685980604685   -0.0146128703501619   -0.0170499099590728   0
0.30719493260471   0.193951146620562   0.0232890563040726   -0.00273483398412291   0
0.295687886663479   0.198947391341378   -0.0115070459412316   0.00499624472081547   0
0.296706369275745   0.209470260881492   0.00101848261226617   0.0105228695401142   0
0.240357469076296   0.163503948068311   -0.0563489001994487   -0.0459663128131805   0
0.197826219547335   0.25786203864799   -0.0425312495289608   0.0943580905796781   0
0.192134564260323   0.220936488455199   -0.00569165528701188   -0.0369255501927903   0
0.143504597645526   0.159443928008206   -0.0486299666147977   -0.0614925604469938   0
0.12526060305387   0.118676776163625   -0.0182439945916558   -0.0407671518445804   0
0.116993706080961   0.117268719960608   -0.00826689697290842   -0.00140805620301715   0
0.108697696030949   0.116251176091392   -0.008296010050012   -0.00101754386921582   0
0.102832648074843   0.0951710513624501   -0.00586504795610698   -0.0210801247289421   0
0.0917883544205958   0.112577351344772   -0.0110442936542467   0.017406299982322   0
0.0549592451378543   0.109839601909439   -0.0368291092827415   -0.00273774943533303   0
0.178366902371124   0.181843659162634   0.12340765723327   0.0720040572531949   0
0.206176763618217   0.201417703846706   0.0278098612470934   0.0195740446840724   0
0.127125666423177   0.17726451096941   -0.0790510971950406   -0.0241531928772968   0
0.150959702990739   0.172159735818273   0.0238340365675619   -0.00510477515113664   0
