1.0667088e-14   3.8518599e-32   0   0   0
0.0143650002427688   0.0320806573411379   0.0143650002427581   0.0320806573411379   0
0.0728383920945739   0.0342138571528416   0.0584733918518051   0.0021331998117037   0
0.0676515503260188   0.0327233696023325   -0.00518684176855516   -0.00149048755050918   0
0.0601327231800199   0.0226138875313848   -0.0075188271459989   -0.0101094820709476   0
0.0883190185399358   0.0394482090483928   0.028186295359916   0.0168343215170079   0
0.0987634889017721   0.034083046260686   0.0104444703618363   -0.00536516278770675   0
0.0847684760158085   0.0493655438360291   -0.0139950128859637   0.0152824975753431   0
0.0730519888093923   0.041342403626641   -0.0117164872064161   -0.0080231402093881   0
0.0740828949854519   0.0352126544652282   0.00103090617605955   -0.00612974916141278   0
0.0994314240880012   0.0398883212656121   0.0253485291025493   0.00467566680038394   0
0.0861467136200609   0.0482494605350506   -0.0132847104679403   0.0083611392694385   0
0.132321240145191   0.0717801671952506   0.0461745265251299   0.0235307066601999   0
0.150971252760378   0.087372789509723   0.0186500126151875   0.0155926223144724   0
0.137574858380602   0.095179821638994   -0.0133963943797766   0.00780703212927104   0
0.133409254676251   0.0805006000799813   -0.00416560370435062   -0.0146792215590127   0
0.149436504039706   0.08956685213266   0.0160272493634552   0.00906625205267869   0
0.120037202025337   0.0791279794531309   -0.0293993020143697   -0.0104388726795291   0
0.104699125706234   0.102810834781171   -0.0153380763191023   0.0236828553280404   0
0.159886472626718   0.104975540541899   0.0551873469204841   0.00216470576072726   0
0.177400074756937   0.118007630224599   0.0175136021302187   0.0130320896827   0
0.222546490828107   0.162079799429658   0.04514641607117   0.0440721692050598   0
0.253622675782163   0.165358959393615   0.0310761849540555   0.00327915996395653   0
0.254126303207078   0.179584965187473   0.000503627424915776   0.0142260057938579   0
0.273224167600447   0.209393482541782   0.0190978643933692   0.0298085173543094   0
0.261400664128691   0.21225712497758   -0.011823503471756   0.00286364243579745   0
0.236769149088635   0.181673719426818   -0.0246315150400568   -0.0305834055507615   0
0.23818950305682   0.187616011449886   0.00142035396818499   0.00594229202306737   0
0.229793697615491   0.191840586663617   -0.00839580544132901   0.00422457521373157   0
0.221016667157278   0.182931583246564   -0.00877703045821232   -0.00890900341705278   0
0.226250054822612   0.198656100482123   0.00523338766533343   0.0157245172355587   0
0.20873243423725   0.203424872968827   -0.0175176205853621   0.00476877248670438   0
0.230298684442219   0.197785153981079   0.0215662502049696   -0.00563971898774818   0
0.236950441443421   0.215741630016941   0.00665175700120188   0.0179564760358616   0
0.256620708183182   0.227636973424544   0.0196702667397607   0.0118953434076035   0
0.285103833300665   0.245636952236568   0.0284831251174829   0.0179999788120239   0
0.29331701599074   0.25632812548334   0.00821318269007476   0.0106911732467715   0
0.304579644093009   0.266347017776998   0.01126262810227   0.0100188922936579   0
0.285311451667276   0.261961752546388   -0.0192681924257336   -0.00438526523060945   0
0.286745878240807   0.272840303069529   0.00143442657353127   0.0108785505231409   0
0.303882771148481   0.292541670576057   0.0171368929076735   0.0197013675065282   0
0.339822608596777   0.298346451004479   0.0359398374482969   0.00580478042842197   0
0.328634188950465   0.294694063893938   -0.011188419646312   -0.00365238711054161   0
0.303048195504885   0.282167615149988   -0.0255859934455799   -0.0125264487439496   0
0.292903611678735   0.273536152617777   -0.010144583826151   -0.00863146253221136   0
0.303927764548018   0.291580823444845   0.0110241528692834   0.0180446708270686   0
0.342412674485542   0.309524246754787   0.0384849099375243   0.0179434233099419   0
0.345505790997116   0.300157549025488   0.00309311651157335   -0.00936669772929927   0
0.32771270675345   0.306644736507042   -0.0177930842436658   0.00648718748155469   0
0.364197439744103   0.33268642287375   0.0364847329906531   0.0260416863667075   0
0.364160368231787   0.313603698475917   -3.70715123162446e-05   -0.0190827243978328   0
0.341958161580378   0.329393636856217   -0.022202206651409   0.0157899383802994   0
0.378067400103526   0.355037448236561   0.0361092385231481   0.0256438113803447   0
0.352589013605455   0.335918349588455   -0.0254783864980704   -0.0191190986481064   0
0.344021911997712   0.351271982761669   -0.00856710160774349   0.0153536331732137   0
0.368525609259847   0.357948430271323   0.0245036972621348   0.0066764475096544   0
0.376066039510801   0.348434961805677   0.0075404302509548   -0.00951346846564599   0
0.415973569165333   0.394457913260543   0.039907529654531   0.0460229514548659   0
0.445416385788802   0.441738917599026   0.0294428166234699   0.0472810043384831   0
0.416032939512331   0.41215453875745   -0.0293834462764714   -0.0295843788415764   0
0.40669357419869   0.437984341434496   -0.00933936531364099   0.0258298026770468   0
0.437147148092145   0.459070832376963   0.0304535738934554   0.0210864909424662   0
0.424581942789549   0.447875886450774   -0.0125652053025967   -0.0111949459261886   0
