0   0   0   0   0
0.0340362676158857   0.0205892258754772   0.0340362676158857   0.0205892258754772   0
0.0497195569124719   0.00331482176008627   0.0156832892965862   -0.017274404115391   0
0.0225932326794501   0.0736555853131893   -0.0271263242330218   0.0703407635531031   0
0.0641109145348938   0.0668074921127912   0.0415176818554437   -0.0068480932003981   0
0.0295625301720843   0.127217294124147   -0.0345483843628096   0.060409802011356   0
0.0197503130898488   0.149105262742355   -0.00981221708223546   0.0218879686182076   0
0.0826185436419705   0.0907062283765147   0.0628682305521217   -0.0583990343658402   0
0.084342145488077   0.139786681909686   0.0017236018461065   0.0490804535331718   0
0.026126629382646   0.110526528350503   -0.058215516105431   -0.0292601535591834   0
0.0511934647702678   0.0741421800582374   0.0250668353876217   -0.0363843482922656   0
0.0564519093432703   0.130864582278624   0.00525844457300254   0.0567224022203864   0
0.0648828775846626   0.103542073397498   0.00843096824139233   -0.0273225088811255   0
0.0450806593718982   0.115834262061626   -0.0198022182127644   0.0122921886641279   0
0.0823977941829765   0.139318357447886   0.0373171348110783   0.0234840953862595   0
0.0262904110777388   0.142647928983325   -0.0561073831052377   0.00332957153543936   0
0.0144076104765425   0.137233355011632   -0.0118828006011963   -0.00541457397169307   0
0.0569551570050873   0.11038945033149   0.0425475465285448   -0.0268439046801417   0
0.0242397121126308   0.0990286412599721   -0.0327154448924565   -0.0113608090715182   0
0.0417484940242987   0.16121562904704   0.0175087819116679   0.0621869877870681   0
0.0748352914861829   0.154075344718036   0.0330867974618842   -0.00714028432900415   0
0.0217813769020435   0.147713607063153   -0.0530539145841393   -0.00636173765488349   0
0.0492591152372086   0.167568633243086   0.0274777383351651   0.019855026179933   0
0.0241337796997067   0.200769311173887   -0.0251253355375019   0.0332006779308013   0
0.119552827172326   0.225919584466098   0.0954190474726197   0.025150273292211   0
0.0176134813232676   0.210688331294463   -0.101939345849059   -0.0152312531716352   0
0.0859895962941258   0.250222956159158   0.0683761149708582   0.0395346248646949   0
0.0317458915600294   0.238090862247081   -0.0542437047340964   -0.0121320939120769   0
0.0359477624575046   0.249069159730733   0.00420187089747522   0.0109782974836521   0
0.113235847686073   0.250592290492148   0.0772880852285679   0.00152313076141564   0
0.0814630895092909   0.234804054675945   -0.0317727581767816   -0.0157882358162036   0
0.117461313770661   0.204418220691886   0.0359982242613699   -0.0303858339840586   0
0.0811158991546023   0.200408008060765   -0.0363454146160585   -0.00401021263112122   0
0.0960390573350056   0.220328547298738   0.0149231581804032   0.0199205392379732   0
0.0726162364106189   0.248482460344798   -0.0234228209243867   0.02815391304606   0
0.0757439125977901   0.207041951085714   0.00312767618717116   -0.0414405092590839   0
0.102681039739161   0.200492904942842   0.0269371271413705   -0.00654904614287194   0
0.066372814192024   0.192107252979802   -0.0363082255471366   -0.00838565196304084   0
0.0931962572073479   0.223123664023418   0.0268234430153239   0.0310164110436162   0
0.0369051386699388   0.221523257353633   -0.0562911185374092   -0.00160040666978509   0
0.0669895458745982   0.197316510476189   0.0300844072046594   -0.0242067468774436   0
0.0260847027735391   0.184246335754916   -0.040904843101059   -0.0130701747212729   0
0.110863079265014   0.170360785995538   0.0847783764914748   -0.0138855497593779   0
0.0592555910180635   0.175601110432131   -0.0516074882469504   0.00524032443659281   0
0.187353035107059   0.211918697039628   0.128097444088995   0.0363175866074973   0
0.0560529888498689   0.224152239069279   -0.13130004625719   0.0122335420296506   0
0.150817737877931   0.222009412084613   0.0947647490280618   -0.00214282698466609   0
0.0558424817864912   0.190417407706648   -0.0949752560914395   -0.0315920043779651   0
0.154673326549316   0.235975376396546   0.0988308447628245   0.0455579686898987   0
0.13817816891573   0.220745591074768   -0.0164951576335859   -0.0152297853217787   0
0.157085281046933   0.252521603061658   0.0189071121312034   0.0317760119868903   0
0.101010472039165   0.249649331202301   -0.0560748090077681   -0.00287227185935734   0
0.098096025694093   0.212263101352476   -0.00291444634507212   -0.0373862298498243   0
0.0761989869100256   0.246220690234675   -0.0218970387840673   0.0339575888821984   0
0.0707182407459946   0.283083374056214   -0.00548074616403105   0.036862683821539   0
0.0425537969199102   0.224555431622069   -0.0281644438260844   -0.0585279424341445   0
0.0494642571859313   0.212818098305134   0.00691046026602112   -0.011737333316935   0
0.0598722140567541   0.217775981204867   0.0104079568708228   0.00495788289973287   0
0.149844190129858   0.237622186179774   0.0899719760731041   0.0198462049749068   0
0.0692958506114658   0.231474988654401   -0.0805483395183924   -0.00614719752537266   0
0.023751293356996   0.222354071126585   -0.0455445572544698   -0.00912091752781682   0
0.141125196284511   0.246244762912703   0.117373902927515   0.0238906917861181   0
