0   0   0   0   0
0.182263139465176   0.0515015783649253   0.182263139465176   0.0515015783649253   0
0.0996159108014691   0.078547713637066   -0.0826472286637065   0.0270461352721407   0
0.0493398615279077   0.0840031495319008   -0.0502760492735614   0.00545543589483487   0
0.0762540307024377   0.115620111622611   0.02691416917453   0.0316169620907106   0
0.117749523748126   0.121511616346681   0.0414954930456881   0.00589150472406985   0
0.091851123483264   0.12875588151663   -0.0258984002648619   0.00724426516994921   0
0.0814520791465347   0.10269629835906   -0.0103990443367293   -0.0260595831575709   0
0.108312541794946   0.114450693247672   0.0268604626484111   0.0117543948886128   0
0.116044735639264   0.123721476547968   0.00773219384431836   0.00927078330029561   0
0.135035621273879   0.136687478064291   0.0189908856346149   0.0129660015163225   0
0.191296653938523   0.151622830053624   0.0562610326646443   0.0149353519893332   0
0.186687612781188   0.154625138096628   -0.00460904115733587   0.00300230804300419   0
0.210217607523725   0.159792759442058   0.0235299947425376   0.00516762134543045   0
0.183167860199661   0.170525648864961   -0.0270497473240639   0.0107328894229026   0
0.326170173798358   0.220061278297573   0.143002313598697   0.0495356294326122   0
0.319252253369224   0.225832291842158   -0.00691792042913369   0.00577101354458537   0
0.28372958673314   0.265475775953111   -0.0355226666360837   0.0396434841109529   0
0.30176243756291   0.267821226699728   0.0180328508297695   0.00234545074661652   0
0.382872061619765   0.26470419692851   0.0811096240568551   -0.00311702977121797   0
0.358961377956944   0.275282190558615   -0.023910683662821   0.0105779936301053   0
0.375129006275535   0.290047248964819   0.0161676283185911   0.0147650584062037   0
0.384500309341479   0.256294964234037   0.0093713030659438   -0.0337522847307818   0
0.387183780901383   0.303790718804969   0.00268347155990389   0.0474957545709319   0
0.373489872318501   0.292734655517526   -0.0136939085828822   -0.011056063287443   0
0.401712138966767   0.298833368513853   0.0282222666482664   0.00609871299632669   0
0.448551147211508   0.307598857938228   0.0468390082447412   0.00876548942437511   0
0.439980222986442   0.321230609454379   -0.00857092422506611   0.013631751516151   0
0.449738013977424   0.318009886125129   0.00975779099098167   -0.00322072332924983   0
0.490153473078541   0.341224875261768   0.0404154591011168   0.0232149891366386   0
0.515741766584845   0.361269421749794   0.0255882935063048   0.0200445464880262   0
0.467439299779844   0.359510679756147   -0.0483024668050016   -0.00175874199364662   0
0.488291365834067   0.3709061042825   0.0208520660542231   0.0113954245263531   0
0.505831635638265   0.378371021388743   0.0175402698041977   0.00746491710624286   0
0.537620658637934   0.383668664324816   0.0317890229996692   0.00529764293607277   0
0.539272009243579   0.366243819693666   0.0016513506056447   -0.0174248446311503   0
0.511209519680704   0.376120930088861   -0.0280624895628747   0.00987711039519551   0
0.549926468934064   0.387563004555562   0.0387169492533598   0.011442074466701   0
0.584084246800628   0.389608266904119   0.0341577778665648   0.0020452623485564   0
0.569561508437783   0.375585048510152   -0.0145227383628459   -0.0140232183939668   0
0.536756326812468   0.376542640767893   -0.032805181625315   0.000957592257741335   0
0.591888422650024   0.381380311391904   0.0551320958375561   0.0048376706240113   0
0.608844760318768   0.37932061312558   0.0169563376687447   -0.00205969826632457   0
0.597998140500027   0.375673169937934   -0.010846619818741   -0.00364744318764632   0
0.579785145408714   0.388020019000431   -0.0182129950913134   0.0123468490624978   0
0.546327720237055   0.382263979578554   -0.0334574251716586   -0.00575603942187691   0
0.577331751089514   0.389798787897361   0.0310040308524585   0.00753480831880649   0
0.609021221808202   0.384078252071959   0.0316894707186877   -0.00572053582540144   0
0.614795359861058   0.378240332197008   0.00577413805285654   -0.00583791987495152   0
0.629576351153655   0.373770408165341   0.0147809912925972   -0.00446992403166663   0
0.630192998122816   0.379707724755206   0.000616646969160417   0.00593731658986435   0
0.627453997646802   0.373374342922717   -0.00273900047601394   -0.00633338183248844   0
0.649103778071634   0.371568617129919   0.021649780424832   -0.00180572579279836   0
0.619948901450265   0.374576788877723   -0.0291548766213688   0.0030081717478046   0
0.656977860325594   0.36607275038834   0.0370289588753286   -0.00850403848938325   0
0.641252376675194   0.343383115550777   -0.0157254836503994   -0.0226896348375631   0
0.588755027562571   0.336011059397312   -0.0524973491126233   -0.00737205615346481   0
0.632134625882378   0.367921730351812   0.0433795983198073   0.0319106709544995   0
0.678590753411804   0.368038911426992   0.0464561275294255   0.000117181075180439   0
0.674561553645394   0.374762334862695   -0.00402919976640981   0.00672342343570304   0
0.645091407934143   0.384225851929169   -0.0294701457112507   0.0094635170664743   0
0.64822479579322   0.389787004493265   0.00313338785907724   0.00556115256409506   0
0.65845391534155   0.393659546695198   0.0102291195483297   0.00387254220193312   0
0.661654573653689   0.393445815422772   0.00320065831213923   -0.000213731272425577   0
0.637196992679127   0.402436681684475   -0.024457580974562   0.00899086626170303   0
0.684895882735078   0.40607931742801   0.0476988900559502   0.00364263574353457   0
0.668324473869877   0.404889078600214   -0.0165714088652008   -0.00119023882779562   0
0.630362687481614   0.409413801029191   -0.0379617863882632   0.00452472242897656   0
0.645719037228844   0.405845744561628   0.0153563497472304   -0.00356805646756303   0
0.681501316834533   0.414917065635438   0.0357822796056888   0.00907132107381026   0
0.686842645472748   0.419244957700945   0.00534132863821513   0.00432789206550704   0
0.690481172737643   0.417190022489019   0.00363852726489466   -0.00205493521192573   0
0.604662259013604   0.407927630425796   -0.0858189137240389   -0.00926239206322305   0
0.642257888676587   0.455299059911158   0.0375956296629834   0.0473714294853618   0
0.627345641483499   0.459870649631464   -0.0149122471930883   0.00457158972030591   0
0.619948346523774   0.469717430750047   -0.00739729495972441   0.00984678111858345   0
