1.8150074107476e-14   1.3744874e-51   0   0   0
0.0609502107022059   0.0518064868467287   0.0609502107021878   0.0518064868467287   0
0.0798925795421778   0.0731547354023476   0.0189423688399719   0.0213482485556188   0
0.0865555351610458   0.0919782417432907   0.006662955618868   0.0188235063409432   0
0.075641912864074   0.140162414929148   -0.0109136222969719   0.0481841731858578   0
0.108267533817791   0.147279882314024   0.0326256209537166   0.00711746738487537   0
0.125117192771746   0.175454191920635   0.0168496589539559   0.0281743096066109   0
0.13440719444085   0.18561261342995   0.00929000166910382   0.010158421509315   0
0.143577589357069   0.20224853317618   0.00917039491621824   0.0166359197462301   0
0.1682962837883   0.20519336549357   0.0247186944312314   0.00294483231738987   0
0.194863959550392   0.198581278343034   0.0265676757620919   -0.0066120871505356   0
0.204868063768508   0.21520765736923   0.0100041042181158   0.0166263790261955   0
0.234858625115774   0.251690880085682   0.0299905613472663   0.0364832227164529   0
0.265832809233456   0.256391032566594   0.0309741841176823   0.00470015248091199   0
0.311851837729282   0.272126020346648   0.0460190284958255   0.0157349877800539   0
0.318863445115931   0.303407425422494   0.00701160738664947   0.0312814050758453   0
0.294651142473151   0.295991285152301   -0.0242123026427801   -0.00741614027019222   0
0.322787316920581   0.292355602780754   0.0281361744474299   -0.00363568237154782   0
0.290464542910498   0.302943913555222   -0.0323227740100833   0.0105883107744681   0
0.265368785883447   0.318668400833051   -0.0250957570270501   0.0157244872778293   0
0.286018549099301   0.323504133294946   0.020649763215853   0.0048357324618945   0
0.318417641727586   0.31541837276244   0.0323990926282852   -0.00808576053250581   0
0.299322646184533   0.321760688369192   -0.0190949955430523   0.00634231560675197   0
0.287926472991386   0.333036360696924   -0.0113961731931477   0.0112756723277324   0
0.298519971118523   0.334373459376319   0.0105934981271376   0.00133709867939463   0
0.304793615620881   0.336030892868032   0.00627364450235762   0.00165743349171371   0
0.286304497605938   0.368509645431774   -0.0184891180149431   0.0324787525637418   0
0.320999009955728   0.373701148050954   0.0346945123497898   0.00519150261917928   0
0.32751189231272   0.369438807060012   0.00651288235699266   -0.00426234099094108   0
0.32323122934898   0.364451785350354   -0.00428066296374036   -0.00498702170965853   0
0.378730425663181   0.371753384448292   0.0554991963142012   0.00730159909793759   0
0.387282656691579   0.397601021593881   0.00855223102839775   0.02584763714559   0
0.340236752525179   0.427507923950242   -0.0470459041663995   0.0299069023563607   0
0.345964906588692   0.407476713687591   0.00572815406351246   -0.0200312102626513   0
0.374620726729453   0.405781902078821   0.0286558201407615   -0.00169481160877039   0
0.349528159278565   0.418665493725115   -0.0250925674508889   0.012883591646294   0
0.350549611281366   0.443600365341881   0.00102145200280124   0.0249348716167667   0
0.367643305664126   0.443326175931524   0.01709369438276   -0.000274189410357839   0
0.365906289482165   0.429095928672678   -0.00173701618196087   -0.0142302472588458   0
0.36296133497919   0.441894069138039   -0.00294495450297505   0.0127981404653608   0
0.340287946135526   0.436775236507157   -0.0226733888436634   -0.0051188326308812   0
0.342319051198954   0.440332014788304   0.00203110506342719   0.00355677828114648   0
0.320202066563503   0.416934407434713   -0.0221169846354509   -0.0233976073535913   0
0.347984623520235   0.43071195854471   0.0277825569567325   0.0137775511099975   0
0.373054520338531   0.418983206147999   0.0250698968182962   -0.0117287523967112   0
0.360435786008254   0.453585758502323   -0.0126187343302772   0.0346025523543239   0
0.357336620514064   0.439142554986214   -0.00309916549419054   -0.0144432035161091   0
0.389594638962673   0.448567833948989   0.0322580184486095   0.00942527896277545   0
0.370148644323854   0.466263092351286   -0.0194459946388189   0.0176952584022972   0
0.344931182676579   0.457704021918973   -0.0252174616472754   -0.00855907043231346   0
0.369703819270239   0.437497215325861   0.0247726365936601   -0.0202068065931115   0
0.375941027412852   0.455122453786163   0.00623720814261342   0.0176252384603016   0
0.342194112297567   0.472193740564164   -0.0337469151152856   0.017071286778001   0
0.391256735392198   0.479957788077108   0.0490626230946312   0.00776404751294379   0
0.359864353306736   0.476602820262848   -0.0313923820854623   -0.00335496781425931   0
0.387110021604207   0.465360317490262   0.0272456682974709   -0.0112425027725863   0
0.383804146836186   0.483095427112737   -0.00330587476802024   0.0177351096224751   0
0.404823993778788   0.495908030322464   0.0210198469426021   0.0128126032097271   0
0.429665001723034   0.498839252895642   0.024841007944246   0.00293122257317735   0
0.462968356335243   0.497943565329378   0.0333033546122082   -0.000895687566263459   0
0.420734347086101   0.506417316671519   -0.0422340092491421   0.00847375134214035   0
0.291895312526094   0.467025648405796   -0.128839034560006   -0.0393916682657225   0
0.328000185502875   0.40744743342139   0.0361048729767802   -0.0595782149844065   0
0.314019574297557   0.429844005161551   -0.0139806112053175   0.0223965717401612   0
0.372863826126199   0.426845360993884   0.0588442518286419   -0.00299864416766699   0
0.369199005050933   0.434358851501629   -0.00366482107526628   0.00751349050774558   0
0.36136073163656   0.421676780961335   -0.00783827341437299   -0.0126820705402942   0
0.403661683668315   0.436929744722627   0.042300952031755   0.0152529637612919   0
0.438039782556798   0.468504689261651   0.0343780988884836   0.0315749445390235   0
0.445240164211862   0.461656990841125   0.00720038165506309   -0.00684769842052524   0
0.470660962591395   0.457395234212394   0.0254207983795335   -0.00426175662873152   0
0.452444731077276   0.476148861972235   -0.0182162315141196   0.0187536277598413   0
0.469769968748694   0.463648038668682   0.0173252376714186   -0.0125008233035534   0
