1.4210855e-14   0   0   0   0
0.0662025946465464   0.0257123929666371   0.0662025946465322   0.0257123929666371   0
0.0847331004844133   0.0580350038525022   0.0185305058378668   0.0323226108858651   0
0.0424754810920396   0.0334505499105375   -0.0422576193923736   -0.0245844539419646   0
0.0435650468874786   0.0522237184104245   0.00108956579543893   0.018773168499887   0
0.0195893033682765   0.0404596527195004   -0.0239757435192021   -0.0117640656909241   0
0.0461193112721837   0.0618862790326389   0.0265300079039073   0.0214266263131385   0
0.029730006599695   0.0478781235513297   -0.0163893046724887   -0.0140081554813092   0
0.0377157586868418   0.0592706075349651   0.00798575208714681   0.0113924839836355   0
0.0459246547849515   0.0475788659370448   0.00820889609810967   -0.0116917415979203   0
0.0579092413853486   0.0623359256169116   0.0119845866003971   0.0147570596798668   0
0.0461716197715742   0.0558896964930486   -0.0117376216137743   -0.00644622912386303   0
0.0383515972985092   0.0552065996471385   -0.00782002247306503   -0.000683096845910051   0
0.051945920393407   0.0584529250811412   0.0135943230948978   0.00324632543400262   0
0.0529453762344681   0.0619541277768951   0.000999455841061057   0.00350120269575395   0
0.0518695662597364   0.0635362196615652   -0.0010758099747317   0.00158209188467005   0
0.0403125509735517   0.0643898932269952   -0.0115570152861847   0.000853673565430049   0
0.0690927231349082   0.08315774669031   0.0287801721613565   0.0187678534633148   0
0.0819774990849335   0.0823381372240534   0.0128847759500253   -0.000819609466256616   0
0.0823063025364554   0.0712976990194731   0.00032880345152192   -0.0110404382045803   0
0.085247417856721   0.0924036056500977   0.00294111532026557   0.0211059066306246   0
0.0889926962216307   0.109754729358022   0.00374527836490973   0.0173511237079245   0
0.0830436088218591   0.113361445169327   -0.00594908739977162   0.0036067158113044   0
0.114004083820451   0.139811581894381   0.0309604749985915   0.0264501367250539   0
0.132392804297734   0.144329892155732   0.0183887204772837   0.00451831026135105   0
0.125264992513334   0.146532358036959   -0.00712781178439978   0.00220246588122741   0
0.109106787146636   0.152450390666331   -0.016158205366698   0.00591803262937154   0
0.120337994042711   0.162908233500333   0.011231206896075   0.0104578428340025   0
0.134059082047852   0.163521079152066   0.0137210880051403   0.000612845651732946   0
0.126583625981156   0.165334033078111   -0.00747545606669611   0.00181295392604461   0
0.120656284732907   0.182637654228734   -0.00592734124824829   0.0173036211506231   0
0.145311873026935   0.203778928403949   0.0246555882940276   0.0211412741752152   0
0.136098752817691   0.195038335429766   -0.00921312020924434   -0.00874059297418339   0
0.151691906664084   0.20789940456562   0.0155931538463937   0.0128610691358549   0
0.136756731348411   0.202361265632789   -0.0149351753156735   -0.00553813893283103   0
0.167774730830038   0.215122749681548   0.0310179994816272   0.0127614840487583   0
0.169312818072974   0.202104194315761   0.00153808724293622   -0.0130185553657862   0
0.16343300335968   0.218026248940221   -0.00587981471329468   0.0159220546244597   0
0.151397508831761   0.223550880919583   -0.0120354945279189   0.00552463197936157   0
0.189505313400343   0.246991625846864   0.0381078045685824   0.0234407449272812   0
0.175181693899221   0.218782226272703   -0.0143236195011225   -0.0282093995741607   0
0.172353186394219   0.224051810016511   -0.00282850750500191   0.00526958374380815   0
0.180184645083374   0.226961169137424   0.00783145868915511   0.00290935912091247   0
0.253761719732361   0.263456494023459   0.0735770746489872   0.0364953248860353   0
0.285108970216192   0.317803974079012   0.0313472504838313   0.0543474800555529   0
0.212541739792492   0.26448857988418   -0.0725672304237001   -0.0533153941948316   0
0.201758752233641   0.240423654390921   -0.0107829875588514   -0.0240649254932595   0
0.201658225583563   0.227663901850988   -0.000100526650077565   -0.012759752539933   0
0.208447770402635   0.237874923178662   0.00678954481907193   0.0102110213276738   0
0.239769419688881   0.247358012946169   0.0313216492862463   0.00948308976750697   0
0.26771884497762   0.252486683925169   0.0279494252887386   0.00512867097900049   0
0.230573191090745   0.233901408023376   -0.0371456538868751   -0.0185852759017933   0
0.224343746607638   0.251985939388392   -0.00622944448310728   0.0180845313650164   0
0.23513589380497   0.267137395582374   0.0107921471973321   0.0151514561939816   0
0.247763681845784   0.280587851534024   0.012627788040814   0.0134504559516506   0
0.220054984465305   0.271551649564187   -0.0277086973804788   -0.00903620196983779   0
0.217924302060314   0.297361511983827   -0.00213068240499104   0.0258098624196406   0
0.245205117456308   0.312483385325425   0.0272808153959943   0.0151218733415975   0
0.234004097464272   0.292967199495591   -0.0112010199920359   -0.0195161858298337   0
0.233625190775141   0.281897346230407   -0.000378906689130681   -0.0110698532651838   0
0.275113554416654   0.327987588319092   0.0414883636415128   0.0460902420886852   0
0.281555742565353   0.330482947423797   0.00644218814869896   0.00249535910470472   0
0.24443347774695   0.314263829552954   -0.0371222648184035   -0.0162191178708428   0
0.285126304921498   0.330034679226559   0.040692827174548   0.0157708496736047   0
0.252848540659564   0.323597881717541   -0.0322777642619342   -0.00643679750901832   0
0.247052629905843   0.339705277726852   -0.00579591075372093   0.0161073960093116   0
0.271700252064138   0.355631503735677   0.0246476221582952   0.0159262260088251   0
0.265456372341644   0.332525124396031   -0.00624387972249374   -0.0231063793396467   0
0.237285543166293   0.327089962559299   -0.0281708291753508   -0.00543516183673221   0
0.265995092155068   0.33376235881877   0.0287095489887742   0.00667239625947108   0
0.27860550368364   0.331467147408393   0.0126104115285725   -0.00229521141037692   0
0.269120821990393   0.355329002029686   -0.0094846816932474   0.023861854621293   0
0.282630013934701   0.350810808742337   0.0135091919443088   -0.00451819328734893   0
0.225627408880553   0.320977300735205   -0.0570026050541481   -0.0298335080071315   0
0.237673358450654   0.331138711243695   0.0120459495701012   0.0101614105084898   0
