7.1054274e-15   0   0   0   0
0.0304548225150214   0.0764645058504523   0.0304548225150143   0.0764645058504523   0
0.172508533207537   0.107775569421841   0.142053710692516   0.0313110635713882   0
0.167083646703092   0.267390695980683   -0.00542488650444478   0.159615126558842   0
0.209213518238982   0.308787797374472   0.0421298715358893   0.0413971013937892   0
0.262802516405198   0.383204078687757   0.0535889981662165   0.0744162813132846   0
0.256353051888143   0.425886333152612   -0.00644946451705469   0.0426822544648552   0
0.335067426206371   0.517905127287387   0.0787143743182273   0.0920187941347751   0
0.34928390421318   0.528076882389444   0.014216478006809   0.0101717551020568   0
0.370263281101879   0.589126686786545   0.0209793768886996   0.0610498043971014   0
0.242591811714916   0.527881277273939   -0.127671469386963   -0.0612454095126064   0
0.3309113654329   0.423559038319933   0.0883195537179839   -0.104322238954006   0
0.375565844081003   0.64847698847335   0.0446544786481031   0.224917950153418   0
0.467617640610312   0.659113169756528   0.0920517965293083   0.0106361812831772   0
0.4540044544112   0.70408796832629   -0.0136131861991117   0.0449747985697625   0
0.321549895249815   0.615147721857831   -0.132454559161384   -0.0889402464684593   0
0.437707443094653   0.724713010838302   0.116157547844838   0.109565288980472   0
0.278651053164916   0.634712328272821   -0.159056389929737   -0.0900006825654817   0
0.358615569296395   0.594089722310417   0.0799645161314794   -0.040622605962404   0
0.396410300920484   0.639146979488745   0.0377947316240894   0.0450572571783279   0
0.312239918210567   0.61585644565067   -0.0841703827099171   -0.0232905338380743   0
0.344637956518672   0.628733091354431   0.0323980383081048   0.0128766457037605   0
0.192099909013633   0.579459576739935   -0.152538047505039   -0.0492735146144959   0
0.232006967244635   0.615440158538441   0.0399070582310019   0.0359805817985061   0
0.219422236556569   0.606898005233902   -0.0125847306880653   -0.00854215330453845   0
0.213809154292564   0.430725284838215   -0.00561308226400542   -0.176172720395687   0
0.242818673538393   0.274452903129118   0.0290095192458285   -0.156272381709097   0
0.275350733382365   0.314098950332504   0.032532059843972   0.0396460472033854   0
0.390885413300548   0.559553610604923   0.115534679918183   0.245454660272419   0
0.358630445309168   0.65145372896543   -0.0322549679913796   0.0919001183605073   0
0.390825793048477   0.661660692576487   0.0321953477393087   0.0102069636110567   0
0.431055327831316   0.761079156527495   0.0402295347828394   0.0994184639510083   0
0.429418460340125   0.822134000947876   -0.00163686749119107   0.0610548444203809   0
0.649940725995474   0.648490306960824   0.220522265655349   -0.173643693987052   0
0.400788552685451   0.558311242417012   -0.249152173310023   -0.090179064543812   0
0.646225533975892   0.803905937328704   0.245436981290441   0.245594694911692   0
0.712707705272513   0.812566708581566   0.0664821712966214   0.0086607712528618   0
0.88655428268937   0.801905906057793   0.173846577416857   -0.0106608025237729   0
0.747574763573266   0.871901344892267   -0.138979519116104   0.0699954388344742   0
0.728724601592939   0.930889543310915   -0.0188501619803275   0.0589881984186479   0
0.902896008741016   0.916529480188937   0.174171407148077   -0.0143600631219775   0
0.751740944741115   0.928971425874478   -0.151155063999901   0.0124419456855409   0
0.894967936959021   0.944915476477373   0.143226992217906   0.0159440506028945   0
0.863120859433901   0.893913074074863   -0.0318470775251197   -0.0510024024025097   0
0.682814156706398   0.818754126131917   -0.180306702727503   -0.0751589479429464   0
0.656371750548495   0.821835637971885   -0.0264424061579032   0.00308151183996874   0
0.621802616937267   0.886080354515781   -0.0345691336112274   0.0642447165438956   0
0.669725542211346   0.886416913031899   0.0479229252740785   0.000336558516117469   0
0.786126502829748   0.903568765761222   0.116400960618402   0.0171518527293236   0
0.716233749520101   0.961540344309817   -0.0698927533096474   0.0579715785485945   0
0.613402485029842   0.868284466906094   -0.102831264490258   -0.0932558774037223   0
0.682891762636958   0.901895349986284   0.0694892776071154   0.0336108830801892   0
0.615979869850492   0.886234245507492   -0.0669118927864654   -0.0156611044787914   0
0.5547379903368   0.897468315102831   -0.0612418795136928   0.0112340695953386   0
0.61651775689022   0.92565560342611   0.0617797665534203   0.0281872883232791   0
0.715148512046799   0.933876309992608   0.0986307551565792   0.00822070656649865   0
0.555682214055857   0.972065351769221   -0.159466297990942   0.0381890417766123   0
0.724397649031432   1.09208962985599   0.168715434975575   0.120024278086773   0
0.638505300445312   1.10539268218103   -0.08589234858612   0.0133030523250399   0
0.646845150351413   0.994023669693096   0.00833984990610104   -0.111369012487937   0
0.50767307077412   0.829932690035582   -0.139172079577293   -0.164090979657514   0
0.528492270158012   0.670520630606779   0.020819199383892   -0.159412059428803   0
0.699932230861998   0.790642892966037   0.171439960703986   0.120122262359258   0
0.733376993541185   0.616123901239252   0.0334447626791864   -0.174518991726785   0
0.644526769261018   0.508343578089862   -0.0888502242801664   -0.10778032314939   0
