1.1502255e-14   5.1731195e-50   0   0   0
0.316650952199376   0.135310370873673   0.316650952199364   0.135310370873673   0
0.163919687631054   0.147732757249428   -0.152731264568322   0.0124223863757552   0
0.140159699036651   0.157871739434135   -0.0237599885944028   0.0101389821847072   0
0.122268453824502   0.14540083858848   -0.017891245212149   -0.0124709008456552   0
0.139213701422303   0.135982747395783   0.0169452475978008   -0.00941809119269668   0
0.070800168193872   0.157159229273688   -0.0684135332284306   0.0211764818779041   0
0.0678051808270696   0.168850656459513   -0.00299498736680245   0.0116914271858257   0
0.0671459258649406   0.156032945531166   -0.00065925496212893   -0.0128177109283474   0
0.0383737407117017   0.174117246927771   -0.0287721851532389   0.0180843013966049   0
0.0340893006731426   0.169597115065513   -0.00428444003855909   -0.00452013186225764   0
0.0279564779349593   0.161497976911646   -0.00613282273818332   -0.00809913815386742   0
0.0471043974639044   0.136381675463308   0.0191479195289451   -0.0251163014483377   0
0.122546457305182   0.105345911563211   0.0754420598412777   -0.0310357639000971   0
0.0947186224302622   0.118948333881172   -0.0278278348749199   0.0136024223179609   0
0.121987093753352   0.129929406515335   0.0272684713230901   0.0109810726341628   0
0.126612536484422   0.119556756278719   0.00462544273106942   -0.010372650236616   0
0.12067204805564   0.154127258447759   -0.005940488428782   0.0345705021690405   0
0.125434456864174   0.13254250124086   0.00476240880853404   -0.0215847572068991   0
0.186431651400729   0.156629873935991   0.0609971945365555   0.0240873726951311   0
0.191052220220948   0.246223442665607   0.00462056882021902   0.0895935687296154   0
0.0944985618463539   0.203520536477241   -0.0965536583745943   -0.0427029061883655   0
0.0824506561654733   0.18517539471534   -0.0120479056808806   -0.0183451417619015   0
0.041693556673804   0.162207127280901   -0.0407570994916693   -0.0229682674344389   0
0.0499636505039495   0.160838194000523   0.00827009383014553   -0.00136893328037782   0
0.0793366630756254   0.137098752585737   0.0293730125716759   -0.0237394414147862   0
0.0612874106696932   0.125968393015171   -0.0180492524059323   -0.0111303595705655   0
0.0868101615107738   0.125526986140116   0.0255227508410806   -0.000441406875055006   0
0.0862700553793892   0.123636297183645   -0.000540106131384652   -0.0018906889564715   0
0.102749934823351   0.102015832640556   0.0164798794439623   -0.0216204645430881   0
0.114824006736203   0.0789558375171252   0.0120740719128512   -0.0230599951234313   0
0.119076179693938   0.0751292392667849   0.00425217295773531   -0.0038265982503403   0
0.0970206389433545   0.146633350311532   -0.0220555407505834   0.0715041110447469   0
0.0795329049075856   0.121871166538269   -0.0174877340357689   -0.0247621837732633   0
0.0996359747899921   0.133553228993611   0.0201030698824064   0.0116820624553425   0
0.144090193789029   0.146166793081004   0.0444542189990367   0.0126135640873933   0
0.160670922032797   0.137320404004004   0.0165807282437677   -0.00884638907700064   0
0.0999550916641923   0.143291378683105   -0.0607158303686042   0.00597097467910102   0
0.0692844087089582   0.139918284060979   -0.0306706829552341   -0.00337309462212551   0
0.0640691132472385   0.115325877727793   -0.00521529546171971   -0.024592406333186   0
0.0605289955132617   0.134850517153665   -0.00354011773397674   0.0195246394258713   0
0.11187656141678   0.129055078282339   0.0513475659035187   -0.00579543887132578   0
0.0845351463129918   0.141834370500416   -0.0273414151037886   0.0127792922180773   0
0.0820449671119837   0.115515422699382   -0.00249017920100808   -0.0263189478010337   0
0.092347549666015   0.135093255012136   0.0103025825540313   0.0195778323127542   0
0.0817391832749297   0.168730575720694   -0.0106083663910853   0.0336373207085574   0
0.057136733385922   0.17633357530583   -0.0246024498890077   0.00760299958513611   0
0.0430202564662141   0.175550239876571   -0.0141164769197079   -0.000783335429259069   0
0.104278748181195   0.199353431086399   0.0612584917149812   0.0238031912098282   0
0.0829707254543896   0.186628947614782   -0.0213080227268057   -0.0127244834716167   0
0.0812856055560507   0.171157145412796   -0.00168511989833889   -0.0154718022019868   0
0.0429640736553162   0.167357923441706   -0.0383215319007345   -0.00379922197108945   0
0.0888023657711202   0.124208807859613   0.0458382921158041   -0.0431491155820929   0
0.090083808340837   0.136430982990134   0.00128144256971678   0.0122221751305211   0
0.0766702324783993   0.111110649950981   -0.0134135758624377   -0.0253203330391538   0
0.058416956278567   0.148092660782326   -0.0182532761998323   0.0369820108313453   0
0.0573399319797916   0.180891860429494   -0.00107702429877537   0.0327991996471678   0
0.050588501901894   0.185352702738756   -0.00675143007789765   0.00446084230926272   0
0.0557327693874716   0.195484770298854   0.00514426748557763   0.0101320675600971   0
0.0514507992549166   0.172549086281798   -0.00428197013255496   -0.0229356840170554   0
0.107530803965333   0.12499826131726   0.0560800047104165   -0.0475508249645384   0
0.105552408437434   0.155785221702604   -0.00197839552789884   0.0307869603853445   0
0.130051045203316   0.188528187415157   0.0244986367658814   0.0327429657125527   0
0.139501344412324   0.217688190286506   0.00945029920900853   0.0291600028713486   0
0.120757374935319   0.243048800116168   -0.0187439694770057   0.0253606098296628   0
0.119153471931726   0.225348173876636   -0.0016039030035928   -0.0177006262395329   0
0.126655183970998   0.204398820454493   0.00750171203927187   -0.0209493534221424   0
0.122762335791436   0.223245540610167   -0.00389284817956126   0.0188467201556733   0
0.12657896309246   0.237121831271868   0.00381662730102356   0.0138762906617012   0
0.12404199530452   0.251478280408203   -0.00253696778794021   0.0143564491363355   0
0.115040937810164   0.236367869828618   -0.00900105749435551   -0.0151104105795848   0
0.129415221223262   0.250252144702769   0.0143742834130978   0.0138842748741508   0
0.128342328346556   0.257343590741579   -0.00107289287670642   0.00709144603880985   0
0.207882988527076   0.200525736790576   0.0795406601805202   -0.0568178539510031   0
1.14811690639246   0.752447926435523   0.940233917865386   0.551922189644947   0
0.774431266681702   0.386085037992631   -0.373685639710759   -0.366362888442892   0
0.357571578413366   0.209642288205308   -0.416859688268337   -0.176442749787324   0
