7.1054274e-15   0   0   0   0
0.0504233406984132   0.0281554196718739   0.0504233406984061   0.0281554196718739   0
0.190305497879051   0.0465081028608815   0.139882157180638   0.0183526831890077   0
0.0907108613626116   0.0389389952408146   -0.0995946365164397   -0.00756910762006691   0
0.0780565503316265   0.0487124326753482   -0.0126543110309852   0.00977343743453361   0
0.0777712473195475   0.069131469911618   -0.000285303012078977   0.0204190372362697   0
0.078129479104692   0.081490880642907   0.000358231785144505   0.012359410731289   0
0.0769392965140183   0.0962869119823163   -0.0011901825906737   0.0147960313394093   0
0.0753176418437494   0.107484560138045   -0.00162165467026891   0.0111976481557287   0
0.0738455740051612   0.142629469669379   -0.00147206783858812   0.0351449095313343   0
0.0824844235942802   0.132661432495339   0.00863884958911891   -0.00996803717404032   0
0.087924310807868   0.144332444349287   0.0054398872135878   0.0116710118539477   0
0.0912894290384532   0.14298486950809   0.0033651182305852   -0.00134757484119619   0
0.092333888547021   0.13120286766804   0.0010444595085678   -0.0117820018400505   0
0.0951966011634724   0.137750798361833   0.00286271261645141   0.00654793069379317   0
0.0996562258563809   0.15215599096216   0.00445962469290849   0.0144051926003271   0
0.110266746782163   0.161774071425805   0.0106105209257823   0.0096180804636444   0
0.103696626335742   0.173093124960443   -0.00657012044642132   0.0113190535346388   0
0.114724677942032   0.18075283361342   0.0110280516062905   0.00765970865297688   0
0.13217447729282   0.190126406055559   0.0174497993507881   0.00937357244213849   0
0.114550894625877   0.182807275527867   -0.0176235826669437   -0.00731913052769206   0
0.132643164523792   0.197172618113346   0.0180922698979155   0.0143653425854791   0
0.123049401548331   0.201144998893131   -0.00959376297546151   0.00397238077978526   0
0.11607945395931   0.200337805015326   -0.00696994758902032   -0.000807193877805423   0
0.142502598370519   0.210096280737112   0.026423144411209   0.0097584757217862   0
0.116187208193744   0.209608855020171   -0.0263153901767756   -0.000487425716940271   0
0.130424592413997   0.205478005102703   0.0142373842202536   -0.00413084991746848   0
0.115840157249581   0.209329464694168   -0.0145844351644162   0.00385145959146524   0
0.121480586142624   0.219393234286391   0.00564042889304285   0.0100637695922232   0
0.133738039070667   0.217288070365303   0.0122574529280425   -0.00210516392108881   0
0.120480467731399   0.22425263109307   -0.0132575713392678   0.00696456072776733   0
0.134700731973617   0.228303701690495   0.0142202642422178   0.00405107059742521   0
0.152786084092852   0.227935545267733   0.0180853521192359   -0.000368156422762583   0
0.146675378712105   0.224655597525166   -0.00611070538074771   -0.00327994774256637   0
0.144873798468067   0.229447837992713   -0.00180158024403781   0.00479224046754717   0
0.160780741459685   0.236739135154288   0.0159069429916182   0.00729129716157492   0
0.152880589221558   0.235022389622966   -0.00790015223812665   -0.00171674553132203   0
0.167452627078174   0.251432024617775   0.014572037856616   0.0164096349948084   0
0.168815054491371   0.253926719632015   0.00136242741319648   0.00249469501424021   0
0.16778403302021   0.269806480150388   -0.00103102147116077   0.0158797605183734   0
0.170473187831608   0.261879155324514   0.00268915481139759   -0.00792732482587427   0
0.182742110297863   0.270746878497786   0.0122689224662558   0.00886772317327222   0
0.164907643020055   0.264058548903079   -0.0178344672778086   -0.00668832959470705   0
0.168591423952165   0.26223602379933   0.00368378093211047   -0.00182252510374903   0
0.186131160738026   0.27346210062022   0.0175397367858606   0.0112260768208896   0
0.171164793191355   0.273275701853473   -0.0149663675466705   -0.000186398766746976   0
0.171941246921764   0.273034801002284   0.000776453730408078   -0.000240900851189219   0
0.17757866341468   0.272492662297725   0.00563741649291619   -0.000542138704558215   0
0.181978535047467   0.274667122491474   0.00439987163278727   0.00217446019374917   0
0.181625455824488   0.285111779859539   -0.000353079222978697   0.0104446573680644   0
0.192879936388349   0.283743931595429   0.0112544805638608   -0.00136784826410941   0
0.198545134089506   0.298442307897163   0.00566519770115714   0.0146983763017335   0
0.205923044852417   0.297425398152373   0.00737791076291058   -0.00101690974478968   0
0.22203212499075   0.305899661157925   0.0161090801383331   0.00847426300555165   0
0.189411564709717   0.273278429053716   -0.032620560281033   -0.0326212321042093   0
0.204792464721883   0.278329947159506   0.0153809000121656   0.0050515181057908   0
0.195650810057356   0.272606150157325   -0.00914165466452649   -0.00572379700218129   0
0.188609760469736   0.27204870980463   -0.00704104958762003   -0.000557440352695282   0
0.210150323040458   0.299144976211823   0.0215405625707221   0.0270962664071934   0
0.198127063137898   0.361696150804179   -0.01202325990256   0.0625511745923557   0
0.458561799463263   0.397504352761988   0.260434736325365   0.035808201957809   0
0.284162013691248   0.461967249332013   -0.174399785772015   0.0644628965700247   0
0.272800519570528   0.467318465226652   -0.0113614941207197   0.00535121589463949   0
