0   0   0   0   0
0.0181410715746392   0.0324628295828487   0.0181410715746392   0.0324628295828487   0
0.445599072703742   0.351162690636048   0.427458001129103   0.3186998610532   0
0.519310629331586   0.452517857799272   0.0737115566278432   0.101355167163223   0
0.315952753000127   0.353042606673375   -0.203357876331459   -0.0994752511258969   0
0.26899353067574   0.304487796617284   -0.0469592223243875   -0.0485548100560904   0
0.11845927490831   0.202838661595409   -0.15053425576743   -0.101649135021876   0
0.134701957206931   0.184506012248819   0.016242682298621   -0.01833264934659   0
0.0401269523984951   0.130844839815445   -0.0945750048084354   -0.0536611724333738   0
0.0538383403228158   0.102525560440751   0.0137113879243207   -0.0283192793746936   0
0.140156511958302   0.0369865390354526   0.0863181716354858   -0.0655390214052987   0
0.173384268944205   0.0407258781217206   0.0332277569859038   0.00373933908626797   0
0.238029624836705   0.0750409914437254   0.0646453558925   0.0343151133220048   0
0.194795286544306   0.0544881243155549   -0.0432343382923995   -0.0205528671281705   0
0.19961438607392   0.0762636910699254   0.00481909952961432   0.0217755667543705   0
0.328622897249427   0.261426763211889   0.129008511175507   0.185163072141964   0
0.527291941843226   0.215679642713099   0.1986690445938   -0.0457471204987897   0
0.484328113978327   0.181557555876063   -0.0429638278648992   -0.0341220868370364   0
0.601747750064717   0.20678211940907   0.117419636086389   0.0252245635330073   0
0.624054289764543   0.247192992959873   0.0223065396998265   0.0404108735508033   0
0.66332354314314   0.315763553962674   0.039269253378597   0.068570561002801   0
0.653119380581903   0.337998724808799   -0.0102041625612368   0.0222351708461241   0
0.752549593355773   0.400372667256885   0.0994302127738694   0.0623739424480865   0
0.721443330679621   0.347411989830077   -0.0311062626761515   -0.0529606774268076   0
0.774452050051231   0.379083349404665   0.0530087193716096   0.0316713595745876   0
0.743785027021958   0.363081894898729   -0.0306670230292726   -0.0160014545059362   0
0.796780445330731   0.397261320272399   0.0529954183087725   0.0341794253736705   0
0.779673534050231   0.375745749885446   -0.0171069112804998   -0.0215155703869532   0
0.832384975241197   0.421449381850889   0.0527114411909658   0.0457036319654429   0
0.841901213838063   0.434380402762869   0.00951623859686657   0.0129310209119799   0
0.996320099520585   0.520318335538918   0.154418885682522   0.0859379327760487   0
0.95053636667404   0.482159785856086   -0.0457837328465452   -0.0381585496828314   0
1.04292793344718   0.548708309051936   0.092391566773136   0.0665485231958501   0
1.09242704422047   0.569070484379575   0.0494991107732969   0.0203621753276391   0
1.13433541969098   0.594078802339676   0.0419083754705105   0.0250083179601005   0
1.07990096552311   0.567095693156872   -0.0544344541678712   -0.0269831091828039   0
1.13739807677505   0.628052401679926   0.0574971112519349   0.0609567085230545   0
1.0630721181814   0.585063426719208   -0.0743259585936482   -0.0429889749607182   0
1.12001840608085   0.665002048168539   0.0569462878994471   0.0799386214493309   0
1.06873846387636   0.632726862958268   -0.0512799422044827   -0.032275185210271   0
1.16755611346124   0.703545904845544   0.0988176495848754   0.0708190418872761   0
1.10983895118466   0.679695891743373   -0.0577171622765806   -0.0238500131021718   0
1.23420536932577   0.71550442617202   0.12436641814111   0.035808534428648   0
1.15165128618754   0.658131289737517   -0.082554083138225   -0.0573731364345039   0
1.19748309311018   0.700532984414817   0.0458318069226369   0.0424016946773003   0
1.10802596294055   0.637694498138215   -0.0894571301696323   -0.0628384862766019   0
1.14011322395639   0.667124974591596   0.0320872610158434   0.0294304764533816   0
1.1552339536896   0.69324667161463   0.0151207297332123   0.0261216970230331   0
1.10041452266861   0.67838122361311   -0.0548194310209948   -0.0148654480015197   0
1.11418180371769   0.686476557561722   0.0137672810490861   0.00809533394861228   0
0.954423169413958   0.530280111857591   -0.159758634303736   -0.156196445704132   0
0.505868381689775   0.309385899197288   -0.448554787724182   -0.220894212660303   0
0.313969888367459   0.249954190353493   -0.191898493322317   -0.0594317088437951   0
0.432557453672463   0.290848792103511   0.118587565305004   0.0408946017500184   0
0.531633639163754   0.344284751630785   0.0990761854912909   0.053435959527274   0
0.65493428111434   0.40936060555105   0.123300641950586   0.0650758539202651   0
0.653700338537346   0.41442181569586   -0.00123394257699416   0.0050612101448092   0
0.680111976650738   0.421403527223482   0.0264116381133924   0.00698171152762245   0
0.657403499278149   0.435854044376079   -0.022708477372589   0.0144505171525968   0
0.643205118663273   0.451857140810975   -0.0141983806148767   0.0160030964348966   0
0.706243951249606   0.491126070013042   0.0630388325863331   0.039268929202067   0
0.637624809178586   0.504177988585185   -0.0686191420710199   0.0130519185721421   0
0.417973690277419   0.136164174540995   -0.219651118901167   -0.36801381404419   0
0.622258858909272   0.353221045840692   0.204285168631853   0.217056871299697   0
0.732143371016423   0.420229244908358   0.109884512107151   0.067008199067666   0
0.791135730787889   0.453403114370329   0.0589923597714664   0.0331738694619717   0
0.785478598129081   0.435760911566076   -0.00565713265880785   -0.0176422028042538   0
0.82811082857959   0.478407824512612   0.0426322304505087   0.0426469129465361   0
0.825740192069529   0.493377518833466   -0.00237063651006142   0.0149696943208543   0
0.86827463751294   0.505487805765953   0.0425344454434108   0.0121102869324871   0
0.928456992131649   0.531189363992331   0.0601823546187095   0.025701558226378   0
0.846499504265752   0.528129465559394   -0.0819574878658974   -0.00305989843293686   0
0.845778446678994   0.58115915523504   -0.000721057586757223   0.0530296896756458   0
0.815674850443957   0.562822991191134   -0.0301035962350378   -0.0183361640439064   0
0.856977767912279   0.591906991039353   0.0413029174683224   0.0290839998482197   0
0.803386863588225   0.576987201034952   -0.0535909043240544   -0.0149197900044011   0
0.874977873818518   0.615342226175898   0.0715910102302937   0.0383550251409455   0
