1.65641510138112e-14   1.9038532e-16   0   0   0
0.0251584525520844   0.0233591796952263   0.0251584525520679   0.0233591796952261   0
0.0323151021330444   0.0334454084598041   0.00715664958096003   0.0100862287645778   0
0.0433886879079976   0.0131278080995013   0.0110735857749532   -0.0203176003603029   0
0.0207682624477549   0.0178723320624613   -0.0226204254602428   0.00474452396296006   0
0.0420500307583353   0.0105964144559178   0.0212817683105804   -0.00727591760654353   0
0.0500619705275235   0.0264972525676973   0.00801193976918822   0.0159008381117795   0
0.0188651152606851   0.0200367569223727   -0.0311968552668384   -0.00646049564532455   0
0.0473876322690706   0.0218674789531469   0.0285225170083856   0.00183072203077417   0
0.0364976986601519   0.0295979917221996   -0.0108899336089187   0.00773051276905267   0
0.0387484478951082   0.0204942207002711   0.00225074923495626   -0.00910377102192843   0
0.0521939798490913   0.030107242764025   0.0134455319539832   0.00961302206375385   0
0.0258881715324844   0.0309312783322753   -0.0263058083166069   0.000824035568250319   0
0.0529565959849149   0.0285182152056214   0.0270684244524305   -0.0024130631266539   0
0.0505927950085008   0.0427070732182902   -0.00236380097641414   0.0141888580126688   0
0.0814224962568278   0.0297269526856359   0.030829701248327   -0.0129801205326543   0
0.0357487088247977   0.0461772807933304   -0.0456737874320301   0.0164503281076945   0
0.0584353222863416   0.0369442837796309   0.0226866134615439   -0.00923299701369949   0
0.0633460462671058   0.0415257433565276   0.00491072398076419   0.00458145957689672   0
0.0242423315425136   0.0386475122247049   -0.0391037147245922   -0.00287823113182275   0
0.0498817076271609   0.0342518234534742   0.0256393760846473   -0.00439568877123069   0
0.0907972146027102   0.0513476542441748   0.0409155069755493   0.0170958307907006   0
0.108037331984972   0.0584478041062541   0.0172401173822614   0.00710014986207932   0
0.0677525117982932   0.0451177533002819   -0.0402848201866785   -0.0133300508059722   0
0.102746838996638   0.05463898253017   0.0349943271983453   0.00952122922988807   0
0.0607278032190195   0.0512634158385596   -0.042019035777619   -0.00337556669161037   0
0.0918909596310281   0.0555753299189163   0.0311631564120086   0.00431191408035671   0
0.0817184978323783   0.0515157901991661   -0.0101724617986498   -0.00405953971975022   0
0.0636279290743688   0.0439528846607629   -0.0180905687580095   -0.0075629055384032   0
0.0685959360838644   0.048112228766619   0.00496800700949558   0.00415934410585607   0
0.0585771613720038   0.0428778370131978   -0.0100187747118606   -0.00523439175342119   0
0.0866489806144855   0.0411405719145267   0.0280718192424818   -0.00173726509867105   0
0.0479160816384488   0.041307146675924   -0.0387328989760367   0.000166574761397316   0
0.0965443158461718   0.0428199670300526   0.048628234207723   0.00151282035412854   0
0.0544744714028703   0.0488520182190239   -0.0420698444433014   0.00603205118897137   0
0.0715910773698585   0.0407181560167561   0.0171166059669881   -0.00813386220226787   0
0.0764901143550132   0.0398902253825043   0.00489903698515473   -0.000827930634251746   0
0.0776431895374064   0.0395234779346933   0.0011530751823932   -0.000366747447811039   0
0.0858519632056235   0.042475110962793   0.00820877366821705   0.00295163302809975   0
0.0754867501181378   0.0450355494231709   -0.0103652130874856   0.00256043846037791   0
0.0981974208862909   0.0440479205677714   0.0227106707681531   -0.000987628855399554   0
0.0708277309560269   0.0562031989798091   -0.0273696899302639   0.0121552784120377   0
0.0684005753946819   0.0540297080893649   -0.00242715556134503   -0.0021734908904442   0
0.0934637395974877   0.0520676725489336   0.0250631642028058   -0.00196203554043123   0
0.0569366824290869   0.0645235278369207   -0.0365270571684008   0.0124558552879871   0
0.0653202155265104   0.0616701356646858   0.00838353309742351   -0.00285339217223494   0
0.0742112631650946   0.069104184940948   0.00889104763858421   0.00743404927626222   0
0.105858205825938   0.0453406191298593   0.0316469426608433   -0.0237635658110887   0
0.0838584241761177   0.0519436841080122   -0.0219997816498201   0.00660306497815283   0
0.134130148418097   0.0905122351174651   0.0502717242419796   0.038568551009453   0
0.13068312484462   0.0876009334074802   -0.00344702357347743   -0.00291130170998491   0
0.131623178454022   0.0938830532787081   0.000940053609401886   0.00628211987122783   0
0.110243783055015   0.0840200514798793   -0.0213793953990067   -0.00986300179882874   0
0.13395011954387   0.0849407361714021   0.0237063364888554   0.000920684691522816   0
0.102440108552366   0.0792787769488852   -0.0315100109915042   -0.00566195922251694   0
0.130529672715654   0.088767320144312   0.0280895641632878   0.00948854319542682   0
0.136136087816557   0.0797957533696044   0.00560641510090282   -0.00897156677470762   0
0.0992518163700043   0.0753218175759446   -0.0368842714465527   -0.00447393579365979   0
0.126923115984267   0.0838313164513605   0.0276712996142627   0.00850949887541592   0
0.128496407481228   0.0818786127121297   0.00157329149696148   -0.0019527037392308   0
0.15764268408078   0.0814871160424338   0.029146276599552   -0.000391496669695901   0
0.159508112122827   0.073065569467387   0.00186542804204654   -0.00842154657504683   0
0.133900627483881   0.086375664420592   -0.0256074846389456   0.013310094953205   0
0.138013386267044   0.0799871775565265   0.00411275878316245   -0.00638848686406558   0
0.165580463532114   0.103173289340816   0.0275670772650699   0.0231861117842892   0
0.129590276357929   0.0780629592597762   -0.0359901871741845   -0.0251103300810395   0
0.146612289169664   0.106048878520295   0.0170220128117348   0.0279859192605187   0
0.132261953148884   0.0875790333555697   -0.0143503360207801   -0.0184698451647252   0
0.174707337745445   0.108596672158584   0.0424453845965616   0.0210176388030147   0
0.181315853869926   0.121050601558148   0.00660851612448038   0.0124539293995635   0
0.201518817551013   0.140119962082376   0.020202963681087   0.0190693605242283   0
0.17040921026237   0.131273251205845   -0.0311096072886429   -0.00884671087653105   0
0.1780805565179   0.119810115392754   0.00767134625553009   -0.0114631358130911   0
0.135537300318776   0.0907352972549492   -0.0425432561991239   -0.0290748181378048   0
0.198426605505443   0.124142261118992   0.0628893051866674   0.0334069638640428   0
0.184756224854271   0.11037723405271   -0.0136703806511723   -0.0137650270662822   0
0.22437825504819   0.134595969594354   0.039622030193919   0.0242187355416444   0
0.186720063941909   0.112112910849341   -0.0376581911062812   -0.0224830587450136   0
0.202368898657913   0.114255259270083   0.015648834716004   0.00214234842074221   0
0.170079400711805   0.0976384986820774   -0.0322894979461079   -0.0166167605880055   0
0.203897319902208   0.119490044588648   0.0338179191904027   0.0218515459065701   0
0.181240699805872   0.123130751179592   -0.0226566200963363   0.00364070659094463   0
0.208433686302734   0.140416136334827   0.027192986496862   0.0172853851552347   0
0.17107679515777   0.120003304959947   -0.0373568911449639   -0.0204128313748802   0
0.190688135647382   0.118334397750755   0.0196113404896124   -0.00166890720919205   0
0.162620253086031   0.109241643006493   -0.0280678825613507   -0.00909275474426166   0
0.180084021636049   0.132622113426323   0.0174637685500179   0.0233804704198303   0
0.198364816353446   0.127452238801699   0.0182807947173968   -0.00516987462462368   0
0.209951715997472   0.14226981840194   0.0115868996440261   0.0148175796002403   0
0.211564359739398   0.133417483156398   0.00161264374192549   -0.00885233524554199   0
