1.4210855e-14   0   0   0   0
0.0209010195025769   0.0353474065558172   0.0209010195025627   0.0353474065558172   0
0.0270160635114778   0.0303581327316114   0.00611504400890088   -0.00498927382420577   0
0.0767728394004456   0.0258948479066226   0.0497567758889678   -0.00446328482498884   0
0.0640936464250504   0.0273920888884805   -0.0126791929753952   0.00149724098185794   0
0.0322828947582717   0.0490023285768369   -0.0318107516667788   0.0216102396883564   0
0.0491821501208757   0.027359311020353   0.0168992553626041   -0.0216430175564839   0
0.0888273582698928   0.0210467627513985   0.0396452081490171   -0.00631254826895453   0
0.0558588170824746   0.0243851465681855   -0.0329685411874182   0.00333838381678701   0
0.00987603237585094   0.0384349324004904   -0.0459827847066236   0.0140497858323049   0
0.0216873277809444   0.0337540853769897   0.0118112954050934   -0.0046808470235007   0
0.0264971146299182   0.0573275275775178   0.00480978684897382   0.0235734422005281   0
0.0377369041636656   0.062725803831738   0.0112397895337474   0.00539827625422024   0
0.0337271656763173   0.0643228960246641   -0.00400973848734827   0.00159709219292611   0
0.0543317663192869   0.0588086722148714   0.0206046006429696   -0.00551422380979273   0
0.041182568813937   0.0602657704850819   -0.0131491975053499   0.00145709827021052   0
0.0471025588804269   0.0640101926692679   0.00591999006648988   0.00374442218418598   0
0.0294299580199264   0.0581000466736452   -0.0176726008605005   -0.00591014599562265   0
0.0427294452210909   0.0619075606174424   0.0132994872011645   0.00380751394379715   0
0.0314533734076653   0.0480612299417318   -0.0112760718134256   -0.0138463306757106   0
0.0373710606932752   0.0535418542575669   0.00591768728560996   0.00548062431583511   0
0.0639446883759391   0.0456239759399087   0.0265736276826639   -0.00791787831765824   0
0.0385494269744818   0.0463328224103666   -0.0253952614014573   0.000708846470457901   0
0.0237729517574194   0.0465350542540766   -0.0147764752170624   0.000202231843710043   0
0.0704756642786148   0.0406981302400723   0.0467027125211955   -0.00583692401400436   0
0.0601720396302489   0.0203795205789007   -0.0103036246483659   -0.0203186096611716   0
0.0420773118228279   0.0192684823961587   -0.0180947278074211   -0.00111103818274194   0
0.0754279748676912   0.0308538331442433   0.0333506630448634   0.0115853507480846   0
0.082437115684104   0.0313328982504949   0.00700914081641275   0.000479065106251616   0
0.0443011741278365   0.039432639286297   -0.0381359415562675   0.00809974103580207   0
0.0824242459710661   0.0560185600951134   0.0381230718432296   0.0165859208088163   0
0.0632635924059749   0.0709799180155922   -0.0191606535650912   0.0149613579204789   0
0.0297419205110873   0.0505143950720165   -0.0335216718948876   -0.0204655229435757   0
0.0245297848553152   0.0514232013323785   -0.00521213565577202   0.000908806260361911   0
0.0391686228481661   0.0522850944754802   0.0146388379928509   0.000861893143101734   0
0.087063673452839   0.0613115731910344   0.0478950506046729   0.00902647871555425   0
0.061979470903329   0.071913968513396   -0.02508420254951   0.0106023953223616   0
0.0532271579553407   0.0819623180235886   -0.00875231294798832   0.0100483495101925   0
0.0628430486313555   0.0866283306195716   0.00961589067601481   0.00466601259598307   0
0.0505932680369469   0.107344479505406   -0.0122497805944086   0.0207161488858347   0
0.0357257491543656   0.101076664906462   -0.0148675188825813   -0.00626781459894453   0
0.0566542754423968   0.103613388537159   0.0209285262880312   0.00253672363069692   0
0.0735208201090436   0.107999177444033   0.0168665446666468   0.00438578890687473   0
0.0487365120956179   0.107852320889498   -0.0247843080134256   -0.000146856554535793   0
0.0329952146429683   0.101021749059363   -0.0157412974526496   -0.00683057183013472   0
0.0277079395159094   0.0930847645420618   -0.0052872751270589   -0.00793698451730114   0
0.0416038298762967   0.0974487474260212   0.0138958903603873   0.00436398288395945   0
0.026630185253623   0.104314533598956   -0.0149736446226737   0.00686578617293511   0
0.0221898873799636   0.106428411652591   -0.00444029787365943   0.0021138780536348   0
0.0349592501391483   0.105189434712595   0.0127693627591848   -0.00123897693999614   0
0.0497454596290391   0.118624740751378   0.0147862094898908   0.0134353060387826   0
0.0812841542216904   0.147535339612199   0.0315386945926513   0.0289105988608213   0
0.0456547151851556   0.154496985802491   -0.0356294390365348   0.00696164619029213   0
0.0560026445358247   0.1663278183905   0.0103479293506691   0.0118308325880095   0
0.0706488073721996   0.147052658899552   0.0146461628363749   -0.0192751594909482   0
0.0703119170433943   0.153343644003313   -0.000336890328805281   0.00629098510376055   0
0.0741166255348581   0.149141575359255   0.00380470849146379   -0.00420206864405784   0
0.0763050963972075   0.146043985887445   0.00218847086234945   -0.00309758947180983   0
0.049031626336651   0.136725560342041   -0.0272734700605565   -0.00931842554540396   0
0.0490772128028655   0.151602370440371   4.55864662145186e-05   0.0148768100983298   0
0.044597484409239   0.166010885986822   -0.00447972839362652   0.0144085155464506   0
0.0315226068012353   0.188624589357376   -0.0130748776080037   0.0226137033705538   0
0.0606156272432087   0.179650200756538   0.0290930204419734   -0.00897438860083749   0
0.0642908541142508   0.16229561281425   0.00367522687104212   -0.017354587942288   0
0.0646734166839366   0.176649823918876   0.000382562569685801   0.0143542111046256   0
0.0702852628442701   0.171915213952122   0.00561184616033347   -0.00473460996675373   0
0.08207460963039   0.174317617560445   0.0117893467861199   0.00240240360832272   0
0.0672581956871067   0.183872493574977   -0.0148164139432832   0.00955487601453217   0
0.0505036706020318   0.174847885304456   -0.0167545250850749   -0.00902460827052107   0
0.0405770258644965   0.177824252871547   -0.00992664473753531   0.00297636756709113   0
0.0547400292767538   0.178550788741026   0.0141630034122573   0.000726535869478823   0
0.0586010107914793   0.185167787609802   0.00386098151472548   0.00661699886877609   0
0.0585815180398598   0.187015725804133   -1.94927516194709e-05   0.00184793819433085   0
0.0691484335605903   0.139633188492508   0.0105669155207305   -0.0473825373116241   0
0.0771846204426165   0.149998784015166   0.00803618688202619   0.0103655955226576   0
0.0369229650670335   0.154504026786295   -0.040261655375583   0.00450524277112907   0
0.047325133223915   0.166459058538028   0.0104021681568815   0.0119550317517326   0
0.0397338261943279   0.141148370809323   -0.00759130702958707   -0.0253106877287049   0
