7.16186843141213e-15   4.03755255e-16   0   0   0
0.247517636227304   0.138554910272532   0.247517636227297   0.138554910272532   0
0.541400305502407   0.309366326925049   0.293882669275102   0.170811416652516   0
0.705541967383603   0.438563566168411   0.164141661881197   0.129197239243362   0
0.721604810847671   0.463109281149977   0.0160628434640676   0.0245457149815666   0
0.780849526683506   0.521467364128087   0.0592447158358353   0.0583580829781094   0
0.862254172511671   0.635178965717682   0.0814046458281648   0.113711601589595   0
0.86705472391744   0.658598480629758   0.00480055140576874   0.0234195149120761   0
0.823073947049415   0.652289135374508   -0.0439807768680248   -0.00630934525524995   0
0.84807920301145   0.725510685033861   0.0250052559620355   0.073221549659353   0
0.864107117745508   0.77483444877908   0.0160279147340571   0.0493237637452193   0
0.855973291426484   0.799480907834281   -0.00813382631902348   0.0246464590552009   0
0.896986764414466   0.82410432830444   0.0410134729879819   0.0246234204701585   0
0.90713922033436   0.853389839509271   0.0101524559198946   0.0292855112048312   0
0.94117047304883   0.907713720037095   0.0340312527144694   0.054323880527824   0
0.937732860706926   0.922879192803418   -0.00343761234190432   0.0151654727663231   0
0.739471036572442   0.770159709064094   -0.198261824134483   -0.152719483739325   0
0.651371597259926   0.47091113851181   -0.0880994393125165   -0.299248570552284   0
0.852032143923391   0.521071923674971   0.200660546663465   0.0501607851631615   0
1.23880714700897   0.848726244806929   0.386775003085579   0.327654321131958   0
1.19388479555755   0.951027827692073   -0.044922351451419   0.102301582885144   0
1.15049601369985   0.960447130068221   -0.0433887818577001   0.00941930237614741   0
1.12672387873232   0.958823528054413   -0.0237721349675264   -0.00162360201380807   0
1.1401676473046   0.962594681819446   0.0134437685722786   0.0037711537650329   0
0.954559648952972   0.833853199138613   -0.185607998351631   -0.128741482680833   0
0.502354245867924   0.536626121259371   -0.452205403085048   -0.297227077879242   0
0.305843803516407   0.377677802481371   -0.196510442351517   -0.158948318778   0
0.300644309947045   0.359210527847783   -0.00519949356936222   -0.0184672746335876   0
0.267828893160003   0.345507595617256   -0.0328154167870418   -0.0137029322305271   0
0.252081198194458   0.323114118302709   -0.0157476949655453   -0.0223934773145472   0
0.257086227464823   0.323098429817943   0.00500502927036556   -1.56884847662409e-05   0
0.248285704956545   0.364308478613017   -0.0088005225082782   0.041210048795074   0
0.232186794529077   0.37646643149149   -0.0160989104274685   0.0121579528784734   0
0.251604564018083   0.367293150146525   0.0194177694890059   -0.00917328134496476   0
0.261751156177382   0.38264451871745   0.0101465921592993   0.0153513685709245   0
0.273679905423334   0.386560779859709   0.0119287492459518   0.00391626114225946   0
0.258290856612955   0.374732447581427   -0.0153890488103785   -0.0118283322782823   0
0.247560947504162   0.37568768677807   -0.0107299091087932   0.000955239196643087   0
0.246765996393957   0.379155334117883   -0.000794951110205583   0.00346764733981331   0
0.240791504660495   0.368903744898302   -0.00597449173346129   -0.0102515892195809   0
0.234550221018959   0.361376310903821   -0.00624128364153606   -0.00752743399448141   0
0.239542741000546   0.363785068079353   0.0049925199815869   0.00240875717553191   0
0.230859090756034   0.362481418696456   -0.00868365024451159   -0.00130364938289684   0
0.220365804325492   0.363430271732643   -0.010493286430542   0.000948853036186803   0
0.235833700364975   0.366507324383669   0.0154678960394829   0.00307705265102654   0
0.242635027207543   0.371590990585108   0.00680132684256801   0.00508366620143852   0
0.228844096186454   0.359690027610499   -0.0137909310210899   -0.0119009629746085   0
0.229476679325362   0.355158936214674   0.000632583138908183   -0.00453109139582564   0
0.241395214829355   0.365144965680389   0.011918535503993   0.0099860294657157   0
0.236990642368435   0.370244425046741   -0.00440457246091944   0.00509945936635137   0
0.241529866333706   0.398718047809315   0.00453922396527098   0.0284736227625746   0
0.24299260852901   0.402990248634534   0.00146274219530415   0.00427220082521818   0
0.253926475459778   0.391417996372064   0.0109338669307671   -0.01157225226247   0
0.249231001197807   0.368436663396374   -0.00469547426197045   -0.0229813329756892   0
0.251447004284249   0.370115388139119   0.00221600308644168   0.00167872474274483   0
0.248518582293447   0.358695376290782   -0.00292842199080134   -0.0114200118483374   0
0.239208299360137   0.359887465742856   -0.00931028293331049   0.00119208945207439   0
0.244245019489368   0.358923056994025   0.00503672012923115   -0.000964408748831136   0
0.24890944046977   0.351642803839398   0.00466442098040176   -0.00728025315462721   0
0.247398824219394   0.338796450842255   -0.0015106162503763   -0.0128463529971427   0
0.245024437432949   0.341518775975591   -0.00237438678644444   0.00272232513333559   0
0.234307551341709   0.349262587641967   -0.0107168860912404   0.00774381166637661   0
0.228464531850559   0.34967510114074   -0.00584301949114988   0.000412513498772249   0
0.219362157581143   0.34378349849521   -0.00910237426941563   -0.00589160264552946   0
0.233084781274767   0.342637187580705   0.0137226236936236   -0.00114631091450551   0
0.229518027205627   0.343872415523372   -0.00356675406913945   0.00123522794266684   0
0.230093868281404   0.350237619382856   0.00057584107577649   0.00636520385948419   0
0.226791601355583   0.34528946989528   -0.00330226692582117   -0.00494814948757555   0
0.22019577555838   0.345643205336655   -0.00659582579720236   0.000353735441374348   0
0.245930210775352   0.351566752094896   0.0257344352169718   0.00592354675824147   0
0.242251488565325   0.337483448305475   -0.00367872221002746   -0.0140833037894213   0
0.258952537616184   0.345873509202512   0.0167010490508592   0.00839006089703764   0
0.253888345394085   0.343540442267187   -0.00506419222209886   -0.00233306693532531   0
0.251773121081085   0.326964160906287   -0.00211522431300015   -0.0165762813608998   0
0.242298944061175   0.33109059111552   -0.00947417701990955   0.00412643020923292   0
0.250145015677195   0.346001204650958   0.00784607161602002   0.0149106135354377   0
0.231246234156711   0.360157296208786   -0.0188987815204839   0.0141560915578276   0
