0   0   0   0   0
0.0635550916891599   0.0158265125402983   0.0635550916891599   0.0158265125402983   0
0.0172004535802471   0.0342132003054565   -0.0463546381089127   0.0183866877651582   0
0.0495985030397614   0.0339760837924349   0.0323980494595143   -0.000237116513021558   0
0.0449596048625086   0.0335140188381376   -0.00463889817725278   -0.000462064954297257   0
0.0271711169655038   0.0408565865516601   -0.0177884878970048   0.0073425677135224   0
0.0337981447732313   0.0312921260277983   0.0066270278077275   -0.00956446052386177   0
0.039324047305541   0.0523143987239973   0.00552590253230972   0.0210222726961991   0
0.0435370846380419   0.0675383560822506   0.00421303733250084   0.0152239573582533   0
0.0417465518424765   0.0730649188297819   -0.00179053279556542   0.0055265627475313   0
0.0450595230645566   0.0870989968947769   0.00331297122208019   0.014034078064995   0
0.0424024774833658   0.0894588338521765   -0.00265704558119084   0.00235983695739961   0
0.0355165157713816   0.103314974974289   -0.00688596171198417   0.0138561411221129   0
0.0362064086540128   0.107582149018247   0.000689892882631174   0.00426717404395767   0
0.0399154844499998   0.103463111189126   0.00370907579598703   -0.00411903782912137   0
0.0526454036195218   0.133779162463513   0.012729919169522   0.0303160512743871   0
0.0365204310132571   0.116606236064843   -0.0161249726062647   -0.0171729263986695   0
0.0438106029304493   0.114252263505438   0.00729017191719219   -0.00235397255940496   0
0.0486635324440324   0.119672148365276   0.00485292951358313   0.00541988485983719   0
0.0581807578705261   0.132082748078815   0.00951722542649373   0.0124105997135391   0
0.0382662247996005   0.121670853797884   -0.0199145330709256   -0.0104118942809301   0
0.0535524018327539   0.108328431462521   0.0152861770331534   -0.0133424223353633   0
0.0416796371778599   0.110831599685255   -0.011872764654894   0.00250316822273344   0
0.0374635819218581   0.0856833983013662   -0.00421605525600178   -0.0251482013838885   0
0.0380660050630297   0.0827818820626736   0.000602423141171586   -0.00290151623869254   0
0.0716868921372566   0.0773305545193968   0.0336208870742269   -0.00545132754327678   0
0.0509299967493919   0.0882499833876968   -0.0207568953878648   0.0109194288682999   0
0.0435665316289109   0.0808542246119209   -0.00736346512048099   -0.00739575877577582   0
0.0544794298616476   0.0823946986845443   0.0109128982327367   0.00154047407262337   0
0.0563830836509067   0.0971974026676653   0.00190365378925909   0.014802703983121   0
0.0445142364159209   0.0805966911551885   -0.0118688472349858   -0.0166007115124768   0
0.0388522187256058   0.0838594855099057   -0.0056620176903151   0.00326279435471724   0
0.0483096238232073   0.0637789365138931   0.00945740509760146   -0.0200805489960126   0
0.0478028036901008   0.0766601125354141   -0.00050682013310651   0.012881176021521   0
0.0494735319472112   0.0591693332529978   0.00167072825711044   -0.0174907792824163   0
0.0675533567375006   0.0526574666506547   0.0180798247902893   -0.00651186660234316   0
0.0629623834102847   0.0470294934826939   -0.00459097332721584   -0.00562797316796078   0
0.0517191864600184   0.062948094527298   -0.0112431969502663   0.0159186010446041   0
0.065352834230668   0.059677362608844   0.0136336477706495   -0.00327073191845397   0
0.0541385629508223   0.0706350666900241   -0.0112142712798457   0.0109577040811801   0
0.059001166703753   0.0689676402177267   0.00486260375293074   -0.00166742647229745   0
0.0600412958830791   0.0565222173542491   0.0010401291793261   -0.0124454228634775   0
0.0641528227846236   0.0502656752765801   0.00411152690154447   -0.00625654207766906   0
0.0669130522948985   0.0626207971463581   0.00276022951027494   0.0123551218697781   0
0.0613161178519386   0.0495542300841891   -0.00559693444295992   -0.0130665670621691   0
0.0734276490728262   0.0644561535036188   0.0121115312208876   0.0149019234194297   0
0.0719743876877711   0.0558240338598826   -0.00145326138505503   -0.0086321196437362   0
0.0727889876381812   0.058615629785862   0.000814599950410028   0.00279159592597947   0
0.0804752960229373   0.0580813985789521   0.00768630838475616   -0.000534231206909888   0
0.110026420983599   0.062437334649932   0.0295511249606621   0.00435593607097991   0
0.0617086173299507   0.0467696169745355   -0.0483178036536488   -0.0156677176753966   0
0.090215572202839   0.0557213471853945   0.0285069548728883   0.00895173021085904   0
0.091258974649726   0.0456287113177418   0.00104340244688698   -0.0100926358676527   0
0.0660427023075217   0.0470715122714928   -0.0252162723422043   0.00144280095375095   0
0.0933526155519609   0.0491766887245736   0.0273099132444392   0.00210517645308086   0
0.0729657910867934   0.0453565322239734   -0.0203868244651675   -0.00382015650060022   0
0.083753368233797   0.0545077763465853   0.0107875771470035   0.00915124412261191   0
0.103949012478293   0.0401079580953017   0.0201956442444958   -0.0143998182512836   0
0.073394606122029   0.0522836602731721   -0.0305544063562637   0.0121757021778704   0
0.095404168681952   0.0557034669873031   0.022009562559923   0.00341980671413096   0
0.111732100639694   0.065482902797915   0.0163279319577421   0.00977943581061197   0
0.0956211755421887   0.0576685784253864   -0.0161109250975054   -0.00781432437252864   0
0.0798789996438156   0.0557931874575219   -0.0157421758983731   -0.0018753909678645   0
0.0873892768534748   0.0570005864879964   0.00751027720965926   0.00120739903047456   0
0.0952427590210734   0.0539960334473112   0.00785348216759862   -0.00300455304068526   0
0.126988550181875   0.103335613236473   0.0317457911608018   0.0493395797891617   0
0.147591511814754   0.133483919721627   0.0206029616328784   0.0301483064851536   0
0.150371213531351   0.137757434758714   0.00277970171659753   0.00427351503708714   0
0.163712654507028   0.120658290683009   0.0133414409756767   -0.0170991440757047   0
0.144431937539218   0.119877722404685   -0.0192807169678097   -0.000780568278323512   0
0.172668372488821   0.132793376769372   0.0282364349496031   0.0129156543646863   0
0.176652489369473   0.140971930066809   0.00398411688065128   0.00817855329743775   0
0.146317383550235   0.11698434734738   -0.0303351058192371   -0.0239875827194294   0
0.169894238137268   0.132279198829199   0.0235768545870324   0.0152948514818188   0
0.16808156628129   0.117636576786667   -0.00181267185597767   -0.014642622042532   0
0.186707890042783   0.101928021008018   0.0186263237614929   -0.0157085557786487   0
0.148184577857517   0.111080329973667   -0.0385233121852661   0.00915230896564839   0
0.144138489157548   0.0680881688341774   -0.00404608869996906   -0.0429921611394892   0
