1.60540288644411e-14   1.3890934e-16   0   0   0
0.0896933176745912   0.0484938926261017   0.0896933176745751   0.0484938926261016   0
0.144663842175614   0.11089863411865   0.0549705245010223   0.0624047414925486   0
0.191356886360142   0.10802682812985   0.0466930441845285   -0.00287180598880027   0
0.161411339005901   0.106747953871799   -0.029945547354241   -0.0012788742580515   0
0.219169330022341   0.165183037658999   0.0577579910164404   0.0584350837872   0
0.21963066675827   0.175865867380105   0.000461336735928491   0.0106828297211062   0
0.217785978916478   0.18629673762597   -0.00184468784179193   0.0104308702458648   0
0.238520671962794   0.197767416116449   0.0207346930463164   0.0114706784904796   0
0.213518365488539   0.181120799791291   -0.0250023064742554   -0.0166466163251587   0
0.225232496406261   0.19031840650154   0.0117141309177223   0.00919760671024911   0
0.199207568156029   0.197521625667889   -0.0260249282502324   0.00720321916634944   0
0.227903062532454   0.19680076075918   0.0286954943764252   -0.000720864908709345   0
0.230549306987434   0.189096952541665   0.00264624445498007   -0.00770380821751512   0
0.234779557437875   0.196180942481545   0.00423025045044048   0.00708398993988002   0
0.229002359789795   0.200844801405989   -0.00577719764807935   0.00466385892444476   0
0.255859208601215   0.205273851921393   0.0268568488114194   0.00442905051540404   0
0.262529533629782   0.196594759355015   0.00667032502856679   -0.00867909256637872   0
0.279739875419311   0.196209751149546   0.0172103417895291   -0.000385008205468551   0
0.31655216560508   0.226456649365911   0.0368122901857692   0.0302468982163652   0
0.29218112202613   0.207054104047935   -0.0243710435789499   -0.0194025453179766   0
0.275775447759348   0.218966080446876   -0.0164056742667818   0.0119119763989417   0
0.288140324197799   0.211228912557621   0.0123648764384506   -0.00773716788925527   0
0.315021324189788   0.221210027712152   0.026880999991989   0.00998111515453082   0
0.253746952273281   0.210319832011724   -0.0612743719165066   -0.0108901957004279   0
0.286414493939182   0.238562998979569   0.0326675416659008   0.0282431669678451   0
0.302312229812345   0.241945168376965   0.0158977358731635   0.00338216939739594   0
0.236398407822152   0.216341382596769   -0.0659138219901934   -0.0256037857801957   0
0.191976726872704   0.190161357482673   -0.0444216809494479   -0.0261800251140968   0
0.296756806694815   0.218782592474501   0.104780079822111   0.0286212349918282   0
0.243101880754488   0.173594827918254   -0.053654925940327   -0.0451877645562467   0
0.231106816123467   0.163964392972464   -0.0119950646310204   -0.00963043494578991   0
0.190960932478267   0.164844320141718   -0.0401458836452004   0.000879927169253364   0
0.206402909953735   0.151055399207141   0.015441977475468   -0.0137889209345771   0
0.257317112298661   0.165719864352314   0.0509142023449261   0.0146644651451734   0
0.251533513381327   0.168759351565192   -0.00578359891733427   0.00303948721287811   0
0.217571528936544   0.153798750175052   -0.0339619844447831   -0.0149606013901401   0
0.219734461453377   0.162421980015451   0.00216293251683375   0.0086232298403992   0
0.276969350867662   0.169698721739062   0.0572348894142842   0.00727674172361062   0
0.268920784323126   0.157439388645218   -0.00804856654453567   -0.0122593330938437   0
0.230564668489459   0.152176281238042   -0.0383561158336673   -0.00526310740717612   0
0.268297456575991   0.166469360042656   0.0377327880865323   0.0142930788046144   0
0.276373726923667   0.133411018184924   0.00807627034767583   -0.0330583418577327   0
0.236262164630131   0.119688921499312   -0.040111562293536   -0.0137220966856112   0
0.233194416576841   0.125746725385871   -0.00306774805328983   0.00605780388655895   0
0.246918629468784   0.137807052055351   0.0137242128919435   0.0120603266694798   0
0.249139550597944   0.137776065045556   0.00222092112915953   -3.09870097947307e-05   0
0.232092535150695   0.123451923854792   -0.0170470154472491   -0.0143241411907649   0
0.210641412959114   0.112564343999348   -0.0214511221915808   -0.0108875798554436   0
0.207878696113985   0.116914873874567   -0.00276271684512924   0.00435052987521943   0
0.218311797272899   0.117707582447681   0.0104331011589138   0.000792708573113393   0
0.235189185075318   0.108551654772626   0.0168773878024198   -0.00915592767505514   0
0.28386412264536   0.150024520281806   0.0486749375700415   0.0414728655091805   0
0.267921633154781   0.156759484515461   -0.0159424894905786   0.00673496423365455   0
0.300655752270918   0.1623127604983   0.0327341191161371   0.00555327598283989   0
0.270979474445868   0.13786323907991   -0.0296762778250501   -0.0244495214183905   0
0.292440165385831   0.164431647915428   0.0214606909399631   0.0265684088355184   0
0.301422391603331   0.164471261982928   0.00898222621750006   3.96140674994161e-05   0
0.345627202126887   0.156217683088508   0.0442048105235552   -0.00825357889441966   0
0.278621939554553   0.12708643653154   -0.0670052625723332   -0.0291312465569685   0
0.246632928083544   0.119668720620754   -0.0319890114710096   -0.00741771591078567   0
0.287641876607294   0.127521071836098   0.0410089485237499   0.00785235121534388   0
0.28353313537822   0.116116519584241   -0.0041087412290739   -0.011404552251857   0
0.208694996761374   0.0724490541538   -0.0748381386168457   -0.0436674654304409   0
0.209848565447656   0.0585919858278229   0.00115356868628194   -0.0138570683259771   0
0.218894880094394   0.0714131537768814   0.0090463146467383   0.0128211679490585   0
0.302904696761245   0.0573268927993788   0.0840098166668503   -0.0140862609775026   0
0.149904185859989   0.0858901742564747   -0.153000510901256   0.0285632814570959   0
0.186557049551029   0.0623904230026612   0.0366528636910401   -0.0234997512538135   0
