0   0   0   0   0
0.0375095060865772   0.0294677129081492   0.0375095060865772   0.0294677129081492   0
0.0415309462552507   0.0285379326019839   0.00402144016867357   -0.000929780306165303   0
0.0304188243186218   0.0562038634965186   -0.011112121936629   0.0276659308945347   0
0.112060783889493   0.173374981237598   0.0816419595708713   0.117171117741079   0
0.141404173986003   0.211063682732297   0.0293433900965102   0.0376887014946994   0
0.160993611788716   0.291460454217956   0.0195894378027128   0.080396771485659   0
0.194101614726308   0.305861293512901   0.0331080029375918   0.0144008392949451   0
0.16033631821215   0.26859659538367   -0.0337652965141573   -0.0372646981292312   0
0.202562027721015   0.280925848866341   0.0422257095088647   0.0123292534826707   0
0.164917914548711   0.250966344647206   -0.0376441131723044   -0.0299595042191344   0
0.195683687512941   0.261044643859213   0.0307657729642306   0.0100782992120066   0
0.284245129343855   0.267527301149967   0.0885614418309136   0.00648265729075381   0
0.280813820242296   0.254632796094527   -0.00343130910155853   -0.0128945050554399   0
0.277535156245125   0.259224376136013   -0.00327866399717164   0.00459158004148652   0
0.28542806855897   0.285462135201128   0.00789291231384576   0.0262377590651142   0
0.229126303422834   0.268420718388374   -0.0563017651361362   -0.0170414168127532   0
0.243093229662378   0.27307796859173   0.0139669262395435   0.00465725020335539   0
0.289154781123349   0.301249970383086   0.0460615514609716   0.0281720017913566   0
0.239981366695529   0.292094751185146   -0.0491734144278206   -0.00915521919794049   0
0.284724692864671   0.309338095847119   0.044743326169142   0.0172433446619726   0
0.258638284146276   0.279038107459258   -0.0260864087183952   -0.0302999883878609   0
0.23906718462611   0.262646455356763   -0.0195710995201654   -0.0163916521024948   0
0.280151914727885   0.297287717996828   0.0410847301017746   0.0346412626400647   0
0.281668870169749   0.306607593768807   0.00151695544186425   0.00931987577197924   0
0.333549136309303   0.325306732006297   0.0518802661395543   0.0186991382374905   0
0.278229617336767   0.270840954991507   -0.0553195189725366   -0.0544657770147899   0
0.268904393440614   0.254786114694618   -0.00932522389615265   -0.0160548402968898   0
0.323183774967888   0.261415355615386   0.0542793815272737   0.00662924092076866   0
0.239822386643706   0.20848785032042   -0.0833613883241817   -0.0529275052949664   0
0.317144201382574   0.285019831817607   0.0773218147388682   0.0765319814971876   0
0.245266020844307   0.251405977506557   -0.0718781805382667   -0.0336138543110501   0
0.225003872237918   0.237747728582844   -0.0202621486063897   -0.0136582489237136   0
0.241774099502214   0.233565438840638   0.0167702272642961   -0.00418228974220528   0
0.157585753195039   0.165434355220569   -0.0841883463071748   -0.068131083620069   0
0.22469686803216   0.193656916679964   0.0671111148371212   0.0282225614593944   0
0.175067994701713   0.197136481444177   -0.0496288733304479   0.00347956476421335   0
0.134976618496764   0.182721172629565   -0.0400913762049482   -0.0144153088146124   0
0.170727080365698   0.209311278036909   0.0357504618689333   0.0265901054073438   0
0.125104386806664   0.18104290540226   -0.0456226935590338   -0.0282683726346483   0
0.164404406616903   0.197595322926136   0.0393000198102388   0.0165524175238755   0
0.150099221909952   0.17418357852097   -0.0143051847069507   -0.023411744405166   0
0.164285311309422   0.18146672837175   0.0141860893994702   0.00728314985078066   0
0.157741707299832   0.18412062122803   -0.00654360400959011   0.00265389285627973   0
0.137574849337935   0.162200341260116   -0.0201668579618971   -0.0219202799679145   0
0.172008466996159   0.202685666186382   0.0344336176582236   0.040485324926266   0
0.139040845102797   0.161332355367674   -0.0329676218933612   -0.0413533108187081   0
0.167906343700625   0.17749758105015   0.028865498597828   0.0161652256824768   0
0.157879961595654   0.18775097963566   -0.0100263821049713   0.0102533985855096   0
0.164995824979415   0.184396500905268   0.00711586338376111   -0.00335447873039207   0
0.2036796280474   0.212250744906311   0.0386838030679848   0.0278542440010429   0
0.154402226994437   0.178385238699117   -0.0492774010529627   -0.0338655062071943   0
0.184377569348226   0.20568934965738   0.0299753423537882   0.0273041109582639   0
0.141736243963321   0.204400695934461   -0.0426413253849042   -0.00128865372291917   0
0.159895354256829   0.217801606032193   0.0181591102935074   0.0134009100977313   0
0.146889140547973   0.174002818204697   -0.0130062137088556   -0.0437987878274958   0
0.169632902651668   0.186592450159181   0.0227437621036946   0.0125896319544847   0
0.164902790168068   0.165623465154183   -0.00473011248359978   -0.0209689850049986   0
0.189528625188264   0.194074764416513   0.024625835020196   0.0284512992623303   0
0.157513959151177   0.149191933878444   -0.0320146660370864   -0.0448828305380692   0
0.16813505063726   0.170834782710407   0.0106210914860821   0.0216428488319635   0
0.142970075730134   0.147725414260678   -0.0251649749071255   -0.0231093684497295   0
0.14433100200719   0.170497930330243   0.00136092627705581   0.0227725160695653   0
0.135422749641858   0.170619275559192   -0.00890825236533202   0.000121345228948966   0
0.137432006486894   0.152379420461293   0.00200925684503583   -0.0182398550978997   0
0.161733314066249   0.189042942076725   0.0243013075793552   0.0366635216154328   0
0.150048317956206   0.179237771897147   -0.0116849961100427   -0.00980517017957833   0
0.154763514217732   0.218566621596194   0.00471519626152628   0.0393288496990466   0
0.136319166726969   0.202096487519574   -0.018444347490764   -0.0164701340766192   0
0.108269348108904   0.179572009816818   -0.028049818618065   -0.0225244777027565   0
0.0836838610913731   0.212833068287455   -0.0245854870175305   0.0332610584706367   0
0.146187771255008   0.20236515963901   0.0625039101636349   -0.0104679086484449   0
