0   0   0   0   0
0.0291596695009469   0.0214869515266281   0.0291596695009469   0.0214869515266281   0
0.0242168449795138   0.0161372658781493   -0.00494282452143304   -0.00534968564847882   0
0.0512489977647711   0.0238560379435414   0.0270321527852573   0.00771877206539206   0
0.0557498264505321   0.0337824519250477   0.00450082868576099   0.00992641398150632   0
0.0732962442540058   0.0308991878459467   0.0175464178034738   -0.00288326407910096   0
0.0807062956677731   0.0306532727889897   0.00741005141376722   -0.000245915056957063   0
0.0760964099096539   0.0513286938065116   -0.00460988575811912   0.0206754210175219   0
0.072183838047152   0.0599344953947084   -0.00391257186250193   0.00860580158819683   0
0.0727647715087078   0.0838716732176344   0.000580933461555758   0.023937177822926   0
0.123204647514418   0.0541410600178445   0.0504398760057103   -0.0297306131997899   0
0.0833173105703236   0.0711013914916312   -0.0398873369440944   0.0169603314737867   0
0.0823184831261745   0.0784211715693683   -0.000998827444149114   0.00731978007773701   0
0.08330460803876   0.091565690805732   0.000986124912585512   0.0131445192363637   0
0.0798634407221632   0.0921409782741813   -0.00344116731659677   0.000575287468449329   0
0.0827480824986135   0.0965486499176726   0.00288464177645022   0.00440767164349136   0
0.0765753785030202   0.104005551313526   -0.00617270399559328   0.00745690139585369   0
0.0465023536179116   0.135086624542208   -0.0300730248851086   0.0310810732286817   0
0.0619915344943231   0.16975959598866   0.0154891808764115   0.0346729714464523   0
0.0688773892564474   0.159988228527908   0.00688585476212432   -0.00977136746075266   0
0.0698528597341016   0.142094640532663   0.000975470477654186   -0.0178935879952445   0
0.0693424015001609   0.147013843923563   -0.000510458233940636   0.0049192033909001   0
0.0553440561200675   0.144679502654484   -0.0139983453800935   -0.002334341269079   0
0.0614539725010017   0.169926432894669   0.00610991638093426   0.0252469302401851   0
0.0676305742138274   0.180171703623923   0.00617660171282565   0.0102452707292537   0
0.0695059035950908   0.176426921067408   0.00187532938126346   -0.00374478255651481   0
0.0565224842898198   0.186001570079554   -0.012983419305271   0.00957464901214589   0
0.0809459660908647   0.169316785753423   0.0244234818010449   -0.0166847843261312   0
0.11005443895961   0.169858143233061   0.0291084728687456   0.000541357479638127   0
0.0542950058336279   0.185079940250205   -0.0557594331259824   0.0152217970171442   0
0.052990520266908   0.191046349766237   -0.00130448556671994   0.00596640951603203   0
0.0734219807719238   0.178095283145491   0.0204314605050158   -0.0129510666207463   0
0.0466916721293087   0.172744943811049   -0.0267303086426151   -0.00535033933444204   0
0.0503653917849428   0.168427779112361   0.00367371965563415   -0.00431716469868829   0
0.0637657009089812   0.181795373259483   0.0134003091240384   0.013367594147122   0
0.0613982717492357   0.171784946874921   -0.00236742915974558   -0.0100104263845613   0
0.0844473661909252   0.160823880274628   0.0230490944416895   -0.0109610666002938   0
0.0580912177328784   0.151929793121791   -0.0263561484580468   -0.00889408715283702   0
0.0844937776132061   0.154701848696263   0.0264025598803277   0.00277205557447271   0
0.0960989829639554   0.165829149362742   0.0116052053507493   0.0111273006664783   0
0.119135194338421   0.158385465089263   0.0230362113744655   -0.0074436842734788   0
0.117987995258856   0.154650355543255   -0.00114719907956498   -0.00373510954600775   0
0.091169498809754   0.163808949700283   -0.0268184964491019   0.00915859415702822   0
0.104556387322082   0.159511930426348   0.0133868885123282   -0.00429701927393539   0
0.113528397317441   0.154436069623497   0.00897200999535919   -0.00507586080285119   0
0.0826521053651844   0.153423757806212   -0.030876291952257   -0.00101231181728476   0
0.0701989909367702   0.14747248556404   -0.0124531144284142   -0.00595127224217201   0
0.0898906650966413   0.147371507850675   0.0196916741598711   -0.000100977713364869   0
0.0898020719783801   0.148533049839132   -8.85931182612043e-05   0.00116154198845669   0
0.078317482808048   0.13788968758091   -0.0114845891703321   -0.0106433622582222   0
0.0872202975712953   0.134799208906569   0.00890281476324728   -0.00309047867434048   0
0.0913963575768127   0.128216848149255   0.00417606000551743   -0.00658236075731453   0
0.0990718965815496   0.129472983385478   0.00767553900473684   0.00125613523622384   0
0.0990712975566342   0.126832433151851   -5.99024915351465e-07   -0.00264055023362791   0
0.0919536250873361   0.125437796414867   -0.00711767246929815   -0.00139463673698315   0
0.0813267997772331   0.139928871100574   -0.010626825310103   0.0144910746857067   0
0.0885803377865039   0.125667619834089   0.00725353800927082   -0.0142612512664849   0
0.10419263566677   0.123473709159211   0.0156122978802661   -0.00219391067487787   0
0.093507062648075   0.13387242943756   -0.010685573018695   0.0103987202783492   0
0.0846496045817765   0.138801466249526   -0.00885745806629858   0.0049290368119651   0
0.0804933281077672   0.146167681686126   -0.00415627647400929   0.00736621543660065   0
0.0860480632085095   0.134819571452941   0.00555473510074231   -0.0113481102331855   0
0.108127064795005   0.15235363663988   0.0220790015864958   0.0175340651869394   0
0.0689859392294495   0.159705171658803   -0.0391411255655558   0.00735153501892294   0
0.0889580758473668   0.158496904694444   0.0199721366179173   -0.00120826696435861   0
0.10812581614282   0.156151013243958   0.0191677402954529   -0.0023458914504868   0
0.125608512463985   0.16730822578887   0.0174826963211656   0.0111572125449127   0
0.100354743012648   0.173137865264591   -0.0252537694513374   0.00582963947572035   0
0.126047779738533   0.173001307343187   0.0256930367258854   -0.000136557921403518   0
0.129662450228212   0.16187412323319   0.00361467048967865   -0.0111271841099971   0
0.130238910598988   0.154599585895449   0.00057646037077605   -0.00727453733774067   0
0.137452899233071   0.159750035462428   0.00721398863408301   0.0051504495669783   0
0.186855576991608   0.143141771489703   0.0494026777585366   -0.0166082639727248   0
0.202714844371557   0.139989674915495   0.0158592673799492   -0.00315209657420759   0
0.197386020717954   0.161139718147518   -0.00532882365360318   0.0211500432320224   0
0.153477359611521   0.18364157354674   -0.0439086611064326   0.0225018553992222   0
0.138979550955577   0.194804527686649   -0.0144978086559442   0.0111629541399092   0
