0   0   0   0   0
0.0261439286916799   0.0092271131942072   0.0261439286916799   0.0092271131942072   0
0.0440678681662371   0.016831006451947   0.0179239394745572   0.00760389325773976   0
0.0303807740442651   0.0152221205997667   -0.013687094121972   -0.00160888585218027   0
0.0463442303313965   0.0170369681087864   0.0159634562871314   0.00181484750901974   0
0.0257136687066864   0.0426401214568275   -0.0206305616247101   0.0256031533480411   0
0.0218214103335797   0.0584085441710954   -0.00389225837310661   0.0157684227142679   0
0.0275614989706036   0.0607329349667443   0.00574008863702382   0.00232439079564892   0
0.0526349098505478   0.0588323775470319   0.0250734108799443   -0.00190055741971244   0
0.0726740767405681   0.0638295491150351   0.0200391668900202   0.00499717156800324   0
0.0720977567987791   0.0691006624793731   -0.000576319941788972   0.00527111336433796   0
0.0739241383614167   0.0750774204110695   0.00182638156263761   0.00597675793169636   0
0.0715862071103899   0.0576317197019631   -0.00233793125102677   -0.0174457007091064   0
0.07830845098164   0.0534735391923481   0.00672224387125002   -0.00415818050961497   0
0.0778873865229072   0.0761115015326617   -0.000421064458732759   0.0226379623403136   0
0.0614120082334123   0.0716784435502241   -0.0164753782894948   -0.00443305798243768   0
0.0932963331086658   0.0634355503554335   0.0318843248752534   -0.00824289319479055   0
0.115236213882199   0.0727047061178983   0.0219398807735327   0.00926915576246476   0
0.122855029085459   0.102790411154014   0.00761881520326035   0.0300857050361154   0
0.123621627924791   0.100149967640837   0.000766598839332402   -0.00264044351317654   0
0.135464729823407   0.109830565632216   0.0118431018986161   0.00968059799137885   0
0.136097168627892   0.111566424901084   0.000632438804484936   0.00173585926886777   0
0.134309485798617   0.106743000747862   -0.00178768282927536   -0.00482342415322198   0
0.119171978672376   0.0967503943138452   -0.0151375071262414   -0.00999260643401653   0
0.124285748459885   0.100894338756876   0.00511376978750956   0.00414394444303122   0
0.1373421346885   0.104898637032526   0.0130563862286148   0.00400429827564927   0
0.132566295253062   0.107285825894526   -0.00477583943543797   0.00238718886200034   0
0.114839797915276   0.101108174770421   -0.0177264973377858   -0.00617765112410469   0
0.146220401081554   0.116259558176252   0.0313806031662782   0.0151513834058309   0
0.133142288324959   0.114701269351097   -0.0130781127565953   -0.00155828882515556   0
0.125156587478991   0.103707141886788   -0.00798570084596825   -0.0109941274643088   0
0.144412826203533   0.105624554858222   0.0192562387245422   0.00191741297143362   0
0.187589315328231   0.116071496895824   0.0431764891246984   0.0104469420376029   0
0.192397544611139   0.119852374208115   0.00480822928290783   0.00378087731229076   0
0.183676291938754   0.109708041285728   -0.00872125267238566   -0.0101443329223874   0
0.223179719018926   0.120695736502201   0.0395034270801723   0.0109876952164736   0
0.207483152805758   0.123127443113781   -0.0156965662131677   0.00243170661157932   0
0.172064754537755   0.111054049507608   -0.0354183982680027   -0.0120733936061724   0
0.217429171542502   0.118342359600063   0.0453644170047461   0.00728831009245426   0
0.245589184995752   0.134002792615213   0.0281600134532508   0.0156604330151506   0
0.238268311078408   0.134353565777269   -0.0073208739173444   0.000350773162056062   0
0.22374487386917   0.133144606500014   -0.0145234372092385   -0.00120895927725498   0
0.21497039448825   0.130443867314173   -0.00877447938091946   -0.00270073918584174   0
0.237172183264529   0.13530116569196   0.0222017887762787   0.0048572983777872   0
0.246128227904887   0.138458559331698   0.00895604464035857   0.0031573936397381   0
0.272861056916799   0.142682246321118   0.0267328290119113   0.0042236869894203   0
0.280375249590847   0.157415340946597   0.00751419267404846   0.0147330946254787   0
0.302153041378514   0.158962706154049   0.0217777917876664   0.0015473652074518   0
0.322203428269294   0.179478608853099   0.02005038689078   0.0205159026990506   0
0.298866018458633   0.161164777380376   -0.023337409810661   -0.0183138314727235   0
0.293908249619116   0.165182444279118   -0.00495776883951654   0.00401766689874267   0
0.29554257684181   0.171927278220028   0.00163432722269424   0.00674483394090977   0
0.309020306081535   0.170178916912556   0.0134777292397251   -0.00174836130747197   0
0.314634300788137   0.173363408004553   0.00561399470660151   0.00318449109199656   0
0.328431347931509   0.190199498005077   0.0137970471433725   0.0168360900005246   0
0.325716382122427   0.190490942572576   -0.00271496580908243   0.000291444567498161   0
0.337246269498852   0.204433176238376   0.0115298873764249   0.0139422336658004   0
0.326768330712103   0.197529672199852   -0.0104779387867484   -0.00690350403852413   0
0.314475644057181   0.155307637669648   -0.0122926866549225   -0.0422220345302037   0
0.347047853586472   0.153590175664068   0.0325722095292911   -0.00171746200558051   0
0.322391817716337   0.140733889461427   -0.0246560358701354   -0.0128562862026408   0
0.344744284519024   0.1995818533834   0.0223524668026875   0.0588479639219736   0
0.350850795635873   0.192700574096006   0.00610651111684868   -0.00688127928739465   0
0.390769110529203   0.196457524971774   0.0399183148933303   0.00375695087576783   0
