0   0   0   0   0
0.0811447671444558   0.0321285757391817   0.0811447671444558   0.0321285757391817   0
0.0209493287373894   0.0255717855836281   -0.0601954384070664   -0.00655679015555358   0
0.0955796730898289   0.0553563395470836   0.0746303443524395   0.0297845539634555   0
0.0605715165962241   0.0422235471223828   -0.0350081564936048   -0.0131327924247008   0
0.0608676209605888   0.0388108695798297   0.000296104364364745   -0.00341267754255305   0
0.0806380491822131   0.0564732784539231   0.0197704282216243   0.0176624088740933   0
0.0322009263470014   0.0355698216250647   -0.0484371228352117   -0.0209034568288583   0
0.0951889712223647   0.0525295819046127   0.0629880448753633   0.0169597602795479   0
0.0669464137511461   0.0540510162844928   -0.0282425574712186   0.00152143437988009   0
0.0528033588910625   0.0296372068484669   -0.0141430548600836   -0.0244138094360259   0
0.078707215877772   0.0433422469390379   0.0259038569867096   0.013705040090571   0
0.0593899121308874   0.0525677842899006   -0.0193173037468847   0.00922553735086277   0
0.121961167620952   0.0584189420780463   0.0625712554900648   0.00585115778814568   0
0.0222660958527706   0.0423370297659297   -0.0996950717681815   -0.0160819123121166   0
0.075820861904769   0.0660807570763633   0.0535547660519984   0.0237437273104336   0
0.0968788226415961   0.0757969675319873   0.0210579607368271   0.009716210455624   0
0.0440151724620052   0.0314512036144239   -0.0528636501795908   -0.0443457639175634   0
0.124886175612572   0.099579805458638   0.0808710031505672   0.0681286018442141   0
0.0415011996142023   0.0486826923713521   -0.0833849759983701   -0.0508971130872858   0
0.0621490784302557   0.0332633242650868   0.0206478788160533   -0.0154193681062653   0
0.044503203985339   0.0374043569508301   -0.0176458744449167   0.00414103268574329   0
0.0553131356620466   0.0405709774533118   0.0108099316767076   0.00316662050248161   0
0.104946733501462   0.0387371106750711   0.0496335978394155   -0.00183386677824064   0
0.0384486332431952   0.0353722721716857   -0.0664981002582669   -0.00336483850338543   0
0.106767028782955   0.0322281412471058   0.0683183955397594   -0.00314413092457985   0
0.0661051232335212   0.0370510205135755   -0.0406619055494334   0.00482287926646971   0
0.0547969059243785   0.0506192256789207   -0.0113082173091427   0.0135682051653451   0
0.0850640260750793   0.0591142864291573   0.0302671201507008   0.00849506075023666   0
0.033757648377576   0.0388920841583679   -0.0513063776975033   -0.0202222022707894   0
0.100390303935681   0.0629551372878353   0.066632655558105   0.0240630531294674   0
0.0155417433432689   0.044568181339933   -0.0848485605924121   -0.0183869559479023   0
0.103028375352175   0.0566670933284758   0.0874866320089059   0.0120989119885428   0
0.0347530275213902   0.0297650795194301   -0.0682753478307846   -0.0269020138090458   0
0.085075419139694   0.0802212583013654   0.0503223916183038   0.0504561787819353   0
0.0182961862803949   0.0721761079201354   -0.0667792328592991   -0.00804515038122998   0
0.0564388441795577   0.0614359164569287   0.0381426578991628   -0.0107401914632067   0
0.0625178535020001   0.0647089223359602   0.0060790093224424   0.00327300587903148   0
0.0157478618799701   0.0577930718426484   -0.04676999162203   -0.00691585049331181   0
0.0723265698306633   0.0799755384204882   0.0565787079506931   0.0221824665778398   0
0.0289507948733022   0.0564059424557615   -0.043375774957361   -0.0235695959647267   0
0.0561593356097518   0.0595894898861376   0.0272085407364496   0.00318354743037611   0
0.0746343987793742   0.0820017145371462   0.0184750631696224   0.0224122246510086   0
0.0347436481835212   0.0568802372690517   -0.039890750595853   -0.0251214772680946   0
0.0971049917086756   0.080163683936174   0.0623613435251544   0.0232834466671223   0
0.0445751928179888   0.0497708812639068   -0.0525297988906868   -0.0303928026722672   0
0.10990019808784   0.0705029119191996   0.0653250052698511   0.0207320306552928   0
0.0438644325809336   0.0626665914445604   -0.0660357655069063   -0.00783632047463925   0
0.0817101905556677   0.0606322319824177   0.0378457579747341   -0.00203435946214269   0
0.0944157505347727   0.0825675235488837   0.012705559979105   0.021935291566466   0
0.052504052316818   0.0435326504882526   -0.0419116982179547   -0.039034873060631   0
0.0876714492655883   0.0729045840254355   0.0351673969487703   0.0293719335371829   0
0.0561118817551674   0.0306991728135593   -0.0315595675104208   -0.0422054112118762   0
0.152556830316716   0.0131643774564506   0.096444948561549   -0.0175347953571086   0
0.0635209706583838   0.034634305470316   -0.0890358596583327   0.0214699280138653   0
0.0528197929483492   0.0392007452821447   -0.0107011777100345   0.00456643981182869   0
0.0132509734015509   0.0216901291975221   -0.0395688195467984   -0.0175106160846225   0
0.0762566341426349   0.0337486419796545   0.0630056607410841   0.0120585127821324   0
0.0237295668263737   0.0133922299109607   -0.0525270673162612   -0.0203564120686938   0
0.0919278833158887   0.0305015826662993   0.068198316489515   0.0171093527553386   0
0.0607244781854163   0.0247921949831493   -0.0312034051304724   -0.00570938768315006   0
0.104037542110178   0.0344719228967926   0.0433130639247612   0.00967972791364332   0
0.0464316820841224   0.0238444091062994   -0.0576058600260551   -0.0106275137904932   0
0.0966076594609864   0.0324730124513951   0.050175977376864   0.00862860334509571   0
0.0726938389314119   0.0351697781810997   -0.0239138205295746   0.00269676572970454   0
0.0598438881869372   0.0252141581779386   -0.0128499507444747   -0.00995562000316105   0
0.0658981254161225   0.0433846907220019   0.00605423722918529   0.0181705325440633   0
0.0272759303701519   0.0280095729211971   -0.0386221950459705   -0.0153751178008049   0
0.0833440162522237   0.0365034474246288   0.0560680858820717   0.00849387450343169   0
0.0354556843694138   0.0131869305368455   -0.0478883318828099   -0.0233165168877832   0
0.0537021398250272   0.0142478625599483   0.0182464554556134   0.00106093202310282   0
0.048776732013678   0.0103190532468776   -0.00492540781134918   -0.00392880931307077   0
0.043422574174583   0.0398200034297859   -0.005354157839095   0.0295009501829083   0
