0   0   0   0   0
0.094760352998724   0.222880922857615   0.094760352998724   0.222880922857615   0
0.336322154366122   0.218024493900231   0.241561801367398   -0.00485642895738408   0
0.465868925590738   0.406790347998958   0.129546771224617   0.188765854098727   0
0.794939810180025   0.788307235964991   0.329070884589287   0.381516887966033   0
0.860572417580818   0.722408622314741   0.0656326074007928   -0.0658986136502498   0
0.806048984483595   0.677806710185152   -0.0545234330972226   -0.044601912129589   0
0.517973510059361   0.466958450779426   -0.288075474424235   -0.210848259405727   0
0.524493891455573   0.468516994289029   0.00652038139621269   0.00155854350960294   0
0.553487858060697   0.505231387982284   0.0289939666051235   0.0367143936932559   0
0.866723547063956   0.903536358865388   0.313235689003259   0.398304970883103   0
1.00334655114936   1.07379989776247   0.136623004085402   0.170263538897083   0
0.918573322625386   1.15161832782338   -0.0847732285239717   0.0778184300609119   0
0.888839106369259   1.08063597041537   -0.0297342162561268   -0.0709823574080124   0
0.952852551870392   1.13467333106134   0.064013445501133   0.0540373606459676   0
1.32594363455894   1.37716870759186   0.373091082688552   0.242495376530522   0
1.13290564547593   1.28937094223316   -0.193037989083014   -0.0877977653587012   0
1.02374279966289   1.14843422922892   -0.109162845813045   -0.140936713004237   0
0.866526356719705   1.10441238136573   -0.157216442943181   -0.0440218478631964   0
0.833655774457408   1.13320993504095   -0.0328705822622966   0.0287975536752247   0
0.886178746425085   1.05342886408565   0.0525229719676765   -0.0797810709553037   0
0.752321397844855   1.11710830701451   -0.13385734858023   0.0636794429288641   0
0.723688673717701   1.16383414817237   -0.0286327241271546   0.0467258411578568   0
0.727096415929788   1.21761492044766   0.00340774221208795   0.0537807722752945   0
0.768561414587373   1.26115171087366   0.0414649986575849   0.0435367904260027   0
0.594461189241222   1.17419349935906   -0.174100225346152   -0.0869582115146001   0
0.378154320020088   1.03632660762677   -0.216306869221133   -0.137866891732296   0
0.20638844114347   1.07484290268889   -0.171765878876619   0.0385162950621225   0
0.2132407169966   1.13733486648294   0.00685227585313081   0.0624919637940444   0
0.226649408471276   1.04528280196589   0.0134086914746759   -0.0920520645170424   0
0.390840891247716   1.14224121875381   0.16419148277644   0.0969584167879174   0
0.5285381839267   1.14107261792763   0.137697292678983   -0.0011686008261782   0
0.459104087017381   1.19705965837512   -0.069434096909319   0.0559870404474903   0
0.419299315464188   1.23397226275949   -0.0398047715531924   0.0369126043843708   0
0.211585572260087   1.01140269739709   -0.207713743204102   -0.222569565362408   0
0.315621279076697   1.08335531357319   0.10403570681661   0.0719526161761044   0
0.488496955684726   1.32949889406538   0.17287567660803   0.246143580492193   0
0.452661945522951   1.28792383318184   -0.0358350101617751   -0.0415750608835386   0
0.340630294884403   1.01959276195659   -0.112031650638548   -0.268331071225257   0
0.296050637847441   0.966873622418704   -0.0445796570369617   -0.0527191395378837   0
0.316795151856533   1.08276937577293   0.0207445140090918   0.115895753354224   0
0.760929500960233   1.46424680493248   0.4441343491037   0.381477429159551   0
0.829160943260517   1.4806982090885   0.0682314423002842   0.0164514041560202   0
0.98687084379576   1.49509670404743   0.157709900535242   0.0143984949589266   0
1.01063589839888   1.66094697057215   0.0237650546031174   0.165850266524728   0
1.12622127961958   1.66181181543613   0.115585381220705   0.000864844863979863   0
1.03973451025531   1.62929028335988   -0.0864867693642757   -0.0325215320762557   0
0.96312514950122   1.44439742578101   -0.0766093607540862   -0.184892857578871   0
1.16894232711119   1.58419872252525   0.205817177609966   0.139801296744241   0
1.06910996403945   1.41264929693648   -0.0998323630717373   -0.171549425588766   0
1.29759419059614   1.52854431679167   0.228484226556694   0.115895019855186   0
1.77117689774294   1.83348596100003   0.473582707146801   0.304941644208364   0
1.62053829447827   1.80859378739584   -0.150638603264678   -0.0248921736041916   0
1.56750770051621   1.81438892826918   -0.053030593962057   0.00579514087333832   0
1.48171152977067   1.69947147774519   -0.0857961707455412   -0.114917450523992   0
1.38169971583934   1.83518119036908   -0.100011813931326   0.135709712623887   0
1.3798210870769   1.92894619113867   -0.00187862876243972   0.093765000769592   0
1.33780314700252   1.9601919409786   -0.0420179400743856   0.0312457498399321   0
1.26616193118454   1.92660599334201   -0.071641215817978   -0.0335859476365872   0
1.24369662348657   1.93701650954026   -0.022465307697966   0.0104105161982433   0
1.35288381216321   2.01953101154706   0.109187188676639   0.0825145020067999   0
1.41134133342914   2.08002200809267   0.058457521265932   0.060490996545612   0
1.20006647087742   1.9135142075704   -0.211274862551721   -0.166507800522268   0
1.16785578394723   1.93758356276286   -0.032210686930189   0.0240693551924616   0
1.13087010257449   1.89169936932048   -0.0369856813727469   -0.0458841934423784   0
0.922589477879745   1.81777309672779   -0.208280624694741   -0.0739262725926952   0
0.675700350393511   1.70571363438931   -0.246889127486234   -0.112059462338481   0
0.790825016221704   1.78009711851571   0.115124665828193   0.0743834841264073   0
0.883047623782289   1.81938830204726   0.0922226075605854   0.0392911835315501   0
0.86306335095955   1.81089256677129   -0.0199842728227386   -0.00849573527597203   0
0.61353925593838   1.54465943288678   -0.249524095021171   -0.266233133884513   0
0.65679993715708   1.22132446935024   0.0432606812186999   -0.323334963536542   0
0.692208121255447   0.789274304782029   0.0354081840983672   -0.432050164568208   0
0.508700782526602   0.670804545511128   -0.183507338728845   -0.118469759270901   0
0.539181541337748   0.656235806660566   0.0304807588111453   -0.0145687388505621   0
0.494903663074883   0.571562904667915   -0.0442778782628651   -0.0846729019926509   0
