7.1054274e-15   0   0   0   0
0.131782519234979   0.20650229985415   0.131782519234972   0.20650229985415   0
0.127904073507409   0.130696826687749   -0.00387844572757046   -0.075805473166401   0
0.111807356862096   0.238937882020011   -0.0160967166453129   0.108241055332262   0
0.206899145871935   0.253050046017095   0.0950917890098391   0.0141121639970834   0
0.307549260248319   0.246021268197012   0.100650114376384   -0.0070287778200821   0
0.33191562510164   0.342627041822353   0.0243663648533206   0.0966057736253401   0
0.425428981911705   0.280899724584123   0.0935133568100654   -0.0617273172382296   0
0.355846835083441   0.141906135898224   -0.0695821468282641   -0.138993588685899   0
0.287308560547139   0.261548674327055   -0.0685382745363027   0.11964253842883   0
0.304920231782077   0.467655155783297   0.017611671234938   0.206106481456242   0
0.387626961152959   0.3738707083428   0.0827067293708827   -0.0937844474404962   0
0.338161084404558   0.199636582927377   -0.0494658767484017   -0.174234125415423   0
0.424342710356472   0.24210295428207   0.0861816259519143   0.0424663713546929   0
0.530769535927763   0.3313694753597   0.106426825571292   0.0892665210776298   0
0.558985355217389   0.430857608661858   0.0282158192896255   0.0994881333021579   0
0.660622873851925   0.479585060222943   0.101637518634536   0.0487274515610855   0
0.656328960834942   0.522301814220575   -0.00429391301698301   0.0427167539976323   0
0.640286260675726   0.554950561693748   -0.0160427001592159   0.0326487474731731   0
0.687076504467045   0.611508352321639   0.046790243791319   0.0565577906278905   0
0.696272682904155   0.565668781835045   0.0091961784371104   -0.0458395704865944   0
0.671628318559562   0.536048436048294   -0.0246443643445934   -0.0296203457867508   0
0.577178185651129   0.446883990249039   -0.0944501329084328   -0.0891644457992544   0
0.645304355310955   0.493265759768406   0.0681261696598258   0.0463817695193668   0
0.597991172861056   0.530549405485496   -0.0473131824498981   0.0372836457170893   0
0.609219870982   0.494193774665878   0.0112286981209438   -0.0363556308196175   0
0.581087128436107   0.432379556585057   -0.028132742545893   -0.0618142180808207   0
0.653494726975478   0.503090444057477   0.0724075985393703   0.07071088747242   0
0.817262922279877   0.648044646274934   0.1637681953044   0.144954202217456   0
0.942649382410096   0.908420826449493   0.125386460130219   0.26037618017456   0
1.0220686399488   0.988448622686739   0.0794192575387043   0.080027796237246   0
1.04837032565795   0.982599667652477   0.0263016857091496   -0.00584895503426275   0
0.926182479732836   0.917924723710499   -0.122187845925115   -0.0646749439419776   0
0.996378955249866   1.01129523971986   0.0701964755170302   0.0933705160093604   0
1.03296620417824   1.04061354965814   0.0365872489283731   0.0293183099382781   0
1.12238831883478   1.10148704195142   0.0894221146565397   0.060873492293281   0
1.21059046126804   1.19996413868277   0.0882021424332644   0.0984770967313535   0
0.988426013984063   1.02168150599103   -0.22216444728398   -0.178282632691738   0
1.08291324799225   1.14370447528402   0.0944872340081844   0.122022969292989   0
1.20725097638226   1.27938020921388   0.124337728390016   0.135675733929862   0
1.21107529442026   1.29517608265439   0.00382431803799954   0.015795873440501   0
1.10849729058313   1.30835113848442   -0.102578003837137   0.0131750558300352   0
1.10345979151909   1.32798435566668   -0.00503749906403139   0.0196332171822624   0
1.04338665556433   1.3666797019621   -0.0600731359547644   0.0386953462954214   0
0.922527668145719   1.35862205473929   -0.12085898741861   -0.00805764722281177   0
1.04466786874334   1.42512523546434   0.122140200597623   0.0665031807250442   0
1.14351705485147   1.52746645452887   0.098849186108128   0.102341219064536   0
1.22763620824581   1.55312168453348   0.0841191533943382   0.0256552300046038   0
1.25158351921242   1.53095929429174   0.0239473109666073   -0.0221623902417349   0
1.05706166896829   1.50203229048453   -0.194521850244128   -0.0289270038072083   0
1.16445152856948   1.52442733431506   0.107389859601193   0.0223950438305311   0
1.05518893597219   1.47182293816309   -0.109262592597288   -0.0526043961519773   0
1.10478155340461   1.52387633714544   0.0495926174324182   0.0520533989823482   0
0.989743117487474   1.36091582546124   -0.115038435917138   -0.162960511684196   0
1.0105324919134   1.44544602662962   0.0207893744259253   0.0845302011683762   0
1.07072846835097   1.4973270134658   0.0601959764375672   0.0518809868361823   0
1.09317182684419   1.51435901379324   0.0224433584932258   0.0170320003274436   0
1.14581239824198   1.54736031729993   0.0526405713977869   0.0330013035066918   0
1.13999617873201   1.58525313711138   -0.0058162195099718   0.0378928198114485   0
1.07590743984745   1.58875229413109   -0.064088738884555   0.0034991570197096   0
1.17562317273891   1.57944453150161   0.0997157328914551   -0.0093077626294773   0
1.23402874940178   1.6281312263846   0.058405576662877   0.0486866948829863   0
1.44939846668811   1.92193644655248   0.215369717286329   0.293805220167875   0
1.35420028806403   1.78368184065592   -0.095198178624087   -0.138254605896555   0
1.32402417623298   1.74274275451415   -0.030176111831044   -0.0409390861417731   0
1.3412779681229   1.75364543946373   0.0172537918899147   0.0109026849495837   0
1.43157800333072   1.84980448394678   0.0903000352078196   0.0961590444830505   0
1.40434125855477   1.837698866428   -0.0272367447759452   -0.0121056175187817   0
1.51889695967697   1.88094691313679   0.114555701122202   0.0432480467087866   0
1.48680129537693   1.88005199033504   -0.0320956643000432   -0.000894922801742748   0
1.52164113016551   1.911960161391   0.0348398347885761   0.0319081710559594   0
1.3488348162721   1.93013019150668   -0.172806313893411   0.0181700301156726   0
1.41436421797226   1.86265287761734   0.065529401700164   -0.0674773138893336   0
1.28150766217913   1.53905935180408   -0.132856555793135   -0.323593525813265   0
1.03130689955425   1.19511812460283   -0.250200762624879   -0.343941227201248   0
0.778193754230143   0.804011088043641   -0.253113145324103   -0.39110703655919   0
0.599976838405014   0.697354247548076   -0.178216915825129   -0.106656840495565   0
