0   0   0   0   0
0.0653318046318181   0.0487297451620525   0.0653318046318181   0.0487297451620525   0
0.0449700423172808   0.0463700734082511   -0.0203617623145373   -0.00235967175380148   0
0.0727048369597481   0.0416398503314422   0.0277347946424673   -0.00473022307680884   0
0.123515537284904   0.047553846812678   0.0508107003251562   0.00591399648123576   0
0.0455827948751641   0.0396473213393867   -0.0779327424097402   -0.00790652547329125   0
0.0481353680014921   0.064545092133538   0.00255257312632802   0.0248977707941513   0
0.0729434161643475   0.11213602799527   0.0248080481628554   0.0475909358617324   0
0.0574293760838036   0.104645517421812   -0.0155140400805439   -0.00749051057345863   0
0.022863145262961   0.09707562040182   -0.0345662308208426   -0.00756989701999176   0
0.0557333152819063   0.0892019181329148   0.0328701700189453   -0.00787370226890519   0
0.0278896478362515   0.128855834471942   -0.0278436674456548   0.0396539163390267   0
0.0126418898915851   0.13620273227766   -0.0152477579446664   0.00734689780571846   0
0.0127875275048076   0.137450889685965   0.000145637613222498   0.0012481574083045   0
0.0289714309529532   0.137091731316446   0.0161839034481457   -0.000359158369518386   0
0.0861796277993046   0.168307691873033   0.0572081968463514   0.0312159605565866   0
0.0297188696539082   0.141828435257077   -0.0564607581453964   -0.0264792566159556   0
0.0440468865310553   0.138529203661262   0.014328016877147   -0.00329923159581549   0
0.0484228650885837   0.1631710298384   0.00437597855752843   0.0246418261771386   0
0.0746107481445491   0.180482065923491   0.0261878830559654   0.017311036085091   0
0.0869900940378981   0.201097424232705   0.012379345893349   0.0206153583092138   0
0.091316470075442   0.226922625303202   0.00432637603754385   0.0258252010704973   0
0.089319380541411   0.190891722493075   -0.00199708953403095   -0.0360309028101276   0
0.0987750561999421   0.197002503150872   0.0094556756585311   0.00611078065779749   0
0.0846936840907764   0.234109552846411   -0.0140813721091657   0.0371070496955393   0
0.122861202681518   0.265730035350893   0.0381675185907421   0.031620482504481   0
0.134046466519548   0.290368651933668   0.0111852638380294   0.0246386165827757   0
0.116557094305039   0.314569094527791   -0.0174893722145085   0.0242004425941227   0
0.135124256712443   0.334951571226753   0.0185671624074034   0.0203824766989622   0
0.112095129846484   0.338229879613592   -0.0230291268659587   0.00327830838683846   0
0.133276558546793   0.346756568375957   0.0211814287003089   0.00852668876236506   0
0.150345329626444   0.362072309995731   0.0170687710796514   0.0153157416197748   0
0.149055661258103   0.374580242064264   -0.00128966836834152   0.0125079320685327   0
0.129581930426554   0.341061427323325   -0.0194737308315492   -0.0335188147409397   0
0.136754288970812   0.357863050386165   0.00717235854425863   0.0168016230628406   0
0.137161507884503   0.35101406017826   0.000407218913690638   -0.00684899020790497   0
0.13306326002808   0.349102667275403   -0.00409824785642338   -0.00191139290285686   0
0.135157820726021   0.36526721455831   0.00209456069794159   0.0161645472829068   0
0.116186453958109   0.371373273628039   -0.0189713667679122   0.00610605906972878   0
0.128267008104259   0.352982597426515   0.0120805541461505   -0.0183906762015242   0
0.141148711929841   0.315999143691495   0.0128817038255819   -0.0369834537350201   0
0.143644705887171   0.319675538486485   0.00249599395732977   0.00367639479498999   0
0.173078463727028   0.297150439792342   0.0294337578398566   -0.0225250986941423   0
0.16646880423039   0.300985897917554   -0.00660965949663753   0.00383545812521224   0
0.147021214472875   0.276562362688135   -0.0194475897575148   -0.0244235352294191   0
0.146764164710243   0.23776605453881   -0.000257049762632633   -0.0387963081493258   0
0.144915397122442   0.23818651427115   -0.00184876758780098   0.000420459732340756   0
0.159728730009176   0.247376969003623   0.0148133328867342   0.0091904547324731   0
0.141560013801753   0.256089414362787   -0.0181687162074228   0.00871244535916327   0
0.156062486007595   0.25072812826569   0.0145024722058414   -0.00536128609709707   0
0.156915223931852   0.250935475850151   0.000852737924257052   0.000207347584461059   0
0.132244382570798   0.245378338262045   -0.0246708413610534   -0.00555713758810553   0
0.138135831238675   0.230715379341393   0.00589144866787641   -0.0146629589206518   0
0.135401734736002   0.25011348135214   -0.00273409650267289   0.019398102010747   0
0.153976072232803   0.287854145098966   0.0185743374968007   0.0377406637468252   0
0.179874084030062   0.252605891245703   0.0258980117972598   -0.0352482538532626   0
0.145961215325736   0.272963805084394   -0.0339128687043263   0.0203579138386908   0
0.192787822295401   0.303452237860345   0.0468266069696647   0.0304884327759515   0
0.175406084483877   0.335287862858301   -0.0173817378115234   0.0318356249979561   0
0.17142637741586   0.337047746362124   -0.00397970706801701   0.00175988350382267   0
0.157117053170248   0.359859811937931   -0.0143093242456122   0.0228120655758067   0
0.140752617633254   0.381899536097038   -0.0163644355369938   0.0220397241591077   0
0.14137305810249   0.371235795533117   0.000620440469235622   -0.0106637405639216   0
0.145356602812567   0.370160672016149   0.00398354471007667   -0.00107512351696731   0
0.134237948103729   0.383508324338568   -0.0111186547088372   0.013347652322418   0
0.126816285752576   0.373717541582154   -0.00742166235115321   -0.00979078275641321   0
0.135981333609249   0.384572731601221   0.00916504785667321   0.0108551900190669   0
0.118864781745151   0.370191708963735   -0.017116551864099   -0.0143810226374859   0
0.120854589633827   0.369934535170031   0.00198980788867612   -0.000257173793703991   0
0.102527143035793   0.364228257020432   -0.0183274465980335   -0.00570627814959906   0
0.252600203977274   0.365011121344178   0.15007306094148   0.000782864323746024   0
0.16416551962278   0.313450355616928   -0.0884346843544938   -0.0515607657272502   0
0.204163184738094   0.332592707250611   0.0399976651153147   0.0191423516336826   0
0.193631389500875   0.410009794655148   -0.0105317952372194   0.0774170874045369   0
0.159028188410845   0.415776758705398   -0.0346032010900303   0.00576696405025073   0
0.179866344159571   0.44220787408791   0.0208381557487265   0.0264311153825114   0
0.177833829922912   0.441721540193395   -0.00203251423665879   -0.000486333894514801   0
0.160612704278287   0.431087248703697   -0.0172211256446255   -0.010634291489698   0
0.207037050256117   0.443818786465847   0.0464243459778303   0.0127315377621503   0
0.195646596435877   0.416520787484617   -0.0113904538202402   -0.0272979989812299   0
