7.1054274e-15   0   0   0   0
0.0790365600101721   0.0479669765582905   0.079036560010165   0.0479669765582905   0
0.239477447450658   0.0767601296892292   0.160440887440486   0.0287931531309386   0
0.408001529122631   0.226583691099721   0.168524081671973   0.149823561410492   0
0.294580444014338   0.194886352227638   -0.113421085108293   -0.0316973388720824   0
0.238639673053342   0.139529113721691   -0.0559407709609964   -0.0553572385059473   0
0.208971181107936   0.177554881736633   -0.0296684919454053   0.038025768014942   0
0.20795623034259   0.163822736110221   -0.00101495076534608   -0.0137321456264124   0
0.165905764226598   0.151127946018531   -0.0420504661159919   -0.0126947900916899   0
0.16592844474522   0.154529751197047   2.26805186217538e-05   0.00340180517851574   0
0.140960100457129   0.142286573713217   -0.0249683442880916   -0.01224317748383   0
0.122341555130219   0.159641709350312   -0.0186185453269092   0.0173551356370952   0
0.100262450951816   0.146510771541089   -0.0220791041784035   -0.0131309378092226   0
0.0856903300197274   0.145718668125348   -0.0145721209320885   -0.000792103415740791   0
0.0969812376186884   0.142762526681779   0.011290907598961   -0.00295614144356915   0
0.101815607465614   0.140547983004615   0.00483436984692537   -0.00221454367716459   0
0.0823276658139344   0.158602002679482   -0.0194879416516793   0.0180540196748676   0
0.108913985288098   0.197898982877046   0.0265863194741639   0.0392969801975641   0
0.0897750099387933   0.197808891844869   -0.019138975349305   -9.0091032177525e-05   0
0.153462458369507   0.180018680160444   0.0636874484307135   -0.0177902116844245   0
0.102143561279234   0.232138561962541   -0.0513188970902727   0.0521198818020966   0
0.120980990260531   0.255380303915888   0.0188374289812964   0.0232417419533471   0
0.106932370617803   0.25037990132515   -0.0140486196427275   -0.00500040259073792   0
0.129531988505827   0.271834511172733   0.0225996178880238   0.0214546098475828   0
0.180476257473371   0.317210612746779   0.0509442689675445   0.0453761015740466   0
0.221197234125286   0.330013207692186   0.0407209766519146   0.0128025949454061   0
0.205331918286494   0.320682594723147   -0.015865315838792   -0.0093306129690387   0
0.219183851412143   0.362383883588617   0.0138519331256493   0.04170128886547   0
0.205077331357653   0.350113614382591   -0.0141065200544899   -0.0122702692060262   0
0.205825085038528   0.315921570521625   0.000747753680874791   -0.0341920438609656   0
0.236613801008782   0.365124414321115   0.0307887159702539   0.0492028437994901   0
0.222166128238386   0.34826984669796   -0.0144476727703958   -0.0168545676231556   0
0.248371622400969   0.326396484225603   0.0262054941625831   -0.021873362472357   0
0.197124188492781   0.357971836711058   -0.0512474339081886   0.0315753524854559   0
0.185590810590559   0.357736362691971   -0.0115333779022216   -0.000235474019087856   0
0.247622540324018   0.391341854429747   0.0620317297334583   0.0336054917377759   0
0.225700229607247   0.382190179219441   -0.0219223107167709   -0.00915167521030524   0
0.233018353316755   0.397508241537439   0.00731812370950849   0.0153180623179972   0
0.235622887480154   0.389410605146934   0.00260453416339865   -0.00809763639050443   0
0.26109761639759   0.420865847651493   0.0254747289174367   0.0314552425045593   0
0.294040161082147   0.430927033041229   0.0329425446845569   0.0100611853897354   0
0.268995672702052   0.408046958038995   -0.0250444883800949   -0.0228800750022337   0
0.27023136242728   0.410707224273827   0.00123568972522725   0.00266026623483201   0
0.287980476291238   0.403736954308792   0.0177491138639579   -0.00697026996503519   0
0.302741312679842   0.366683112168986   0.0147608363886045   -0.0370538421398063   0
0.267501598208611   0.398887032128881   -0.0352397144712309   0.0322039199598949   0
0.260460828885989   0.41004669635887   -0.00704076932262232   0.0111596642299893   0
0.284551333804876   0.445723581647915   0.0240905049188876   0.0356768852890447   0
0.271285983588569   0.426445103897522   -0.0132653502163073   -0.0192784777503926   0
0.293023535146101   0.441591213634199   0.0217375515575317   0.0151461097366773   0
0.340085830649069   0.477879820004371   0.0470622955029677   0.0362886063701719   0
0.315304089708189   0.465101197863958   -0.0247817409408799   -0.0127786221404135   0
0.350051812532592   0.484081765264204   0.0347477228244036   0.018980567400246   0
0.330484134394867   0.459719479739357   -0.0195676781377257   -0.024362285524847   0
0.326978319762183   0.464110669949429   -0.00350581463268312   0.00439119021007206   0
0.3593884114539   0.487179311400659   0.0324100916917166   0.0230686414512302   0
0.354795759724401   0.46397204115668   -0.00459265172949885   -0.0232072702439794   0
0.347693293172375   0.476528844435367   -0.00710246655202584   0.012556803278687   0
0.371409457909097   0.504721911924792   0.0237161647367221   0.028193067489425   0
0.38861348736474   0.493384835956237   0.0172040294556422   -0.0113370759685549   0
0.314808984951028   0.466332881418669   -0.0738045024137115   -0.0270519545375673   0
0.369378385694437   0.502193583481819   0.0545694007434088   0.0358607020631499   0
0.327069570205718   0.468920131623233   -0.0423088154887191   -0.0332734518585862   0
0.354088401169636   0.4953625486867   0.0270188309639179   0.0264424170634674   0
0.36652154507149   0.473350912942744   0.012433143901854   -0.0220116357439561   0
0.354989483866687   0.472561848244171   -0.011532061204803   -0.00078906469857376   0
0.38326460568214   0.471950367937287   0.0282751218154531   -0.000611480306883294   0
0.364661839065815   0.469323016413036   -0.0186027666163246   -0.0026273515242517   0
0.390588372005288   0.515093367254531   0.0259265329394723   0.0457703508414953   0
0.389751078253914   0.481088645554695   -0.000837293751373536   -0.0340047216998362   0
0.408250143555867   0.515901693998748   0.0184990653019526   0.0348130484440536   0
0.411518768412004   0.510879210338727   0.0032686248561376   -0.00502248366002078   0
0.394594922203767   0.51642539561621   -0.0169238462082375   0.00554618527748241   0
0.441399390235977   0.538781032012029   0.0468044680322107   0.0223556363958194   0
0.383398465587324   0.501936840024323   -0.0580009246486534   -0.0368441919877061   0
0.385071271909221   0.446173977096277   0.00167280632189659   -0.0557628629280458   0
0.451350480666116   0.518360889122779   0.0662792087568954   0.0721869120265013   0
0.344016552033382   0.505355807623354   -0.107333928632734   -0.0130050814994246   0
