7.1054274e-15   0   0   0   0
0.0454138832071306   0.0334114935342852   0.0454138832071235   0.0334114935342852   0
0.03121314605684   0.0209507620448224   -0.0142007371502906   -0.0124607314894628   0
0.0436178640733507   0.0247821425249671   0.0124047180165107   0.00383138048014467   0
0.036725549560795   0.0241330540817608   -0.00689231451255572   -0.000649088443206238   0
0.0501743454659708   0.0377694503125228   0.0134487959051758   0.013636396230762   0
0.0303826253959575   0.0275233502622254   -0.0197917200700133   -0.0102461000502975   0
0.0517453503423195   0.0264397042943511   0.021362724946362   -0.00108364596787421   0
0.0429081222789363   0.0384385097382155   -0.0088372280633832   0.0119988054438644   0
0.0457677223861111   0.0216639506632327   0.00285960010717473   -0.0167745590749828   0
0.080961382928979   0.0634830649654168   0.0351936605428679   0.0418191143021841   0
0.0342006815153996   0.0283189985716012   -0.0467607014135793   -0.0351640663938156   0
0.0353985806639144   0.0499112829649929   0.00119789914851475   0.0215922843933917   0
0.044727845921673   0.0313501257541213   0.00932926525775868   -0.0185611572108717   0
0.0355905313560963   0.0612895975456491   -0.00913731456557675   0.0299394717915278   0
0.0373146560084142   0.0323148155155485   0.00172412465231792   -0.0289747820301005   0
0.0872967630965004   0.0538013345500985   0.0499821070880862   0.02148651903455   0
0.107031966704497   0.0473888267555264   0.0197352036079965   -0.00641250779457214   0
0.0812397331204615   0.042168148625997   -0.0257922335840354   -0.00522067812952944   0
0.0861173135178871   0.0560313450639441   0.00487758039742565   0.0138631964379471   0
0.0780488688285125   0.0551225098022863   -0.00806844468937459   -0.000908835261657803   0
0.0763892934499696   0.0591040887773034   -0.00165957537854296   0.00398157897501715   0
0.0825231454719249   0.0760983818989639   0.00613385202195536   0.0169942931216605   0
0.0832303127542226   0.0813794780272285   0.000707167282297624   0.00528109612826459   0
0.0701340614478353   0.0802263136927316   -0.0130962513063873   -0.00115316433449691   0
0.081988007247548   0.0890387688450873   0.0118539457997127   0.00881245515235572   0
0.0832329848507191   0.0879615260775612   0.00124497760317113   -0.00107724276752613   0
0.0950327872505912   0.0905529885489429   0.011799802399872   0.00259146247138167   0
0.0965468405912631   0.0853094099369344   0.00151405334067191   -0.00524357861200847   0
0.109345828687063   0.0932721368113748   0.0127989880958002   0.00796272687444037   0
0.103009144506141   0.0920058780018605   -0.00633668418092213   -0.00126625880951424   0
0.105674007719471   0.096127732679557   0.00266486321332964   0.0041218546776965   0
0.123908033654385   0.0973367497231353   0.0182340259349147   0.00120901704357826   0
0.140082548480698   0.0936471618056616   0.0161745148263126   -0.00368958791747366   0
0.129083463930283   0.0911620180264321   -0.0109990845504149   -0.00248514377922956   0
0.133698475273287   0.0904229319970122   0.00461501134300377   -0.000739086029419883   0
0.140038666457128   0.106493166297267   0.00634019118384077   0.0160702343002548   0
0.128302951612776   0.106366776788959   -0.0117357148443515   -0.000126389508308358   0
0.141907505263564   0.125382659442324   0.0136045536507881   0.0190158826533655   0
0.168791408700586   0.132717475389201   0.0268839034370214   0.00733481594687671   0
0.211670788514398   0.138464492800244   0.042879379813812   0.00574701741104294   0
0.204360006281022   0.127546168945849   -0.00731078223337547   -0.0109183238543952   0
0.205889687670595   0.123904064193562   0.00152968138957282   -0.00364210475228691   0
0.210647495323218   0.135459650987427   0.00475780765262301   0.0115555867938658   0
0.18636322327262   0.120597469646874   -0.0242842720505982   -0.0148621813405534   0
0.197453736128292   0.138609908181291   0.0110905128556719   0.0180124385344167   0
0.183792472766405   0.120264990389663   -0.0136612633618866   -0.0183449177916276   0
0.200656134611586   0.123919260308391   0.0168636618451811   0.00365426991872757   0
0.217106414761664   0.144596578071522   0.0164502801500773   0.0206773177631315   0
0.188127287327106   0.1149954503791   -0.028979127434558   -0.0296011276924227   0
0.222841497992662   0.137218059288488   0.0347142106655568   0.0222226089093883   0
0.202335583556033   0.120203093255906   -0.0205059144366294   -0.0170149660325822   0
0.208805943686127   0.126168924644905   0.00647036013009361   0.00596583138899925   0
0.212306327192583   0.12204495688409   0.00350038350645615   -0.00412396776081471   0
0.2847827221138   0.135916509057036   0.0724763949212169   0.0138715521729455   0
0.25699285372038   0.104978190038821   -0.0277898683934196   -0.0309383190182145   0
0.266065652974155   0.104567175430995   0.00907279925377497   -0.000411014607826277   0
0.232629564553655   0.0880105344948585   -0.0334360884205001   -0.0165566409361365   0
0.266256378853051   0.11204488383142   0.0336268142993962   0.0240343493365611   0
0.225227223792458   0.0529453099887254   -0.0410291550605937   -0.0590995738426942   0
0.255374173060142   0.0598808080846726   0.0301469492676847   0.00693549809594714   0
0.227160453469377   0.0534078075970888   -0.028213719590765   -0.00647300048758377   0
0.267139419659506   0.0610548458877933   0.0399789661901289   0.00764703829070452   0
0.256743143206818   0.0661015012130111   -0.0103962764526883   0.00504665532521774   0
0.270831959688078   0.0675295477519205   0.0140888164812597   0.00142804653890949   0
0.248584186765104   0.060778344388066   -0.0222477729229733   -0.00675120336385451   0
0.29169270240591   0.0795224069254855   0.0431085156408056   0.0187440625374194   0
0.325448265035185   0.0896896412131071   0.0337555626292754   0.0101672342876216   0
0.326548658713777   0.0867206183592047   0.00110039367859133   -0.00296902285390235   0
0.389335702066331   0.104217126968635   0.0627870433525545   0.0174965086094307   0
0.382083627168126   0.0810769702575339   -0.00725207489820545   -0.0231401567111016   0
0.436561251238677   0.13762683754692   0.0544776240705514   0.056549867289386   0
0.449535908079898   0.127618669377011   0.0129746568412207   -0.0100081681699087   0
0.469953666822573   0.151827578845559   0.0204177587426752   0.024208909468548   0
0.477209195307487   0.161670320190353   0.00725552848491412   0.0098427413447941   0
0.46653303005295   0.151110665694351   -0.0106761652545376   -0.0105596544960023   0
0.504470346408931   0.174391364582662   0.0379373163559815   0.0232806988883106   0
0.465076774733677   0.153913320771261   -0.0393935716752541   -0.0204780438114011   0
0.463179792541688   0.151196300236617   -0.00189698219198936   -0.00271702053464362   0
0.48722436892172   0.157169772973606   0.0240445763800321   0.00597347273698898   0
