7.1054274e-15   0   0   0   0
0.0561998548890601   0.0163275428229521   0.056199854889053   0.0163275428229521   0
0.0774720200055797   0.028430948160445   0.0212721651165196   0.0121034053374929   0
0.0945984423709657   0.0498705351401958   0.017126422365386   0.0214395869797507   0
0.0716862361616961   0.0368878962938173   -0.0229122062092696   -0.0129826388463785   0
0.065574223097151   0.0379227466609209   -0.0061120130645451   0.00103485036710364   0
0.0851486842123142   0.0516223602609082   0.0195744611151632   0.0136996135999872   0
0.173702204587855   0.0982531001982384   0.0885535203755412   0.0466307399373303   0
0.128146834238268   0.0892496883135688   -0.0455553703495878   -0.00900341188466969   0
0.169635702874927   0.0975561300621851   0.0414888686366596   0.00830644174861635   0
0.233682034546976   0.168351126617423   0.0640463316720492   0.0707949965552382   0
0.196592997513363   0.158354520370006   -0.0370890370336134   -0.00999660624741738   0
0.194645232508515   0.152463573568814   -0.00194776500484803   -0.00589094680119209   0
0.188231972557031   0.15625232740188   -0.0064132599514842   0.0037887538330659   0
0.212745204332813   0.149597729328456   0.0245132317757823   -0.00665459807342392   0
0.251351907715165   0.145399647174158   0.0386067033823519   -0.00419808215429812   0
0.232132851914323   0.16035144267646   -0.0192190558008417   0.0149517955023026   0
0.313218677800612   0.14806435365336   0.0810858258862888   -0.0122870890230999   0
0.215252934321267   0.138650871289728   -0.0979657434793454   -0.0094134823636326   0
0.225276731716818   0.139605606221836   0.0100237973955516   0.000954734932107959   0
0.288161111646929   0.127193147592343   0.0628843799301106   -0.0124124586294924   0
0.230969038511771   0.12016321275396   -0.057192073135158   -0.00702993483838323   0
0.244702733441375   0.124428607610001   0.0137336949296047   0.00426539485604124   0
0.2871890617002   0.145420492152181   0.0424863282588242   0.02099188454218   0
0.232240758024072   0.147609303232959   -0.0549483036761275   0.00218881108077731   0
0.294184956038895   0.149430947683167   0.0619441980148233   0.00182164445020833   0
0.133480125550354   0.0585340322009287   -0.160704830488542   -0.0908969154822383   0
0.182511360896437   0.040034815955734   0.049031235346083   -0.0184992162451947   0
0.25331447840019   0.144063484341842   0.070803117503753   0.104028668386108   0
0.346861655316794   0.171197755203615   0.0935471769166047   0.0271342708617726   0
0.272139222557709   0.160587758585653   -0.0747224327590854   -0.0106099966179617   0
0.340275712165627   0.168446812864548   0.0681364896079181   0.00785905427889497   0
0.323725679599829   0.173877420646679   -0.0165500325657979   0.00543060778213061   0
0.37471675536882   0.181137516591406   0.0509910757689906   0.00726009594472732   0
0.3502245406142   0.181681739299133   -0.0244922147546198   0.000544222707727582   0
0.30709074965396   0.179985833594965   -0.0431337909602404   -0.00169590570416844   0
0.342266560604279   0.178302523181532   0.0351758109503199   -0.001683310413433   0
0.202761547292278   0.11157708164853   -0.139505013312001   -0.0667254415330023   0
0.198670307102541   0.12378612719906   -0.00409124018973703   0.0122090455505305   0
0.220462091468909   0.134394510291507   0.0217917843663677   0.0106083830924468   0
0.218553027396789   0.14707820489772   -0.00190906407212021   0.0126836946062134   0
0.323163971184917   0.163429533012395   0.104610943788128   0.0163513281146743   0
0.297914291296433   0.1607281458505   -0.0252496798884841   -0.0027013871618948   0
0.275021253575871   0.174529616731589   -0.0228930377205621   0.0138014708810891   0
0.308661910820727   0.181160431629993   0.0336406572448558   0.00663081489840409   0
0.283359331588751   0.184679220828593   -0.0253025792319753   0.00351878919859955   0
0.311116117270423   0.194124425094147   0.0277567856816716   0.00944520426555431   0
0.277594109426249   0.186251106229452   -0.033522007844174   -0.00787331886469522   0
0.259691890477888   0.19141019658916   -0.0179022189483611   0.0051590903597086   0
0.32321227423616   0.214209687724746   0.0635203837582721   0.0227994911355859   0
0.262391868527548   0.21057479971338   -0.0608204057086119   -0.00363488801136591   0
0.242549685458971   0.209761342228334   -0.0198421830685774   -0.000813457485046659   0
0.260790199285353   0.201481330798806   0.0182405138263824   -0.00828001142952714   0
0.305815142914993   0.205595919384647   0.0450249436296401   0.00411458858584057   0
0.41708719227614   0.208554244853672   0.111272049361147   0.00295832546902527   0
0.324894751988182   0.187768559303218   -0.0921924402879581   -0.0207856855504546   0
0.258057623863363   0.182063701041482   -0.066837128124819   -0.00570485826173531   0
0.395948051961277   0.186406210436254   0.137890428097914   0.0043425093947719   0
0.291759308548834   0.184273192458503   -0.104188743412443   -0.00213301797775112   0
0.301119334923002   0.154265182554919   0.00936002637416783   -0.030008009903584   0
0.252170325151861   0.165348846131448   -0.0489490097711407   0.0110836635765292   0
0.4032718298939   0.197287627796564   0.151101504742038   0.0319387816651159   0
0.359943716890241   0.197157336046722   -0.0433281130036592   -0.000130291749842526   0
0.311485946866198   0.191637244841983   -0.0484577700240423   -0.00552009120473856   0
0.331252584218106   0.186537197043566   0.0197666373519078   -0.00510004779841705   0
0.317588351424135   0.175481311803101   -0.0136642327939712   -0.0110558852404652   0
0.345249378547435   0.194951273980167   0.0276610271233001   0.0194699621770658   0
0.359196532991817   0.205533709856834   0.0139471544443819   0.0105824358766671   0
0.30243798772765   0.199538973359749   -0.056758545264167   -0.00599473649708498   0
0.339904078562217   0.191960878603826   0.037466090834567   -0.00757809475592272   0
0.348913408739351   0.207765870227028   0.00900933017713446   0.0158049916232017   0
0.334605023270015   0.214028323156324   -0.0143083854693361   0.0062624529292965   0
0.3395102400613   0.200033178343387   0.00490521679128503   -0.0139951448129371   0
0.333631030285181   0.191420547301601   -0.00587920977611966   -0.00861263104178656   0
0.360046498424698   0.222633019200639   0.026415468139517   0.0312124718990388   0
0.319803625341812   0.195552223867033   -0.0402428730828855   -0.0270807953336068   0
0.348967595222607   0.224017493146671   0.0291639698807944   0.0284652692796382   0
0.426699101802029   0.19052426419548   0.0777315065794222   -0.0334932289511908   0
0.221995875691834   0.157379054004245   -0.204703226110194   -0.0331452101912348   0
