7.1054274e-15   0   0   0   0
0.119162804690243   0.0743352250730413   0.119162804690236   0.0743352250730413   0
0.0384208024633489   0.0117795060519799   -0.0807420022268941   -0.0625557190210614   0
0.129652283834673   0.0330868503814922   0.0912314813713245   0.0213073443295123   0
0.0731836721211161   0.0115882822087262   -0.0564686117135574   -0.0214985681727659   0
0.0524228657720518   0.00874757705530345   -0.0207608063490642   -0.00284070515342279   0
0.0445223712876076   0.00550492089512593   -0.00790049448444423   -0.00324265616017752   0
0.0352384240483286   0.00972093096983882   -0.00928394723927905   0.00421601007471289   0
0.0436811676765928   0.00835060008087803   0.00844274362826423   -0.00137033088896078   0
0.0466947165438839   0.0204445674412845   0.00301354886729108   0.0120939673604065   0
0.0297979355692677   0.0161470116140747   -0.0168967809746161   -0.00429755582720977   0
0.0427592597784271   0.0187741247566888   0.0129613242091594   0.00262711314261404   0
0.0644608718223498   0.0395298865999027   0.0217016120439226   0.0207557618432139   0
0.0111550519950249   0.0466685725964855   -0.0533058198273249   0.00713868599658286   0
0.0381511787037653   0.027078964907794   0.0269961267087405   -0.0195896076886915   0
0.0520072820735683   0.0635480003414652   0.013856103369803   0.0364690354336712   0
0.0992338805730794   0.072561197324791   0.0472265984995111   0.00901319698332587   0
0.108027055204541   0.0661350066502723   0.00879317463146131   -0.0064261906745187   0
0.101282029292755   0.0557993191584302   -0.00674502591178615   -0.0103356874918422   0
0.12133400527057   0.0654482452934806   0.020051975977815   0.00964892613505049   0
0.116518772455345   0.0587242273482913   -0.00481523281522503   -0.00672401794518939   0
0.0967404497423909   0.0419775448039892   -0.0197783227129536   -0.016746682544302   0
0.128018122971539   0.0681106274902586   0.0312776732291476   0.0261330826862693   0
0.144711661442586   0.0823772533328709   0.0166935384710477   0.0142666258426123   0
0.119667878166561   0.0727512138970964   -0.0250437832760249   -0.00962603943577454   0
0.15315561995277   0.0986450190053783   0.0334877417862087   0.0258938051082819   0
0.144267331956916   0.103830368240721   -0.00888828799585403   0.00518534923534252   0
0.139972244768218   0.115120947639168   -0.00429508718869759   0.011290579398447   0
0.176733812578402   0.135339706326972   0.036761567810184   0.020218758687804   0
0.130182983873912   0.109823825704238   -0.0465508287044908   -0.0255158806227341   0
0.212564427453886   0.0994394638896129   0.082381443579974   -0.0103843618146249   0
0.254741844876311   0.16587417341916   0.042177417422425   0.0664347095295468   0
0.130206906359187   0.121330948587472   -0.124534938517123   -0.0445432248316879   0
0.209546126568116   0.138881474781797   0.0793392202089287   0.0175505261943251   0
0.153126229356862   0.114498317732609   -0.0564198972112544   -0.0243831570491884   0
0.147460525235933   0.109697479554207   -0.0056657041209289   -0.00480083817840109   0
0.20405250590814   0.138637840154812   0.0565919806722071   0.0289403606006041   0
0.147013361866896   0.110985337840481   -0.0570391440412441   -0.0276525023143309   0
0.177646060599627   0.136100188699476   0.0306326987327309   0.025114850858995   0
0.187617893798711   0.134705416142075   0.00997183319908426   -0.00139477255740081   0
0.185108777852379   0.137686809573322   -0.00250911594633232   0.0029813934312469   0
0.146832886603241   0.143055951788252   -0.0382758912491378   0.00536914221493001   0
0.226564734783504   0.180055506367195   0.0797318481802627   0.0369995545789437   0
0.206213900633108   0.182177011544083   -0.0203508341503951   0.0021215051768875   0
0.164294799822101   0.151749956759809   -0.0419191008110078   -0.0304270547842743   0
0.246491173018296   0.18276600848654   0.0821963731961951   0.0310160517267316   0
0.205331650336459   0.195941601268297   -0.0411595226818368   0.0131755927817572   0
0.182969040862138   0.187170159608374   -0.0223626094743212   -0.00877144165992383   0
0.230015117314832   0.175516062678747   0.0470460764526946   -0.0116540969296265   0
0.211261024165358   0.15643727791633   -0.0187540931494739   -0.0190787847624172   0
0.207807704653335   0.144356114443709   -0.00345331951202338   -0.0120811634726206   0
0.230217401522643   0.155464141299209   0.0224096968693083   0.0111080268554994   0
0.248698766864819   0.163942625791806   0.0184813653421757   0.00847848449259725   0
0.264210901766428   0.178097588101363   0.0155121349016093   0.0141549623095569   0
0.237314742263565   0.172594083465629   -0.0268961595028636   -0.00550350463573385   0
0.309800291378684   0.19828168796726   0.0724855491151195   0.0256876045016311   0
0.0675582826998577   0.0570643410894292   -0.242242008678827   -0.141217346877831   0
0.0955699404501376   0.0218314977820431   0.0280116577502799   -0.0352328433073861   0
0.0771181872944169   0.0691902043415815   -0.0184517531557207   0.0473587065595384   0
0.0808858068200884   0.0372022224245684   0.00376761952567156   -0.0319879819170131   0
0.183284116207909   0.0910046830525729   0.10239830938782   0.0538024606280045   0
0.196491728862906   0.10803982108109   0.013207612654997   0.0170351380285174   0
0.145996366389993   0.0971643986675742   -0.050495362472913   -0.0108754224135162   0
