0   0   0   0   0
0.0481294327839503   0.0432886801081583   0.0481294327839503   0.0432886801081583   0
0.045726687062859   0.0420121067648049   -0.00240274572109129   -0.00127657334335347   0
0.0387609547230357   0.0565712212514697   -0.00696573233982331   0.0145591144866648   0
0.0481548985072973   0.0203619401041453   0.0093939437842616   -0.0362092811473244   0
0.0235959587706338   0.0552802938723364   -0.0245589397366635   0.0349183537681912   0
0.0826525166491307   0.0732448394121194   0.0590565578784969   0.017964545539783   0
0.0505467698353392   0.0348691893819352   -0.0321057468137915   -0.0383756500301842   0
0.0129680932322833   0.0632931853144434   -0.0375786766030559   0.0284239959325083   0
0.0426477565139211   0.0648702997904505   0.0296796632816377   0.00157711447600706   0
0.0770722530800973   0.0570177225446579   0.0344244965661762   -0.00785257724579265   0
0.0346412120797538   0.0577469967663027   -0.0424310410003434   0.000729274221644836   0
0.0413604662246418   0.0654239896628855   0.006719254144888   0.00767699289658284   0
0.0446983418577117   0.0667930472292336   0.00333787563306984   0.00136905756634803   0
0.0274815030543277   0.0684856295954701   -0.017216838803384   0.00169258236623651   0
0.0659225867850236   0.069105104601172   0.0384410837306958   0.000619475005701919   0
0.0649284781503847   0.0845947459001916   -0.000994108634638877   0.0154896412990196   0
0.063531176437351   0.0907535934772095   -0.00139730171303364   0.00615884757701793   0
0.0484759255523105   0.0870584667971265   -0.0150552508850405   -0.00369512668008298   0
0.0780361349964491   0.0648247248033743   0.0295602094441385   -0.0222337419937523   0
0.0926961083112839   0.0792814956653086   0.0146599733148349   0.0144567708619343   0
0.0691095708015949   0.0962073509065619   -0.023586537509689   0.0169258552412534   0
0.0861618687783163   0.0728633125305618   0.0170522979767214   -0.0233440383760001   0
0.104526748145772   0.0708713145480386   0.0183648793674558   -0.00199199798252317   0
0.0968100485361851   0.100987894926271   -0.00771669960958707   0.0301165803782319   0
0.0530697919787392   0.0951954337802146   -0.0437402565574459   -0.00579246114605599   0
0.0889989345251013   0.0813388377530763   0.0359291425463621   -0.0138565960271383   0
0.0936021156843372   0.0942992031483426   0.0046031811592359   0.0129603653952663   0
0.0937501282849   0.0806870317248571   0.000148012600562755   -0.0136121714234855   0
0.0522096115337465   0.0738096627315729   -0.0415405167511535   -0.00687736899328414   0
0.0982847923273834   0.0871115828763073   0.0460751807936369   0.0133019201447344   0
0.119711263212739   0.107007698820852   0.0214264708853553   0.0198961159445445   0
0.0645794743641393   0.0948502679634546   -0.0551317888485994   -0.0121574308573973   0
0.104850350915963   0.103395096158329   0.0402708765518239   0.00854482819487459   0
0.123398254544873   0.111602442203869   0.0185479036289099   0.00820734604554012   0
0.0845133335790216   0.0992533150901391   -0.0388849209658515   -0.0123491271137302   0
0.0900447096611723   0.0964274261763411   0.00553137608215072   -0.00282588891379791   0
0.154021941768923   0.110295916647259   0.0639772321077506   0.0138684904709181   0
0.0738532117259293   0.0574099366701539   -0.0801687300429935   -0.0528859799771054   0
0.108143384994562   0.0818931107534286   0.0342901732686327   0.0244831740832747   0
0.0441071301791837   0.061721120238761   -0.0640362548153784   -0.0201719905146676   0
0.0491160928129839   0.0557852452208192   0.00500896263380026   -0.00593587501794177   0
0.123756276875145   0.121633555923769   0.074640184062161   0.0658483107029494   0
0.0963226326077244   0.126597535247955   -0.0274336442674206   0.00496397932418631   0
0.110333165001049   0.138493844372915   0.0140105323933242   0.0118963091249603   0
0.163864889763587   0.169635014600965   0.0535317247625386   0.0311411702280495   0
0.109620686728789   0.130624639968838   -0.0542442030347985   -0.0390103746321271   0
0.10509792239685   0.150478817602069   -0.00452276433193854   0.0198541776332314   0
0.146095136563275   0.150451656268895   0.0409972141664252   -2.7161333174236e-05   0
0.0709736920177242   0.13920704911229   -0.075121444545551   -0.0112446071566052   0
0.0405438332961645   0.0971254542929414   -0.0304298587215598   -0.0420815948193482   0
0.141710383939365   0.112243900249397   0.101166550643201   0.0151184459564558   0
0.151989180403488   0.0946354498829528   0.0102787964641231   -0.0176084503664444   0
0.129176079219367   0.12027605008772   -0.022813101184121   0.0256406002047673   0
0.171210680139573   0.128076603053584   0.0420346009202061   0.00780055296586421   0
0.167009880363415   0.128723745229227   -0.00420079977615836   0.000647142175642684   0
0.140437913576643   0.126180882276602   -0.0265719667867714   -0.00254286295262485   0
0.166791908306426   0.153693915606584   0.0263539947297829   0.0275130333299821   0
0.22121307405094   0.150047173456158   0.0544211657445132   -0.00364674215042673   0
0.201283456555522   0.153432974718755   -0.0199296174954179   0.00338580126259788   0
0.176959383139703   0.160319919027924   -0.0243240734158189   0.00688694430916872   0
0.191940181685962   0.149285636317315   0.0149807985462589   -0.0110342827106089   0
0.180798616626153   0.10936096408455   -0.0111415650598082   -0.0399246722327657   0
0.177102233001758   0.106770100983607   -0.00369638362439514   -0.00259086310094236   0
0.164915206591056   0.119913182711361   -0.012187026410702   0.013143081727754   0
0.216189409197752   0.133632769188823   0.0512742026066953   0.0137195864774621   0
0.186299578133903   0.121059324613692   -0.0298898310638482   -0.0125734445751317   0
0.141581748206936   0.122132127065009   -0.0447178299269672   0.00107280245131695   0
0.0919854339636012   0.0974270291045162   -0.0495963142433351   -0.0247050979604924   0
0.135758011740034   0.121650501091389   0.0437725777764326   0.0242234719868729   0
0.113350822470284   0.133563158008612   -0.0224071892697497   0.0119126569172224   0
0.167422226782827   0.184498629696766   0.0540714043125433   0.0509354716881541   0
0.275549979991161   0.226757795098471   0.108127753208334   0.042259165401705   0
0.27739494538831   0.232110039775665   0.00184496539714907   0.00535224467719475   0
0.194332606774226   0.216792686687174   -0.0830623386140842   -0.0153173530884913   0
0.254908245947192   0.215251921794763   0.0605756391729659   -0.00154076489241156   0
0.175754498203384   0.188993240161214   -0.0791537477438083   -0.0262586816335483   0
