8.2531176e-15   8.1587265e-17   0   0   0
0.0517278435200909   0.0313686377956451   0.0517278435200827   0.031368637795645   0
0.0502921102029448   0.014597167682097   -0.00143573331714608   -0.0167714701135481   0
0.0372410624787986   0.00897583380488129   -0.0130510477241463   -0.0056213338772157   0
0.0524158357428618   0.0310149401823292   0.0151747732640633   0.0220391063774479   0
0.0487624483830777   0.0299523520046485   -0.00365338735978414   -0.00106258817768067   0
0.0431683909195929   0.0201421621475906   -0.00559405746348485   -0.00981018985705788   0
0.0458699357225674   0.0272041376585211   0.00270154480297453   0.00706197551093044   0
0.0473791127162808   0.0410181200947511   0.00150917699371346   0.01381398243623   0
0.0471414429960152   0.0572486376414223   -0.000237669720265628   0.0162305175466712   0
0.0447887825890053   0.0435979184709189   -0.00235266040700995   -0.0136507191705034   0
0.0665859945922595   0.0636421131219877   0.0217972120032543   0.0200441946510688   0
0.071933058514682   0.0856362690639836   0.00534706392242251   0.0219941559419959   0
0.0991861079978362   0.0673269468254504   0.0272530494831542   -0.0183093222385332   0
0.12436956490349   0.0690741481259332   0.0251834569056538   0.00174720130048285   0
0.137582343499283   0.0688781054091999   0.0132127785957928   -0.000196042716733305   0
0.168159428820711   0.0797761887248645   0.030577085321428   0.0108980833156646   0
0.108150656465317   0.090453393067325   -0.0600087723553943   0.0106772043424605   0
0.130182669352121   0.0822354412410374   0.0220320128868048   -0.00821795182628764   0
0.131621569068354   0.0797935985773073   0.00143889971623257   -0.00244184266373013   0
0.132231527775826   0.0894415214838844   0.000609958707471964   0.00964792290657711   0
0.118333288874987   0.0772120073289209   -0.0138982389008386   -0.0122295141549635   0
0.152594782526866   0.0690166176074554   0.0342614936518786   -0.00819538972146551   0
0.182139028916305   0.0799164140917463   0.0295442463894393   0.0108997964842909   0
0.175511835156577   0.0938255663113734   -0.00662719375972776   0.0139091522196271   0
0.171588653493295   0.0923081037656735   -0.00392318166328198   -0.00151746254569989   0
0.334651022988371   0.101201752497232   0.163062369495076   0.00889364873155843   0
0.231087276880787   0.152058675732642   -0.103563746107584   0.0508569232354104   0
0.248759487780063   0.169972543887552   0.0176722108992766   0.0179138681549095   0
0.2386708940716   0.175621829185995   -0.010088593708463   0.00564928529844352   0
0.291672456625161   0.189982867095569   0.0530015625535604   0.0143610379095737   0
0.264192487262871   0.172438856745126   -0.0274799693622894   -0.0175440103504425   0
0.291928953913838   0.174126618701457   0.0277364666509664   0.00168776195633061   0
0.315954984424835   0.19863662353473   0.0240260305109974   0.0245100048332728   0
0.28093852730219   0.202182545437156   -0.0350164571226448   0.00354592190242625   0
0.267274283408694   0.189280291057292   -0.013664243893496   -0.012902254379864   0
0.263824164774321   0.226858937492809   -0.00345011863437372   0.0375786464355164   0
0.270931587826351   0.202128961035992   0.00710742305202994   -0.0247299764568161   0
0.322396322742918   0.203577048574002   0.0514647349165676   0.00144808753800973   0
0.300705554367512   0.195478859055173   -0.0216907683754065   -0.00809818951882893   0
0.345872637635417   0.204468553428946   0.045167083267905   0.00898969437377251   0
0.39087790294456   0.212207918194246   0.0450052653091428   0.0077393647653004   0
0.389692831882822   0.216131297772406   -0.00118507106173793   0.00392337957816033   0
0.400687890141013   0.233043536729636   0.0109950582581915   0.0169122389572298   0
0.397482583656435   0.220714699991464   -0.00320530648457767   -0.0123288367381722   0
0.372127359287899   0.234256860983553   -0.0253552243685368   0.0135421609920892   0
0.395034239398766   0.213989829540982   0.0229068801108671   -0.020267031442571   0
0.293679172330462   0.201768720116632   -0.101355067068304   -0.0122211094243502   0
0.268332747720639   0.213288561562775   -0.0253464246098222   0.0115198414461428   0
0.298304790065503   0.198813854078228   0.0299720423448639   -0.0144747074845471   0
0.350054142251297   0.215566151485129   0.0517493521857941   0.0167522974069013   0
0.368096783347353   0.23581718752651   0.0180426410960557   0.0202510360413805   0
0.361532339095437   0.222379545296689   -0.00656444425191655   -0.0134376422298211   0
0.370299659872253   0.206445408156006   0.00876732077681619   -0.0159341371406825   0
0.392363362854173   0.218290833553727   0.0220637029819201   0.0118454253977212   0
0.377887182780534   0.221148176457207   -0.0144761800736387   0.00285734290347969   0
0.399848457420208   0.217807323772749   0.0219612746396736   -0.00334085268445838   0
0.403855166930401   0.235504501787   0.00400670951019322   0.0176971780142515   0
0.397700409127331   0.232170791625523   -0.00615475780306973   -0.0033337101614769   0
0.402367366194006   0.271531150106717   0.00466695706667425   0.0393603584811939   0
0.407884131637512   0.253322255881111   0.00551676544350632   -0.0182088942256066   0
0.399555532289437   0.242513792617312   -0.00832859934807467   -0.0108084632637985   0
0.417252812850826   0.261203099049602   0.017697280561389   0.0186893064322897   0
0.446811768126214   0.270623132763291   0.0295589552753875   0.0094200337136896   0
0.464774283615763   0.269072157028428   0.0179625154895495   -0.00155097573486362   0
0.479319819683957   0.275384268338372   0.0145455360681939   0.00631211130994425   0
0.491514353591744   0.268797216603756   0.0121945339077869   -0.00658705173461566   0
0.465107177128255   0.255916382868527   -0.0264071764634886   -0.0128808337352292   0
0.48409399108338   0.271436020389474   0.0189868139551245   0.0155196375209472   0
0.513765850803439   0.279599806722148   0.0296718597200586   0.00816378633267362   0
0.529278659725942   0.287111333922368   0.015512808922504   0.00751152720022041   0
0.53595393142764   0.288473777970883   0.00667527170169746   0.00136244404851499   0
0.542161502765309   0.298539227286242   0.00620757133766858   0.010065449315359   0
0.511842521324818   0.27342455236938   -0.0303189814404905   -0.0251146749168626   0
0.527745275944065   0.264831312876407   0.0159027546192466   -0.00859323949297314   0
