7.1054274e-15   0   0   0   0
0.0458857505282966   0.0123361904856468   0.0458857505282895   0.0123361904856468   0
0.0866815728133089   0.0226558605199549   0.0407958222850122   0.0103196700343081   0
0.0787361100555733   0.0188135871329161   -0.00794546275773558   -0.0038422733870388   0
0.0588741520438881   0.0107446704181325   -0.0198619580116852   -0.00806891671478359   0
0.0252408040458473   0.0182591531747851   -0.0336333479980409   0.00751448275665256   0
0.0381181413754588   0.0205033161537478   0.0128773373296115   0.00224416297896274   0
0.0342814723474211   0.0297797268833736   -0.00383666902803768   0.00927641072962574   0
0.0490482677196049   0.0206472936330145   0.0147667953721838   -0.0091324332503591   0
0.0411195524276124   0.0280038066024058   -0.00792871529199249   0.00735651296939132   0
0.0687612332251754   0.0381847973533505   0.027641680797563   0.0101809907509447   0
0.0562370304789132   0.0711289914259149   -0.0125242027462621   0.0329441940725644   0
0.193671344785271   0.0460561190450604   0.137434314306358   -0.0250728723808545   0
0.137957272491387   0.249112816035742   -0.0557140722938841   0.203056696990681   0
0.0831496452949721   0.249710706427071   -0.054807627196415   0.000597890391329237   0
0.141419581681511   0.306111401795361   0.0582699363865392   0.0564006953682895   0
0.0789688328772859   0.310042417362234   -0.0624507488042254   0.00393101556687325   0
0.055896832755379   0.326645131105175   -0.0230720001219069   0.0166027137429413   0
0.0512599192091552   0.288134139672808   -0.00463691354622373   -0.0385109914323669   0
0.140514537219742   0.236990875754999   0.089254618010587   -0.0511432639178094   0
0.166603946682682   0.22316080508535   0.0260894094629401   -0.0138300706696491   0
0.134024939281806   0.243329362219968   -0.0325790074008763   0.0201685571346181   0
0.157137486771408   0.227614703671615   0.023112547489602   -0.0157146585483528   0
0.117552192828234   0.222654596308811   -0.0395852939431739   -0.00496010736280383   0
0.112743047959679   0.213337506455085   -0.00480914486855509   -0.00931708985372681   0
0.0882889366443967   0.215658321848709   -0.0244541113152824   0.00232081539362489   0
0.0843548433706438   0.235867938921471   -0.00393409327375292   0.0202096170727615   0
0.0504620503065506   0.231444679129968   -0.0338927930640932   -0.00442325979150321   0
0.0232247309903763   0.214153106614047   -0.0272373193161743   -0.0172915725159211   0
0.040341535991523   0.226920806280686   0.0171168050011466   0.0127676996666392   0
0.0484324886269237   0.245202019288686   0.00809095263540073   0.0182812130080004   0
0.0542013890833117   0.246596707822729   0.005768900456388   0.00139468853404301   0
0.0739698872566227   0.227631755270897   0.019768498173311   -0.0189649525518325   0
0.049638459892455   0.230310098882373   -0.0243314273641677   0.00267834361147593   0
0.0275611948415156   0.246595512770778   -0.0220772650509394   0.0162854138884054   0
0.0245989827689688   0.253571735861224   -0.00296221207254677   0.00697622309044565   0
0.117831682817518   0.213499662820092   0.0932327000485487   -0.0400720730411313   0
0.0749918650588318   0.21156364746328   -0.0428398177586857   -0.00193601535681229   0
0.0826848841397272   0.20265668836807   0.00769301908089538   -0.00890695909520989   0
0.0372506174892301   0.244443786284111   -0.0454342666504971   0.0417870979160404   0
0.0474034267561954   0.185273265042054   0.0101528092669653   -0.0591705212420565   0
0.0798095470786396   0.174958286770464   0.0324061203224443   -0.01031497827159   0
0.0687759366596956   0.184527326621732   -0.011033610418944   0.00956903985126742   0
0.104617914795993   0.220383420473215   0.0358419781362979   0.0358560938514836   0
0.119538309395675   0.204374976893319   0.0149203945996816   -0.0160084435798964   0
0.0735537149326163   0.188943854775397   -0.0459845944630588   -0.0154311221179216   0
0.0845922944969202   0.16231716890635   0.0110385795643038   -0.0266266858690468   0
0.105723815936839   0.323352749947633   0.0211315214399185   0.161035581041283   0
0.172661016807417   0.308582368789905   0.0669372008705784   -0.0147703811577284   0
0.134157244672603   0.337072328897754   -0.0385037721348139   0.0284899601078492   0
0.0962322965824921   0.318036159700717   -0.0379249480901111   -0.0190361691970373   0
0.0948812536209714   0.295631129958812   -0.00135104296152069   -0.0224050297419044   0
0.100918408008493   0.317763541634444   0.00603715438752182   0.0221324116756313   0
0.0850647740079531   0.312325305994722   -0.0158536340005402   -0.00543823563972162   0
0.086135157264297   0.297779337626298   0.00107038325634387   -0.0145459683684235   0
0.0735531794189314   0.294966494671265   -0.0125819778453655   -0.00281284295503303   0
0.0500818420557919   0.305200681008241   -0.0234713373631395   0.0102341863369753   0
0.0548111943632011   0.299545196081256   0.00472935230740921   -0.0056554849269852   0
0.0606741337576184   0.269861853730867   0.00586293939441726   -0.029683342350389   0
0.158715502594371   0.222841452212841   0.0980413688367528   -0.047020401518026   0
0.0699067853515267   0.263730315041627   -0.0888087172428445   0.0408888628287869   0
0.0498992773777778   0.262802560274487   -0.0200075079737489   -0.000927754767140465   0
0.042738093489867   0.273469126583653   -0.00716118388791084   0.0106665663091658   0
0.0315373323425488   0.296141746008721   -0.0112007611473182   0.0226726194250679   0
