1.36593766866316e-14   1.92592995e-32   0   0   0
0.0793728244437775   0.040925498156305   0.0793728244437638   0.040925498156305   0
0.044990416984133   0.0341802183858769   -0.0343824074596445   -0.0067452797704281   0
0.166037042475878   0.168227976340117   0.121046625491745   0.13404775795424   0
0.236417735100337   0.221513848128448   0.0703806926244591   0.0532858717883312   0
0.282294410924777   0.252457558082856   0.0458766758244393   0.0309437099544078   0
0.325745793693503   0.28121007678245   0.0434513827687258   0.0287525186995948   0
0.370696930552245   0.261616644430249   0.0449511368587421   -0.0195934323522014   0
0.316748893239772   0.230694953271336   -0.0539480373124725   -0.0309216911589132   0
0.251925091297001   0.189170664051541   -0.064823801942771   -0.0415242892197952   0
0.249213857407106   0.212241617740511   -0.00271123388989522   0.0230709536889706   0
0.226584589682943   0.178764311317772   -0.0226292677241629   -0.0334773064227387   0
0.287370917467184   0.22193461066547   0.0607863277842411   0.0431702993476978   0
0.303458792933268   0.27706877150574   0.0160878754660835   0.0551341608402694   0
0.284214850225682   0.292155111451505   -0.0192439427075857   0.015086339945765   0
0.327707992185754   0.326862309074604   0.0434931419600725   0.034707197623099   0
0.32981525543105   0.336822917674296   0.00210726324529575   0.00996060859969272   0
0.347387743671677   0.356336365049474   0.0175724882406265   0.0195134473751776   0
0.397173605086783   0.411895212446732   0.0497858614151066   0.055558847397258   0
0.436508894321141   0.447538222029125   0.0393352892343579   0.0356430095823931   0
0.485265910591475   0.471318826436636   0.0487570162703338   0.0237806044075105   0
0.466242290788749   0.45544103784639   -0.0190236198027263   -0.0158777885902461   0
0.511511943663242   0.504104684439743   0.045269652874493   0.0486636465933531   0
0.526500628582741   0.532459001122009   0.0149886849194989   0.0283543166822661   0
0.589150952920482   0.583311257735592   0.0626503243377411   0.0508522566135829   0
0.649153039728667   0.648140821653047   0.0600020868081852   0.0648295639174552   0
0.671061857912818   0.706533398507269   0.0219088181841514   0.0583925768542223   0
0.65621748403736   0.720251647944167   -0.0148443738754581   0.0137182494368981   0
0.651452378028381   0.697436681506846   -0.00476510600897917   -0.0228149664373216   0
0.654033555317255   0.701790728929429   0.0025811772888743   0.00435404742258283   0
0.722480621217968   0.706224459818968   0.068447065900713   0.00443373088953913   0
0.732592774797742   0.752841486279848   0.0101121535797732   0.04661702646088   0
0.756134188240237   0.799908709198215   0.0235414134424958   0.047067222918367   0
0.842069895000171   0.862625536423263   0.0859357067599335   0.0627168272250486   0
0.853094424064519   0.868694813023379   0.0110245290643486   0.00606927660011614   0
0.874682328377909   0.884118455389849   0.0215879043133901   0.0154236423664696   0
0.85336915148771   0.883254296236763   -0.0213131768902   -0.000864159153086241   0
0.875962009937295   0.895077165382824   0.0225928584495857   0.0118228691460618   0
0.952721465172353   0.917149320411596   0.0767594552350578   0.0220721550287719   0
0.906592664569029   0.911884692512277   -0.0461288006033238   -0.00526462789931892   0
0.777627551802916   0.848347765956049   -0.128965112766114   -0.0635369265562283   0
0.82417001235243   0.819956463609   0.0465424605495146   -0.0283913023470492   0
0.819297671299639   0.837667279059352   -0.004872341052791   0.0177108154503519   0
0.888850077132223   0.890429088531041   0.0695524058325834   0.052761809471689   0
0.910255964056393   0.929278998629809   0.0214058869241702   0.0388499100987683   0
0.904972840956975   0.950949012826787   -0.00528312309941814   0.0216700141969782   0
0.879117565572273   0.896871998044383   -0.0258552753847014   -0.0540770147824045   0
0.858773240877145   0.826856368920402   -0.0203443246951283   -0.0700156291239803   0
0.947099826729156   0.901524565374466   0.0883265858520114   0.0746681964540636   0
0.946046528902054   0.918243338257035   -0.00105329782710262   0.0167187728825688   0
0.914434198639048   0.892054617952221   -0.0316123302630056   -0.026188720304814   0
0.944745723185089   0.902874855152299   0.0303115245460406   0.0108202372000783   0
0.967153346968684   0.928737381260992   0.0224076237835953   0.0258625261086928   0
0.957162303536813   0.927487445239269   -0.00999104343187107   -0.00124993602172263   0
0.92850447116334   0.875061676253099   -0.0286578323734724   -0.0524257689861706   0
0.957231316508951   0.93549499833814   0.0287268453456103   0.0604333220850407   0
0.974262815825461   0.962461083589653   0.0170314993165106   0.0269660852515137   0
0.887559215213357   0.91615960622504   -0.0867036006121045   -0.0463014773646131   0
0.921788803409414   0.942343520210347   0.0342295881960569   0.0261839139853065   0
0.893285324033546   0.932787473205142   -0.0285034793758678   -0.00955604700520452   0
0.949721053947197   0.99606255577733   0.0564357299136511   0.0632750825721875   0
0.968684922246882   1.01709166430601   0.0189638682996849   0.0210291085286843   0
0.977159517338951   1.0365385339321   0.00847459509206949   0.0194468696260846   0
0.944922402767271   1.00820633275897   -0.0322371145716809   -0.028332201173126   0
0.907191624880597   0.990427443529753   -0.0377307778866736   -0.0177788892292196   0
0.923737325780615   1.02952179375455   0.0165457009000183   0.0390943502248001   0
0.909845054259465   1.03982486160009   -0.0138922715211498   0.010303067845534   0
0.880200312654338   1.04964404826394   -0.0296447416051275   0.0098191866638524   0
0.838629651160912   0.999070708136398   -0.0415706614934263   -0.050573340127542   0
0.756500338344121   0.866308244800356   -0.0821293128167907   -0.132762463336042   0
0.742023117112066   0.574468228852721   -0.0144772212320554   -0.291840015947635   0
0.887431272527849   0.654516821288651   0.145408155415784   0.08004859243593   0
0.980540599512687   0.735501551404982   0.0931093269848374   0.080984730116331   0
1.06444659024565   0.789794912567442   0.0839059907329616   0.0542933611624599   0
