0   0   0   0   0
0.0163924684441979   0.0246794397416067   0.0163924684441979   0.0246794397416067   0
0.0269838657226106   0.0261277043483412   0.0105913972784127   0.00144826460673451   0
0.0661253662438829   0.0732141865424731   0.0391415005212723   0.0470864821941319   0
0.0639720616757672   0.0930702525815421   -0.0021533045681157   0.0198560660390691   0
0.0645111624400198   0.0910412430209142   0.000539100764252592   -0.00202900956062797   0
0.0603210809149062   0.10055761720657   -0.00419008152511359   0.00951637418565547   0
0.0686236093866828   0.106938876790005   0.00830252847177661   0.00638125958343559   0
0.0686671467059547   0.113963153609551   4.35373192718552e-05   0.00702427681954536   0
0.0806399413131947   0.121221653197737   0.01197279460724   0.00725849958818654   0
0.0570941317562474   0.102398678817601   -0.0235458095569473   -0.0188229743801358   0
0.0619068825587145   0.110918995013541   0.00481275080246706   0.00852031619593954   0
0.101573039808901   0.126052710838406   0.0396661572501863   0.0151337158248656   0
0.0834653502060443   0.112113051894027   -0.0181076896028564   -0.0139396589443795   0
0.0716937407338676   0.115463487761543   -0.0117716094721767   0.00335043586751597   0
0.0917672501063519   0.142207613698257   0.0200735093724843   0.0267441259367144   0
0.0768178043357022   0.12880629668918   -0.0149494457706497   -0.0134013170090774   0
0.0605347333554001   0.103463650924673   -0.016283070980302   -0.025342645764507   0
0.103990956751121   0.130693082920677   0.0434562233957209   0.0272294319960036   0
0.0719244570667821   0.109519284224676   -0.0320664996843389   -0.0211737986960007   0
0.109062595123974   0.135710912682997   0.0371381380571915   0.0261916284583215   0
0.0839381040667746   0.1110536583569   -0.025124491057199   -0.0246572543260972   0
0.0654155874518685   0.0962447783131326   -0.0185225166149062   -0.0148088800437677   0
0.0999904442501183   0.116125145437051   0.0345748567982498   0.0198803671239185   0
0.0746526767974147   0.113589016421125   -0.0253377674527035   -0.00253612901592563   0
0.0811963870119609   0.112052512650932   0.00654371021454611   -0.00153650377019364   0
0.105558848729997   0.122741449083236   0.0243624617180361   0.0106889364323046   0
0.0641411161272987   0.0991248052233488   -0.0414177326026983   -0.0236166438598876   0
0.0917394101099621   0.112728982721658   0.0275982939826634   0.0136041774983094   0
0.0889188508286195   0.140066396955305   -0.00282055928134257   0.027337414233647   0
0.0516555528514775   0.128798232441719   -0.037263297977142   -0.0112681645135856   0
0.100153733729758   0.153144922475958   0.0484981808782808   0.0243466900342381   0
0.0990163414683447   0.159248548200162   -0.00113739226141363   0.00610362572420464   0
0.0555847877049707   0.118167209149515   -0.043431553763374   -0.0410813390506474   0
0.0913178465996583   0.129503177252402   0.0357330588946876   0.0113359681028869   0
0.0700624168532309   0.1285179230165   -0.0212554297464274   -0.000985254235902094   0
0.0904772425618488   0.150064967574496   0.0204148257086179   0.0215470445579962   0
0.119751023905473   0.161961891292745   0.0292737813436241   0.0118969237182495   0
0.110506613809679   0.157864858268544   -0.00924441009579346   -0.00409703302420164   0
0.107689908624441   0.159068793263209   -0.00281670518523856   0.00120393499466545   0
0.13259651817193   0.168778395905142   0.024906609547489   0.00970960264193332   0
0.119488925844755   0.153046491873378   -0.0131075923271748   -0.0157319040317643   0
0.143815768591858   0.175537582492946   0.0243268427471032   0.0224910906195681   0
0.149963137236218   0.185294594120361   0.00614736864435991   0.00975701162741471   0
0.131227825113986   0.180101155377044   -0.0187353121222318   -0.00519343874331674   0
0.155759928145649   0.209056643863626   0.0245321030316625   0.0289554884865819   0
0.166643194905085   0.213384897623969   0.0108832667594363   0.00432825376034324   0
0.138091907674108   0.207556447777574   -0.0285512872309768   -0.00582844984639519   0
0.186166809816981   0.253223987908393   0.0480749021428721   0.045667540130819   0
0.171104244484626   0.255667910625565   -0.0150625653323545   0.00244392271717236   0
0.158765712236655   0.249235134296852   -0.0123385322479707   -0.00643277632871325   0
0.190950987230564   0.271287488650334   0.0321852749939091   0.0220523543534821   0
0.169255416285562   0.256740139902221   -0.021695570945002   -0.0145473487481132   0
0.211838593034193   0.30450917198353   0.0425831767486302   0.0477690320813094   0
0.201680528104737   0.301064191511824   -0.010158064929456   -0.00344498047170638   0
0.188605128756676   0.294056922610485   -0.013075399348061   -0.00700726890133946   0
0.18867202144319   0.293921868755928   6.68926865144137e-05   -0.000135053854556866   0
0.215989978838629   0.318230265195158   0.0273179573954385   0.0243083964392305   0
0.19395775435641   0.297595346514362   -0.0220322244822187   -0.020634918680796   0
0.214346330335847   0.299745592462108   0.0203885759794371   0.00215024594774621   0
0.212876018407925   0.295603888363882   -0.00147031192792166   -0.00414170409822662   0
0.193047556501587   0.273750430224106   -0.0198284619063386   -0.0218534581397756   0
0.219223073708553   0.30418236868611   0.0261755172069668   0.0304319384620041   0
0.207529984371862   0.320715791293974   -0.0116930893366919   0.0165334226078639   0
0.221352285638909   0.360028946368501   0.0138223012670474   0.0393131550745268   0
0.269590793740664   0.414656128426718   0.0482385081017551   0.0546271820582168   0
0.260621459314117   0.415150471230755   -0.00896933442654746   0.000494342804037595   0
0.26106088833044   0.432119487670537   0.000439429016322879   0.0169690164397819   0
0.304156242129026   0.485644270003573   0.0430953537985863   0.0535247823330353   0
0.313505682957697   0.490803179715702   0.00934944082867167   0.00515890971212934   0
0.321587571622167   0.485705987535215   0.00808188866446941   -0.00509719218048726   0
0.238860307296358   0.417404356629707   -0.0827272643258087   -0.0683016309055075   0
0.210140706082057   0.390170476846064   -0.0287196012143009   -0.0272338797836433   0
0.220874640541895   0.401994820418079   0.0107339344598373   0.011824343572015   0
0.20386576202164   0.357649669653141   -0.0170088785202541   -0.0443451507649378   0
0.208974800318784   0.356466755083714   0.0051090382971439   -0.00118291456942737   0
0.232335701403322   0.355557637267055   0.0233609010845374   -0.000909117816658922   0
0.182508349564835   0.336110350223287   -0.049827351838487   -0.0194472870437681   0
