1.30354662487019e-14   4.8999089e-16   0   0   0
0.139886734897913   0.0570409739075712   0.139886734897899   0.0570409739075707   0
0.179099649110877   0.116020246924714   0.0392129142129641   0.0589792730171428   0
0.202037770531553   0.110305266029404   0.0229381214206759   -0.00571498089530971   0
0.179905082352545   0.194421575762057   -0.0221326881790075   0.0841163097326529   0
0.230615137829374   0.0944606255714566   0.0507100554768288   -0.0999609501906006   0
0.311444035925317   0.133900854472567   0.0808288980959431   0.0394402289011106   0
0.31128394703905   0.183257059767491   -0.000160088886267062   0.0493562052949236   0
0.283908411470561   0.209989590788016   -0.0273755355684886   0.0267325310205249   0
0.315208626288024   0.208623676255065   0.0313002148174629   -0.00136591453295096   0
0.308702752263498   0.205654950780366   -0.00650587402452596   -0.00296872547469876   0
0.307933870057605   0.181390069110541   -0.000768882205893495   -0.0242648816698245   0
0.300913354165117   0.174625040758648   -0.0070205158924877   -0.00676502835189388   0
0.280223887535072   0.189439761690902   -0.0206894666300452   0.0148147209322541   0
0.292817558502412   0.187855395329678   0.0125936709673398   -0.00158436636122389   0
0.275589144515198   0.225990511612813   -0.0172284139872134   0.038135116283135   0
0.320684681309841   0.197542067219413   0.0450955367946422   -0.0284484443934001   0
0.307886234520141   0.184074375269934   -0.0127984467896995   -0.0134676919494787   0
0.264438108326436   0.222899449874989   -0.0434481261937046   0.0388250746050554   0
0.283070615981899   0.25352855977684   0.0186325076554624   0.0306291099018504   0
0.339109333344287   0.252689273041474   0.0560387173623884   -0.00083928673536543   0
0.291034860924833   0.235797389292944   -0.0480744724194543   -0.0168918837485307   0
0.339073871031692   0.240359055407263   0.0480390101068589   0.00456166611431921   0
0.357383657574746   0.235855358661079   0.0183097865430542   -0.00450369674618387   0
0.341221312693496   0.255307948576374   -0.0161623448812498   0.0194525899152946   0
0.335505090329202   0.234780692092895   -0.00571622236429392   -0.0205272564834789   0
0.363923045009325   0.266802030404472   0.0284179546801226   0.0320213383115772   0
0.388608852029337   0.287058532384927   0.0246858070200126   0.0202565019804548   0
0.375939577676528   0.25225059273195   -0.0126692743528097   -0.0348079396529765   0
0.384276090203262   0.275901543681675   0.00833651252673395   0.0236509509497245   0
0.406675692359492   0.286066932750611   0.0223996021562299   0.0101653890689363   0
0.41239746171693   0.292527091665082   0.00572176935743807   0.00646015891447049   0
0.43993015189914   0.282067389613546   0.0275326901822108   -0.0104597020515357   0
0.434314992121675   0.283007216270022   -0.00561515977746574   0.000939826656476461   0
0.424363476943751   0.30292086015757   -0.0099515151779237   0.0199136438875478   0
0.435818772315997   0.304699563799708   0.0114552953722464   0.0017787036421375   0
0.410930380948796   0.309053977276679   -0.0248883913672018   0.0043544134769718   0
0.454949350299307   0.32578320702843   0.0440189693505116   0.0167292297517504   0
0.448996392126507   0.320041332898193   -0.00595295817279967   -0.00574187413023697   0
0.437033650615263   0.327419725034796   -0.0119627415112442   0.00737839213660357   0
0.441943995997846   0.346216978844325   0.00491034538258306   0.0187972538095291   0
0.448473828320158   0.364664458036776   0.00652983232231169   0.0184474791924507   0
0.4831945344503   0.388157363940411   0.0347207061301422   0.0234929059036347   0
0.493947981606756   0.40242326480903   0.0107534471564562   0.0142659008686189   0
0.490738745439423   0.367223227775327   -0.0032092361673336   -0.0352000370337029   0
0.47890599457508   0.38830122273609   -0.011832750864343   0.0210779949607632   0
0.447101952688131   0.401496358055846   -0.0318040418869485   0.0131951353197559   0
0.48093501047822   0.414434472927839   0.0338330577900889   0.012938114871993   0
0.521586171162549   0.415429396550484   0.0406511606843289   0.000994923622644805   0
0.484025192666523   0.398432031516623   -0.0375609784960262   -0.0169973650338606   0
0.454956768497942   0.404015467158894   -0.0290684241685804   0.00558343564227043   0
0.426583335222132   0.386566216387222   -0.0283734332758108   -0.017449250771672   0
0.444237673178458   0.381125248367155   0.0176543379563262   -0.00544096802006683   0
0.454116881986136   0.382350102847958   0.00987920880767856   0.00122485448080317   0
0.441508025008964   0.408834354800243   -0.0126088569771728   0.026484251952285   0
0.44681751062847   0.406949945011847   0.0053094856195065   -0.00188440978839594   0
0.45954328842769   0.414637044405797   0.0127257777992201   0.0076870993939499   0
0.452650425087538   0.417191715946198   -0.00689286334015271   0.00255467154040095   0
0.467926172506767   0.451838009540601   0.0152757474192299   0.0346462935944029   0
0.474827662543013   0.434793208446184   0.00690149003624513   -0.017044801094417   0
0.482984514692815   0.453738356140153   0.008156852149802   0.0189451476939688   0
0.472759129620554   0.454703640056184   -0.0102253850722607   0.000965283916031623   0
0.492262805274833   0.456122339734552   0.0195036756542791   0.00141869967836816   0
0.52880471214688   0.472689539613066   0.0365419068720474   0.0165671998785136   0
0.505976934961203   0.473739507619315   -0.0228277771856774   0.00104996800624862   0
0.474367466663835   0.479809014763437   -0.0316094682973677   0.0060695071441223   0
0.500178203292092   0.452369087217146   0.0258107366282571   -0.0274399275462908   0
0.509230283568749   0.495402740743056   0.00905208027665716   0.0430336535259097   0
0.489154012745456   0.473571618140082   -0.0200762708232933   -0.0218311226029735   0
0.533624247070052   0.501968337455861   0.0444702343245955   0.0283967193157785   0
0.540467234392745   0.46626988119636   0.00684298732269295   -0.0356984562595007   0
0.633150996935693   0.429241132413837   0.092683762542948   -0.0370287487825227   0
0.612603374681245   0.449785603621384   -0.0205476222544474   0.0205444712075465   0
0.49034875424691   0.444672106855815   -0.122254620434335   -0.00511349676556888   0
0.472618994344624   0.410269728890501   -0.0177297599022854   -0.0344023779653144   0
0.506840521536142   0.451652646397632   0.0342215271915175   0.0413829175071316   0
0.473626015171933   0.483875611581439   -0.0332145063642089   0.0322229651838068   0
0.50968387067781   0.522599432651618   0.0360578555058768   0.0387238210701795   0
0.532447791165438   0.547560011119818   0.0227639204876287   0.0249605784681994   0
0.520917175356252   0.540231610324037   -0.0115306158091867   -0.00732840079578045   0
0.515328015860955   0.544945020524457   -0.0055891594952967   0.00471341020041915   0
0.561389948695494   0.503424804066505   0.0460619328345395   -0.0415202164579518   0
0.521105416436132   0.49873255951506   -0.0402845322593626   -0.00469224455144529   0
0.511821531531352   0.506401150933541   -0.00928388490477994   0.00766859141848181   0
0.560248623214452   0.531981237406956   0.0484270916830997   0.0255800864734147   0
0.548901684876925   0.552644290164285   -0.0113469383375268   0.020663052757329   0
