1.33721339986442e-14   9.6296495e-33   0   0   0
0.0798156810554893   0.0293479534426907   0.0798156810554759   0.0293479534426907   0
0.0469135270180299   0.0365281791298328   -0.0329021540374594   0.00718022568714209   0
0.0632743919202038   0.0354407825179556   0.0163608649021739   -0.00108739661187719   0
0.0570242690262508   0.0333355839828479   -0.00625012289395292   -0.00210519853510771   0
0.0599939154370583   0.0311372338883171   0.00296964641080744   -0.00219835009453074   0
0.062373581305145   0.0311224501238458   0.00237966586808676   -1.47837644713447e-05   0
0.0590528760555348   0.031695660512076   -0.00332070524961023   0.000573210388230164   0
0.0962325598693293   0.0438949780701997   0.0371796838137945   0.0121993175581237   0
0.0899977029742088   0.0470849087576365   -0.00623485689512045   0.00318993068743677   0
0.0834485729581968   0.0557781861897497   -0.006549130016012   0.00869327743211326   0
0.0907100647222295   0.0574542847575488   0.00726149176403264   0.00167609856779907   0
0.119971079117852   0.0481775013206659   0.0292610143956227   -0.0092767834368829   0
0.101961116270065   0.0478179078872477   -0.0180099628477871   -0.000359593433418209   0
0.0866585029897932   0.0519969267284801   -0.015302613280272   0.00417901884123238   0
0.0718476421815925   0.0366420670219107   -0.0148108608082007   -0.0153548597065694   0
0.0872344035665337   0.0349554626016281   0.0153867613849412   -0.00168660442028264   0
0.105515917047271   0.0421455573326675   0.018281513480737   0.00719009473103945   0
0.106762289956148   0.0594973830408525   0.00124637290887765   0.017351825708185   0
0.15345918972387   0.0723644355116519   0.0466968997677213   0.0128670524707994   0
0.165792357528351   0.128432201195218   0.0123331678044814   0.0560677656835665   0
0.142569938599555   0.0996437661787568   -0.0232224189287965   -0.0287884350164615   0
0.146008145531081   0.106524956326613   0.00343820693152655   0.00688119014785581   0
0.153010316561563   0.102911690460189   0.00700217103048226   -0.00361326586642381   0
0.137707379139585   0.10113451888023   -0.0153029374219779   -0.00177717157995903   0
0.142224275594932   0.0990865098768915   0.0045168964553462   -0.00204800900333829   0
0.136655935047832   0.106493876899488   -0.00556834054710004   0.00740736702259692   0
0.120069344632049   0.0991505121138502   -0.0165865904157827   -0.00734336478563823   0
0.121807369807342   0.0930108434372785   0.0017380251752929   -0.0061396686765717   0
0.1323992981917   0.090991600470138   0.0105919283843585   -0.00201924296714048   0
0.143634084412165   0.0808429324759069   0.011234786220465   -0.0101486679942311   0
0.140766983329521   0.0963735658295207   -0.00286710108264449   0.0155306333536138   0
0.153551214649513   0.112410685338822   0.0127842313199923   0.0160371195093011   0
0.154992000342649   0.103519860465267   0.00144078569313572   -0.00889082487355518   0
0.144071104310632   0.102255297206227   -0.0109208960320171   -0.00126456325904008   0
0.15545857605256   0.109710921483358   0.0113874717419286   0.00745562427713174   0
0.145594071228749   0.118604760409384   -0.00986450482381163   0.00889383892602577   0
0.141494349384529   0.0982999249907268   -0.00409972184421994   -0.0203048354186572   0
0.148644574579466   0.0988694740539298   0.00715022519493691   0.000569549063202918   0
0.142645880749542   0.0956575416060438   -0.0059986938299241   -0.00321193244788595   0
0.154963746124578   0.0941813787810877   0.0123178653750359   -0.00147616282495613   0
0.140757740127124   0.0988681688221449   -0.0142060059974538   0.0046867900410572   0
0.148375088219966   0.107677142866127   0.00761734809284215   0.00880897404398245   0
0.137657793143392   0.112566537866432   -0.010717295076574   0.0048893950003049   0
0.141702813222495   0.0992343084828938   0.00404502007910279   -0.0133322293835384   0
0.139827801041563   0.108468366577228   -0.0018750121809315   0.00923405809433389   0
0.15586416549861   0.131578303855581   0.0160363644570468   0.0231099372783528   0
0.150061654919055   0.122189320144777   -0.00580251057955503   -0.00938898371080303   0
0.134668176623043   0.117777931874832   -0.0153934782960124   -0.0044113882699459   0
0.166051931254834   0.118092431877829   0.0313837546317912   0.000314500002997223   0
0.153839291047121   0.120995455020552   -0.0122126402077126   0.00290302314272353   0
0.150042198035407   0.135786350754357   -0.00379709301171371   0.0147908957338048   0
0.192657393203934   0.164109484005743   0.0426151951685267   0.0283231332513862   0
0.183035864446921   0.167695481668744   -0.00962152875701319   0.00358599766300083   0
0.203091122879334   0.163111597146184   0.0200552584324136   -0.00458388452255978   0
0.206457956367462   0.161263530704459   0.00336683348812747   -0.00184806644172558   0
0.198450086122005   0.147599488106711   -0.00800787024545668   -0.0136640425977479   0
0.19463702861353   0.156905155174807   -0.00381305750847541   0.00930566706809655   0
0.176311235163343   0.149060607961901   -0.0183257934501873   -0.00784454721290673   0
0.162821035011899   0.137091997768537   -0.0134902001514431   -0.0119686101933636   0
0.175977154023794   0.138169327441753   0.013156119011895   0.00107732967321544   0
0.17394765506447   0.131615998446367   -0.00202949895932486   -0.00655332899538547   0
0.187919923877717   0.135382177921598   0.0139722688132475   0.00376617947523064   0
0.161959341446639   0.13188340331457   -0.025960582431078   -0.00349877460702799   0
0.188187849489429   0.135835037065459   0.0262285080427902   0.00395163375088967   0
0.182108749023794   0.132989651896928   -0.00607910046563556   -0.00284538516853142   0
0.188042004022184   0.138813816374519   0.00593325499839031   0.00582416447759143   0
0.182384618635465   0.129823615328669   -0.005657385386719   -0.0089902010458503   0
0.186347880412142   0.147554610538307   0.00396326177667741   0.0177309952096378   0
0.185081361901971   0.136508789936985   -0.00126651851017101   -0.0110458206013216   0
0.179076574733096   0.132317504697615   -0.00600478716887554   -0.00419128523937068   0
0.180573996184501   0.159957767282437   0.0014974214514055   0.027640262584822   0
0.191777106535051   0.145838878333222   0.0112031103505494   -0.0141188889492148   0
0.181143337075012   0.145735764055603   -0.010633769460039   -0.000103114277619165   0
0.189937084802851   0.158810705652359   0.00879374772783911   0.0130749415967567   0
0.171329724239565   0.143145442297872   -0.0186073605632858   -0.0156652633544868   0
0.176407725264475   0.150658221986352   0.00507800102491035   0.00751277968847949   0
0.187233336699423   0.16562046945344   0.0108256114349474   0.0149622474670877   0
0.189403050195807   0.160283308091635   0.00216971349638426   -0.00533716136180445   0
0.192755072407779   0.138359042538758   0.00335202221197214   -0.0219242655528776   0
0.19582777757003   0.16503222920229   0.00307270516225089   0.0266731866635329   0
0.224909739892117   0.176470866555456   0.0290819623220873   0.0114386373531654   0
