0   0   0   0   0
0.0868556524533462   0.0604163728745023   0.0868556524533462   0.0604163728745023   0
0.037226160356964   0.0920073708566024   -0.0496294920963823   0.0315909979821001   0
0.0845952858135565   0.0930441379418995   0.0473691254565925   0.00103676708529712   0
0.0890370955862944   0.0863004832427532   0.00444180977273792   -0.00674365469914624   0
0.0414764770576619   0.151530644303713   -0.0475606185286325   0.0652301610609599   0
0.0756903604883146   0.10877943508646   0.0342138834306527   -0.0427512092172531   0
0.160297639583714   0.169850728245796   0.0846072790953991   0.0610712931593356   0
0.170240621193991   0.175196144225919   0.00994298161027704   0.00534541598012314   0
0.115449583749154   0.233560965392028   -0.0547910374448372   0.0583648211661095   0
0.27330358385628   0.238985096108533   0.157854000107127   0.00542413071650527   0
0.154715233092754   0.218062048855535   -0.118588350763526   -0.0209230472529989   0
0.26174121358973   0.248797336839088   0.107025980496976   0.030735287983553   0
0.23430836383391   0.218052739319211   -0.0274328497558205   -0.0307445975198768   0
0.167669526554662   0.256881480679569   -0.0666388372792479   0.038828741360358   0
0.191266656080084   0.25198178327577   0.023597129525422   -0.00489969740379842   0
0.188527078158132   0.257781386221301   -0.00273957792195231   0.00579960294553095   0
0.222536828524107   0.282911116174492   0.0340097503659752   0.0251297299531908   0
0.172494322450909   0.247743035832227   -0.0500425060731975   -0.0351680803422649   0
0.153719175755419   0.252401067744967   -0.0187751466954901   0.00465803191273995   0
0.203967179535323   0.209972265654091   0.0502480037799033   -0.0424288020908764   0
0.186626741919013   0.218503283628268   -0.0173404376163101   0.00853101797417774   0
0.155923619586221   0.216687573283605   -0.0307031223327913   -0.00181571034466313   0
0.202164170430502   0.228166700985164   0.0462405508442807   0.0114791277015588   0
0.203470162598903   0.211112217791519   0.00130599216840119   -0.0170544831936453   0
0.203368878884754   0.242572081702557   -0.00010128371414872   0.0314598639110385   0
0.173877701772133   0.218472213753617   -0.0294911771126214   -0.0240998679489399   0
0.189766659974319   0.212705250274492   0.0158889582021856   -0.0057669634791257   0
0.169716221984444   0.210775574636394   -0.0200504379898749   -0.00192967563809743   0
0.175775473149553   0.226663941223692   0.00605925116510936   0.015888366587298   0
0.215332208887853   0.216861874948172   0.0395567357382995   -0.00980206627552069   0
0.195053573111428   0.218484935125689   -0.0202786357764244   0.00162306017751759   0
0.217177454573619   0.227124119505026   0.0221238814621909   0.00863918437933658   0
0.204546953018457   0.227308231912558   -0.0126305015551621   0.000184112407532133   0
0.210135521098734   0.22323363224204   0.00558856808027705   -0.00407459967051774   0
0.201699692510663   0.198573096659076   -0.00843582858807121   -0.0246605355829644   0
0.204988712213727   0.189770957997162   0.00328901970306472   -0.00880213866191346   0
0.210246713572344   0.17342265518076   0.00525800135861634   -0.0163483028164022   0
0.176715249342365   0.200587905942153   -0.0335314642299791   0.0271652507613927   0
0.212104294816945   0.211417878884167   0.0353890454745806   0.0108299729420138   0
0.221084233748888   0.209582251865765   0.00897993893194268   -0.00183562701840156   0
0.227265808705423   0.203823463360812   0.00618157495653526   -0.00575878850495276   0
0.278036745944301   0.208318196515661   0.0507709372388779   0.00449473315484827   0
0.239326019269211   0.198777808720316   -0.0387107266750905   -0.00954038779534502   0
0.205276436884824   0.211760244385349   -0.0340495823843861   0.0129824356650332   0
0.237662598991208   0.214521289427173   0.0323861621063835   0.00276104504182459   0
0.182126836502606   0.189792345712233   -0.0555357624886022   -0.0247289437149408   0
0.237371972721507   0.198886256661367   0.0552451362189011   0.00909391094913459   0
0.249374238890053   0.208855328957178   0.0120022661685457   0.0099690722958112   0
0.239018846524726   0.201568560136941   -0.0103553923653265   -0.00728676882023777   0
0.216023613341589   0.220476264678605   -0.0229952331831373   0.0189077045416648   0
0.227546388678981   0.220320377816893   0.0115227753373921   -0.000155886861712501   0
0.205292906516535   0.197471889248546   -0.0222534821624464   -0.0228484885683472   0
0.252538925927614   0.207627053250579   0.0472460194110793   0.0101551640020334   0
0.217900722439166   0.201588850012955   -0.0346382034884477   -0.00603820323762425   0
0.205176381406243   0.191091332544038   -0.0127243410329234   -0.0104975174689164   0
0.214892340660859   0.20164122781315   0.00971595925461582   0.0105498952691114   0
0.251827439181267   0.193317507663376   0.036935098520408   -0.00832372014977387   0
0.212458718356045   0.194487396902696   -0.0393687208252211   0.00116988923932046   0
0.222162391316843   0.202616174944898   0.00970367296079785   0.00812877804220141   0
0.219990226838516   0.17433225922962   -0.00217216447832699   -0.0282839157152781   0
0.220470725214443   0.157291705352097   0.000480498375927174   -0.0170405538775223   0
0.221561043655203   0.182331588104582   0.00109031844075935   0.0250398827524848   0
0.252409737918263   0.202381600037134   0.0308486942630597   0.0200500119325513   0
0.245143939809351   0.184679605045036   -0.00726579810891204   -0.0177019949920977   0
0.275531229925891   0.207714371824305   0.0303872901165403   0.0230347667792695   0
0.225748825217253   0.166552530082949   -0.0497824047086381   -0.0411618417413558   0
0.355009314205593   0.162427474551403   0.12926048898834   -0.00412505553154624   0
0.190730560289599   0.133584233544669   -0.164278753915994   -0.0288432410067342   0
0.190048805259918   0.174359773402299   -0.000681755029681264   0.0407755398576302   0
0.190601209327898   0.185564913170432   0.000552404067980627   0.011205139768133   0
