0   0   0   0   0
0.0229971977635027   0.00527219214770073   0.0229971977635027   0.00527219214770073   0
0.0244767899073389   0.0195740486168632   0.00147959214383627   0.0143018564691624   0
0.0975523290723959   0.115754945988513   0.073075539165057   0.0961808973716503   0
0.0961797817191909   0.119543379837849   -0.00137254735320504   0.00378843384933514   0
0.061640598994742   0.0874768112917151   -0.0345391827244489   -0.0320665685461334   0
0.0829796854034067   0.134547962663809   0.0213390864086647   0.0470711513720939   0
0.106254329183126   0.149069846195526   0.0232746437797193   0.0145218835317165   0
0.0954999947944305   0.141898648326575   -0.0107543343886956   -0.00717119786895062   0
0.103478296606478   0.129783191136881   0.00797830181204721   -0.0121154571896938   0
0.110641028197872   0.121740588750504   0.00716273159139473   -0.00804260238637726   0
0.0643720242435621   0.0931489356288525   -0.0462690039543103   -0.0285916531216514   0
0.0734765298734657   0.0951137646773473   0.00910450562990357   0.00196482904849482   0
0.0967799652492378   0.1207867544304   0.0233034353757721   0.0256729897530529   0
0.103203428205395   0.145220474254913   0.00642346295615741   0.024433719824513   0
0.0640141677581921   0.115631975949681   -0.0391892604472031   -0.029588498305232   0
0.0675707448673142   0.104884889231874   0.00355657710912209   -0.0107470867178073   0
0.0430569671355222   0.0974135619859501   -0.0245137777317919   -0.00747132724592384   0
0.0439841847794679   0.106618418411279   0.00092721764394562   0.00920485642532928   0
0.0765041889996668   0.120110696460098   0.032520004220199   0.0134922780488188   0
0.0603374496091259   0.0984866579181362   -0.0161667393905409   -0.021624038541962   0
0.0645311811592372   0.086080888386099   0.0041937315501113   -0.0124057695320372   0
0.0915296233014559   0.0715492586736839   0.0269984421422187   -0.0145316297124152   0
0.0732889556844804   0.0923355778873491   -0.0182406676169755   0.0207863192136653   0
0.0685383645885777   0.0886502024283269   -0.00475059109590265   -0.00368537545902227   0
0.0539725017627201   0.105580453213633   -0.0145658628258576   0.0169302507853057   0
0.0758483370084927   0.101648094855628   0.0218758352457726   -0.00393235835800421   0
0.0491048770366736   0.098406959575798   -0.0267434599718191   -0.00324113527983041   0
0.0548289451142821   0.106642195087646   0.00572406807760847   0.00823523551184839   0
0.0563681628122742   0.102280998980936   0.00153921769799204   -0.00436119610671049   0
0.0490075541500717   0.0942875976078617   -0.00736060866220244   -0.00799340137307418   0
0.0794053244842221   0.105439152057919   0.0303977703341504   0.0111515544500574   0
0.0732491077775007   0.108448369467808   -0.00615621670672141   0.00300921740988894   0
0.04844430151315   0.0856202152621969   -0.0248048062643507   -0.0228281542056111   0
0.0902777903292111   0.108177153815446   0.0418334888160611   0.0225569385532488   0
0.0704291835761893   0.0921731227736973   -0.0198486067530218   -0.0160040310417485   0
0.0835868169695359   0.0964739307541085   0.0131576333933465   0.00430080798041124   0
0.11127089159648   0.120500614047988   0.0276840746269438   0.0240266832938797   0
0.0879715195972555   0.109128958568597   -0.0232993719992242   -0.0113716554793914   0
0.122906816877333   0.140422186374141   0.034935297280078   0.0312932278055443   0
0.102493357120215   0.115293184802859   -0.0204134597571179   -0.0251290015712823   0
0.0768919906901364   0.101151763006427   -0.0256013664300791   -0.0141414217964319   0
0.0675087291388822   0.118105297527228   -0.00938326155125421   0.0169535345208015   0
0.109699828315266   0.130330191090318   0.0421910991763841   0.0122248935630901   0
0.0820330978081621   0.103161684192061   -0.0276667305071042   -0.0271685068982577   0
0.0944278118350278   0.124867571064696   0.0123947140268657   0.0217058868726357   0
0.0884074668169948   0.109151646349793   -0.00602034501803306   -0.0157159247149033   0
0.0562679667473046   0.0976989053366952   -0.0321395000696902   -0.0114527410130979   0
0.0552912394658949   0.101323590046131   -0.000976727281409642   0.00362468470943535   0
0.0519659439520823   0.101634478716194   -0.00332529551381262   0.000310888670063625   0
0.054817663055486   0.102523833553464   0.00285171910340367   0.000889354837270248   0
0.128985245990824   0.170131081968446   0.074167582935338   0.0676072484149815   0
0.0958075573895657   0.138184345530427   -0.0331776886012583   -0.0319467364380189   0
0.0820699254079498   0.115509367359455   -0.0137376319816159   -0.0226749781709723   0
0.10848899162046   0.137928658476033   0.0264190662125097   0.022419291116578   0
0.112408311668105   0.131496756603996   0.00391932004764595   -0.00643190187203654   0
0.100263409120878   0.142103361014459   -0.0121449025472277   0.010606604410463   0
0.0967382966551311   0.145341072827421   -0.00352511246574669   0.00323771181296156   0
0.127415780732931   0.152613796886118   0.0306774840777997   0.00727272405869742   0
0.115161301656572   0.138425824792816   -0.0122544790763592   -0.0141879720933024   0
0.0769206886988398   0.140526562322319   -0.0382406129577318   0.00210073752950354   0
0.0770653880159036   0.166223751560195   0.000144699317063818   0.025697189237876   0
0.133020765228704   0.182252429645026   0.0559553772128005   0.0160286780848302   0
0.14457768087306   0.166074788027097   0.0115569156443558   -0.0161776416179288   0
0.128804357196139   0.190727779311578   -0.0157733236769213   0.024652991284481   0
0.115027714250498   0.179734374298594   -0.0137766429456404   -0.010993405012984   0
0.110606144607353   0.189812521768526   -0.00442156964314498   0.0100781474699321   0
0.147168256647024   0.211529060117376   0.0365621120396707   0.0217165383488501   0
0.142527810023064   0.194318986534558   -0.00464044662395954   -0.0172100735828178   0
0.125413863491184   0.185444225164198   -0.0171139465318805   -0.00887476137036014   0
0.129872500767921   0.18755172258949   0.00445863727673684   0.00210749742529173   0
0.121457619480554   0.197573307698653   -0.00841488128736627   0.0100215851091632   0
0.130184906414945   0.209655258830454   0.00872728693439027   0.0120819511318012   0
0.101141703096151   0.221593479394078   -0.0290432033187941   0.0119382205636236   0
0.12514798164941   0.250125298616911   0.0240062785532599   0.0285318192228331   0
0.117571922952639   0.260125669013512   -0.0075760586967714   0.0100003703966007   0
0.0837342019714402   0.239293190200751   -0.0338377209811989   -0.0208324788127608   0
0.154999863715165   0.288423794704484   0.0712656617437247   0.049130604503733   0
0.113839979959511   0.263203432301292   -0.0411598837556537   -0.0252203624031919   0
