1.0938496e-14   1.92592995e-32   0   0   0
0.096884370489183   0.0938205635878147   0.096884370489172   0.0938205635878147   0
0.133649829891706   0.115104371677464   0.0367654594025228   0.021283808089649   0
0.0491252600536791   0.0851880912932695   -0.0845245698380266   -0.0299162803841942   0
0.143345262800683   0.0902710248700059   0.0942200027470038   0.00508293357673641   0
0.217200802649681   0.196431682669602   0.073855539848998   0.106160657799596   0
0.0852314583470488   0.144890556353036   -0.131969344302632   -0.0515411263165664   0
0.13829980928447   0.263509842143192   0.0530683509374215   0.118619285790156   0
0.429558308879411   0.444859307235882   0.291258499594941   0.18134946509269   0
0.273953465965467   0.430693528740453   -0.155604842913945   -0.0141657784954284   0
0.307603219489312   0.340562408290268   0.0336497535238449   -0.0901311204501854   0
0.324680163812483   0.322446005460645   0.0170769443231716   -0.0181164028296227   0
0.320709666972206   0.325088548332347   -0.00397049684027762   0.00264254287170201   0
0.368117247064061   0.31143793175633   0.0474075800918557   -0.0136506165760167   0
0.371375134931611   0.429088949694442   0.00325788786754955   0.117651017938112   0
0.343864687841652   0.464529464207524   -0.0275104470899588   0.0354405145130817   0
0.342739113048831   0.375141396035322   -0.00112557479282061   -0.0893880681722015   0
0.495413456600704   0.536357062492669   0.152674343551872   0.161215666457346   0
0.346569119901396   0.538882519223142   -0.148844336699308   0.00252545673047311   0
0.380001435236725   0.540361876238023   0.0334323153353293   0.00147935701488167   0
0.356497954541948   0.461734481613177   -0.0235034806947773   -0.0786273946248459   0
0.379400332033574   0.475797226103537   0.0229023774916265   0.01406274449036   0
0.459773020894057   0.519767895574952   0.0803726888604825   0.0439706694714145   0
0.534708850521427   0.507907928270554   0.07493582962737   -0.0118599673043983   0
0.490620032398093   0.520900094670868   -0.0440888181233339   0.0129921664003148   0
0.519977637473069   0.506687610587376   0.0293576050749763   -0.0142124840834926   0
0.47115658815356   0.508261632045053   -0.0488210493195091   0.00157402145767727   0
0.486503260268329   0.500921692026936   0.015346672114769   -0.00733994001811666   0
0.63958810985687   0.37258613137919   0.153084849588541   -0.128335560647746   0
0.625223605608942   0.435529770079277   -0.0143645042479282   0.062943638700087   0
0.621734413384278   0.547868002106273   -0.0034891922246636   0.112338232026996   0
0.323630581713016   0.765521002968672   -0.298103831671262   0.217653000862399   0
0.398487095776541   0.679781684425053   0.0748565140635246   -0.0857393185436187   0
0.383767486357018   0.658700807273137   -0.0147196094195229   -0.0210808771519162   0
0.590483083875257   0.704108539795594   0.206715597518239   0.0454077325224566   0
0.6400966007123   0.701664986187895   0.0496135168370427   -0.00244355360769888   0
0.597247902559918   0.70301113975048   -0.0428486981523821   0.00134615356258561   0
0.55520304142483   0.589037839846787   -0.0420448611350872   -0.113973299903693   0
0.77616010147609   0.587423060559927   0.220957060051259   -0.00161477928686016   0
0.770888608402278   0.563271300080986   -0.00527149307381125   -0.0241517604789417   0
0.91689566392305   0.567183021343057   0.146007055520772   0.00391172126207096   0
0.943573751598295   0.65735789235095   0.0266780876752454   0.0901748710078932   0
0.901152454398658   0.667944470260123   -0.0424212971996371   0.0105865779091731   0
1.15344324677848   0.682322979527342   0.252290792379821   0.0143785092672196   0
1.3044850308499   0.665750673616909   0.151041784071426   -0.0165723059104337   0
1.31723435095289   0.668031085027472   0.0127493201029898   0.00228041141056301   0
1.02690851819841   0.699021360833838   -0.290325832754482   0.0309902758063664   0
0.957716016672897   0.704544612657699   -0.069192501525515   0.00552325182386104   0
0.999110749510838   0.747312107487538   0.0413947328379412   0.0427674948298387   0
0.945137442784396   0.719209695732884   -0.0539733067264422   -0.0281024117546534   0
1.01899420114666   0.729641690269292   0.0738567583622595   0.0104319945364078   0
0.97612614687184   0.796105605255603   -0.0428680542748159   0.0664639149863113   0
1.28531322627567   0.973156883572946   0.309187079403831   0.177051278317343   0
1.38275694463534   0.818830428021995   0.0974437183596732   -0.154326455550951   0
1.10100282054936   0.865648771835092   -0.281754124085982   0.046818343813097   0
1.22263604383399   0.83808999029146   0.121633223284628   -0.0275587815436316   0
1.22259441468651   0.754726089269752   -4.16291474760744e-05   -0.0833639010217085   0
1.2251945515648   0.738532544500752   0.00260013687828242   -0.0161935447689993   0
1.33821588355798   0.764964778654474   0.113021331993187   0.0264322341537218   0
1.39255507513602   0.760239484816931   0.0543391915780336   -0.00472529383754339   0
1.53771272567337   0.78402404798182   0.145157650537352   0.0237845631648892   0
1.50606107391157   0.786470639138457   -0.0316516517617975   0.00244659115663715   0
1.50352316240337   0.802232838570027   -0.00253791150819915   0.0157621994315704   0
1.46264722668822   0.811122013324693   -0.0408759357151531   0.00888917475466511   0
