7.1054274e-15   0   0   0   0
0.0135410585040722   0.00888279989576447   0.0135410585040651   0.00888279989576447   0
0.0313397512045837   0.00453840549105623   0.0177986927005115   -0.00434439440470824   0
0.0343982146083227   0.0377761430087644   0.00305846340373896   0.0332377375177082   0
0.0331562100615217   0.0522181886180212   -0.00124200454680092   0.0144420456092568   0
0.0371444507631919   0.0516918445335278   0.00398824070167011   -0.000526344084493417   0
0.0476556214991884   0.13906355364628   0.0105111707359965   0.0873717091127527   0
0.0560222911914608   0.137821301370897   0.00836666969227247   -0.0012422522753831   0
0.0566796078565673   0.119860948980026   0.00065731666510651   -0.0179603523908716   0
0.0561634648287392   0.116103942440454   -0.000516143027828112   -0.00375700653957185   0
0.0601313242379793   0.133878472003924   0.00396785940924008   0.0177745295634704   0
0.0569633717787281   0.132457068252784   -0.00316795245925124   -0.00142140375114055   0
0.0595329803044999   0.114050277323827   0.00256960852577186   -0.0184067909289568   0
0.047418036082696   0.0832754388647844   -0.012114944221804   -0.0307748384590426   0
0.0507448715366459   0.0933180569846472   0.00332683545394995   0.0100426181198628   0
0.0521468707056115   0.104427682894893   0.00140199916896561   0.011109625910246   0
0.0769231106252534   0.118968184883083   0.0247762399196418   0.0145405019881894   0
0.0671417206181265   0.116720678483076   -0.00978139000712688   -0.00224750640000698   0
0.0559059252248661   0.123044556816443   -0.0112357953932603   0.00632387833336698   0
0.0480444970442323   0.107577188733313   -0.0078614281806338   -0.01546736808313   0
0.0381549493957671   0.0854360748612565   -0.00988954764846526   -0.0221411138720561   0
0.0381928872545888   0.0657482387031675   3.793785882171e-05   -0.0196878361580891   0
0.0539794071759474   0.0439120452107312   0.0157865199213586   -0.0218361934924362   0
0.0271165669578232   0.0621912271435266   -0.0268628402181242   0.0182791819327953   0
0.0454717283535604   0.0852834052873608   0.0183551613957372   0.0230921781438343   0
0.0216089786221634   0.0585721442260036   -0.023862749731397   -0.0267112610613573   0
0.0206968288401296   0.0779522791542411   -0.000912149782033866   0.0193801349282375   0
0.0400803071616491   0.0900573437951756   0.0193834783215195   0.0121050646409346   0
0.0394868824295896   0.0947396378713552   -0.000593424732059519   0.00468229407617952   0
0.0460597573023691   0.0817188677973419   0.00657287487277955   -0.0130207700740132   0
0.0432113148084603   0.0655649997567897   -0.00284844249390883   -0.0161538680405522   0
0.0285453984778968   0.0640565757301314   -0.0146659163305634   -0.00150842402665832   0
0.0396821349978645   0.0827416219484809   0.0111367365199677   0.0186850462183495   0
0.0557645346672753   0.100802557531512   0.0160823996694108   0.0180609355830309   0
0.059709616835937   0.102686975266508   0.00394508216866168   0.00188441773499633   0
0.0671230223557492   0.118539638340381   0.00741340551981225   0.0158526630738727   0
0.0479523505961071   0.0932073822102911   -0.0191706717596421   -0.0253322561300897   0
0.023530778761324   0.0547187351921991   -0.0244215718347831   -0.038488647018092   0
0.036767187343877   0.0869420418253271   0.0132364085825529   0.032223306633128   0
0.0410554345541909   0.0886626277542525   0.00428824721031396   0.00172058592892539   0
0.0408682112990969   0.0815824430644146   -0.000187223255094036   -0.0070801846898379   0
0.0778102299193718   0.0770853096073383   0.0369420186202749   -0.00449713345707632   0
0.0550436040171733   0.106896934121978   -0.0227666259021985   0.0298116245146393   0
0.116894612512292   0.046985104857943   0.0618510084951185   -0.0599118292640346   0
0.0900087455237701   0.070040975652421   -0.0268858669885217   0.023055870794478   0
0.0885829945645445   0.111299108036998   -0.00142575095922552   0.0412581323845772   0
0.084831349873974   0.124312243550906   -0.00375164469057056   0.0130131355139077   0
0.0750800798295242   0.129332429310153   -0.00975127004444983   0.00502018575924679   0
0.0815576661339683   0.13466114325325   0.00647758630444409   0.00532871394309697   0
0.093253099821799   0.147234119691462   0.0116954336878308   0.0125729764382128   0
0.0857652003866363   0.159676775007444   -0.00748789943516268   0.0124426553159821   0
0.0777647669209852   0.0979339328593266   -0.00800043346565117   -0.0617428421481178   0
0.0601755814066286   0.0890564576437096   -0.0175891855143565   -0.00887747521561702   0
0.0517691886155317   0.0956563743484914   -0.00840639279109698   0.00659991670478184   0
0.0489518454538472   0.0930560261208424   -0.00281734316168442   -0.00260034822764899   0
0.0498675177614712   0.0774760723256302   0.000915672307623988   -0.0155799537952123   0
0.0590281050635702   0.09123847951745   0.00916058730209893   0.0137624071918199   0
0.0748166550285736   0.103226708158103   0.0157885499650034   0.0119882286406534   0
0.0659780527687876   0.100334520527352   -0.00883860225978605   -0.00289218763075161   0
0.0584053686478309   0.091248735562822   -0.00757268412095664   -0.00908578496452986   0
0.0673430025838963   0.113907541035937   0.0089376339360654   0.0226588054731148   0
0.070669947840316   0.0675781316235098   0.00332694525641972   -0.046329409412427   0
0.0630270277640922   0.0455431139730935   -0.00764292007622389   -0.0220350176504163   0
0.0532568267975399   0.0716966146381559   -0.00977020096655228   0.0261535006650624   0
0.0652869518983179   0.0997377298607087   0.012030125100778   0.0280411152225528   0
0.0626716922060392   0.106571877171737   -0.0026152596922787   0.0068341473110288   0
0.0761715613079456   0.0996392279257246   0.0134998691019064   -0.00693264924601285   0
0.072341653608378   0.115615073634672   -0.00382990769956759   0.0159758457089476   0
0.0654924871906558   0.0815847985165543   -0.00684916641772225   -0.0340302751181179   0
0.513341814394805   0.127281786630192   0.447849327204149   0.0456969881136382   0
2.7632948028771   0.291019599834621   2.24995298848229   0.163737813204428   1
2.85044689167749   0.394069604613172   0.0871520888003885   0.103050004778552   0
2.73174911520554   0.410332247353733   -0.118697776471944   0.0162626427405606   0
1.27937700091199   0.213867213055497   -1.45237211429355   -0.196465034298235   1
