0   0   0   0   0
0.166585197469597   0.509210174323282   0.166585197469597   0.509210174323282   0
0.633849237132266   0.626138042896493   0.467264039662669   0.116927868573211   0
1.29135498858842   1.27700879928069   0.657505751456155   0.650870756384201   0
2.19535268405994   3.14743578405877   0.90399769547152   1.87042698477808   1
2.85908579168595   3.84324172187529   0.663733107626014   0.695805937816518   0
2.86970663047306   3.73116574082743   0.0106208387871103   -0.112075981047861   0
2.91763063708123   3.71585592999777   0.0479240066081625   -0.0153098108296534   0
2.91252642845388   3.71569451656516   -0.00510420862734362   -0.00016141343260978   0
2.98336316977475   3.61695312698712   0.0708367413208686   -0.0987413895780382   0
2.33258947039726   3.51650764895398   -0.650773699377489   -0.100445478033147   0
1.99285977776702   3.45365893740725   -0.339729692630245   -0.0628487115467316   0
2.18721967541078   3.60042959825708   0.194359897643764   0.146770660849833   0
2.54656620377081   3.73039759078201   0.359346528360031   0.129967992524934   0
2.15092208877543   3.3920637122661   -0.395644114995386   -0.33833387851591   0
2.0549459676993   3.22385731366434   -0.0959761210761321   -0.168206398601758   0
2.02248932858542   3.10166450710003   -0.0324566391138807   -0.122192806564316   0
1.96546720359264   2.9114158028951   -0.0570221249927771   -0.190248704204929   0
1.86343976211385   2.7474342208719   -0.102027441478792   -0.1639815820232   0
1.75507226337486   2.8605625027378   -0.108367498738991   0.113128281865904   0
1.73873414746684   2.9681900847986   -0.0163381159080109   0.107627582060792   0
1.63205434463359   2.94872413874782   -0.106679802833255   -0.0194659460507718   0
1.62053649437213   2.88899254147413   -0.0115178502614588   -0.0597315972736925   0
1.54631325218478   2.77269397927823   -0.0742232421873517   -0.116298562195904   0
1.5452092233253   2.69996128359142   -0.00110402885947769   -0.0727326956868124   0
1.50757527028592   2.68422373287122   -0.0376339530393841   -0.0157375507201993   0
1.56800857640792   2.80010002570216   0.0604333061219979   0.115876292830945   0
1.60414102600722   2.78276899415306   0.0361324495993085   -0.0173310315490971   0
1.56708230800658   2.7994233588482   -0.0370587180006403   0.0166543646951305   0
1.54587425548488   2.69793583357292   -0.0212080525217038   -0.101487525275278   0
1.56866719189215   2.66701943120515   0.0227929364072732   -0.0309164023677631   0
1.54855719997486   2.62798076166569   -0.0201099919172942   -0.0390386695394684   0
1.50599803179518   2.64902051671789   -0.0425591681796784   0.0210397550522017   0
1.47329616284354   2.63209256082693   -0.0327018689516398   -0.0169279558909605   0
1.58564304586098   2.66750216444511   0.112346883017443   0.0354096036181848   0
1.69655435465767   2.71891891435447   0.110911308796691   0.0514167499093565   0
1.62635510943196   2.71198062317412   -0.070199245225713   -0.00693829118034772   0
1.59859304384819   2.71055098160779   -0.0277620655837696   -0.00142964156633463   0
1.79797058422319   2.61217047309737   0.199377540374996   -0.0983805085104179   0
1.82815596226178   2.98570862636814   0.0301853780385914   0.373538153270768   0
1.65885094803413   2.78815008396891   -0.169305014227645   -0.197558542399226   0
1.66656240360483   2.7287747187701   0.00771145557070008   -0.0593753651988083   0
1.72385921668572   2.6841607870675   0.0572968130808842   -0.0446139317026035   0
1.78277538958527   2.71576264029363   0.0589161728995526   0.0316018532261304   0
1.72067202773684   2.59752652628332   -0.062103361848429   -0.118236114010307   0
1.94431659089212   2.44042649520696   0.223644563155277   -0.157100031076359   0
1.74877481713332   2.22376155226974   -0.195541773758805   -0.216664942937227   0
1.7149066512721   2.18135844983789   -0.0338681658612157   -0.0424031024318499   0
1.26316466428708   1.14144740356579   -0.451741986985016   -1.0399110462721   1
1.29580606351939   1.44009879187896   0.0326413992323089   0.298651388313166   0
2.02684424371372   1.27366622348364   0.731038180194323   -0.166432568395321   0
4.26201004548911   0.942046123806508   2.23516580177539   -0.331620099677127   1
3.25812241768551   0.74765042615214   -1.0038876278036   -0.194395697654368   1
2.23812018905692   2.96921494013169   -1.02000222862859   2.22156451397955   1
1.78655244831994   2.9963096889403   -0.451567740736987   0.0270947488086049   0
2.1494468338145   3.20841992634604   0.362894385494559   0.212110237405745   0
1.86782557595384   3.07909463473029   -0.281621257860657   -0.129325291615754   0
1.87938289666304   2.92072041393061   0.0115573207092039   -0.158374220799673   0
1.94575737234755   2.75356527880664   0.0663744756845048   -0.167155135123972   0
1.90526143315234   2.75158224354603   -0.0404959391952107   -0.00198303526060961   0
