1.36264463855831e-14   7.76367202638858e-32   0   0   0
0.0213749354974086   0.0121430438616728   0.021374935497395   0.0121430438616728   0
0.0164840780607748   0.0343289917677957   -0.00489085743663386   0.0221859479061229   0
0.0165258653691173   0.0294002689147393   4.17873083425127e-05   -0.00492872285305636   0
0.0324942194741434   0.031657255666702   0.0159683541050262   0.00225698675196272   0
0.0692900658221331   0.0328795913308495   0.0367958463479896   0.00122233566414746   0
0.0305871337419069   0.0492436237085407   -0.0387029320802261   0.0163640323776912   0
0.038338518476299   0.0396024467583757   0.00775138473439205   -0.00964117695016506   0
0.0296185366408214   0.0496552851535527   -0.00871998183547753   0.010052838395177   0
0.049606064556378   0.0487245294961097   0.0199875279155565   -0.000930755657442967   0
0.0683946978608576   0.0338492753712915   0.0187886333044796   -0.0148752541248182   0
0.0446454536315786   0.0573301298677245   -0.023749244229279   0.023480854496433   0
0.0434951550415306   0.0460176125920148   -0.00115029859004799   -0.0113125172757097   0
0.0366104282391396   0.0620225095548458   -0.00688472680239102   0.016004896962831   0
0.0328054491207903   0.0700427405340919   -0.0038049791183493   0.00802023097924614   0
0.0376203327869538   0.062322246775731   0.00481488366616349   -0.00772049375836092   0
0.0482306829678978   0.0587590291878335   0.010610350180944   -0.00356321758789747   0
0.0625557792880082   0.081830518096472   0.0143250963201103   0.0230714889086385   0
0.0285913705477127   0.0934556256659599   -0.0339644087402955   0.0116251075694879   0
0.0254187628528459   0.093316334594496   -0.00317260769486677   -0.000139291071463876   0
0.0483971877147144   0.098825114757814   0.0229784248618685   0.00550878016331799   0
0.0755321901737223   0.0863585220144726   0.0271350024590079   -0.0124665927433414   0
0.0563732376692039   0.0942568337072609   -0.0191589525045184   0.0078983116927883   0
0.0547161274804364   0.105422420783688   -0.00165711018876752   0.011165587076427   0
0.0643034285204125   0.101844390165448   0.00958730103997611   -0.0035780306182399   0
0.0540818257774603   0.0932479724391313   -0.0102216027429522   -0.00859641772631681   0
0.129346217848484   0.0761595802043295   0.075264392071024   -0.0170883922348018   0
0.114736826734854   0.0869073894344454   -0.0146093911136299   0.0107478092301159   0
0.109699093319033   0.104358077534723   -0.00503773341582105   0.0174506881002778   0
0.13110135254409   0.0870142709098682   0.0214022592250568   -0.017343806624855   0
0.143944760087154   0.0696256541297238   0.0128434075430639   -0.0173886167801444   0
0.107770997443345   0.0758937178046163   -0.0361737626438089   0.00626806367489252   0
0.132435040777851   0.0745780186277372   0.0246640433345056   -0.0013156991768791   0
0.109104809203374   0.0812067541233495   -0.0233302315744771   0.00662873549561228   0
0.0965317294852536   0.101678224881598   -0.01257307971812   0.020471470758248   0
0.110974147309164   0.0913386227012354   0.0144424178239107   -0.0103396021803621   0
0.0856637142566624   0.0984611920420316   -0.0253104330525018   0.00712256934079622   0
0.0868222657315914   0.0903152549486333   0.00115855147492892   -0.00814593709339838   0
0.0866651291112465   0.0964347833598114   -0.000157136620344833   0.00611952841117812   0
0.0803323754714625   0.11575734321882   -0.00633275363978404   0.0193225598590087   0
0.0484244981103705   0.137572894203614   -0.031907877361092   0.0218155509847944   0
0.0479318533252953   0.141313593109263   -0.000492644785075262   0.0037406989056489   0
0.0629105971993885   0.133934450114638   0.0149787438740933   -0.00737914299462569   0
0.105049238344054   0.132727235834692   0.0421386411446651   -0.00120721427994544   0
0.146504715085663   0.116916896353259   0.0414554767416099   -0.0158103394814332   0
0.130044452563144   0.128315290161934   -0.0164602625225199   0.0113983938086746   0
0.112381351288679   0.13051274704171   -0.0176631012744646   0.0021974568797764   0
0.105826841536623   0.113019570272005   -0.00655450975205633   -0.0174931767697054   0
0.123144972233999   0.110175372432861   0.0173181306973762   -0.00284419783914326   0
0.150282124628598   0.100995497223406   0.0271371523945997   -0.00917987520945554   0
0.147737755207551   0.1045216144411   -0.00254436942104772   0.00352611721769466   0
0.165281363962207   0.110450205842492   0.0175436087546561   0.00592859140139106   0
0.169182689645336   0.0932529215091345   0.00390132568312929   -0.017197284333357   0
0.106580773816081   0.116849040194812   -0.0626019158292552   0.0235961186856771   0
0.127190997649264   0.104376757870937   0.0206102238331835   -0.0124722823238743   0
0.156918827118334   0.104296950907173   0.0297278294690692   -7.98069637646948e-05   0
0.216006016661529   0.102922224077064   0.0590871895431954   -0.00137472683010835   0
0.219141531040395   0.0992827278359035   0.00313551437886547   -0.00363949624116075   0
0.190266818984559   0.111667624428806   -0.0288747120558352   0.0123848965929021   0
0.17185074857481   0.112579829891542   -0.0184160704097493   0.000912205462736349   0
0.173207296159871   0.113746188976874   0.00135654758506096   0.00116635908533208   0
0.209589851605736   0.10245981167711   0.0363825554458646   -0.0112863772997645   0
0.232495021103271   0.0984283887986072   0.0229051694975355   -0.00403142287850236   0
0.231052485977765   0.120292719984401   -0.00144253512550604   0.021864331185794   0
0.257174678071455   0.104929927428832   0.0261221920936903   -0.0153627925555689   0
0.23676040366964   0.117314622926166   -0.0204142744018158   0.012384695497334   0
0.200537873887638   0.144836626317397   -0.0362225297820018   0.0275220033912304   0
0.24893392834714   0.13337979532403   0.0483960544595026   -0.0114568309933662   0
0.262789690143033   0.123426889599124   0.0138557617958921   -0.00995290572490613   0
0.269180404584787   0.125784855603493   0.00639071444175426   0.00235796600436881   0
0.213856773073199   0.117950790722238   -0.0553236315115881   -0.00783406488125499   0
0.14305876285416   0.139927727249346   -0.0707980102190391   0.0219769365271079   0
0.16851711921977   0.130353623871687   0.02545835636561   -0.00957410337765874   0
0.167332044288837   0.132237415941036   -0.00118507493093239   0.00188379206934874   0
0.171828281667054   0.141199887240519   0.00449623737821703   0.00896247129948258   0
