0   0   0   0   0
0.0475441442220562   0.0341723543180772   0.0475441442220562   0.0341723543180772   0
0.140032613099144   0.0337691366561833   0.0924884688770878   -0.000403217661893898   0
0.196517122532634   0.114754437733812   0.0564845094334898   0.0809853010776286   0
0.116498494659958   0.159823031878506   -0.0800186278726759   0.0450685941446942   0
0.114137671192718   0.167190533659191   -0.00236082346724024   0.00736750178068529   0
0.105757521169114   0.259758108865475   -0.00838015002360359   0.0925675752062832   0
0.102302392581437   0.360241531963084   -0.00345512858767714   0.100483423097609   0
0.118329824142318   0.371460916494369   0.0160274315608809   0.0112193845312851   0
0.12046898545161   0.370305859922241   0.00213916130929213   -0.00115505657212756   0
0.194415711662452   0.359022271602926   0.0739467262108425   -0.0112835883193156   0
0.530400422148546   0.583502471955178   0.335984710486093   0.224480200352252   0
0.437532886811666   0.487703386658657   -0.0928675353368793   -0.0957990852965204   0
0.411782030140746   0.437181298059588   -0.0257508566709206   -0.0505220885990693   0
0.29160383077527   0.477227626338004   -0.120178199365476   0.040046328278416   0
0.150277322609395   0.485515060240384   -0.141326508165875   0.00828743390238001   0
0.144102946072991   0.477085014676966   -0.00617437653640404   -0.00843004556341803   0
0.146868874402394   0.480800123313587   0.00276592832940276   0.00371510863662039   0
0.152327289550688   0.491156085222709   0.00545841514829468   0.0103559619091229   0
0.148773017455988   0.504761411021268   -0.00355427209470008   0.0136053257985582   0
0.122966254584055   0.476747423213428   -0.025806762871933   -0.0280139878078398   0
0.151312754764847   0.417628109918668   0.0283465001807914   -0.0591193132947596   0
0.202254026787968   0.435299504424823   0.0509412720231209   0.0176713945061552   0
0.211193115742024   0.401638971405194   0.00893908895405598   -0.0336605330196298   0
0.139077734704957   0.414801818092816   -0.0721153810370664   0.0131628466876225   0
0.149553503400214   0.402471010670365   0.0104757686952568   -0.0123308074224508   0
0.176716337429097   0.366381207599254   0.0271628340288829   -0.0360898030711114   0
0.162579435692088   0.384500385065364   -0.0141369017370094   0.0181191774661104   0
0.178639690209818   0.420077310156591   0.0160602545177301   0.035576925091227   0
0.186214696073814   0.402011175378417   0.0075750058639959   -0.0180661347781738   0
0.148412582349463   0.371756645823272   -0.0378021137243509   -0.0302545295551456   0
0.181339595451287   0.399217975662359   0.0329270131018245   0.0274613298390874   0
0.194242615255979   0.399368650296624   0.0129030198046912   0.000150674634264492   0
0.16489089922469   0.402714326700841   -0.0293517160312884   0.00334567640421746   0
0.182046929072352   0.399194319243256   0.017156029847662   -0.00352000745758485   0
0.162427338270081   0.401008755637606   -0.0196195908022716   0.00181443639434953   0
0.150350009697167   0.407414060812324   -0.0120773285729137   0.00640530517471805   0
0.144717767329777   0.399272572318299   -0.00563224236739021   -0.00814148849402441   0
0.142384186448405   0.41866028690121   -0.00233358088137117   0.0193877145829102   0
0.14542929740228   0.382707157381966   0.00304511095387455   -0.035953129519244   0
0.135084234002768   0.37485064782439   -0.010345063399512   -0.00785650955757577   0
0.132856841309317   0.395915304080287   -0.00222739269345071   0.0210646562558974   0
0.258280891839807   0.813432115263132   0.12542405053049   0.417516811182845   0
0.345138307360171   0.324975999808287   0.0868574155203641   -0.488456115454845   0
0.225299921134302   0.305244602205031   -0.11983838622587   -0.0197313976032559   0
0.223758557841839   0.319950367239706   -0.00154136329246307   0.0147057650346751   0
0.1745539594655   0.301088005958438   -0.0492045983763381   -0.0188623612812682   0
0.155622096393857   0.261567317466549   -0.0189318630716439   -0.0395206884918887   0
0.160407891282749   0.281947419575508   0.00478579488889275   0.0203801021089592   0
0.19194730334693   0.30184302875973   0.0315394120641805   0.0198956091842223   0
0.167665194719227   0.310309536471955   -0.0242821086277029   0.00846650771222479   0
0.218839612411907   0.321292572265355   0.0511744176926801   0.0109830357933996   0
0.186101574769448   0.291624608124714   -0.0327380376424586   -0.0296679641406405   0
0.183887033219001   0.30115007808211   -0.00221454155044795   0.00952546995739528   0
0.168708564881572   0.304046236140754   -0.0151784683374283   0.00289615805864463   0
0.187151234958786   0.308124861388822   0.0184426700772139   0.00407862524806751   0
0.184179892880612   0.308978097909888   -0.0029713420781739   0.000853236521066503   0
0.183902945559304   0.318278104356553   -0.000276947321308202   0.00930000644666462   0
0.162875146005188   0.313037405708329   -0.0210277995541157   -0.00524069864822341   0
0.161289896370746   0.309774599222235   -0.00158524963444195   -0.00326280648609412   0
0.201193939708779   0.311785442902765   0.0399040433380322   0.00201084368052928   0
0.186307502508241   0.301388967008072   -0.0148864372005373   -0.0103964758946923   0
0.183583369106208   0.306290822357272   -0.00272413340203329   0.00490185534919918   0
0.205252826616149   0.331033088016768   0.0216694575099412   0.0247422656594963   0
0.221081189600812   0.33474083354749   0.0158283629846628   0.00370774553072262   0
0.196394847932709   0.31752924685191   -0.0246863416681028   -0.0172115866955804   0
0.184315419994585   0.333317834378837   -0.0120794279381239   0.0157885875269272   0
0.221135761320158   0.343661109781818   0.0368203413255725   0.0103432754029805   0
0.226644962506106   0.354270092664019   0.00550920118594778   0.0106089828822013   0
0.26589398632929   0.355293928226419   0.0392490238231847   0.00102383556239966   0
0.229975580331534   0.352869644064995   -0.0359184059977562   -0.00242428416142348   0
0.25376565167262   0.374772606007127   0.0237900713410864   0.0219029619421313   0
