0   0   0   0   0
0.0565595574081605   0.014446161860276   0.0565595574081605   0.014446161860276   0
0.0137987891374978   0.0322736999539576   -0.0427607682706627   0.0178275380936816   0
0.0233520071625707   0.0145727722644001   0.0095532180250729   -0.0177009276895574   0
0.0632626019870224   0.0264688621882038   0.0399105948244517   0.0118960899238036   0
0.134945212078505   0.0635197531274476   0.071682610091483   0.0370508909392438   0
0.0562137343069576   0.0535733628303625   -0.0787314777715478   -0.00994639029708505   0
0.0483519738858069   0.0463953466210694   -0.00786176042115067   -0.00717801620929307   0
0.0763985693043696   0.0394341804714076   0.0280465954185627   -0.0069611661496618   0
0.0687252137073722   0.0352635595844468   -0.00767335559699744   -0.0041706208869608   0
0.0955653740402091   0.0655005931678589   0.0268401603328369   0.0302370335834121   0
0.0834859221911182   0.0513599480627435   -0.0120794518490908   -0.0141406451051154   0
0.0498339773065242   0.051655491876873   -0.033651944884594   0.00029554381412953   0
0.0492981089611999   0.0442563904193332   -0.00053586834532434   -0.00739910145753986   0
0.0418739239606531   0.0466438265357944   -0.00742418500054685   0.00238743611646126   0
0.0288829737105008   0.0405505741564492   -0.0129909502501523   -0.00609325237934521   0
0.0166517931440798   0.0346819940575835   -0.0122311805664209   -0.0058685800988657   0
0.0336330545510618   0.0460655248492022   0.016981261406982   0.0113835307916187   0
0.0469570502861604   0.0590471732093607   0.0133239957350986   0.0129816483601585   0
0.0309269880786209   0.0487076739156888   -0.0160300622075394   -0.0103394992936719   0
0.0283710536295543   0.0588958033140896   -0.00255593444906661   0.0101881293984008   0
0.0750611551428303   0.0887922859991294   0.0466901015132759   0.0298964826850398   0
0.108576232420849   0.0801040176158375   0.0335150772780187   -0.00868826838329183   0
0.0267093062705138   0.0795778603103501   -0.0818669261503351   -0.000526157305487399   0
0.0257220262164531   0.0646573898028188   -0.000987280054060687   -0.0149204705075313   0
0.20185873020903   0.0691010122408419   0.176136703992577   0.0044436224380231   0
0.916107262634603   0.592538701887656   0.714248532425573   0.523437689646815   0
0.74839440514618   0.453099532975529   -0.167712857488423   -0.139439168912128   0
0.642806614782331   0.421058485096218   -0.105587790363849   -0.0320410478793102   0
0.559608538493161   0.385194874519102   -0.0831980762891703   -0.0358636105771164   0
0.488107207090046   0.351486822221424   -0.0715013314031148   -0.0337080522976778   0
0.222831659961347   0.31671818108486   -0.265275547128699   -0.0347686411365642   0
0.256231563776039   0.376662303605457   0.0333999038146916   0.0599441225205969   0
0.120587445036099   0.19130268239712   -0.135644118739939   -0.185359621208337   0
0.149727793951551   0.124923330038535   0.0291403489154513   -0.0663793523585851   0
0.0986141095694526   0.100458544067894   -0.0511136843820981   -0.0244647859706405   0
0.176252252342352   0.111159159499129   0.0776381427728998   0.0107006154312351   0
0.14272473379837   0.0979068168314185   -0.0335275185439826   -0.0132523426677109   0
0.151508648722541   0.105193016127018   0.0087839149241711   0.00728619929559998   0
0.136433657611215   0.091558058737699   -0.0150749911113257   -0.0136349573893194   0
0.0985570226552095   0.0869769322626421   -0.0378766349560057   -0.00458112647505698   0
0.126341427658877   0.0832570949657917   0.0277844050036676   -0.00371983729685035   0
0.131312037853656   0.0846890235160096   0.00497061019477904   0.00143192855021794   0
0.107539299640409   0.0684526861217439   -0.0237727382132476   -0.0162363373942657   0
0.129425988799127   0.0969701488256613   0.0218866891587188   0.0285174627039174   0
0.12699110602036   0.0878949557137676   -0.00243488277876722   -0.00907519311189373   0
0.116702199895992   0.0923129457633274   -0.0102889061243682   0.00441799004955984   0
0.119723509059731   0.08754009181167   0.00302130916373937   -0.00477285395165745   0
0.0956464908896742   0.103478557592501   -0.0240770181700572   0.0159384657808313   0
0.11875774511628   0.092737307441939   0.0231112542266054   -0.0107412501505623   0
0.113480834152792   0.0781898532265077   -0.00527691096348783   -0.0145474542154313   0
0.0923457444332959   0.0815006543081319   -0.0211350897194959   0.00331080108162424   0
0.168658322699552   0.0887059225661258   0.0763125782662563   0.00720526825799392   0
0.0888120717388382   0.065459679011357   -0.079846250960714   -0.0232462435547689   0
0.107850302224667   0.0655234452626764   0.0190382304858286   6.37662513193887e-05   0
0.111289095906727   0.0781908585291209   0.00343879368206064   0.0126674132664446   0
0.0792036231815192   0.0760600483815831   -0.0320854727252083   -0.00213081014753781   0
0.0769407169154643   0.0695403961071026   -0.00226290626605481   -0.00651965227448048   0
0.08195399813023   0.0740818354432082   0.00501328121476563   0.00454143933610557   0
0.0933682419664775   0.0677487724648715   0.0114142438362476   -0.00633306297833673   0
0.0784645977028873   0.0665904558749982   -0.0149036442635903   -0.00115831658987327   0
0.106807621908414   0.0794115486163239   0.0283430242055271   0.0128210927413257   0
0.0978287519337379   0.0823084364349542   -0.00897886997467646   0.00289688781863028   0
0.0960750749280492   0.101310044940929   -0.00175367700568867   0.0190016085059753   0
0.103303383515621   0.100601094167208   0.00722830858757215   -0.000708950773721462   0
0.115960910094269   0.0882901760770418   0.0126575265786475   -0.0123109180901662   0
0.134626288668746   0.0964063144709959   0.0186653785744768   0.00811613839395407   0
0.132733579794379   0.0954101824979407   -0.00189270887436691   -0.000996131973055162   0
0.133855470094523   0.0931125475784341   0.00112189030014415   -0.0022976349195066   0
0.138789690305329   0.0850483679268049   0.00493422021080606   -0.00806417965162921   0
0.140486331254806   0.0856588675043503   0.0016966409494768   0.000610499577545387   0
0.138403280751385   0.10680395877974   -0.00208305050342064   0.0211450912753896   0
0.155229401744647   0.114869094582808   0.016826120993262   0.0080651358030677   0
0.177020218535867   0.0898375519974316   0.0217908167912199   -0.025031542585376   0
0.158239877698652   0.0367116804460728   -0.0187803408372148   -0.0531258715513588   0
0.282273593742554   0.0976654275255084   0.124033716043902   0.0609537470794355   0
0.342641612621473   0.184286875933801   0.0603680188789184   0.0866214484082923   0
0.316408252070792   0.150878959446093   -0.0262333605506808   -0.0334079164877075   0
0.399459358194488   0.109198114915809   0.0830511061236962   -0.0416808445302842   0
0.28618849654195   0.151634893521291   -0.113270861652539   0.0424367786054816   0
0.393332836921434   0.170228328114857   0.107144340379485   0.0185934345935664   0
0.284679719480534   0.188049239482225   -0.1086531174409   0.0178209113673676   0
