1.05065106148201e-14   2.29383895e-16   0   0   0
0.0156954903296952   0.0144484671247614   0.0156954903296847   0.0144484671247612   0
0.0752128405973206   0.0231958209891878   0.0595173502676254   0.00874735386442641   0
0.105228372221278   0.032460243820234   0.0300155316239575   0.00926442283104619   0
0.0860359222524427   0.0246789517188832   -0.0191924499688355   -0.00778129210135075   0
0.088649958037887   0.0140943727609594   0.00261403578544429   -0.0105845789579239   0
0.0606999044864773   0.026378207293874   -0.0279500535514097   0.0122838345329146   0
0.0533224266537181   0.0349382091285866   -0.00737747783275915   0.00856000183471266   0
0.0576773897400837   0.0316504310295018   0.00435496308636554   -0.00328777809908488   0
0.059862545797396   0.0419487247437981   0.00218515605731232   0.0102982937142964   0
0.0295609406922506   0.0424043751500579   -0.0303016051051454   0.000455650406259729   0
0.0510353129732847   0.0499586554096673   0.0214743722810341   0.0075542802596094   0
0.0142324502057544   0.0458939414579478   -0.0368028627675303   -0.00406471395171949   0
0.0269004527724996   0.0413915935537951   0.0126680025667453   -0.00450234790415266   0
0.0611218974435545   0.0675112612347804   0.0342214446710549   0.0261196676809853   0
0.0293476632191627   0.0734425984246923   -0.0317742342243918   0.00593133718991189   0
0.0939305617654079   0.0773003739179994   0.0645828985462452   0.00385777549330707   0
0.0313616324058131   0.0612909409649622   -0.0625689293595948   -0.0160094329530371   0
0.0784781684688753   0.102585634887659   0.0471165360630622   0.0412946939226969   0
0.211059997324936   0.231977548829804   0.132581828856061   0.129391913942144   0
0.220256261077043   0.153482228443336   0.0091962637521065   -0.078495320386467   0
0.15937739005949   0.284984761345489   -0.0608788710175533   0.131502532902152   0
0.0652659546018601   0.340615883274495   -0.0941114354576296   0.0556311219290066   0
0.202909056540083   0.298269494288839   0.137643101938223   -0.0423463889856563   0
0.0970743465586361   0.279743050207393   -0.105834709981447   -0.018526444081446   0
0.154153435908621   0.263003416422399   0.0570790893499849   -0.0167396337849938   0
0.187044111210463   0.262727680290284   0.0328906753018415   -0.00027573613211479   0
0.109162534805073   0.241326181680053   -0.0778815764053894   -0.0214014986102316   0
0.119317819932106   0.27751645089917   0.0101552851270334   0.0361902692191168   0
0.0983375028026625   0.267971434430189   -0.0209803171294439   -0.00954501646898021   0
0.0870187342827397   0.276185749958558   -0.0113187685199228   0.00821431552836849   0
0.116175106420989   0.257504221766533   0.0291563721382493   -0.0186815281920245   0
0.115663397334977   0.286565629257724   -0.000511709086011988   0.0290614074911902   0
0.109523385132982   0.291192430383557   -0.00614001220199514   0.00462680112583347   0
0.0791236157831992   0.276866099031787   -0.0303997693497827   -0.0143263313517697   0
0.119587715349371   0.275968607357559   0.0404640995661717   -0.00089749167422859   0
0.0996233987710263   0.233248387031183   -0.0199643165783446   -0.0427202203263755   0
0.0872548543551101   0.2669231391004   -0.0123685444159162   0.033674752069217   0
0.0981565927840895   0.292489966861379   0.0109017384289794   0.0255668277609787   0
0.0756640832402449   0.248418068465283   -0.0224925095438446   -0.0440718983960961   0
0.163970627723773   0.26531215400699   0.0883065444835284   0.0168940855417076   0
0.096330137653902   0.221830215429174   -0.0676404900698713   -0.0434819385778161   0
0.0765802545497605   0.218425338744146   -0.0197498831041415   -0.0034048766850279   0
0.0564574503765538   0.228835863326965   -0.0201228041732067   0.0104105245828185   0
0.0504044088170988   0.234739276025819   -0.00605304155945505   0.00590341269885439   0
0.0910436872607936   0.228113468055829   0.0406392784436948   -0.00662580796999029   0
0.0578532928024419   0.221690037641681   -0.0331903944583516   -0.0064234304141477   0
0.0190297322439918   0.212784863839072   -0.0388235605584502   -0.00890517380260938   0
0.0663192674674874   0.217088690310445   0.0472895352234956   0.00430382647137315   0
0.120890569459384   0.207282765958903   0.0545713019918968   -0.00980592435154218   0
0.0908465704306095   0.220226839939841   -0.0300439990287746   0.012944073980938   0
0.103458796906977   0.209742486414474   0.0126122264763677   -0.0104843535253671   0
0.0967923128340632   0.218818526746443   -0.00666648407291402   0.0090760403319691   0
0.0889149532558789   0.219585765154406   -0.00787735957818438   0.000767238407962889   0
0.038105827626172   0.219269304853062   -0.0508091256297069   -0.000316460301344079   0
0.148486306774482   0.256929090771846   0.11038047914831   0.037659785918784   0
0.271122297112457   0.439576421395482   0.122635990337974   0.182647330623636   0
1.20857054988623   1.14121176993965   0.93744825277377   0.701635348544169   0
1.5298465052465   1.30293431512797   0.321275955360276   0.161722545188322   0
1.10799350344624   1.02753317616601   -0.421853001800267   -0.275401138961963   0
0.865660490518638   0.941534400027829   -0.242333012927597   -0.0859987761381813   0
0.775705183814763   0.904587772848541   -0.0899553067038753   -0.036946627179288   0
0.833430760723517   0.907585331571968   0.057725576908754   0.00299755872342733   0
0.904718982071156   0.946668134662737   0.0712882213476386   0.0390828030907689   0
0.841775423883077   0.907225200152666   -0.0629435581880788   -0.0394429345100712   0
0.825107363466557   0.904066313837984   -0.0166680604165202   -0.00315888631468175   0
0.806831120435446   0.880677309762959   -0.0182762430311106   -0.0233890040750254   0
0.773394584960401   0.877729347196401   -0.0334365354750452   -0.0029479625665576   0
0.771602843340876   0.863428880684388   -0.00179174161952456   -0.0143004665120129   0
0.774256770655976   0.858815512762382   0.00265392731510017   -0.00461336792200662   0
0.703710358616315   0.845656433937557   -0.0705464120396612   -0.013159078824825   0
0.742848148137917   0.849827278006616   0.0391377895216016   0.00417084406905965   0
0.722192936946775   0.851690999729721   -0.0206552111911422   0.00186372172310467   0
0.735365973104206   0.840285722984919   0.0131730361574319   -0.0114052767448023   0
0.691287325964514   0.873960563186808   -0.0440786471396929   0.0336748402018889   0
