7.1054274e-15   0   0   0   0
0.0370935640908784   0.00708517718715095   0.0370935640908713   0.00708517718715095   0
0.0410295602900262   0.0121883079346278   0.00393599619914781   0.00510313074747682   0
0.0305047787709234   0.0279755517417112   -0.0105247815191028   0.0157872438070834   0
0.0553737004206605   0.0292871849454657   0.0248689216497371   0.00131163320375452   0
0.0313146029336075   0.0399667776793795   -0.024059097487053   0.0106795927339138   0
0.0688463837454844   0.0564431211434297   0.0375317808118769   0.0164763434640502   0
0.0540596971316054   0.0586982768038997   -0.014786686613879   0.00225515566047001   0
0.0389268905226366   0.0475684557795361   -0.0151328066089688   -0.0111298210243636   0
0.0303160225419305   0.0464094627032814   -0.00861086798070609   -0.00115899307625467   0
0.0684354509042684   0.0606316541263359   0.0381194283623379   0.0142221914230545   0
0.0451323347215522   0.0626534595855072   -0.0233031161827162   0.00202180545917128   0
0.079829560569119   0.064873812103075   0.0346972258475667   0.0022203525175678   0
0.0622130310625612   0.0671810762655618   -0.0176165295065578   0.00230726416248685   0
0.0612564525292137   0.0559998992937685   -0.000956578533347477   -0.0111811769717933   0
0.0681889359772812   0.0751431482765881   0.0069324834480675   0.0191432489828196   0
0.0512603796589677   0.0681956392670795   -0.0169285563183135   -0.00694750900950855   0
0.0611580130946739   0.0556650083082251   0.00989763343570627   -0.0125306309588544   0
0.0569581377060164   0.0771782109562275   -0.00419987538865754   0.0215132026480024   0
0.0365450828101034   0.0714664836796321   -0.020413054895913   -0.00571172727659541   0
0.0731590984518631   0.0879646457343323   0.0366140156417597   0.0164981620547002   0
0.0595491563571489   0.0979145764188834   -0.0136099420947141   0.00994993068455115   0
0.0452863389711087   0.0871886087508871   -0.0142628173860403   -0.0107259676679963   0
0.087624922168121   0.0916285061655811   0.0423385831970124   0.00443989741469392   0
0.0601256012450529   0.103198912966823   -0.0274993209230681   0.0115704068012417   0
0.0810870424615214   0.0952175032555311   0.0209614412164685   -0.0079814097112917   0
0.107301386017054   0.144826519581733   0.0262143435555329   0.0496090163262018   0
0.0769957488478533   0.125050803930295   -0.030305637169201   -0.0197757156514381   0
0.0538991650227056   0.109730244109082   -0.0230965838251477   -0.0153205598212126   0
0.0912433243612954   0.121909467096551   0.0373441593385898   0.0121792229874686   0
0.0503120123332245   0.106915068292488   -0.0409313120280709   -0.0149943988040628   0
0.0946151587069136   0.120100064357637   0.0443031463736891   0.013184996065149   0
0.0704329363044695   0.129488430424078   -0.0241822224024441   0.00938836606644113   0
0.0741054594375898   0.131799631068682   0.0036725231331203   0.00231120064460416   0
0.103210869062557   0.135303100198543   0.0291054096249667   0.00350346912986024   0
0.0612990884916655   0.12731144074389   -0.0419117805708911   -0.00799165945465205   0
0.0819330756052163   0.120897839115011   0.0206339871135508   -0.00641360162887959   0
0.0701210145949831   0.131661203857369   -0.0118120610102332   0.0107633647423581   0
0.088328069765063   0.142302759546543   0.0182070551700799   0.0106415556891743   0
0.0850180991952904   0.139348077973645   -0.00330997056977268   -0.00295468157289797   0
0.0599570890744502   0.128225658391443   -0.0250610101208402   -0.0111224195822019   0
0.0961195127565922   0.142226146393434   0.036162423682142   0.014000488001991   0
0.0715348361673582   0.136946040839611   -0.024584676589234   -0.00528010555382308   0
0.111788290921002   0.145789909023809   0.040253454753644   0.00884386818419722   0
0.0922975821484239   0.153370514090325   -0.0194907087725783   0.00758060506651678   0
0.0999112394519785   0.157620246197055   0.00761365730355457   0.00424973210672919   0
0.118928995408273   0.159933744032479   0.0190177559562942   0.00231349783542481   0
0.0752982700656496   0.14848061272852   -0.0436307253426231   -0.0114531313039593   0
0.115435681550203   0.159879259679549   0.0401374114845536   0.0113986469510286   0
0.0761724150975056   0.150858579200029   -0.0392632664526976   -0.00902068047951968   0
0.107096265443967   0.160412844989695   0.0309238503464616   0.00955426578966653   0
0.0863438340698362   0.165381142513122   -0.020752431374131   0.00496829752342606   0
0.0650354328418713   0.150644552986934   -0.0213084012279649   -0.0147365895261875   0
0.101448172512805   0.169248874360568   0.0364127396709336   0.0186043213736338   0
0.0727264512594985   0.163127974534072   -0.0287217212533064   -0.00612089982649552   0
0.0786955034773389   0.151707594450343   0.00596905221784041   -0.0114203800837297   0
0.10230387330438   0.164348202721945   0.0236083698270415   0.0126406082716022   0
0.0890585865951586   0.176804295191197   -0.0132452867092217   0.0124560924692522   0
0.128361385570352   0.193115972422319   0.0393027989751932   0.0163116772311223   0
0.0984436205227573   0.183616173510134   -0.0299177650475946   -0.00949979891218558   0
0.0984343713748677   0.183988669558789   -9.24914788955067e-06   0.000372496048655274   0
0.107596712253775   0.184018135379382   0.00916234087890698   2.94658205934883e-05   0
0.0761362228181515   0.179528127760272   -0.0314604894356232   -0.00449000761911031   0
0.139511067862572   0.200053872234162   0.06337484504442   0.0205257444738894   0
0.141079889023897   0.209432370765974   0.00156882116132528   0.00937849853181208   0
0.202687666377599   0.231896174788276   0.0616077773537025   0.0224638040223028   0
0.0941900495200324   0.210009500681167   -0.108497616857567   -0.02188667410711   0
0.144829856125613   0.227616262442965   0.0506398066055803   0.0176067617617985   0
0.15424164588758   0.234256701943097   0.00941178976196777   0.00664043950013166   0
0.179444258439592   0.239513164931467   0.0252026125520114   0.00525646298837079   0
0.167705537508793   0.238230235177018   -0.0117387209307993   -0.00128292975444946   0
0.185754493319272   0.25337406044768   0.0180489558104798   0.0151438252706624   0
0.167160167984518   0.241281281883828   -0.0185943253347547   -0.0120927785638527   0
0.155135317373786   0.244921279122862   -0.0120248506107315   0.00363999723903435   0
0.198094143565262   0.265577873966781   0.0429588261914761   0.0206565948439185   0
0.183547590890267   0.270951750230762   -0.0145465526749956   0.00537387626398111   0
