1.35139369025484e-14   7.690919e-17   0   0   0
0.0755327074388145   0.0494072869123977   0.075532707438801   0.0494072869123977   0
0.0744695579585695   0.0563473729529792   -0.00106314948024501   0.00694008604058145   0
0.0621767254408398   0.0381243920180277   -0.0122928325177298   -0.0182229809349515   0
0.0348943283410677   0.0302769852416363   -0.0272823970997721   -0.00784740677639139   0
0.0615626684720165   0.0452356198550005   0.0266683401309488   0.0149586346133643   0
0.0492150174708336   0.0362014781105612   -0.0123476510011829   -0.00903414174443937   0
0.0382085636895388   0.0365314465628161   -0.0110064537812948   0.000329968452254976   0
0.0541863167853714   0.0308762879329237   0.0159777530958325   -0.00565515862989239   0
0.0760277720543525   0.034229201800378   0.0218414552689812   0.00335291386745428   0
0.0592186889373325   0.0279956118096406   -0.01680908311702   -0.00623358999073738   0
0.0375019623485124   0.0320045619154345   -0.0217167265888201   0.00400895010579384   0
0.099245676599293   0.0548727730484984   0.0617437142507806   0.0228682111330639   0
0.0936453991093737   0.0474829524072979   -0.00560027748991936   -0.00738982064120049   0
0.0493795209936584   0.0486328754840297   -0.0442658781157152   0.00114992307673176   0
0.0380009963196493   0.0427600123399221   -0.0113785246740091   -0.00587286314410754   0
0.0601451255188451   0.0504509836951674   0.0221441291991957   0.00769097135524525   0
0.107431912721309   0.0470121401077712   0.0472867872024637   -0.00343884358739617   0
0.119897939773156   0.0494995985425243   0.0124660270518475   0.00248745843475307   0
0.111831764624803   0.0745376462393738   -0.00806617514835364   0.0250380476968495   0
0.107206076531013   0.0457126448730688   -0.00462568809378933   -0.028825001366305   0
0.113939693444101   0.0640021581091007   0.00673361691308784   0.0182895132360319   0
0.137308993262286   0.0703255414687146   0.0233692998181844   0.00632338335961383   0
0.129619655704479   0.0865347239991101   -0.00768933755780629   0.0162091825303955   0
0.10576004813639   0.0748110325952531   -0.0238596075680895   -0.011723691403857   0
0.0992820024014824   0.0833332528540303   -0.00647804573490741   0.00852222025877718   0
0.17028398051173   0.0811698269547197   0.0710019781102473   -0.00216342589931057   0
0.101323624574353   0.058514822955992   -0.0689603559373768   -0.0226550039987277   0
0.0844254990782443   0.0630025152978556   -0.0168981254961087   0.00448769234186361   0
0.0920725244719865   0.0749774630682547   0.00764702539374218   0.011974947770399   0
0.132209036735709   0.0873021758722319   0.0401365122637222   0.0123247128039773   0
0.126658329317674   0.0768236965240874   -0.00555070741803451   -0.0104784793481445   0
0.105257670799632   0.0758733779633793   -0.0214006585180417   -0.000950318560708152   0
0.0783415301272178   0.096355261438259   -0.0269161406724146   0.0204818834748798   0
0.0943913237191118   0.124046220193656   0.016049793591894   0.0276909587553968   0
0.0964022372162388   0.096771953572054   0.00201091349712704   -0.0272742666216019   0
0.0593270003725962   0.121845352212907   -0.0370752368436426   0.0250733986408535   0
0.0791341918180836   0.141921610368671   0.0198071914454875   0.0200762581557637   0
0.0809212788933554   0.111465565454629   0.00178708707527174   -0.0304560449140424   0
0.136183260923581   0.0903397078655008   0.0552619820302261   -0.021125857589128   0
0.110875086960219   0.0805239854070913   -0.0253081739633627   -0.0098157224584095   0
0.0906829686205269   0.0991600295352476   -0.0201921183396919   0.0186360441281563   0
0.134270219408628   0.0957790353470425   0.043587250788101   -0.00338099418820512   0
0.147883135803514   0.0843204962125021   0.0136129163948861   -0.0114585391345404   0
0.119316480035086   0.0838151347117886   -0.0285666557684281   -0.000505361500713508   0
0.0702481072419832   0.0951312971008118   -0.0490683727931027   0.0113161623890232   0
0.0880332958898388   0.0773552709345639   0.0177851886478556   -0.0177760261662479   0
0.124693889037735   0.0652596720879377   0.0366605931478959   -0.0120955988466263   0
0.106306353101403   0.0847740850222455   -0.0183875359363321   0.0195144129343078   0
0.147449401277424   0.0792373355404785   0.0411430481760209   -0.00553674948176697   0
0.176618166743559   0.0805899750853053   0.0291687654661354   0.00135263954482681   0
0.126114152998071   0.0709762813158814   -0.0505040137454882   -0.00961369376942386   0
0.100504219491028   0.0628967662349029   -0.0256099335070425   -0.00807951508097851   0
0.125726067837323   0.0746648420738943   0.0252218483462944   0.0117680758389913   0
0.141343422697983   0.0721944550724231   0.01561735486066   -0.00247038700147117   0
0.152741008026742   0.068691371306542   0.0113975853287597   -0.00350308376588113   0
0.136586193460926   0.0669136667056303   -0.0161548145658159   -0.00177770460091163   0
0.123419205887886   0.0609937225031361   -0.0131669875730403   -0.00591994420249428   0
0.140635256044992   0.0469950911791364   0.0172160501571062   -0.0139986313239997   0
0.132678381740049   0.0594588570195822   -0.00795687430494291   0.0124637658404458   0
0.124841195155896   0.0667749277853824   -0.00783718658415318   0.00731607076580023   0
0.106814939040852   0.0590838910450146   -0.0180262561150445   -0.00769103674036777   0
0.17772220584311   0.0685517187175282   0.0709072668022582   0.00946782767251358   0
