1.98198258142815e-14   2.16063645e-16   0   0   0
0.129553252245824   0.106910898701224   0.129553252245804   0.106910898701223   0
0.0642981033187412   0.0717910009925882   -0.0652551489270829   -0.0351198977086354   0
0.0426896168688994   0.0709325416748311   -0.0216084864498418   -0.000858459317757035   0
0.0627177703820357   0.0936648332039457   0.0200281535131363   0.0227322915291146   0
0.0916905277916208   0.105873884990626   0.0289727574095851   0.0122090517866799   0
0.0856001486157512   0.116918837408635   -0.00609037917586963   0.011044952418009   0
0.097597586299015   0.139323164592534   0.0119974376832638   0.0224043271838991   0
0.118438603848756   0.150928669224876   0.0208410175497411   0.0116055046323425   0
0.0939809258773176   0.141467507250144   -0.0244576779714385   -0.0094611619747319   0
0.122189004038217   0.17133919824502   0.0282080781608991   0.0298716909948753   0
0.129825848002465   0.185123109332945   0.00763684396424792   0.0137839110879255   0
0.133892103345123   0.179332474651531   0.00406625534265828   -0.00579063468141375   0
0.12947486738952   0.194088185460208   -0.00441723595560323   0.0147557108086766   0
0.150916606168489   0.213173640388702   0.0214417387789698   0.019085454928494   0
0.162778916850578   0.228487689759466   0.0118623106820881   0.0153140493707635   0
0.170754443622988   0.243751522629721   0.00797552677241084   0.0152638328702557   0
0.165670726321409   0.247159911758227   -0.00508371730157892   0.00340838912850536   0
0.185440286114996   0.258402986934855   0.0197695597935864   0.0112430751766287   0
0.173044680334054   0.258715508649152   -0.0123956057809416   0.000312521714296132   0
0.169802669344438   0.273591931871922   -0.00324201098961574   0.0148764232227709   0
0.168087198402727   0.264675007708133   -0.00171547094171148   -0.00891692416378909   0
0.208225919395906   0.302183454762056   0.0401387209931792   0.0375084470539229   0
0.200881175723045   0.307004848579101   -0.00734474367286156   0.00482139381704433   0
0.183994135147203   0.289096495414982   -0.0168870405758419   -0.0179083531641191   0
0.20330293242734   0.306273040233066   0.0193087972801373   0.0171765448180844   0
0.200280395810816   0.308988297126365   -0.00302253661652374   0.00271525689329905   0
0.211496543858218   0.337444705215379   0.0112161480474012   0.0284564080890138   0
0.216720694303464   0.337407155634685   0.00522415044524693   -3.7549580693963e-05   0
0.223820193808263   0.342091302769258   0.00709949950479832   0.00468414713457277   0
0.251876541240621   0.356010505225361   0.0280563474323578   0.013919202456103   0
0.286673768338761   0.371191924598522   0.0347972270981408   0.0151814193731611   0
0.28701054107942   0.381614933727711   0.000336772740658853   0.0104230091291894   0
0.286979347647278   0.393738207181346   -3.11934321420848e-05   0.0121232734536352   0
0.291936394713764   0.406668448417771   0.00495704706648592   0.0129302412364248   0
0.285512798162182   0.41795369453119   -0.00642359655158248   0.0112852461134192   0
0.315270317837106   0.447434690843961   0.0297575196749247   0.029480996312771   0
0.324105470552931   0.464286697304051   0.0088351527158248   0.0168520064600893   0
0.31462654196337   0.449151178684324   -0.00947892858956062   -0.0151355186197268   0
0.331347822058375   0.471346727537538   0.0167212800950047   0.0221955488532137   0
0.359650801654348   0.491274752286077   0.0283029795959733   0.0199280247485396   0
0.358043645910593   0.487431431181086   -0.00160715574375558   -0.00384332110499097   0
0.362418139031086   0.496940102194255   0.00437449312049315   0.00950867101316916   0
0.37313555536764   0.515470867237619   0.0107174163365542   0.0185307650433633   0
0.36966192984843   0.513599074419652   -0.00347362551920977   -0.0018717928179669   0
0.369586508902402   0.515322400235911   -7.5420946028748e-05   0.00172332581625878   0
0.311165143383157   0.453596792838428   -0.058421365519245   -0.061725607397483   0
0.360892326144825   0.517884261742065   0.0497271827616688   0.0642874689036373   0
0.402654939488082   0.554124831858932   0.0417626133432565   0.0362405701168674   0
0.378925966956999   0.546448527784355   -0.0237289725310826   -0.00767630407457753   0
0.400146348937666   0.556107802481946   0.0212203819806668   0.00965927469759109   0
0.409765723225672   0.567179637752124   0.00961937428800574   0.0110718352701777   0
0.386558982467628   0.552468053117577   -0.0232067407580436   -0.0147115846345466   0
0.394494165325205   0.561426417042406   0.00793518285757716   0.00895836392482885   0
0.40964973214557   0.56470284382082   0.0151555668203646   0.00327642677841455   0
0.419959757637799   0.566475165827315   0.0103100254922289   0.00177232200649435   0
0.423264011992888   0.574537589715251   0.00330425435508935   0.00806242388793621   0
0.443619790571999   0.581588750226781   0.0203557785791111   0.00705116051152999   0
0.463978419536054   0.611763813990127   0.020358628964055   0.0301750637633459   0
0.448591370504975   0.602695499822694   -0.0153870490310798   -0.00906831416743303   0
0.451340609302635   0.612473720093688   0.00274923879766048   0.00977822027099418   0
0.463163950004683   0.615414665131645   0.011823340702048   0.00294094503795683   0
0.472925730750069   0.623830481896914   0.00976178074538603   0.00841581676526926   0
0.445905382610621   0.593791958320923   -0.0270203481394479   -0.0300385235759912   0
0.47756374358742   0.623116175070803   0.0316583609767992   0.0293242167498799   0
0.480551649969575   0.627275094894521   0.00298790638215468   0.0041589198237183   0
0.497135298224147   0.643858066299559   0.0165836482545721   0.0165829714050382   0
0.493684635816421   0.641570000153996   -0.00345066240772579   -0.00228806614556321   0
0.508119500569141   0.658894071832644   0.0144348647527199   0.0173240716786481   0
0.50011343765818   0.655904356935043   -0.00800606291096184   -0.0029897148976008   0
0.451637449186376   0.647752908706836   -0.0484759884718038   -0.00815144822820701   0
0.477469188300563   0.652459231854391   0.0258317391141877   0.00470632314755448   0
0.482452938540158   0.638299949691271   0.00498375023959491   -0.0141592821631201   0
0.502337411745772   0.668276020156654   0.0198844732056135   0.0299760704653834   0
