8.7049781e-15   2.5995579e-16   0   0   0
0.0673193646611016   0.0285787869415866   0.0673193646610929   0.0285787869415863   0
0.0271117148922054   0.0345735429961679   -0.0402076497688962   0.00599475605458135   0
0.0487134209351302   0.0739774781670361   0.0216017060429249   0.0394039351708681   0
0.0307483420759435   0.0455762426176976   -0.0179650788591867   -0.0284012355493385   0
0.0379230757411552   0.0440869144694143   0.00717473366521164   -0.00148932814828333   0
0.0347157483644644   0.0626451247003078   -0.00320732737669077   0.0185582102308935   0
0.0368096381485664   0.0663580628197047   0.00209388978410199   0.00371293811939689   0
0.0456596175821795   0.0707469849625707   0.00884997943361314   0.00438892214286601   0
0.0432201201549683   0.0789877352119697   -0.00243949742721119   0.00824075024939901   0
0.0305613447941496   0.0631197602475769   -0.0126587753608188   -0.0158679749643928   0
0.0401822815272222   0.0723041406489379   0.00962093673307258   0.00918438040136103   0
0.0647150831563082   0.0688719226746558   0.0245328016290861   -0.00343221797428213   0
0.0638772542254799   0.097427290614321   -0.000837828930828358   0.0285553679396651   0
0.0339697416839779   0.115879334690645   -0.029907512541502   0.0184520440763235   0
0.0513811478208343   0.0869839839214354   0.0174114061368564   -0.0288953507692091   0
0.0512869340075312   0.108421306457194   -9.42138133030804e-05   0.0214373225357588   0
0.053680601723406   0.101596178351679   0.00239366771587482   -0.00682512810551503   0
0.0619444900485928   0.093677646054631   0.0082638883251868   -0.00791853229704817   0
0.0660557347691323   0.0922667536415552   0.00411124472053943   -0.00141089241307586   0
0.0694666529229249   0.0997423627869144   0.00341091815379263   0.0074756091453592   0
0.0506089100248412   0.100894548555964   -0.0188577428980837   0.00115218576904974   0
0.0794958516764722   0.0943585808692416   0.028886941651631   -0.00653596768672247   0
0.0761500541653421   0.113911379068529   -0.00334579751113009   0.0195527981992871   0
0.0917288333632342   0.121078581000827   0.0155787791978921   0.007167201932298   0
0.111934025719577   0.107172330778492   0.0202051923563425   -0.0139062502223342   0
0.0804680305561711   0.135565447637629   -0.0314659951634056   0.0283931168591365   0
0.105111839238593   0.123801555984154   0.0246438086824218   -0.0117638916534754   0
0.104276202591522   0.146975983770182   -0.000835636647070717   0.0231744277860286   0
0.130789489414761   0.129668307309258   0.0265132868232392   -0.0173076764609243   0
0.0831007132744358   0.127230414586508   -0.0476887761403256   -0.00243789272275008   0
0.101277810316301   0.12219846271942   0.0181770970418649   -0.00503195186708796   0
0.118154351673171   0.128259916320284   0.0168765413568706   0.0060614536008641   0
0.0954669559881492   0.138896863257291   -0.0226873956850221   0.0106369469370073   0
0.123128049739772   0.114051273771718   0.0276610937516225   -0.024845589485573   0
0.100890269686429   0.157348425115451   -0.0222377800533426   0.0432971513437331   0
0.14130502228766   0.140149696515232   0.0404147526012306   -0.017198728600219   0
0.130247412979196   0.1758855094869   -0.0110576093084641   0.0357358129716675   0
0.155140882089035   0.159447544727487   0.0248934691098395   -0.0164379647594126   0
0.13802643992165   0.171691407267338   -0.0171144421673855   0.0122438625398511   0
0.138164378385548   0.172573224117212   0.00013793846389859   0.000881816849873762   0
0.144113642662994   0.158800885023685   0.00594926427744574   -0.0137723390935274   0
0.136366363448414   0.178184445005819   -0.00774727921457991   0.019383559982134   0
0.14485146208467   0.182772687746031   0.00848509863625582   0.00458824274021188   0
0.190607969380603   0.166195833951814   0.0457565072959329   -0.0165768537942164   0
0.176767510565004   0.189278811913597   -0.0138404588155988   0.0230829779617827   0
0.190885289603688   0.170170651324027   0.0141177790386836   -0.0191081605895696   0
0.177355460114061   0.184827895562003   -0.013529829489627   0.0146572442379758   0
0.175182690577801   0.183067869542924   -0.00217276953625911   -0.00176002601907888   0
0.211305272849787   0.173772018116182   0.0361225822719858   -0.00929585142674205   0
0.191246919499344   0.198433597568554   -0.0200583533504429   0.0246615794523717   0
0.213206235267779   0.177476345451393   0.0219593157684348   -0.0209572521171611   0
0.162405657086736   0.183074258637995   -0.0508005781810427   0.00559791318660166   0
0.195791226210059   0.177015814785749   0.0333855691233221   -0.00605844385224508   0
0.179633733412677   0.183223106627941   -0.0161574927973818   0.00620729184219179   0
0.161508570844471   0.179138621317294   -0.0181251625682056   -0.00408448531064765   0
0.191228611853397   0.161338888887899   0.0297200410089255   -0.0177997324293943   0
0.191284563104955   0.170082870640584   5.59512515580785e-05   0.00874398175268509   0
0.1831598220951   0.190919699163643   -0.00812474100985464   0.0208368285230582   0
0.179154144131568   0.188005105022045   -0.00400567796353238   -0.00291459414159762   0
0.167163259639558   0.185227525187914   -0.0119908844920096   -0.00277757983413071   0
0.159408993182619   0.191098629745915   -0.00775426645693955   0.00587110455800038   0
0.17779809900228   0.200119924748084   0.0183891058196612   0.00902129500216978   0
0.165646842466018   0.216135512633712   -0.0121512565362613   0.0160155878856272   0
0.150259982206635   0.214040862763249   -0.0153868602593833   -0.00209464987046251   0
0.158855125494246   0.222864640471861   0.00859514328761141   0.0088237777086122   0
0.173726988343625   0.221869061198764   0.0148718628493785   -0.000995579273097791   0
0.167803250421872   0.225522801846669   -0.00592373792175269   0.00365374064790513   0
0.154072253928678   0.235437563302989   -0.0137309964931941   0.00991476145632039   0
0.143627816164264   0.258648985022687   -0.0104444377644141   0.0232114217196984   0
0.128560321954104   0.256655676924123   -0.0150674942101605   -0.00199330809856496   0
0.132371467310757   0.246817875757515   0.00381114535665322   -0.00983780116660751   0
0.144913883644616   0.267357172827677   0.012542416333859   0.0205392970701618   0
0.178343313567599   0.261568676240247   0.0334294299229828   -0.00578849658743025   0
0.166190119725038   0.267223555978818   -0.0121531938425611   0.00565487973857159   0
0.12437864412752   0.272669164664861   -0.0418114755975172   0.00544560868604321   0
0.172637629495935   0.260400487887597   0.0482589853684145   -0.0122686767772647   0
0.176722542269035   0.279585003287955   0.00408491277309969   0.019184515400358   0
0.172022248078617   0.289094426917731   -0.00470029419041729   0.00950942362977608   0
