0   0   0   0   0
0.0177880955579534   0.00799431275965126   0.0177880955579534   0.00799431275965126   0
0.0223514082119511   0.0155826542336502   0.00456331265399765   0.00758834147399899   0
0.0263977435439323   0.0213302587858644   0.00404633533198118   0.00574760455221414   0
0.0803611200140005   0.0538208236136413   0.0539633764700682   0.0324905648277769   0
0.0633342576608331   0.0254747411332901   -0.0170268623531674   -0.0283460824803512   0
0.0994048375424714   0.067104737687584   0.0360705798816383   0.0416299965542939   0
0.12651281303532   0.045044133542001   0.0271079754928491   -0.022060604145583   0
0.115760905536563   0.0343389838643088   -0.0107519074987574   -0.0107051496776922   0
0.121423572175632   0.0506880730116488   0.00566266663906857   0.01634908914734   0
0.154278475833309   0.037539316392065   0.0328549036576769   -0.0131487566195838   0
0.124142309415684   0.0292843954861264   -0.0301361664176244   -0.00825492090593859   0
0.153242784956961   0.0233714761714717   0.0291004755412764   -0.00591291931465472   0
0.163174687428959   0.0374216291402274   0.0099319024719981   0.0140501529687557   0
0.171103901206748   0.056254026423027   0.0079292137777891   0.0188323972827996   0
0.122330021194188   0.0499520036321249   -0.0487738800125601   -0.00630202279090205   0
0.137403241439125   0.0367993003494194   0.0150732202449372   -0.0131527032827055   0
0.186474016502097   0.0232072062437881   0.0490707750629726   -0.0135920941056313   0
0.159327720730721   0.0352485121974463   -0.0271462957713761   0.0120413059536581   0
0.165633659010332   0.0400774296293382   0.00630593827961082   0.00482891743189192   0
0.204740544043545   0.0690031357010355   0.039106885033213   0.0289257060716973   0
0.195896632509599   0.0892001702403223   -0.00884391153394581   0.0201970345392868   0
0.200199643056794   0.0705229497978372   0.00430301054719451   -0.0186772204424851   0
0.230048195248228   0.05746423407151   0.0298485521914345   -0.0130587157263272   0
0.223178456996461   0.098818936532727   -0.00686973825176757   0.041354702461217   0
0.190534293345173   0.0972544377875162   -0.0326441636512872   -0.00156449874521079   0
0.222758925353965   0.0793083035860352   0.0322246320087917   -0.0179461342014809   0
0.251053722266636   0.112251883645979   0.0282947969126713   0.0329435800599441   0
0.206781232481973   0.128667267080266   -0.0442724897846634   0.0164153834342868   0
0.220753877991888   0.113857582376236   0.0139726455099147   -0.0148096847040299   0
0.255155975632765   0.121665187971326   0.0344020976408775   0.00780760559508978   0
0.223043203269471   0.158930438683245   -0.0321127723632938   0.0372652507119185   0
0.227295361677273   0.137113309805077   0.00425215840780191   -0.0218171288781672   0
0.257914926630125   0.151279425298368   0.0306195649528514   0.0141661154932908   0
0.266757039873305   0.143574834443334   0.00884211324318063   -0.00770459085503436   0
0.262811384935704   0.144933539052641   -0.00394565493760152   0.00135870460930718   0
0.259958727357639   0.136927695556836   -0.0028526575780648   -0.00800584349580546   0
0.295100677706543   0.148915774268686   0.0351419503489036   0.0119880787118509   0
0.308457931259408   0.140186812370046   0.0133572535528653   -0.00872896189864084   0
0.31980278647306   0.125680088756833   0.0113448552136525   -0.0145067236132122   0
0.344265781628885   0.124937618904359   0.0244629951558247   -0.00074246985247442   0
0.326333612507027   0.124446072945051   -0.0179321691218584   -0.000491545959308046   0
0.223609787889591   0.0850139497028647   -0.102723824617436   -0.0394321232421863   0
0.250220629813362   0.0744933588420345   0.0266108419237713   -0.0105205908608302   0
0.29704277783085   0.125232779738619   0.0468221480174876   0.0507394208965843   0
0.267064270966105   0.120515517893654   -0.029978506864745   -0.00471726184496478   0
0.321954290896664   0.100797188053968   0.0548900199305599   -0.0197183298396859   0
0.358406065754325   0.134127247099481   0.0364517748576608   0.0333300590455133   0
0.292917236297244   0.146779304338454   -0.0654888294570814   0.0126520572389724   0
0.328897311594693   0.119856089354903   0.0359800752974487   -0.0269232149835513   0
0.339863826492994   0.147582404560006   0.0109665148983014   0.0277263152051035   0
0.30101091916767   0.179247191740329   -0.0388529073253243   0.0316647871803225   0
0.301849003100893   0.152125473814892   0.000838083933223155   -0.0271217179254366   0
0.32817904660543   0.152107075104625   0.026330043504537   -1.83987102670702e-05   0
0.305177081445315   0.209419798999407   -0.0230019651601147   0.0573127238947821   0
0.300947281443629   0.196346416262645   -0.00422980000168671   -0.0130733827367619   0
0.329577657214816   0.184759377939252   0.0286303757711878   -0.0115870383233928   0
0.351719551329066   0.182254212940212   0.0221418941142498   -0.00250516499904016   0
0.31315301117397   0.226783713536266   -0.0385665401550957   0.0445295005960537   0
0.233313955060406   0.227471131554182   -0.0798390561135639   0.000687418017916469   0
0.247777482388071   0.187575561971368   0.014463527327664   -0.0398955695828141   0
0.268422295203356   0.178160734954668   0.0206448128152858   -0.00941482701669985   0
0.27648879338428   0.227925180379198   0.00806649818092398   0.0497644454245301   0
0.283296917767461   0.232163006524667   0.00680812438318035   0.00423782614546861   0
0.306903190702168   0.224981194632013   0.0236062729347074   -0.00718181189265382   0
0.364541640378819   0.225121077705789   0.0576384496766505   0.000139883073776104   0
0.314109901579506   0.21034697542376   -0.0504317387993126   -0.0147741022820291   0
0.323537068467937   0.199925744369642   0.0094271668884312   -0.0104212310541179   0
0.353774311865384   0.225366697705902   0.0302372433974473   0.0254409533362597   0
0.344053681660081   0.222587517856999   -0.00972063020530345   -0.0027791798489033   0
0.3268761349842   0.219809610412519   -0.0171775466758807   -0.00277790744447937   0
0.336579680808266   0.203666615250612   0.00970354582406613   -0.0161429951619074   0
0.307119047926152   0.183032287762795   -0.0294606328821145   -0.0206343274878169   0
0.335545093854758   0.180599297692752   0.0284260459286065   -0.00243299007004252   0
0.321934409372603   0.178452977658644   -0.0136106844821551   -0.00214632003410881   0
0.348626818034744   0.166897037822554   0.0266924086621407   -0.01155593983609   0
0.360222823770206   0.171696350272569   0.0115960057354617   0.00479931245001541   0
