1.51165818818509e-14   4.77875e-16   0   0   0
0.0710915618270458   0.00817209694566242   0.0710915618270307   0.00817209694566194   0
0.0332068737639014   0.00688739513051747   -0.0378846880631444   -0.00128470181514495   0
0.0397449157207718   0.0120492057339325   0.00653804195687039   0.00516181060341502   0
0.0463964799936334   0.00940409567801253   0.00665156427286163   -0.00264511005591996   0
0.0227977657885757   0.0178516415980752   -0.0235987142050578   0.0084475459200627   0
0.0276970843705451   0.0149405935772428   0.00489931858196948   -0.00291104802083244   0
0.0656058609099574   0.00623071021552273   0.0379087765394123   -0.00870988336172006   0
0.0313077195264817   0.014638666015659   -0.0342981413834757   0.00840795580013631   0
0.0301710023738884   0.0337509764447316   -0.00113671715259334   0.0191123104290725   0
0.0728156082130755   0.0181996652138813   0.0426446058391872   -0.0155513112308503   0
0.0486520366289053   0.0226251589063899   -0.0241635715841703   0.00442549369250864   0
0.0553795086290833   0.0334780546094263   0.00672747200017799   0.0108528957030364   0
0.077198850060831   0.0173193962338005   0.0218193414317478   -0.0161586583756257   0
0.0673848389752999   0.0271154059795478   -0.00981401108553111   0.00979600974574727   0
0.0551599544801992   0.0381802939008843   -0.0122248844951007   0.0110648879213365   0
0.0903551603207629   0.060519447663724   0.0351952058405637   0.0223391537628397   0
0.0652153074434661   0.0761704742678144   -0.0251398528772967   0.0156510266040904   0
0.101628934960541   0.106293380230752   0.0364136275170747   0.0301229059629376   0
0.103782568156641   0.0762358625380461   0.00215363319609981   -0.0300575176927059   0
0.0892336935990892   0.0981161136623345   -0.0145488745575514   0.0218802511242884   0
0.0994355848141804   0.0667160294533997   0.0102018912150912   -0.0314000842089348   0
0.0785215748595745   0.0664761053324224   -0.0209140099546059   -0.000239924120977369   0
0.073584894457604   0.0747789851380065   -0.00493668040197055   0.00830287980558411   0
0.0909111372394172   0.0573765566428951   0.0173262427818132   -0.0174024284951114   0
0.0694594171728688   0.0634554106608016   -0.0214517200665483   0.00607885401790657   0
0.0891606898580896   0.0932243257028556   0.0197012726852208   0.029768915042054   0
0.0886984913760151   0.0843098107022905   -0.000462198482074544   -0.00891451500056518   0
0.0821553761360081   0.0968985009403832   -0.00654311524000704   0.0125886902380928   0
0.0904854035040265   0.0920839565473862   0.00833002736801843   -0.00481454439299704   0
0.0876622829263455   0.0717034197180556   -0.00282312057768096   -0.0203805368293306   0
0.0781293847720732   0.0731552415919077   -0.00953289815427234   0.00145182187385204   0
0.0951455688603757   0.0708550945503296   0.0170161840883025   -0.00230014704157806   0
0.103427916175735   0.0653418250483215   0.00828234731535882   -0.00551326950200809   0
0.0811728217422298   0.0743444961524097   -0.0222550944335047   0.00900267110408816   0
0.0853017489310347   0.0754086760693834   0.00412892718880482   0.00106417991697369   0
0.109387673468447   0.0645903844877094   0.0240859245374126   -0.010818291581674   0
0.0905651050401764   0.0797566010691393   -0.0188225684282709   0.0151662165814299   0
0.0891983954691969   0.0795547144373624   -0.00136670957097948   -0.000201886631776893   0
0.118769467394709   0.0709283088038991   0.0295710719255121   -0.0086264056334633   0
0.092418212838932   0.0720151149669447   -0.026351254555777   0.00108680616304559   0
0.093700122786169   0.0839978780610576   0.00128190994723708   0.0119827630941129   0
0.115372508015252   0.0624966689858573   0.0216723852290831   -0.0215012090752003   0
0.0876462022165362   0.0810444590433616   -0.0277263057987159   0.0185477900575043   0
0.101240997564542   0.0674561637177975   0.013594795348006   -0.0135882953255641   0
0.124765353787546   0.0689242413161762   0.023524356223004   0.00146807759837876   0
0.0899504884766088   0.0746456852133565   -0.0348148653109374   0.00572144389718025   0
0.0857478351065086   0.0802856308561335   -0.00420265337010016   0.00563994564277696   0
0.121641439498433   0.0618694258128498   0.0358936043919241   -0.0184162050432837   0
0.0952840648773636   0.0656287396718561   -0.0263573746210692   0.00375931385900634   0
0.0936631205758684   0.0655163180497144   -0.00162094430149522   -0.000112421622141687   0
0.119151745142493   0.0572947036534724   0.0254886245666249   -0.00822161439624207   0
0.0932224679049301   0.0635334172386871   -0.0259292772375632   0.00623871358521472   0
0.0944016064336992   0.0671013853917742   0.00117913852876912   0.00356796815308709   0
0.114286550322775   0.0661491921988792   0.019884943889076   -0.000952193192895023   0
0.115207560591085   0.069651521869671   0.000921010268310068   0.00350232967079188   0
0.112185276882346   0.0662392845433385   -0.00302228370873928   -0.0034122373263325   0
0.099821419312091   0.0666940420050672   -0.0123638575702549   0.000454757461728711   0
0.117402066279538   0.0570926914256366   0.0175806469674468   -0.00960135057943062   0
0.0974819254602821   0.0593652898575333   -0.0199201408192557   0.00227259843189666   0
0.110076913716331   0.0585979257006207   0.0125949882560486   -0.000767364156912552   0
0.114409780140209   0.0655510718204796   0.00433286642387806   0.00695314611985887   0
0.0947194491621571   0.0613367994435914   -0.0196903309780516   -0.00421427237688816   0
0.0946792854684046   0.0637822690682987   -4.01636937524819e-05   0.00244546962470727   0
0.128956979992671   0.0609071330305708   0.0342776945242667   -0.00287513603772794   0
0.0896969939905615   0.0671985214401224   -0.0392599860021098   0.00629138840955162   0
0.0994335161558088   0.0713280894576707   0.00973652216524737   0.00412956801754831   0
0.133878576412596   0.0730098663886394   0.0344450602567876   0.00168177693096873   0
0.124864976467732   0.0713592990240732   -0.00901359994486403   -0.00165056736456619   0
0.104751202237819   0.0670831375690798   -0.0201137742299138   -0.00427616145499346   0
0.134305940509778   0.0756166328305887   0.0295547382719591   0.00853349526150887   0
0.137091874223552   0.0836712408389763   0.002785933713774   0.00805460800838763   0
0.109282760965252   0.0726276754757415   -0.0278091132582995   -0.0110435653632348   0
0.127451964725742   0.0682340321237311   0.0181692037604894   -0.00439364335201048   0
0.139957973424896   0.0787767953391287   0.0125060086991539   0.0105427632153976   0
0.125282440549387   0.0854406577557081   -0.0146755328755084   0.00666386241657943   0
0.157516894805119   0.0871362078752289   0.0322344542557315   0.00169555011952076   0
0.141256656973199   0.0905211650575274   -0.0162602378319198   0.00338495718229853   0
0.143171524022306   0.0910295617199413   0.00191486704910757   0.000508396662413896   0
0.172624172980018   0.10658494427947   0.0294526489577117   0.0155553825595284   0
