1.89688928044552e-14   3.8518599e-32   0   0   0
0.499742238543714   0.250786608921424   0.499742238543695   0.250786608921424   0
0.723743475270514   0.535415450138072   0.2240012367268   0.284628841216648   0
0.863640000959645   0.817543149613714   0.139896525689131   0.282127699475642   0
0.991199149699684   0.900409330382789   0.127559148740039   0.0828661807690753   0
0.90911618550587   0.870372682816039   -0.0820829641938134   -0.0300366475667505   0
0.966081603864162   0.975010705209772   0.0569654183582919   0.104638022393733   0
0.981931608028635   0.908080563776999   0.0158500041644725   -0.0669301414327732   0
0.919296518606834   0.838265418578406   -0.0626350894218006   -0.0698151451985929   0
0.702441476048438   0.849318618748486   -0.216855042558397   0.0110532001700806   0
0.59238486517597   0.788260375667339   -0.110056610872468   -0.0610582430811474   0
0.795646735879408   0.818255796274323   0.203261870703438   0.029995420606984   0
0.938959792454489   0.838087675466852   0.14331305657508   0.0198318791925289   0
0.991598606566485   0.914000781150804   0.052638814111996   0.0759131056839518   0
1.12912758118331   0.993323360422588   0.137528974616823   0.0793225792717839   0
1.04334118893228   0.874009082637046   -0.0857863922510322   -0.119314277785542   0
1.2435975636494   1.01571821374656   0.200256374717126   0.141709131109516   0
1.30401577480955   1.17088998667308   0.0604182111601537   0.15517177292652   0
1.41336128313032   1.1745587028931   0.109345508320765   0.00366871622001685   0
1.62011498636473   1.34675176293486   0.20675370323441   0.17219306004176   0
1.57315263937483   1.32260099339452   -0.0469623469898959   -0.0241507695403391   0
1.61639603712442   1.33052896311941   0.0432433977495825   0.00792796972488841   0
1.67250508119148   1.45675045941671   0.0561090440670657   0.1262214962973   0
1.81528687170771   1.41095268032835   0.142781790516223   -0.0457977790883586   0
1.81868358039358   1.40582184719293   0.00339670868586994   -0.00513083313541984   0
1.71747023384722   1.33370416351997   -0.101213346546354   -0.0721176836729573   0
1.81862910474217   1.37638183172856   0.10115887089495   0.0426776682085916   0
1.69111052494763   1.38635428569086   -0.127518579794541   0.00997245396229318   0
1.8310256986164   1.52036815343178   0.13991517366877   0.134013867740923   0
1.876198115017   1.42671109439072   0.0451724164005991   -0.0936570590410619   0
1.86730390624514   1.31684422413577   -0.00889420877186331   -0.109866870254951   0
1.87244528062602   1.35248283912784   0.00514137438088569   0.0356386149920698   0
1.83202264802001   1.51034595016548   -0.0404226326060102   0.157863111037642   0
1.86980820676454   1.51508325143503   0.0377855587445255   0.00473730126955374   0
1.97405668972841   1.48059683068961   0.10424848296387   -0.0344864207454207   0
1.81748731387491   1.5385678912177   -0.156569375853499   0.0579710605280845   0
1.88457745010621   1.57848891899307   0.0670901362313043   0.039921027775373   0
1.88865186858709   1.47514099066781   0.0040744184808732   -0.103347928325255   0
2.47439210344728   1.7886373559746   0.585740234860197   0.313496365306785   0
2.42449320819563   1.80801723607308   -0.0498988952516495   0.0193798800984863   0
2.46629138845625   1.75374248375915   0.0417981802606158   -0.0542747523139386   0
2.25046555723227   1.88174655178844   -0.215825831223979   0.128004068029291   0
1.93251792618758   1.71812780962022   -0.317947631044691   -0.163618742168216   0
1.66905551440236   1.61050942025417   -0.263462411785224   -0.107618389366055   0
1.80274414071324   1.64789134171771   0.133688626310887   0.0373819214635431   0
1.83084537056769   1.75966899652312   0.0281012298544445   0.11177765480541   0
1.94232580648615   1.80299633592204   0.111480435918462   0.0433273393989209   0
1.74731027519625   1.60975788226368   -0.195015531289901   -0.193238453658361   0
1.71542368497447   1.65074504787732   -0.0318865902217751   0.0409871656136374   0
2.1294100055439   1.58553774533712   0.41398632056943   -0.0652073025401942   0
2.18995825696387   1.73001901320317   0.0605482514199713   0.144481267866052   0
2.36324385850443   1.92910684103219   0.173285601540556   0.199087827829016   0
2.50505472989125   2.06509970091197   0.141810871386818   0.135992859879779   0
2.69981577506138   2.1581858097606   0.194761045170136   0.0930861088486346   0
2.9164767050185   2.33846818993189   0.216660929957115   0.180282380171283   0
2.95684682874316   2.33465724251624   0.0403701237246654   -0.00381094741564203   0
2.76600188906018   2.17378805913132   -0.19084493968298   -0.160869183384928   0
2.71954154524187   2.11832560929814   -0.0464603438183135   -0.0554624498331759   0
2.84100733534594   2.14058078724119   0.12146579010407   0.0222551779430535   0
2.7703458144298   2.04087310961155   -0.0706615209161447   -0.0997076776296471   0
2.75168938001539   2.15706886381972   -0.0186564344144111   0.116195754208178   0
2.8272744187764   2.05446123346831   0.0755850387610129   -0.10260763035141   0
2.58053838380178   1.816104123909   -0.246736034974621   -0.238357109559314   0
2.67137905557104   1.97320181108527   0.0908406717692634   0.157097687176271   0
2.78257112480106   1.99717071664935   0.111192069230022   0.0239689055640757   0
2.78579617224813   2.12505488224608   0.00322504744707253   0.12788416559673   0
2.82392022195148   2.05934923146218   0.0381240497033484   -0.0657056507838933   0
2.4444330155197   1.92806332799117   -0.379487206431787   -0.131285903471013   0
2.81338107264258   2.18610390082197   0.368948057122886   0.258040572830803   0
2.75287036102616   2.1934609945214   -0.0605107116164265   0.00735709369942406   0
2.85392470094208   2.3136295543833   0.101054339915924   0.120168559861902   0
2.78094956169525   2.20655173026395   -0.0729751392468336   -0.107077824119347   0
2.57543090337737   2.00038027770896   -0.205518658317878   -0.206171452554994   0
2.49791034763416   2.12946489520014   -0.0775205557432046   0.129084617491182   0
2.6439042485011   2.27376887248179   0.14599390086694   0.144303977281647   0
2.54309276948699   2.22932938294648   -0.100811479014109   -0.0444394895353066   0
2.54632341527173   2.15923649085658   0.00323064578473309   -0.0700928920898973   0
