1.84764170673309e-14   7.617633e-16   0   0   0
0.343828319797601   0.239461477628189   0.343828319797582   0.239461477628188   0
0.103083529289408   0.268186470851945   -0.240744790508193   0.0287249932237556   0
0.145168885277111   0.214192762323772   0.0420853559877029   -0.053993708528173   0
0.167348904982701   0.155962298068289   0.02218001970559   -0.0582304642554828   0
0.109386434013653   0.167849165529847   -0.0579624709690481   0.0118868674615578   0
0.322320559715642   0.253979255546132   0.212934125701989   0.0861300900162852   0
0.234918607594646   0.200711784697449   -0.0874019521209952   -0.0532674708486829   0
0.0957674239584253   0.196462431498556   -0.139151183636221   -0.00424935319889258   0
0.0779383056888532   0.154021197780427   -0.0178291182695721   -0.0424412337181296   0
0.145217888949065   0.177028721177047   0.0672795832602121   0.0230075233966204   0
0.10106805850147   0.188475370401908   -0.0441498304475952   0.0114466492248606   0
0.401729253409997   0.277070351594251   0.300661194908527   0.0885949811923436   0
0.573583656548839   0.35954217072556   0.171854403138842   0.0824718191313092   0
0.542218313906699   0.302350337066565   -0.0313653426421401   -0.0571918336589959   0
0.474519565005356   0.313371375091097   -0.0676987489013425   0.0110210380245329   0
0.301529017571512   0.327821250516559   -0.172990547433844   0.0144498754254618   0
0.227113060668609   0.398566703615791   -0.0744159569029026   0.0707454530992319   0
0.218489932003942   0.425191899805619   -0.00862312866466697   0.026625196189828   0
0.378991400825513   0.405029728480977   0.160501468821571   -0.0201621713246417   0
0.356385952464864   0.367227495446916   -0.0226054483606489   -0.0378022330340613   0
0.349413592554166   0.375177913031774   -0.00697235991069789   0.00795041758485787   0
0.230921644519293   0.414046430543325   -0.118491948034873   0.0388685175115511   0
0.204984855596503   0.456775475781925   -0.02593678892279   0.0427290452385994   0
0.482604850033599   0.433758631113733   0.277619994437096   -0.0230168446681916   0
0.449712119010663   0.462757567607094   -0.0328927310229361   0.0289989364933607   0
0.465038933439097   0.504500151347054   0.0153268144284334   0.0417425837399603   0
0.323817657092857   0.412531224401635   -0.14122127634624   -0.0919689269454194   0
0.30950556213632   0.477270389639518   -0.0143120949565366   0.0647391652378836   0
0.394644411090759   0.486509833899028   0.085138848954439   0.00923944425951012   0
0.478891821144583   0.457333619680135   0.0842474100538236   -0.0291762142188936   0
0.564420615555386   0.330777960402382   0.0855287944108033   -0.126555659277753   0
0.629113243537228   0.372247467412127   0.0646926279818423   0.0414695070097449   0
0.597416977205412   0.404723403755148   -0.0316962663318162   0.0324759363430218   0
0.735719039861419   0.419208587658254   0.138302062656007   0.0144851839031058   0
0.739031612795282   0.418388399505816   0.00331257293386267   -0.00082018815243845   0
0.725782549608879   0.455218740783882   -0.0132490631864027   0.0368303412780659   0
0.695156966571502   0.499128793667603   -0.0306255830373767   0.043910052883721   0
0.716051346304648   0.493750695290542   0.0208943797331459   -0.00537809837706027   0
0.710527029501757   0.537749421396047   -0.00552431680289067   0.043998726105505   0
0.659955666842774   0.448859425569092   -0.0505713626589835   -0.0888899958269551   0
0.711953619349931   0.436519458294293   0.0519979525071569   -0.0123399672747991   0
0.665885323938696   0.421495393083247   -0.046068295411235   -0.0150240652110458   0
0.572422958370655   0.377388667378633   -0.0934623655680403   -0.0441067257046144   0
0.522223290934951   0.368125862067758   -0.0501996674357045   -0.00926280531087542   0
0.434283650916578   0.287833551415803   -0.0879396400183732   -0.0802923106519551   0
0.313408593394422   0.288760067574737   -0.120875057522156   0.000926516158934243   0
0.303956446712277   0.538958745950167   -0.00945214668214495   0.25019867837543   0
0.380462940038493   0.561926263202515   0.0765064933262163   0.0229675172523477   0
0.468286284192981   0.583581084863134   0.0878233441544877   0.0216548216606186   0
0.543645699418825   0.592831969680305   0.0753594152258447   0.00925088481717196   0
0.345963340821489   0.430991859725903   -0.197682358597336   -0.161840109954402   0
0.34663483514009   0.615672126276798   0.000671494318601085   0.184680266550895   0
0.419806970949864   0.611882296273449   0.0731721358097743   -0.00378983000334987   0
0.318141314595739   0.59627114690504   -0.101665656354125   -0.0156111493684086   0
0.347260786608654   0.502418040758959   0.0291194720129154   -0.0938531061460814   0
0.4439880052812   0.577235819650629   0.0967272186725455   0.0748177788916701   0
0.488391986408728   0.620924003684604   0.0444039811275277   0.0436881840339757   0
0.410334174949817   0.604311756056883   -0.0780578114589103   -0.0166122476277211   0
0.407083464614221   0.568447929420582   -0.00325071033559626   -0.0358638266363017   0
0.301146275268003   0.620877672758322   -0.105937189346219   0.0524297433377404   0
0.249864451140082   0.647869301565723   -0.051281824127921   0.0269916288074008   0
0.406743579636072   0.664136966526562   0.15687912849599   0.0162676649608391   0
0.46508574351716   0.653104744961205   0.0583421638810878   -0.0110322215653568   0
0.454133161612489   0.641590623596501   -0.0109525819046708   -0.0115141213647045   0
0.500370824587944   0.667732468689763   0.0462376629754551   0.0261418450932628   0
0.419007568629454   0.681072669247225   -0.0813632559584904   0.0133402005574615   0
0.452593721875169   0.700799896954864   0.0335861532457159   0.0197272277076389   0
0.399582188063992   0.679426201230155   -0.0530115338111771   -0.0213736957247093   0
0.421614932447804   0.66264009185852   0.0220327443838112   -0.0167861093716348   0
0.530669840401117   0.679081406741347   0.109054907953314   0.0164413148828269   0
0.377622354482743   0.537924826099658   -0.153047485918374   -0.141156580641688   0
0.384387349132049   0.587673091984782   0.00676499464930541   0.0497482658851242   0
0.562670844304982   0.686646275274306   0.178283495172933   0.0989731832895239   0
0.474081323115638   0.66291993096258   -0.0885895211893438   -0.0237263443117262   0
0.532212286232192   0.567452738489928   0.0581309631165542   -0.0954671924726523   0
0.534317317845349   0.578032503039555   0.00210503161315623   0.0105797645496278   0
0.410388971890404   0.460472932696916   -0.123928345954945   -0.11755957034264   0
0.427287911792413   0.347120646241674   0.0168989399020096   -0.113352286455241   0
0.27807219320762   0.461811123482286   -0.149215718584793   0.114690477240612   0
0.235231950751208   0.392759358208783   -0.0428402424564117   -0.0690517652735028   0
0.197112744533997   0.407904672293537   -0.038119206217211   0.0151453140847537   0
0.274301166266818   0.460941296309002   0.0771884217328204   0.0530366240154649   0
