1.1098051e-14   4.7667325e-50   0   0   0
0.0448625649171732   0.0398684194769402   0.0448625649171621   0.0398684194769402   0
0.0589197824034408   0.0530130266822958   0.0140572174862676   0.0131446072053556   0
0.128596428829273   0.125139171060505   0.0696766464258326   0.0721261443782089   0
0.120120168855527   0.114148127077458   -0.00847625997374632   -0.010991043983047   0
0.127944496546677   0.108376746936808   0.00782432769115041   -0.00577138014065007   0
0.0616406760736988   0.148421726147799   -0.0663038204729786   0.0400449792109915   0
0.122371305813059   0.186990020678716   0.0607306297393598   0.0385682945309163   0
0.189039731145793   0.213967525185539   0.0666684253327342   0.026977504506823   0
0.443204287097469   0.560311033586357   0.254164555951676   0.346343508400818   0
0.206811859382626   0.469185200440768   -0.236392427714843   -0.0911258331455889   0
0.289009989201051   0.292600413639485   0.0821981298184252   -0.176584786801283   0
0.183425935266124   0.279699333274934   -0.105584053934928   -0.0129010803645511   0
0.179003653647064   0.310818852748297   -0.00442228161905922   0.0311195194733633   0
0.208213363687522   0.322765429960795   0.0292097100404577   0.0119465772124985   0
0.218582501590858   0.361314016499964   0.0103691379033355   0.0385485865391684   0
0.225370163787609   0.341607586706531   0.00678766219675173   -0.0197064297934333   0
0.148184937347001   0.371736562558891   -0.0771852264406082   0.0301289758523601   0
0.126033208015439   0.437457048461302   -0.0221517293315623   0.0657204859024115   0
0.133097406105616   0.461301569601147   0.00706419809017725   0.0238445211398446   0
0.152551345379859   0.501151724557369   0.0194539392742432   0.0398501549562219   0
0.154855336153298   0.53899968099074   0.00230399077343901   0.0378479564333716   0
0.163326373763098   0.59566592746856   0.00847103760979953   0.0566662464778196   0
0.171643857024615   0.629992274029796   0.00831748326151674   0.0343263465612363   0
0.187237179313657   0.679582831387672   0.0155933222890424   0.0495905573578759   0
0.205076899510533   0.67358082132632   0.0178397201968762   -0.00600201006135204   0
0.229543442651203   0.728122408297631   0.0244665431406693   0.054541586971311   0
0.203840464905443   0.745041686800496   -0.0257029777457597   0.0169192785028646   0
0.217996679997469   0.75135493676885   0.0141562150920258   0.00631324996835469   0
0.24212156317617   0.796059963308724   0.0241248831787011   0.0447050265398741   0
0.260532304497161   0.847834801868313   0.0184107413209909   0.0517748385595889   0
0.246977283792689   0.854366098660883   -0.0135550207044716   0.00653129679257025   0
0.261909914833758   0.867024365505065   0.0149326310410693   0.0126582668441814   0
0.281840297116586   0.870460698879979   0.0199303822828273   0.00343633337491467   0
0.254128609827086   0.856511692663629   -0.0277116872895   -0.0139490062163504   0
0.297035345031791   0.868862662602495   0.0429067352047056   0.0123509699388661   0
0.32892363655496   0.902045134805299   0.0318882915231688   0.0331824722028041   0
0.318639514632161   0.913258398271508   -0.0102841219227995   0.0112132634662092   0
0.323520866965204   0.915473730016847   0.00488135233304371   0.00221533174533828   0
0.348727800728472   0.917266212539047   0.0252069337632677   0.00179248252220066   0
0.347073475455689   0.931058077207615   -0.00165432527278353   0.0137918646685675   0
0.344269351124238   0.940898555722706   -0.002804124331451   0.0098404785150914   0
0.386458449393034   0.977320766720341   0.0421890982687965   0.0364222109976351   0
0.393802383341007   0.980555748925897   0.00734393394797261   0.00323498220555529   0
0.380684580665065   0.984703937939159   -0.0131178026759419   0.00414818901326208   0
0.407021267711935   0.989697558775634   0.02633668704687   0.00499362083647503   0
0.41897544184549   1.00078216268985   0.0119541741335555   0.0110846039142178   0
0.39981206386166   0.998878224075883   -0.0191633779838301   -0.00190393861396843   0
0.315315859032181   0.92607759494417   -0.0844962048294793   -0.0728006291317131   0
0.410008477826562   0.710708717678677   0.0946926187943812   -0.215368877265493   0
0.472072167942244   1.02026600178492   0.0620636901156821   0.309557284106245   0
0.477597290191934   1.06085369532028   0.0055251222496901   0.0405876935353617   0
0.516260609097845   1.1001585090715   0.0386633189059103   0.0393048137512122   0
0.511686729252346   1.13265991754002   -0.00457387984549873   0.0325014084685191   0
0.422136860920353   1.13062598700431   -0.0895498683319924   -0.00203393053570822   0
0.565855143149434   1.16946105280671   0.143718282229081   0.0388350658024041   0
0.533087762316763   1.12281220861325   -0.0327673808326711   -0.0466488441934585   0
0.488619026106454   1.15177331465985   -0.0444687362103092   0.0289611060466013   0
0.631590821190718   1.16222503506473   0.142971795084264   0.0104517204048786   0
0.608878791106201   1.17040402349255   -0.0227120300845165   0.00817898842781539   0
0.53570421855185   1.28638933111517   -0.0731745725543516   0.115985307622618   0
0.674756946631153   1.2866129413988   0.139052728079303   0.000223610283638154   0
0.689812679851503   1.25417183569207   0.0150557332203497   -0.0324411057067353   0
0.690522661344699   1.24157574958966   0.000709981493196121   -0.0125960861024146   0
0.708722859032012   1.23436866861702   0.0182001976873127   -0.00720708097263945   0
0.721610110927038   1.24353978505689   0.0128872518950264   0.00917111643987512   0
0.433865380338917   1.18349459102924   -0.287744730588121   -0.0600451940276492   0
0.728655995676291   1.19480761995078   0.294790615337374   0.0113130289215364   0
0.717673829393269   1.19960058156324   -0.0109821662830223   0.00479296161245779   0
0.546906695287992   1.27048516379614   -0.170767134105277   0.0708845822329016   0
0.670675749998409   1.20695006462988   0.123769054710417   -0.0635350991662591   0
0.775202129270262   1.23025067033168   0.104526379271853   0.0233006057017986   0
0.736348377530902   1.25018083391764   -0.0388537517393602   0.0199301635859581   0
0.593933452451422   1.2777139234992   -0.14241492507948   0.0275330895815649   0
0.667147305337168   0.912529126159833   0.0732138528857454   -0.365184797339367   0
0.135427932862701   0.606996860802575   -0.531719372474467   -0.305532265357258   0
0.350282687018566   0.840095611779214   0.214854754155865   0.233098750976639   0
0.419133503134258   0.88381855868825   0.0688508161156926   0.0437229469090357   0
0.37841004835692   0.886010108419878   -0.0407234547773377   0.00219154973162861   0
0.45851251496094   0.941838176194581   0.0801024666040196   0.0558280677747029   0
0.519278441890273   1.01799257134549   0.0607659269293326   0.076154395150908   0
0.609963495013002   1.09032128500619   0.0906850531227298   0.0723287136606976   0
0.589674993622983   1.06211797072133   -0.0202885013900195   -0.0282033142848614   0
0.627764145584354   1.09505451171953   0.0380891519613706   0.0329365409982019   0
0.649090338680603   1.12702574164453   0.0213261930962489   0.0319712299249995   0
0.679132657995983   1.14883878050117   0.0300423193153808   0.0218130388566438   0
