7.1054274e-15   0   0   0   0
0.429681001908295   0.383696474880462   0.429681001908288   0.383696474880462   0
0.775295699146327   0.67988821213371   0.345614697238031   0.296191737253247   0
0.73662253767394   0.703951789727212   -0.0386731614723869   0.0240635775935029   0
0.751214813220277   0.731785657895797   0.014592275546337   0.0278338681685849   0
0.639325911356258   0.620234954823906   -0.111888901864018   -0.111550703071891   0
0.337266648286023   0.418154238602956   -0.302059263070236   -0.20208071622095   0
0.431418906299276   0.305650383383412   0.0941522580132533   -0.112503855219544   0
0.333527502003454   0.353678280709165   -0.0978914042958216   0.0480278973257531   0
0.609632267900348   0.597083102661319   0.276104765896893   0.243404821952154   0
0.493757684943996   0.496486510726711   -0.115874582956352   -0.100596591934608   0
0.490688457283938   0.503478752755738   -0.00306922766005774   0.0069922420290266   0
0.513122820744251   0.312140994137335   0.0224343634603128   -0.191337758618403   0
0.557153273660129   0.464051249922146   0.0440304529158783   0.151910255784811   0
0.704246671943428   0.527397596729995   0.147093398283299   0.0633463468078487   0
0.573693652842992   0.555599579138719   -0.130553019100436   0.0282019824087238   0
0.786599552231386   0.723611768963624   0.212905899388394   0.168012189824905   0
0.623617931463624   0.564332100925464   -0.162981620767761   -0.15927966803816   0
0.753850254479164   0.611522945774621   0.130232323015539   0.0471908448491567   0
0.653575951630878   0.650857484954397   -0.100274302848286   0.0393345391797757   0
0.690494253667299   0.723788566634216   0.0369183020364212   0.0729310816798198   0
0.702399069719432   0.717119150001995   0.0119048160521333   -0.00666941663222087   0
0.944322869978032   0.753566800484137   0.2419238002586   0.0364476504821414   0
0.827959948446802   0.786762744946504   -0.11636292153123   0.033195944462367   0
0.891563783253953   0.804311681635304   0.0636038348071511   0.0175489366888006   0
0.81817411372818   0.787369106558717   -0.0733896695257727   -0.0169425750765873   0
0.87295682719831   0.796016022254941   0.0547827134701304   0.00864691569622389   0
0.832114452767089   0.755050009301075   -0.040842374431222   -0.040966012953866   0
0.950567390369966   0.856136230858031   0.118452937602878   0.101086221556956   0
1.19174763960495   1.04014242111738   0.241180249234988   0.184006190259348   0
1.17540193764128   1.05426547905438   -0.0163457019636721   0.0141230579370004   0
1.28676716686833   1.13984920116325   0.111365229227044   0.0855837221088698   0
1.19050766091567   1.13453272746724   -0.0962595059526545   -0.00531647369601207   0
1.18652211337771   1.14361201084806   -0.00398554753796199   0.00907928338081798   0
1.15719024909158   0.971198678424188   -0.0293318642861295   -0.172413332423867   0
1.12823362692036   0.986852192210715   -0.0289566221712176   0.0156535137865269   0
1.22986614873792   1.0795972403484   0.101632521817556   0.092745048137684   0
1.28099064547707   1.22132703293528   0.0511244967391469   0.141729792586881   0
1.35397501560342   1.33856842710394   0.0729843701263584   0.117241394168659   0
1.36557358982341   1.35918305938277   0.0115985742199838   0.0206146322788336   0
1.35615450633225   1.32242133205525   -0.00941908349115894   -0.0367617273275211   0
1.26975609606824   1.26187067086847   -0.086398410264007   -0.060550661186777   0
1.30669772427615   1.24835729368645   0.0369416282079074   -0.0135133771820266   0
1.13097466724367   1.07149845135084   -0.17572305703248   -0.176858842335607   0
0.997072700245177   0.952457247902891   -0.133901966998492   -0.11904120344795   0
1.08376021823934   1.00998484579176   0.0866875179941596   0.0575275978888733   0
1.17760407644831   1.04487600355821   0.0938438582089722   0.0348911577664461   0
1.13989509155111   1.03429381234615   -0.0377089848971972   -0.0105821912120572   0
1.19243082374116   1.11034697085227   0.0525357321900444   0.0760531585061153   0
1.37544106159455   1.12901497582132   0.18301023785339   0.018668004969048   0
1.24160898300694   1.1194447018725   -0.133832078587602   -0.00957027394881926   0
1.28289698813158   1.10526048776547   0.0412880051246403   -0.0141842141070223   0
1.08840645604985   0.962149130603625   -0.194490532081736   -0.14311135716185   0
1.10883970531628   0.960326223893728   0.020433249266435   -0.00182290670989738   0
1.17169164227826   0.800661798541232   0.0628519369619791   -0.159664425352495   0
0.822075645634146   0.624669972321378   -0.349615996644116   -0.175991826219855   0
0.713534061324255   0.647597853792196   -0.108541584309891   0.0229278814708189   0
0.797758193119863   0.657584448733784   0.0842241317956075   0.00998659494158738   0
0.874617467068785   0.852831447875879   0.0768592739489222   0.195246999142095   0
0.900864027230803   0.774196458962717   0.0262465601620183   -0.0786349889131618   0
0.832793758334945   0.712912315903833   -0.0680702688958587   -0.0612841430588841   0
0.788893370696759   0.65419945041703   -0.0439003876381858   -0.0587128654868037   0
0.708108875463169   0.647915728110493   -0.0807844952335903   -0.0062837223065364   0
0.878133645927352   0.757718650916718   0.170024770464183   0.109802922806224   0
0.731881918530783   0.663179760392514   -0.146251727396569   -0.0945388905242032   0
0.731890247778727   0.599912969479843   8.32924794413881e-06   -0.063266790912671   0
0.664061475970829   0.555686184761327   -0.067828771807898   -0.0442267847185166   0
0.556859726007179   0.585233097867532   -0.10720174996365   0.0295469131062051   0
0.699163140651821   0.63233576256453   0.142303414644641   0.0471026646969979   0
0.652968449899714   0.621755487909304   -0.0461946907521071   -0.0105802746552257   0
0.669009552030483   0.632001965514714   0.0160411021307694   0.0102464776054102   0
0.893633996157609   0.836933706077686   0.224624444127126   0.204931740562972   0
1.17820655530284   1.12559470195643   0.284572559145226   0.28866099587874   0
1.21749768864461   1.19807745296557   0.0392911333417758   0.072482751009141   0
0.815422239151001   0.889574808316149   -0.40207544949361   -0.308502644649418   0
0.934645916884266   0.955880210326392   0.119223677733264   0.0663054020102435   0
1.18670902195407   1.31157441399482   0.2520631050698   0.355694203668432   0
1.17033316095078   1.11305902130819   -0.0163758610032818   -0.198515392686634   0
