1.0772654e-14   4.81482485e-33   0   0   0
0.0345177576089575   0.0201441537144855   0.0345177576089467   0.0201441537144855   0
0.0881238911435322   0.0206018822658617   0.0536061335345748   0.000457728551376123   0
0.106841088729949   0.0570313023934441   0.0187171975864167   0.0364294201275825   0
0.0806041632650591   0.0533849462314022   -0.0262369254648898   -0.0036463561620419   0
0.0606844531424036   0.0611879778280784   -0.0199197101226555   0.00780303159667612   0
0.0670801942402909   0.0662736064479198   0.00639574109788731   0.00508562861984146   0
0.0988138512586484   0.0722971286804545   0.0317336570183575   0.0060235222325347   0
0.105502049259633   0.0786996723828488   0.00668819800098451   0.00640254370239429   0
0.110900377352348   0.0858707538855346   0.0053983280927155   0.00717108150268582   0
0.0597160628571228   0.0677506509633307   -0.0511843144952255   -0.0181201029222039   0
0.0640706815084214   0.0788408844319848   0.00435461865129857   0.0110902334686541   0
0.0952851001265861   0.0808229999195563   0.0312144186181647   0.0019821154875715   0
0.0853325490003143   0.0787999216007295   -0.00995255112627183   -0.0020230783188268   0
0.107388542766762   0.0895348856399685   0.0220559937664476   0.010734964039239   0
0.111452071556101   0.0832038553534364   0.00406352878933873   -0.00633103028653205   0
0.0905614175742241   0.0871384519838933   -0.0208906539818765   0.00393459663045694   0
0.0656865345672325   0.0729797069347331   -0.0248748830069916   -0.0141587450491602   0
0.0904038635788883   0.0973560882648828   0.0247173290116558   0.0243763813301497   0
0.0891863700406425   0.0965240793133356   -0.00121749353824575   -0.000832008951547225   0
0.0635970050867224   0.103874713504841   -0.0255893649539202   0.00735063419150531   0
0.0642781711115135   0.128422478572626   0.000681166024791111   0.0245477650677846   0
0.100280798064034   0.111767244681946   0.0360026269525209   -0.0166552338906798   0
0.0839450234206049   0.101719323196431   -0.0163357746434295   -0.010047921485515   0
0.0971788858354423   0.121295523555476   0.0132338624148374   0.0195762003590456   0
0.150385059357567   0.130554878280068   0.0532061735221246   0.00925935472459127   0
0.166048720696616   0.140678458618203   0.0156636613390496   0.0101235803381357   0
0.163709514013143   0.109439119681193   -0.00233920668347384   -0.0312393389370099   0
0.150690256035701   0.0845138532130542   -0.0130192579774414   -0.0249252664681392   0
0.180264574043967   0.103011320048022   0.0295743180082653   0.0184974668349675   0
0.205123203313849   0.117901720960405   0.0248586292698819   0.0148904009123831   0
0.158602011781489   0.0938967455059253   -0.0465211915323593   -0.0240049754544794   0
0.131938301729964   0.0729793486245496   -0.0266637100515255   -0.0209173968813758   0
0.166217501479911   0.0801068261601437   0.0342791997499475   0.0071274775355941   0
0.203701268611395   0.0909333057863556   0.037483767131484   0.0108264796262119   0
0.178195255992564   0.0694374332033486   -0.0255060126188307   -0.021495872583007   0
0.148343787164244   0.0819153041654242   -0.0298514688283205   0.0124778709620756   0
0.176955483377314   0.093925391757556   0.02861169621307   0.0120100875921318   0
0.156746781788481   0.0804100222127248   -0.0202087015888333   -0.0135153695448312   0
0.12919812587756   0.0639767709026807   -0.0275486559109206   -0.0164332513100441   0
0.141620860999633   0.0681118839036076   0.0124227351220735   0.00413511300092695   0
0.170206385503825   0.084235971437968   0.0285855245041912   0.0161240875343604   0
0.126928271576366   0.061479719417422   -0.0432781139274583   -0.022756252020546   0
0.125120352925246   0.0504742636453958   -0.00180791865111982   -0.0110054557720263   0
0.154423950849492   0.0623462066820056   0.0293035979242456   0.0118719430366098   0
0.189585585003308   0.0763379796464552   0.0351616341538159   0.0139917729644496   0
0.160194415487289   0.0610510425051546   -0.0293911695160191   -0.0152869371413006   0
0.17216694436306   0.0344665479269933   0.0119725288757707   -0.0265844945781613   0
0.203986115688394   0.0560395381293979   0.0318191713253342   0.0215729902024046   0
0.193197481340199   0.0552379175072076   -0.0107886343481945   -0.000801620622190351   0
0.148230644001317   0.0376791210191391   -0.0449668373388819   -0.0175587964880685   0
0.186021551220604   0.0255500544224394   0.0377909072192861   -0.0121290665966997   0
0.17639025701805   0.0352448798754324   -0.00963129420255313   0.00969482545299296   0
0.186669040992086   0.0750329261108109   0.0102787839740359   0.0397880462353786   0
0.161145575191813   0.0513876367534623   -0.0255234658002731   -0.0236452893573486   0
0.144726400671864   0.0335125860427391   -0.0164191745199489   -0.0178750507107231   0
0.179023169488655   0.0588577982582531   0.0342967688167903   0.025345212215514   0
0.165645112448737   0.0385642015040647   -0.0133780570399172   -0.0202935967541884   0
0.139814379577729   0.0218209411819339   -0.0258307328710082   -0.0167432603221307   0
0.322246319767436   0.101306426755188   0.182431940189707   0.0794854855732542   0
0.166814908923282   0.0257809655175744   -0.155431410844155   -0.0755254612376138   0
0.145913243101981   0.0398905342708346   -0.0209016658213007   0.0141095687532601   0
0.191126423607773   0.064121883812447   0.0452131805057922   0.0242313495416125   0
0.156872781604923   0.0391988067807214   -0.0342536420028505   -0.0249230770317257   0
0.172229957880054   0.0246430684007448   0.0153571762751311   -0.0145557383799766   0
