1.35746019416178e-14   3.8518599e-32   0   0   0
0.0942705904344064   0.0450220259275438   0.0942705904343928   0.0450220259275438   0
0.0734571943607354   0.0668338682292101   -0.020813396073671   0.0218118423016663   0
0.154226225407477   0.0758671936612267   0.0807690310467416   0.00903332543201663   0
0.147126340717392   0.113955855780228   -0.0070998846900853   0.0380886621190013   0
0.179839717358742   0.11804928075039   0.03271337664135   0.00409342497016189   0
0.153828192384431   0.112629354383336   -0.0260115249743104   -0.00541992636705359   0
0.164727684028953   0.0958792982459597   0.010899491644522   -0.0167500561373767   0
0.138424962202308   0.0862820184932284   -0.0263027218266452   -0.00959727975273122   0
0.136438473317591   0.0941818706723987   -0.00198648888471667   0.00789985217917023   0
0.181161677094628   0.0998833979670406   0.0447232037770366   0.00570152729464195   0
0.114057662251882   0.0956913961518801   -0.0671040148427461   -0.00419200181516047   0
0.15289030178671   0.106291725354747   0.0388326395348279   0.0106003292028666   0
0.190460722587963   0.105779269185185   0.0375704208012534   -0.000512456169561248   0
0.197406621347056   0.0944730596225563   0.00694589875909252   -0.0113062095626291   0
0.205011420833762   0.099911549076902   0.00760479948670653   0.00543848945434562   0
0.221311378057439   0.0983547320338775   0.0162999572236771   -0.00155681704302442   0
0.188343674714035   0.102706507581551   -0.0329677033434039   0.00435177554767378   0
0.198936473168475   0.0907170107309104   0.0105927984544394   -0.0119894968506409   0
0.17718842913764   0.0841964225479331   -0.0217480440308347   -0.00652058818297729   0
0.176732432345909   0.106204771692637   -0.000455996791730834   0.022008349144704   0
0.199732713591059   0.114788508229392   0.0230002812451499   0.0085837365367552   0
0.220487758714972   0.106647832070223   0.0207550451239133   -0.00814067615916973   0
0.20255975589676   0.105038059515609   -0.0179280028182121   -0.00160977255461361   0
0.205061115165222   0.105875082560492   0.00250135926846209   0.00083702304488259   0
0.215392752783283   0.105484363280435   0.0103316376180602   -0.000390719280056462   0
0.193574716682489   0.109240735436915   -0.0218180361007938   0.0037563721564797   0
0.219025844141969   0.118964363369527   0.0254511274594797   0.00972362793261257   0
0.102876394706437   0.122078962408288   -0.116149449435532   0.00311459903876023   0
0.117623139597429   0.130437922033014   0.0147467448909925   0.00835895962472631   0
0.0893374558385036   0.133481963385159   -0.0282856837589258   0.00304404135214531   0
0.0984111406678477   0.151562094332867   0.00907368482934415   0.0180801309477077   0
0.130101972235287   0.14283195984795   0.0316908315674391   -0.00873013448491697   0
0.121359003895591   0.135361252736037   -0.00874296833969622   -0.00747070711191297   0
0.136899617397213   0.125313815227528   0.0155406135016228   -0.0100474375085094   0
0.15378928920208   0.14712667728163   0.0168896718048663   0.0218128620541022   0
0.105171777088262   0.134322109856541   -0.0486175121138177   -0.012804567425089   0
0.0802704725611333   0.132270342350774   -0.0249013045271288   -0.00205176750576677   0
0.0618914303725814   0.122211831717275   -0.0183790421885519   -0.0100585106334986   0
0.0820869144743795   0.105917716844081   0.0201954841017981   -0.0162941148731949   0
0.126387700851905   0.145404170666614   0.0443007863775256   0.0394864538225332   0
0.160402971826645   0.136796526491062   0.0340152709747397   -0.00860764417555124   0
0.170372281197277   0.141270825447286   0.00996930937063203   0.00447429895622306   0
0.170662768044209   0.128862919061383   0.000290486846932309   -0.0124079063859027   0
0.161528651957676   0.131347774678921   -0.00913411608653314   0.00248485561753767   0
0.177058632453621   0.153232174968388   0.0155299804959445   0.0218844002894672   0
0.0483814487756476   0.336123273903958   -0.128677183677973   0.182891098935571   0
0.12250495255822   0.351249175599269   0.0741235037825727   0.0151259016953104   0
0.111678895921223   0.277208304270879   -0.010826056636997   -0.0740408713283901   0
0.288624536571619   0.197936576827411   0.176945640650396   -0.0792717274434677   0
0.498428719870071   0.116680164366551   0.209804183298452   -0.0812564124608595   0
0.444460378602452   0.110705865950418   -0.0539683412676186   -0.00597429841613346   0
0.197058789084465   0.0932202643167357   -0.247401589517987   -0.0174856016336823   0
0.298564153105877   0.139636961527397   0.101505364021412   0.0464166972106618   0
0.220014826685305   0.103302755639944   -0.0785493264205725   -0.036334205887453   0
0.315408342244786   0.15049792659276   0.095393515559481   0.0471951709528157   0
0.136020945574152   0.214375629667216   -0.179387396670634   0.0638777030744561   0
0.0868014751180718   0.290068170341785   -0.04921947045608   0.0756925406745683   0
0.069192343055773   0.23662189755772   -0.0176091320622988   -0.0534462727840642   0
0.0958126057487002   0.240355904853663   0.0266202626929272   0.00373400729594262   0
0.125089413836598   0.219606351847163   0.0292768080878982   -0.0207495530065005   0
0.108784618607519   0.236492798653602   -0.0163047952290789   0.016886446806439   0
0.102549281096493   0.229902493675707   -0.00623533751102678   -0.0065903049778949   0
0.176732977481473   0.173082339671619   0.0741836963849808   -0.0568201540040881   0
0.129011168503625   0.152414499031378   -0.047721808977848   -0.0206678406402404   0
0.133369472128512   0.150558078876147   0.00435830362488696   -0.0018564201552313   0
0.137735475247933   0.149276636534653   0.00436600311942101   -0.00128144234149399   0
0.116187295461505   0.140483764118651   -0.0215481797864283   -0.00879287241600205   0
0.113767578231971   0.12188516899746   -0.00241971722953443   -0.0185985951211906   0
0.155678543092611   0.133880873287166   0.0419109648606403   0.0119957042897056   0
0.123243377361165   0.13213138522801   -0.0324351657314464   -0.0017494880591559   0
0.106236094634501   0.135389306337449   -0.0170072827266632   0.00325792110943887   0
0.112212364942182   0.124867294929696   0.00597627030768025   -0.0105220114077528   0
0.0940440674484996   0.123873965616001   -0.0181682974936819   -0.000993329313694946   0
0.0943293595843787   0.129212947585791   0.000285292135879064   0.00533898196978955   0
0.199698386602975   0.167019317389684   0.105369027018596   0.0378063698038929   0
0.241506111369271   0.190411411293367   0.0418077247662957   0.0233920939036835   0
