1.36666667460018e-14   1.055782e-50   0   0   0
0.0395934224619086   0.0342300856813836   0.0395934224618949   0.0342300856813836   0
0.0642111111160367   0.058166635447741   0.0246176886541281   0.0239365497663574   0
0.0954544028078649   0.0977800771409183   0.0312432916918282   0.0396134416931774   0
0.105300837105567   0.114290605428845   0.00984643429770202   0.0165105282879263   0
0.102923111241052   0.131490429621399   -0.00237772586451455   0.0171998241925539   0
0.0653016664638006   0.131296746434204   -0.0376214447772517   -0.000193683187194676   0
0.0861582702353958   0.145778214388863   0.0208566037715952   0.014481467954659   0
0.0319963200745339   0.157074336852396   -0.0541619501608619   0.0112961224635335   0
0.0910202085389659   0.193979064756571   0.059023888464432   0.0369047279041745   0
0.0556098414507624   0.197618777426266   -0.0354103670882035   0.00363971266969498   0
0.0497978538574349   0.19708012124333   -0.0058119875933275   -0.000538656182936359   0
0.155169625087261   0.262976757229093   0.105371771229826   0.0658966359857631   0
0.199166598071248   0.307256363778018   0.043996972983987   0.0442796065489252   0
0.0997828221240806   0.256611119637487   -0.0993837759471671   -0.0506452441405312   0
0.0928857150573152   0.252646293438282   -0.00689710706676536   -0.00396482619920457   0
0.117038704540288   0.267264829390214   0.0241529894829728   0.0146185359519322   0
0.0274742783646624   0.136152312617387   -0.0895644261756256   -0.131112516772827   0
0.113190706450355   0.211885626914894   0.0857164280856927   0.0757333142975066   0
0.123423204849561   0.264603724081854   0.0102324983992055   0.0527180971669601   0
0.122065980679835   0.286318163905788   -0.00135722416972571   0.021714439823934   0
0.152424102768811   0.3160227328726   0.0303581220889762   0.0297045689668126   0
0.162913779551692   0.311913953649071   0.0104896767828812   -0.00410877922352904   0
0.208983784732668   0.356013638605364   0.0460700051809755   0.0440996849562922   0
0.162480553097851   0.344717887210036   -0.0465032316348165   -0.0112957513953275   0
0.176154324202589   0.345816196806036   0.0136737711047381   0.0010983095960001   0
0.195555511107162   0.352312643555993   0.0194011869045729   0.00649644674995703   0
0.187873456427502   0.355105342918828   -0.00768205467966038   0.00279269936283438   0
0.18698356037428   0.352565264767084   -0.000889896053222372   -0.00254007815174395   0
0.157708423684742   0.296710841381852   -0.029275136689538   -0.0558544233852318   0
0.186024820036134   0.350668731587771   0.0283163963513925   0.0539578902059192   0
0.194614421637362   0.381288433841888   0.00858960160122818   0.0306197022541167   0
0.166671180354078   0.383133438694185   -0.0279432412832843   0.00184500485229694   0
0.17366306407418   0.390098219739413   0.00699188372010223   0.00696478104522835   0
0.165923287412907   0.398986444134347   -0.00773977666127348   0.0088882243949342   0
0.172317810628546   0.418498004428139   0.00639452321563908   0.0195115602937921   0
0.160331160784458   0.435255686600255   -0.0119866498440877   0.0167576821721153   0
0.161729650931994   0.438704988158198   0.0013984901475359   0.00344930155794321   0
0.168338104904381   0.438096208895916   0.00660845397238655   -0.000608779262281589   0
0.100841051902426   0.326735025267659   -0.0674970530019549   -0.111361183628258   0
0.117583033804647   0.424746385349916   0.0167419819022213   0.0980113600822575   0
0.192542219484924   0.437818524760605   0.0749591856802775   0.0130721394106892   0
0.235348492811594   0.507329412213161   0.0428062733266692   0.0695108874525554   0
0.222695029770056   0.503892478935321   -0.012653463041538   -0.00343693327783934   0
0.236844621224109   0.519280235903823   0.0141495914540537   0.0153877569685014   0
0.237323459878862   0.527629256788238   0.000478838654752539   0.00834902088441525   0
0.23478021358297   0.514871659180054   -0.0025432462958917   -0.0127575976081843   0
0.23726162369175   0.478841663671457   0.00248141010878009   -0.0360299955085966   0
0.189171205649766   0.462714191404373   -0.0480904180419845   -0.0161274722670839   0
0.170384223681081   0.449052063020695   -0.0187869819686849   -0.0136621283836778   0
0.170407413860058   0.425742345613751   2.31901789768951e-05   -0.0233097174069448   0
0.147469185859121   0.385813888735741   -0.0229382280009368   -0.03992845687801   0
0.142633637199908   0.370174754400354   -0.00483554865921254   -0.0156391343353867   0
0.157016313453887   0.364996326531006   0.014382676253979   -0.00517842786934763   0
0.210806668267706   0.298276629995733   0.0537903548138185   -0.0667196965352734   0
0.201194020123863   0.327038236764344   -0.00961264814384255   0.0287616067686113   0
0.156224867661504   0.360575571062167   -0.0449691524623589   0.0335373342978224   0
0.118337865624442   0.364128248862367   -0.0378870020370621   0.00355267780020041   0
0.093458428982471   0.373264092641549   -0.0248794366419714   0.0091358437791817   0
0.131420111252074   0.383156232497006   0.0379616822696034   0.00989213985545756   0
0.126376628589992   0.409995609624694   -0.00504348266208218   0.0268393771276875   0
0.137394655567383   0.419198622360108   0.0110180269773908   0.00920301273541435   0
0.152836134857461   0.409619235672741   0.0154414792900781   -0.00957938668736685   0
0.152825619383983   0.415931860886069   -1.05154734780233e-05   0.00631262521332798   0
0.138835421019241   0.42600278557301   -0.0139901983647424   0.0100709246869409   0
0.154263243542256   0.428956465700063   0.0154278225230155   0.00295368012705327   0
0.163716642844875   0.452540150181228   0.00945339930261849   0.0235836844811644   0
0.175021851310919   0.425063176487141   0.0113052084660441   -0.0274769736940868   0
0.2291781447405   0.413433863678683   0.0541562934295811   -0.0116293128084585   0
0.242846956827056   0.428566783545034   0.0136688120865565   0.015132919866351   0
0.216203587624834   0.408603101764061   -0.026643369202223   -0.0199636817809729   0
0.150031339264371   0.284397068469952   -0.0661722483604627   -0.124206033294109   0
0.187849365194008   0.349172309488083   0.0378180259296369   0.0647752410181312   0
0.186433273295964   0.375644314704347   -0.00141609189804337   0.026472005216264   0
0.162717898593797   0.379235998613249   -0.0237153747021669   0.00359168390890213   0
