8.0548776e-15   4.5141928e-16   0   0   0
0.0424135768653308   0.026506849041167   0.0424135768653228   0.0265068490411666   0
0.0282401343266903   0.0592970845897325   -0.0141734425386406   0.0327902355485655   0
0.0566858370619764   0.0949037212382805   0.0284457027352861   0.035606636648548   0
0.0443330440736021   0.0941637218248671   -0.0123527929883743   -0.000739999413413378   0
0.0477909731304439   0.0558542440740528   0.00345792905684188   -0.0383094777508142   0
0.0155484980977081   0.0769054780130557   -0.0322424750327358   0.0210512339390029   0
0.0643765224013451   0.0983913438261741   0.048828024303637   0.0214858658131184   0
0.0513557142107057   0.0770719720501268   -0.0130208081906394   -0.0213193717760474   0
0.0591021543735519   0.0782175319314961   0.00774644016284625   0.00114555988136927   0
0.03004081432643   0.140623128898973   -0.0290613400471219   0.0624055969674772   0
0.0575931079113519   0.127186349036941   0.0275522935849219   -0.0134367798620322   0
0.0603081886403072   0.142061519315211   0.00271508072895526   0.0148751702782702   0
0.0430635016004242   0.185087801353046   -0.0172446870398829   0.0430262820378345   0
0.0430186530375777   0.194923927228487   -4.48485628465056e-05   0.00983612587544155   0
0.0710419379650499   0.198382317081936   0.0280232849274722   0.00345838985344887   0
0.139606419176569   0.207337109921259   0.0685644812115188   0.00895479283932285   0
0.145842925268513   0.235378485182182   0.00623650609194454   0.0280413752609227   0
0.127786237345747   0.235277430004148   -0.0180566879227667   -0.000101055178033271   0
0.0866570077955956   0.205511728868682   -0.0411292295501509   -0.0297657011354664   0
0.0976959541253526   0.213581706957118   0.011038946329757   0.00806997808843601   0
0.0937856181870579   0.233771056803363   -0.00391033593829469   0.0201893498462447   0
0.0595382659816985   0.246608818477843   -0.0342473522053594   0.0128377616744803   0
0.0437593324483611   0.213900771250937   -0.0157789335333374   -0.0327080472269057   0
0.0500731167705636   0.240369426523477   0.0063137843222025   0.0264686552725399   0
0.10293667607539   0.269296366707239   0.0528635593048265   0.0289269401837617   0
0.0425529118415097   0.259882551885152   -0.0603837642338804   -0.00941381482208664   0
0.0260105142394537   0.24993070137214   -0.016542397602056   -0.00995185051301242   0
0.105997344746004   0.316023013766374   0.0799868305065501   0.0660923123942342   0
0.258222434849935   0.507695413245458   0.152225090103931   0.191672399479084   0
0.0645790449176022   0.406195719578372   -0.193643389932333   -0.101499693667086   0
0.215320009780339   0.573638385941096   0.150740964862737   0.167442666362724   0
0.220603198911998   0.553344304539711   0.00528318913165851   -0.0202940814013854   0
0.172421096999004   0.53072580470271   -0.0481821019129938   -0.0226184998370001   0
0.240322383965633   0.530186246497622   0.0679012869666289   -0.000539558205088775   0
0.240095041043214   0.547802757341235   -0.000227342922418772   0.0176165108436137   0
0.15819993120067   0.511174347104151   -0.0818951098425439   -0.0366284102370842   0
0.193472381868077   0.536889761809064   0.0352724506674063   0.025715414704913   0
0.216724027570509   0.527723468627959   0.0232516457024326   -0.00916629318110518   0
0.204969180423083   0.540102719961798   -0.0117548471474263   0.0123792513338387   0
0.172887771200924   0.559487810095429   -0.0320814092221589   0.0193850901336317   0
0.223097479666065   0.543946322703729   0.0502097084651411   -0.0155414873917008   0
0.23738656796246   0.554259073294298   0.0142890882963949   0.0103127505905694   0
0.217208976276635   0.545143200535901   -0.0201775916858255   -0.0091158727583972   0
0.221491133848625   0.575684122284837   0.00428215757199035   0.0305409217489366   0
0.233887617500634   0.594770360692366   0.0123964836520091   0.0190862384075283   0
0.222658631819712   0.591333042678594   -0.0112289856809218   -0.00343731801377156   0
0.214157235737824   0.591236774274722   -0.00850139608188777   -9.62684038716688e-05   0
0.165783604165198   0.514540193414405   -0.0483736315726262   -0.0766965808603172   0
0.171908699135255   0.499183218430243   0.0061250949700567   -0.0153569749841618   0
0.152101426779727   0.496866273974074   -0.0198072723555284   -0.00231694445616915   0
0.166788793442037   0.530394866973133   0.0146873666623104   0.0335285929990588   0
0.161191797577391   0.570248459708318   -0.0055969958646459   0.0398535927351846   0
0.163464232610011   0.545466315807846   0.00227243503261987   -0.0247821439004713   0
0.14853681274269   0.529429940978921   -0.0149274198673212   -0.0160363748289252   0
0.0999833948436347   0.535849405511044   -0.048553417899055   0.00641946453212239   0
0.134966798483315   0.568533184058576   0.0349834036396803   0.032683778547532   0
0.154038616666727   0.577929744316722   0.0190718181834122   0.00939656025814672   0
0.147081533301379   0.578835520070186   -0.00695708336534781   0.000905775753463733   0
0.107387388882767   0.564095148970083   -0.0396941444186129   -0.0147403711001034   0
0.124575278811869   0.589940193004364   0.0171878899291027   0.0258450440342817   0
0.120849363138886   0.583170407570974   -0.00372591567298318   -0.00676978543338991   0
0.0896565857824191   0.591370865191951   -0.031192777356467   0.00820045762097632   0
0.0463424322602769   0.573640531058674   -0.0433141535221422   -0.0177303341332773   0
0.0713435383281423   0.589439523719631   0.0250011060678655   0.0157989926609571   0
0.0937951085811724   0.57627111454688   0.0224515702530301   -0.013168409172751   0
0.0684477377944178   0.58939431875678   -0.0253473707867546   0.0131232042099008   0
0.0635115815338527   0.609105840685813   -0.00493615626056508   0.0197115219290326   0
0.0874916272484031   0.635661106626924   0.0239800457145503   0.0265552659411106   0
0.0783977453390332   0.653761386800226   -0.00909388190936992   0.0181002801733028   0
0.111082424526332   0.669092547649712   0.0326846791872989   0.0153311608494855   0
0.0870894724756777   0.684422820778232   -0.0239929520506544   0.0153302731285203   0
0.115450207786655   0.728574465863972   0.0283607353109771   0.0441516450857399   0
0.183966753047976   0.798032672872517   0.0685165452613213   0.0694582070085454   0
0.153030827428554   0.808142014586128   -0.0309359256194222   0.010109341713611   0
0.165020667080661   0.81402273889844   0.0119898396521068   0.00588072431231124   0
0.232920654699664   0.844112896318281   0.067899987619003   0.0300901574198417   0
0.218804920768041   0.838737586657192   -0.0141157339316226   -0.00537530966108901   0
0.243313964680548   0.811743650972665   0.0245090439125067   -0.026993935684527   0
0.183131314166392   0.842324081675522   -0.0601826505141556   0.0305804307028568   0
0.165635058411782   0.852993138489996   -0.0174962557546101   0.0106690568144743   0
