1.1052241e-14   3.16008855e-51   0   0   0
0.0543582081308785   0.0205761545087593   0.0543582081308675   0.0205761545087593   0
0.0676725207635483   0.0447115347404802   0.0133143126326697   0.0241353802317209   0
0.0519687771993282   0.121005933957207   -0.0157037435642201   0.0762943992167266   0
0.0546616134479247   0.111836013877004   0.00269283624859649   -0.00916992008020322   0
0.0824647748892195   0.120371491988529   0.0278031614412948   0.00853547811152568   0
0.117411783206981   0.141486756742499   0.0349470083177611   0.0211152647539694   0
0.0909556408784403   0.114075735225239   -0.0264561423285403   -0.0274110215172595   0
0.107315762328282   0.133609278153211   0.0163601214498422   0.0195335429279724   0
0.0986187805027787   0.118935412920593   -0.00869698182550381   -0.0146738652326187   0
0.115735903669702   0.14522107643603   0.0171171231669237   0.0262856635154369   0
0.131681238354387   0.135702630699846   0.015945334684685   -0.00951844573618379   0
0.145338161138275   0.164333699668583   0.0136569227838879   0.0286310689687373   0
0.176604885693874   0.166919280489245   0.0312667245555988   0.00258558082066143   0
0.166266606062814   0.176396711950404   -0.0103382796310604   0.00947743146115956   0
0.178717233280428   0.203849567788471   0.0124506272176144   0.0274528558380667   0
0.15115479173923   0.199517775747074   -0.0275624415411982   -0.00433179204139703   0
0.189043749371014   0.199402901305266   0.0378889576317846   -0.00011487444180816   0
0.223801067295383   0.224771661583466   0.0347573179243687   0.0253687602782004   0
0.213500046555267   0.220424539156168   -0.0103010207401163   -0.00434712242729765   0
0.352296447228031   0.306577750630286   0.138796400672764   0.0861532114741171   0
0.322578525914986   0.355272419032449   -0.0297179213130453   0.0486946684021634   0
0.370181374088959   0.34587216383948   0.0476028481739726   -0.00940025519296928   0
0.382420493420783   0.345547320626988   0.0122391193318242   -0.000324843212491599   0
0.389426739454663   0.335204010793943   0.00700624603388023   -0.010343309833045   0
0.387477704634009   0.315657774540281   -0.00194903482065417   -0.0195462362536616   0
0.426542242579062   0.340779340931782   0.0390645379450531   0.0251215663915006   0
0.385520075300615   0.318960270281969   -0.0410221672784468   -0.0218190706498127   0
0.360749920655277   0.343901123436024   -0.0247701546453382   0.0249408531540544   0
0.399403890824899   0.343129704072562   0.0386539701696224   -0.00077141936346159   0
0.384076709998012   0.338087208210024   -0.0153271808268868   -0.00504249586253852   0
0.404066513317115   0.344125634828612   0.0199898033191027   0.00603842661858844   0
0.411068418259526   0.315055182833817   0.0070019049424106   -0.0290704519947949   0
0.40607148664861   0.338357758726235   -0.00499693161091558   0.0233025758924183   0
0.408551296008286   0.322768580702628   0.00247980935967579   -0.015589178023607   0
0.452070955912207   0.349597044429419   0.0435196599039213   0.0268284637267903   0
0.463176689990799   0.368081465525011   0.0111057340785922   0.0184844210955918   0
0.455923565699044   0.378212873712638   -0.00725312429175584   0.0101314081876278   0
0.452863853951446   0.371789556108436   -0.00305971174759717   -0.00642331760420273   0
0.425568477898383   0.36822081257692   -0.0272953760530631   -0.00356874353151576   0
0.450060550559028   0.382006657420569   0.0244920726606452   0.0137858448436494   0
0.427425372259608   0.369984293688941   -0.0226351782994204   -0.0120223637316278   0
0.43937538746193   0.388544118741146   0.0119500152023219   0.0185598250522044   0
0.441903380819391   0.371827070513074   0.00252799335746084   -0.0167170482280718   0
0.401191644087603   0.341177189951225   -0.0407117367317881   -0.0306498805618493   0
0.426915038926474   0.368436771708818   0.0257233948388714   0.0272595817575934   0
0.416518426605906   0.351741648716036   -0.0103966123205679   -0.016695122992782   0
0.4284229224633   0.36643890722739   0.0119044958573934   0.0146972585113537   0
0.414530477886117   0.366962980702488   -0.0138924445771827   0.000524073475097808   0
0.398898508853765   0.36798781771112   -0.0156319690323519   0.00102483700863248   0
0.406284265767912   0.373578152183435   0.00738575691414733   0.00559033447231516   0
0.408968477246373   0.343802938855608   0.00268421147846065   -0.0297752133278271   0
0.441709485578854   0.389421882359762   0.0327410083324804   0.0456189435041534   0
0.436547653715183   0.367688154952782   -0.00516183186367042   -0.0217337274069797   0
0.489190427946016   0.428093460234254   0.052642774230833   0.060405305281472   0
0.44819847131369   0.417114569203866   -0.0409919566323264   -0.0109788910303882   0
0.470897209748922   0.423437235617463   0.0226987384352323   0.00632266641359691   0
0.448564206056082   0.414147015721243   -0.0223330036928399   -0.00929021989621964   0
0.455037131253268   0.423878621236734   0.00647292519718545   0.00973160551549151   0
0.445401421238588   0.417345152310952   -0.0096357100146795   -0.00653346892578205   0
0.426467698585396   0.411266858020328   -0.018933722653192   -0.00607829429062462   0
0.427074416351142   0.404758891712882   0.000606717765746223   -0.00650796630744577   0
0.426767968620433   0.396571924829523   -0.00030644773070948   -0.00818696688335857   0
0.423455871606876   0.410466702757131   -0.00331209701355667   0.0138947779276073   0
0.42679117168233   0.409186455899479   0.00333530007545407   -0.00128024685765199   0
0.442343013998591   0.427800293961931   0.0155518423162606   0.0186138380624521   0
0.426853450477562   0.414222380342248   -0.0154895635210291   -0.0135779136196832   0
0.436136778826152   0.411964537907926   0.00928332834859008   -0.00225784243432137   0
0.43556257008579   0.414737103329968   -0.000574208740361903   0.00277256542204118   0
0.437419052927339   0.436627804917993   0.00185648284154871   0.0218907015880258   0
0.470528098525592   0.455761809650664   0.0331090455982536   0.0191340047326705   0
0.450558346598458   0.453663650271275   -0.0199697519271342   -0.00209815937938929   0
0.475479672064561   0.463847791262115   0.0249213254661032   0.0101841409908405   0
0.488756487642895   0.471909090238824   0.0132768155783333   0.00806129897670937   0
