0   0   0   0   0
0.0603551269454546   0.0272546303352926   0.0603551269454546   0.0272546303352926   0
0.0605261153360045   0.0550481666003829   0.000170988390549874   0.0277935362650903   0
0.0430434651060317   0.0514326525989367   -0.0174826502299727   -0.00361551400144612   0
0.0563174428826517   0.107842350081672   0.0132739777766199   0.056409697482735   0
0.0655965770548937   0.0970510495132608   0.00927913417224201   -0.010791300568411   0
0.0426812473830613   0.0980448672647024   -0.0229153296718324   0.00099381775144157   0
0.215022872631137   0.145778390176385   0.172341625248076   0.047733522911683   0
0.128035879325556   0.195417893163742   -0.086986993305581   0.0496395029873563   0
0.12796448987793   0.188624938734946   -7.13894476258858e-05   -0.00679295442879596   0
0.0727518153069825   0.169724872094454   -0.0552126745709476   -0.018900066640492   0
0.0360517613338024   0.19631393404291   -0.0367000539731801   0.0265890619484564   0
0.0666824263396826   0.235675276663454   0.0306306650058802   0.0393613426205437   0
0.0181859173546985   0.278605622798972   -0.0484965089849841   0.0429303461355179   0
0.0336148492310479   0.243989481850532   0.0154289318763494   -0.0346161409484393   0
0.0737874923124414   0.278203278255608   0.0401726430813935   0.0342137964050762   0
0.0789402649911601   0.290580658655568   0.00515277267871866   0.0123773803999598   0
0.0751255188738113   0.290588780311692   -0.00381474611734881   8.12165612329441e-06   0
0.0368108793562465   0.27493776411666   -0.0383146395175647   -0.0156510161950316   0
0.0360139694762099   0.30325550591163   -0.000796909880036632   0.0283177417949703   0
0.0979971309712464   0.320427680034273   0.0619831614950365   0.0171721741226427   0
0.232809448782316   0.377217232470328   0.13481231781107   0.0567895524360549   0
0.0714096630329261   0.34496542357248   -0.16139978574939   -0.0322518088978478   0
0.109850688820678   0.333437642585129   0.0384410257877518   -0.0115277809873512   0
0.160080321377059   0.325182214797188   0.0502296325563815   -0.00825542778794042   0
0.185165671171425   0.33397791486796   0.0250853497943651   0.00879570007077152   0
0.219550678966469   0.332314459908674   0.0343850077950446   -0.00166345495928644   0
0.180885519166014   0.334261026586227   -0.0386651598004549   0.00194656667755316   0
0.188197902064364   0.33609544008793   0.00731238289834982   0.0018344135017031   0
0.152334676218613   0.360071195585714   -0.0358632258457512   0.0239757554977845   0
0.0939870430518805   0.333531207491799   -0.0583476331667323   -0.0265399880939154   0
0.113583957756471   0.340722030497799   0.01959691470459   0.00719082300600027   0
0.116549940184058   0.35855990144333   0.00296598242758783   0.0178378709455305   0
0.123973238916078   0.34988613732642   0.00742329873201977   -0.00867376411690995   0
0.096217372584892   0.358133844226237   -0.0277558663311862   0.00824770689981735   0
0.127852526023477   0.387265266339617   0.0316351534385851   0.0291314221133802   0
0.107882587195483   0.420831966235958   -0.0199699388279941   0.033566699896341   0
0.143620921755011   0.438762976300807   0.0357383345595278   0.0179310100648489   0
0.197704280069984   0.442761634344089   0.0540833583149729   0.00399865804328148   0
0.241790024107818   0.482966767552602   0.0440857440378348   0.0402051332085139   0
0.226075022566017   0.499622727689877   -0.015715001541801   0.0166559601372743   0
0.252836877351789   0.517427594332903   0.0267618547857713   0.0178048666430262   0
0.23189931040451   0.540611665718169   -0.0209375669472783   0.0231840713852657   0
0.189852538773042   0.59841316078739   -0.0420467716314681   0.0578014950692219   0
0.265564012198301   0.577195077809857   0.0757114734252584   -0.0212180829775338   0
0.255774968617717   0.566839394794043   -0.00978904358058413   -0.0103556830158132   0
0.235405215962565   0.584507058166048   -0.0203697526551515   0.0176676633720043   0
0.300528316525994   0.633803075468223   0.0651231005634291   0.0492960173021751   0
0.259445174709564   0.609842957531881   -0.0410831418164305   -0.0239601179363418   0
0.274817492134116   0.633837867207854   0.015372317424552   0.023994909675973   0
0.19014270960815   0.644952908864433   -0.0846747825259662   0.0111150416565786   0
0.189654211262894   0.683008511386552   -0.000488498345255245   0.0380556025221195   0
0.226121851460965   0.699617201756767   0.0364676401980709   0.0166086903702148   0
0.203107426098161   0.727271646967156   -0.0230144253628041   0.0276544452103893   0
0.270835143982391   0.683044895546398   0.0677277178842302   -0.044226751420758   0
0.33833393119778   0.705555253302906   0.0674987872153888   0.0225103577565076   0
0.339427358391319   0.683977422179764   0.00109342719353922   -0.0215778311231416   0
0.323908554856028   0.711170141917184   -0.0155188035352909   0.0271927197374201   0
0.395180169682882   0.753196167807059   0.0712716148268536   0.0420260258898744   0
0.345442636851366   0.691196584588091   -0.0497375328315166   -0.0619995832189676   0
0.377883963570291   0.7173841575902   0.0324413267189257   0.0261875730021085   0
0.431089865313846   0.778023834103546   0.0532059017435552   0.0606396765133463   0
0.354694392474177   0.759146497734352   -0.0763954728396697   -0.018877336369194   0
0.269788772713134   0.699337275575415   -0.0849056197610425   -0.0598092221589371   0
0.360006637354965   0.742545608117946   0.0902178646418307   0.0432083325425308   0
0.454698809682116   0.766915812694513   0.0946921723271513   0.0243702045765672   0
0.418158645172356   0.757315103029316   -0.0365401645097601   -0.00960070966519666   0
0.400056105509965   0.791898489873565   -0.0181025396623911   0.0345833868442489   0
0.453076737143786   0.814941158633423   0.0530206316338206   0.0230426687598582   0
0.285479759068817   0.649749991292476   -0.167596978074969   -0.165191167340947   0
0.286671159376409   0.694427212041126   0.00119140030759218   0.0446772207486495   0
0.263151507863863   0.665256184018122   -0.0235196515125456   -0.0291710280230035   0
0.305320964076726   0.724204445727935   0.0421694562128628   0.0589482617098127   0
0.293987782412235   0.763655004087717   -0.011333181664491   0.0394505583597823   0
0.295329956922167   0.738546285990783   0.0013421745099324   -0.0251087180969343   0
0.290756649213147   0.718613829448045   -0.00457330770902015   -0.0199324565427382   0
0.366595821022456   0.795953305671153   0.0758391718093091   0.0773394762231088   0
0.287502828905657   0.792966729823506   -0.0790929921167991   -0.00298657584764772   0
0.307139273842991   0.802836988074798   0.0196364449373339   0.00987025825129284   0
