0   0   0   0   0
0.00772254499027428   0.0166548810012162   0.00772254499027428   0.0166548810012162   0
0.022528537465171   0.0233811013579581   0.0148059924748967   0.00672622035674184   0
0.0250239755863423   0.0330656400222234   0.00249543812117129   0.00968453866426532   0
0.0259907828849555   0.0328315815146971   0.000966807298613218   -0.000234058507526308   0
0.0192551160756001   0.0212216650784713   -0.00673566680935538   -0.0116099164362258   0
0.0169005050362922   0.0353753486979816   -0.00235461103930796   0.0141536836195102   0
0.0333687743684969   0.0283035340319725   0.0164682693322047   -0.00707181466600908   0
0.0332808124637678   0.0268780379874571   -8.79619047290392e-05   -0.00142549604451541   0
0.0265830979166736   0.0297573284387257   -0.00669771454709426   0.00287929045126861   0
0.0333797298620361   0.0311238332743733   0.00679663194536255   0.00136650483564762   0
0.0583878192634641   0.0342372836167994   0.0250080894014279   0.00311345034242614   0
0.0401476458970957   0.0390146136942628   -0.0182401733663683   0.00477733007746334   0
0.0399903571378916   0.0488178196086239   -0.000157288759204108   0.00980320591436108   0
0.0529368141648816   0.047326048590891   0.01294645702699   -0.00149177101773288   0
0.0483706101975597   0.0486468866594883   -0.00456620396732192   0.00132083806859737   0
0.0433374589311975   0.0622026008008531   -0.00503315126636222   0.0135557141413648   0
0.0297603641947156   0.0661881503898753   -0.0135770947364819   0.00398554958902219   0
0.0574372045566569   0.0677730037749312   0.0276768403619413   0.00158485338505593   0
0.0582460604861661   0.0609949392988754   0.000808855929509175   -0.00677806447605583   0
0.0316744948197948   0.0642290223804718   -0.0265715656663713   0.00323408308159637   0
0.0542439935316179   0.0708237785930378   0.0225694987118231   0.00659475621256597   0
0.0646670052726979   0.0770525169752746   0.0104230117410801   0.0062287383822368   0
0.0605722311152396   0.0745992845576746   -0.00409477415745837   -0.00245323241759997   0
0.0591210258026053   0.0802736085904339   -0.00145120531263426   0.00567432403275932   0
0.0698552140077372   0.0819033090126708   0.0107341882051318   0.00162970042223694   0
0.073857802532055   0.0813086189223913   0.00400258852431788   -0.000594690090279529   0
0.0974355850811339   0.0818843328712391   0.0235777825490789   0.000575713948847756   0
0.157171968621605   0.129709454333236   0.0597363835404713   0.0478251214619973   0
0.145491882773161   0.125501337192992   -0.0116800858484444   -0.00420811714024408   0
0.145087809489969   0.138198062381581   -0.000404073283191864   0.0126967251885891   0
0.160652174102049   0.155077515736342   0.0155643646120804   0.0168794533547603   0
0.153151989319239   0.139914503968334   -0.0075001847828105   -0.0151630117680081   0
0.144482587775584   0.140080919100851   -0.00866940154365539   0.000166415132517722   0
0.162305176215076   0.14176289397619   0.0178225884394926   0.00168197487533842   0
0.14953423963275   0.160589265820764   -0.0127709365823261   0.0188263718445738   0
0.154834852613895   0.168636223260196   0.00530061298114493   0.00804695743943271   0
0.155385606642956   0.166099185963851   0.000550754029061046   -0.00253703729634497   0
0.180581796315019   0.174639620100521   0.025196189672063   0.00854043413667013   0
0.167702090948983   0.189838164677485   -0.0128797053660362   0.0151985445769635   0
0.178448273360105   0.194634169320942   0.0107461824111217   0.00479600464345697   0
0.177368755430808   0.187079261426307   -0.00107951792929667   -0.00755490789463464   0
0.184661833216823   0.200178048783703   0.00729307778601507   0.0130987873573959   0
0.174843113936822   0.1879841217227   -0.00981871928000067   -0.0121939270610033   0
0.173860656080587   0.191564566997275   -0.000982457856234881   0.00358044527457488   0
0.177121305280542   0.182402346494491   0.00326064919995453   -0.00916222050278392   0
0.174043069683939   0.193549370592301   -0.00307823559660303   0.0111470240978103   0
0.168260651499307   0.195271218194357   -0.0057824181846321   0.00172184760205585   0
0.19934573308937   0.200201577063432   0.0310850815900635   0.00493035886907539   0
0.186996988282685   0.197573994695453   -0.0123487448066857   -0.00262758236797914   0
0.192240712083098   0.207600736712435   0.00524372380041366   0.0100267420169814   0
0.179882810172722   0.206825908283365   -0.0123579019103766   -0.000774828429069424   0
0.206893853789692   0.218394042863089   0.0270110436169703   0.0115681345797238   0
0.197659312399996   0.206697184447469   -0.00923454138969598   -0.0116968584156203   0
0.20154084831696   0.203544732045479   0.00388153591696422   -0.00315245240198991   0
0.214272578048673   0.21852346361299   0.0127317297317125   0.0149787315675111   0
0.200820167316048   0.220148709850736   -0.0134524107326247   0.00162524623774651   0
0.198634084276226   0.219740715969275   -0.00218608303982237   -0.000407993881461677   0
0.209842132992173   0.220293623945917   0.0112080487159474   0.000552907976641842   0
0.217376563682674   0.228864113363555   0.00753443069050092   0.00857048941763852   0
0.21058775342642   0.225112829868075   -0.00678881025625419   -0.00375128349548043   0
0.201515156709581   0.233232674479849   -0.00907259671683916   0.00811984461177481   0
0.220961428061669   0.235171136818144   0.0194462713520886   0.00193846233829453   0
