7.1054274e-15   0   0   0   0
0.0497291800495586   0.0521353761277932   0.0497291800495515   0.0521353761277932   0
0.0801652795666664   0.0361214573194087   0.0304360995171078   -0.0160139188083845   0
0.0803144555444903   0.0463704857800429   0.000149175977823948   0.0102490284606342   0
0.0706029203302344   0.0572871672179959   -0.00971153521425591   0.010916681437953   0
0.0847529012057612   0.0701406491889428   0.0141499808755269   0.0128534819709469   0
0.0709702784079063   0.058058297001422   -0.013782622797855   -0.0120823521875208   0
0.093030947752235   0.079274758358433   0.0220606693443287   0.0212164613570109   0
0.105758549758258   0.0936202389171953   0.0127276020060233   0.0143454805587623   0
0.166491021123563   0.145513820508114   0.0607324713653052   0.0518935815909189   0
0.145416475416226   0.132934504682085   -0.0210745457073371   -0.0125793158260289   0
0.152913668912725   0.152375633505636   0.0074971934964983   0.0194411288235508   0
0.14308844294016   0.134700644108588   -0.00982522597256455   -0.0176749893970476   0
0.18222867966457   0.148875117835415   0.0391402367244098   0.0141744737268266   0
0.159788768377853   0.149977588366282   -0.0224399112867166   0.00110247053086684   0
0.195617448276418   0.169106727676142   0.035828679898565   0.0191291393098598   0
0.197439046576903   0.18439305966968   0.00182159830048442   0.015286331993538   0
0.204993563547747   0.197429067806997   0.00755451697084403   0.0130360081373171   0
0.192506639542099   0.184998075067365   -0.0124869240056474   -0.0124309927396317   0
0.230678562704115   0.183437383367254   0.0381719231620159   -0.00156069170011081   0
0.219574954790761   0.154541161784784   -0.0111036079133541   -0.0288962215824703   0
0.21003804707221   0.163247991233296   -0.00953690771855153   0.00870682944851228   0
0.237097987250861   0.170257152850039   0.0270599401786514   0.00700916161674225   0
0.251003655129505   0.192220171765149   0.013905667878644   0.0219630189151108   0
0.232244545981597   0.184844000842359   -0.0187591091479082   -0.00737617092279075   0
0.23136614092823   0.190108618431137   -0.000878405053367004   0.00526461758877839   0
0.282465761067591   0.199946217695013   0.0510996201393613   0.00983759926387553   0
0.26649766814394   0.181508117601381   -0.0159680929236512   -0.0184381000936316   0
0.263786312068473   0.135932106589701   -0.00271135607546708   -0.0455760110116799   0
0.281746685186313   0.183033893576443   0.0179603731178401   0.0471017869867425   0
0.240169125937054   0.148290559348362   -0.0415775592492588   -0.034743334228081   0
0.332586236600255   0.207525512862012   0.0924171106632011   0.0592349535136499   0
0.322757755809805   0.194240539503509   -0.00982848079045001   -0.0132849733585035   0
0.394312143774975   0.235107744840952   0.0715543879651695   0.0408672053374428   0
0.348256690455554   0.220463754624127   -0.0460554533194212   -0.0146439902168245   0
0.378830106226304   0.240723803357932   0.0305734157707507   0.0202600487338049   0
0.349845195103528   0.246696199881196   -0.0289849111227761   0.00597239652326431   0
0.337630077405189   0.248894693825516   -0.0122151176983389   0.00219849394431942   0
0.371968329483655   0.273109402115139   0.0343382520784657   0.0242147082896228   0
0.3235303273147   0.249032540577097   -0.0484380021689547   -0.0240768615380415   0
0.360860180923018   0.246984684663748   0.0373298536083179   -0.00204785591334924   0
0.329732813568656   0.25082951631993   -0.0311273673543622   0.00384483165618185   0
0.363722865413487   0.263160239573875   0.0339900518448314   0.0123307232539452   0
0.362092285766081   0.280229727689846   -0.0016305796474067   0.0170694881159716   0
0.318789680561039   0.238027952079555   -0.0433026052050421   -0.0422017756102919   0
0.391414596788258   0.281168266338987   0.0726249162272194   0.0431403142594321   0
0.358787999558959   0.284634028029078   -0.0326265972292988   0.00346576169009116   0
0.355566054548079   0.273936818036614   -0.00322194501088002   -0.0106972099924636   0
0.383259454258233   0.286193222014626   0.0276933997101538   0.0122564039780116   0
0.34390826311842   0.278957268617656   -0.0393511911398132   -0.0072359533969697   0
0.375069825070626   0.287105529277806   0.0311615619522059   0.00814826066014984   0
0.371324239923235   0.290715860888153   -0.00374558514739076   0.00361033161034668   0
0.351985925859523   0.271091780674263   -0.0193383140637116   -0.0196240802138896   0
0.297228813396874   0.178579392336314   -0.0547571124626496   -0.0925123883379493   0
0.194899483270855   0.159372595143212   -0.102329330126018   -0.0192067971931019   0
0.253074381832144   0.177180477991977   0.0581748985612884   0.0178078828487651   0
0.264433581788414   0.19741303731278   0.01135919995627   0.0202325593208033   0
0.268136140310247   0.216563295719948   0.00370255852183282   0.0191502584071679   0
0.264312734123113   0.189902197658968   -0.00382340618713406   -0.0266610980609799   0
0.27402215501663   0.193331991160502   0.00970942089351717   0.00342979350153338   0
0.24693712178807   0.187248790861252   -0.0270850332285593   -0.00608320029924955   0
0.292240722448716   0.201189430566952   0.0453036006606456   0.0139406397057   0
0.269647228038561   0.18841912955633   -0.0225934944101546   -0.0127703010106217   0
