7.1054274e-15   0   0   0   0
0.0278200993713732   0.0348533352813296   0.0278200993713661   0.0348533352813296   0
0.0960292140483311   0.0637930722504785   0.068209114676958   0.0289397369691489   0
0.0633837677620796   0.081960520886228   -0.0326454462862515   0.0181674486357495   0
0.0435681738776447   0.091347577143133   -0.0198155938844349   0.00938705625690493   0
0.0507621594642077   0.0859578702388257   0.007193985586563   -0.00538970690430723   0
0.031470591198021   0.0705809970932148   -0.0192915682661867   -0.015376873145611   0
0.116118229661236   0.0963802728840096   0.0846476384632153   0.0257992757907948   0
0.0869070757837748   0.108810733668326   -0.0292111538774615   0.0124304607843164   0
0.0991253037507755   0.120895276132982   0.0122182279670007   0.0120845424646562   0
0.185714263854101   0.159226908196331   0.0865889601033256   0.0383316320633489   0
0.12737444772222   0.158549973259313   -0.0583398161318808   -0.000676934937018342   0
0.175839615234431   0.191333549514214   0.0484651675122111   0.0327835762549017   0
0.230259340973261   0.226181233003521   0.0544197257388295   0.0348476834893061   0
0.19499372432266   0.242826449765269   -0.035265616650601   0.0166452167617485   0
0.201506304469753   0.190311473295554   0.00651258014709333   -0.0525149764697154   0
0.217875821069884   0.216544344922629   0.0163695166001307   0.0262328716270755   0
0.19301420089184   0.24462876478106   -0.0248616201780442   0.0280844198584308   0
0.252038986049412   0.245730321316535   0.059024785157572   0.00110155653547506   0
0.345516084442648   0.353774868984173   0.0934770983932365   0.108044547667638   0
0.374341297126843   0.36803144746964   0.0288252126841948   0.0142565784854671   0
0.408876326462763   0.394305242693866   0.03453502933592   0.0262737952242262   0
0.418045843817717   0.333802775602385   0.0091695173549543   -0.0605024670914808   0
0.380826548151362   0.282355057483676   -0.0372192956663549   -0.0514477181187089   0
0.407005013009166   0.265637510048808   0.0261784648578037   -0.0167175474348681   0
0.428831550576348   0.299897648346139   0.0218265375671823   0.0342601382973311   0
0.438233023930054   0.338263837047797   0.00940147335370567   0.0383661887016576   0
0.453320031711541   0.329536516344001   0.015087007781487   -0.00872732070379606   0
0.481867041334927   0.334730786505736   0.0285470096233855   0.00519427016173546   0
0.514862060443499   0.351448036213327   0.0329950191085726   0.0167172497075913   0
0.560174652464441   0.378258290271877   0.0453125920209423   0.0268102540585493   0
0.505174871116054   0.361167995263246   -0.0549997813483877   -0.0170902950086311   0
0.487971791805195   0.358327232048553   -0.0172030793108587   -0.00284076321469307   0
0.480393438636684   0.323402629254221   -0.00757835316851085   -0.0349246027943312   0
0.417373258923389   0.274565961538261   -0.0630201797132954   -0.0488366677159603   0
0.471272671588913   0.304093550617648   0.0538994126655242   0.029527589079387   0
0.464626494828581   0.28895538542829   -0.00664617676033169   -0.0151381651893577   0
0.472926383655868   0.303552133563143   0.00829988882728683   0.014596748134853   0
0.493576647927952   0.32462291178359   0.0206502642720834   0.0210707782204461   0
0.402197781532333   0.279557922796   -0.0913788663956184   -0.0450649889875894   0
0.369508982521588   0.22799613913357   -0.0326887990107451   -0.0515617836624303   0
0.384293501083647   0.228303957528712   0.0147845185620592   0.000307818395142434   0
0.300081380216558   0.202456295054735   -0.084212120867089   -0.0258476624739772   0
0.351220433033618   0.272796534072323   0.0511390528170602   0.0703402390175882   0
0.457856566453493   0.314496265773256   0.106636133419875   0.0416997317009324   0
0.45111061240802   0.312496387539753   -0.00674595404547323   -0.00199987823350234   0
0.49267072531259   0.338939161264837   0.0415601129045698   0.0264427737250833   0
0.439983836813281   0.25260506229984   -0.0526868884993085   -0.0863340989649962   0
0.353415755309477   0.274981100698619   -0.0865680815038044   0.0223760383987788   0
0.361895146867538   0.240559507864892   0.0084793915580606   -0.0344215928337273   0
0.393587675798735   0.241116819169116   0.0316925289311976   0.000557311304223929   0
0.398046369554723   0.268799879274674   0.00445869375598823   0.0276830601055582   0
0.447127197973791   0.249317818754756   0.0490808284190679   -0.0194820605199183   0
0.277074337663866   0.20887317521222   -0.170052860309926   -0.0404446435425356   0
0.30814822460017   0.189996057064106   0.0310738869363046   -0.0188771181481137   0
0.349477373652362   0.179484306396565   0.0413291490521913   -0.0105117506675416   0
0.315539195474035   0.136648081943621   -0.0339381781783261   -0.0428362244529443   0
0.249181795103698   0.114319150882515   -0.0663574003703373   -0.0223289310611056   0
0.401051487505588   0.115176543399034   0.15186969240189   0.000857392516518771   0
0.468143564441117   0.138352078666959   0.0670920769355283   0.0231755352679254   0
0.542504457201981   0.180887423394799   0.0743608927608642   0.0425353447278398   0
0.53711990527947   0.173915588439457   -0.00538455192251031   -0.00697183495534176   0
0.527751003484333   0.125820352082955   -0.00936890179513727   -0.0480952363565024   0
0.531637382990844   0.126045964006709   0.0038863795065105   0.000225611923754448   0
0.563977262476529   0.138809801485386   0.0323398794856853   0.0127638374786765   0
0.516226985775331   0.223450832261677   -0.0477502767011979   0.0846410307762912   0
0.49242040518594   0.232313365874624   -0.0238065805893909   0.00886253361294703   0
0.533779016396758   0.20699415111083   0.0413586112108179   -0.0253192147637936   0
0.525998557221709   0.203781254021851   -0.00778045917504855   -0.00321289708897904   0
0.62449547555923   0.237166336384708   0.0984969183375205   0.0333850823628565   0
0.606966180184167   0.248115760529017   -0.0175292953750632   0.0109494241443092   0
0.520490406810814   0.199450363952344   -0.0864757733733523   -0.0486653965766728   0
0.591832971121603   0.234010398016949   0.0713425643107884   0.0345600340646042   0
0.604051257857094   0.239207543901874   0.012218286735491   0.00519714588492584   0
0.542389100293723   0.229949903996516   -0.0616621575633706   -0.00925763990535844   0
0.584950843849312   0.239837308834994   0.0425617435555887   0.00988740483847825   0
0.564428268089005   0.225917352214991   -0.0205225757603068   -0.0139199566200038   0
0.506469457794725   0.24507948391401   -0.0579588102942798   0.0191621316990195   0
0.547664019745582   0.251985009625989   0.0411945619508569   0.00690552571197914   0
0.495635060349142   0.272149871845405   -0.0520289593964404   0.0201648622194157   0
0.58470941600637   0.277662523673856   0.0890743556572283   0.00551265182845134   0
0.557042201347712   0.309761158812503   -0.0276672146586577   0.0320986351386464   0
0.514673759162372   0.285049292442117   -0.04236844218534   -0.0247118663703857   0
0.47552645354132   0.239849651251265   -0.0391473056210525   -0.0451996411908516   0
