7.1054274e-15   0   0   0   0
0.036590092877737   0.0238975156330665   0.0365900928777299   0.0238975156330665   0
0.0630664585518722   0.0314553194183008   0.0264763656741352   0.00755780378523429   0
0.110410792436161   0.0501422914109741   0.0473443338842884   0.0186869719926733   0
0.0862447418676082   0.0565473939915324   -0.0241660505685524   0.00640510258055828   0
0.086324303208437   0.048035637552072   7.9561340828746e-05   -0.00851175643946037   0
0.199460717278471   0.133323779295405   0.113136414070034   0.0852881417433331   0
0.0996796871976764   0.0648995408961045   -0.0997810300807946   -0.0684242383993006   0
0.0862899949445334   0.0686111251335904   -0.013389692253143   0.0037115842374859   0
0.0880442174102439   0.0521458441287253   0.00175422246571047   -0.0164652810048651   0
0.0955513566187844   0.0478460042971614   0.00750713920854057   -0.00429983983156383   0
0.106607532859607   0.0597059331583106   0.0110561762408221   0.0118599288611492   0
0.0700885920718826   0.0429248469012746   -0.0365189407877239   -0.016781086257036   0
0.143330044720262   0.0756052580306637   0.0732414526483794   0.0326804111293891   0
0.153291860694443   0.126007499466722   0.00996181597418139   0.0504022414360588   0
0.157467601289695   0.140090087131647   0.00417574059525147   0.0140825876649248   0
0.197504342461626   0.15810672286037   0.0400367411719308   0.0180166357287225   0
0.197065390014527   0.18181195595386   -0.000438952447098739   0.0237052330934905   0
0.155063055687139   0.15312220708631   -0.0420023343273876   -0.0286897488675499   0
0.180572182519618   0.153456172026762   0.0255091268324782   0.000333964940451931   0
0.160161222480898   0.146524361521689   -0.0204109600387197   -0.0069318105050731   0
0.187765776750094   0.150020714248613   0.0276045542691963   0.00349635272692364   0
0.186779974214563   0.143428347637091   -0.000985802535530739   -0.00659236661152177   0
0.207900856504311   0.162390523894773   0.0211208822897478   0.0189621762576817   0
0.219085605497753   0.177871950899779   0.0111847489934416   0.0154814270050065   0
0.196011126918488   0.172975044273859   -0.0230744785792651   -0.00489690662592038   0
0.266229981537753   0.216058371040056   0.0702188546192648   0.0430833267661975   0
0.239095133084426   0.215045738186284   -0.0271348484533268   -0.00101263285377268   0
0.238273753271663   0.186330539366626   -0.000821379812763312   -0.0287151988196576   0
0.244775889049649   0.2043106922011   0.00650213577798653   0.0179801528344742   0
0.204737389996629   0.181796695041361   -0.0400384990530202   -0.0225139971597392   0
0.195408588978091   0.163340284838364   -0.00932880101853786   -0.0184564102029967   0
0.152068727773484   0.0841334471729673   -0.0433398612046066   -0.0792068376653971   0
0.110620948506545   0.0739873255836109   -0.0414477792669393   -0.0101461215893564   0
0.062894778219921   0.082407584444142   -0.0477261702866241   0.00842025886053104   0
0.0791292989644328   0.11600631514481   0.0162345207445118   0.0335987307006681   0
0.110028947058145   0.12920029840384   0.0308996480937123   0.01319398325903   0
0.10151575433473   0.135908251391405   -0.00851319272341532   0.00670795298756516   0
0.0968368362024476   0.15257780625137   -0.00467891813228218   0.0166695548599652   0
0.134858353378319   0.162405428807986   0.0380215171758709   0.00982762255661596   0
0.124397341157715   0.172839182778603   -0.0104610122206031   0.0104337539706168   0
0.138323274835584   0.189743757316837   0.0139259336778689   0.0169045745382335   0
0.183974551247739   0.218862180494492   0.0456512764121552   0.0291184231776556   0
0.166919377984781   0.213286280217725   -0.0170551732629587   -0.00557590027676705   0
0.198276860545383   0.24610012579401   0.0313574825606024   0.0328138455762843   0
0.233519730235204   0.261340367256574   0.035242869689821   0.0152402414625644   0
0.189634576353597   0.256442073133903   -0.0438851538816072   -0.00489829412267129   0
0.201934159406767   0.247229258954364   0.0122995830531701   -0.00921281417953879   0
0.173365572961787   0.240531798142198   -0.02856858644498   -0.00669746081216549   0
0.223410372125151   0.265455651396395   0.0500447991633636   0.0249238532541968   0
0.206390936260602   0.272881520127311   -0.0170194358645489   0.007425868730916   0
0.159001033782871   0.254008855349383   -0.0473899024777308   -0.0188726647779283   0
0.177701069241154   0.279778346508032   0.0187000354582832   0.0257694911586489   0
0.201929496642545   0.26538721724653   0.0242284274013906   -0.0143911292615017   0
0.185420526904893   0.243330313454756   -0.0165089697376518   -0.0220569037917741   0
0.228903636919723   0.263361288883343   0.0434831100148297   0.0200309754285872   0
0.196930447115652   0.245629716916473   -0.0319731898040712   -0.0177315719668699   0
0.201850539542912   0.255124566912587   0.00492009242726016   0.00949484999611397   0
0.219139826282092   0.258995451100109   0.0172892867391804   0.00387088418752163   0
0.147335393578386   0.234839203289728   -0.071804432703706   -0.0241562478103808   0
0.195752635125281   0.238576167918616   0.048417241546895   0.00373696462888815   0
0.16000227606755   0.227165562140697   -0.035750359057731   -0.0114106057779194   0
0.205627436347651   0.255332286420144   0.0456251602801011   0.0281667242794466   0
0.189075092909057   0.252628674725359   -0.0165523434385943   -0.0027036116947845   0
0.161247493661481   0.252087379233649   -0.027827599247576   -0.000541295491710336   0
0.231317628331969   0.256576642290445   0.0700701346704881   0.00448926305679592   0
0.215352719645995   0.264635328942275   -0.0159649086859736   0.00805868665183002   0
0.184227580941964   0.266799118671893   -0.0311251387040309   0.00216378972961823   0
0.206374266304162   0.265873902559598   0.0221466853621973   -0.000925216112294514   0
0.19362077589592   0.244669150987544   -0.0127534904082415   -0.0212047515720547   0
0.195079438052484   0.235321631582215   0.0014586621565639   -0.00934751940532877   0
0.219146250520184   0.246091914325164   0.0240668124677003   0.0107702827429489   0
0.20899501400226   0.235289604605789   -0.0101512365179245   -0.010802309719375   0
0.183800361298941   0.228122049060242   -0.0251946527033187   -0.00716755554554721   0
0.20362434137182   0.233695772795806   0.0198239800728791   0.00557372373556372   0
0.177074704395527   0.219341539981923   -0.0265496369762936   -0.0143542328138829   0
0.158948702924725   0.212813870051586   -0.0181260014708022   -0.00652766993033707   0
