1.30823405765617e-14   9.6296495e-33   0   0   0
0.0376567278434392   0.0248987223998796   0.0376567278434261   0.0248987223998796   0
0.0781064451402384   0.100243430591437   0.0404497172967992   0.0753447081915571   0
0.101005831465595   0.130745692736852   0.0228993863253569   0.0305022621454154   0
0.118198488858877   0.212545146720354   0.0171926573932817   0.0817994539835017   0
0.141542159015554   0.260366698087915   0.0233436701566766   0.0478215513675608   0
0.14369318958798   0.340894448420705   0.0021510305724263   0.0805277503327906   0
0.095269556781145   0.293060367235627   -0.0484236328068349   -0.0478340811850785   0
0.195296943846505   0.448468311514799   0.10002738706536   0.155407944279172   0
0.2576610418346   0.493560377192058   0.0623640979880951   0.045092065677259   0
0.148203716444011   0.476799524482108   -0.109457325390589   -0.0167608527099494   0
0.34797327191247   0.738229178015424   0.199769555468459   0.261429653533316   0
0.189554062052153   0.422589979135419   -0.158419209860317   -0.315639198880005   0
0.213984604466328   0.450525156073786   0.0244305424141752   0.0279351769383666   0
0.187953965468205   0.460652437522629   -0.0260306389981233   0.0101272814488439   0
0.210207164838812   0.647726530207823   0.0222531993706068   0.187074092685194   0
0.222227897978462   0.622125597608098   0.0120207331396502   -0.0256009325997245   0
0.121337508063588   0.502376797959389   -0.100890389914873   -0.119748799648709   0
0.338002715156013   0.720729655357842   0.216665207092425   0.218352857398452   0
0.418364849133965   0.7822425797442   0.0803621339779515   0.0615129243863581   0
0.402909042799041   0.812937947179898   -0.0154558063349237   0.0306953674356986   0
0.328284636267546   0.749167753656427   -0.0746244065314949   -0.0637701935234712   0
0.3002665996011   0.753744865518565   -0.0280180366664464   0.00457711186213794   0
0.378896094375876   0.768047214615192   0.0786294947747765   0.0143023490966268   0
0.267072295986367   0.751555148390584   -0.111823798389509   -0.0164920662246074   0
0.260374648425368   0.716190030394964   -0.00669764756099844   -0.0353651179956204   0
0.337305697174302   0.565390929107067   0.0769310487489334   -0.150799101287897   0
0.241486762161274   0.482804901979775   -0.0958189350130278   -0.082586027127292   0
0.270056558183289   0.464074918228268   0.0285697960220148   -0.0187299837515073   0
0.350310340795244   0.507731534519839   0.0802537826119555   0.0436566162915712   0
0.406382890861797   0.483460027260765   0.0560725500665532   -0.024271507259074   0
0.267396871460343   0.693398261302702   -0.138986019401454   0.209938234041937   0
0.333431193521199   0.710020169312692   0.0660343220608556   0.0166219080099901   0
1.2336401663714   1.23340589939635   0.900208972850199   0.523385730083654   0
0.660217645186698   0.807947914584494   -0.5734225211847   -0.425457984811853   0
0.621076504851601   0.862948879694841   -0.0391411403350964   0.055000965110347   0
0.579940756836182   0.802804771019411   -0.0411357480154193   -0.0601441086754292   0
0.531099741954497   0.716953616355183   -0.0488410148816849   -0.0858511546642281   0
0.577999798044447   0.732570557840308   0.0469000560899495   0.0156169414851249   0
0.507119261453469   0.731998392320128   -0.0708805365909775   -0.000572165520180135   0
0.560369226865603   0.751773665944217   0.0532499654121338   0.0197752736240889   0
1.0508016720391   0.928122681954694   0.490432445173498   0.176349016010477   0
1.06316254140026   0.938588339574072   0.0123608693611597   0.0104656576193778   0
0.985013144224023   0.914996476646394   -0.0781493971762374   -0.023591862927678   0
0.944259707824659   1.0291089524672   -0.0407534363993637   0.114112475820807   0
0.978833934340822   1.00708943991666   0.0345742265161634   -0.0220195125505376   0
0.933469907119785   1.02325372367692   -0.0453640272210371   0.0161642837602605   0
0.957945952401406   1.07650090742719   0.0244760452816206   0.053247183750269   0
0.988884251394446   0.948347832437218   0.03093829899304   -0.128153074989976   0
0.904769120811691   0.978476671244525   -0.084115130582755   0.0301288388073069   0
0.933547228423082   0.975646119913339   0.0287781076113908   -0.00283055133118559   0
0.900019122993213   0.974130027078529   -0.0335281054298684   -0.00151609283481013   0
0.865098904410949   0.885864825562698   -0.0349202185822642   -0.0882652015158305   0
0.74251760016565   0.811230365276558   -0.122581304245299   -0.0746344602861404   0
0.687977248903225   0.755323919179287   -0.0545403512624245   -0.0559064460972706   0
0.568749837138713   0.685663846016533   -0.119227411764512   -0.0696600731627542   0
0.622686858494266   0.757391207268295   0.0539370213555527   0.0717273612517623   0
0.447329392100611   0.743359431637865   -0.175357466393655   -0.0140317756304306   0
0.386616810842273   0.66595961346274   -0.0607125812583382   -0.0773998181751249   0
0.432019923271432   0.716611407791072   0.0454031124291591   0.0506517943283321   0
0.470162462648891   0.688125735339457   0.0381425393774597   -0.0284856724516147   0
0.60564434593137   0.706862491081187   0.135481883282479   0.0187367557417295   0
0.572398209536811   0.654754829054576   -0.033246136394559   -0.0521076620266111   0
0.517819222571581   0.719381894507373   -0.0545789869652304   0.0646270654527975   0
