1.50059840171807e-14   9.227567e-17   0   0   0
0.0590568278304228   0.0682983611230112   0.0590568278304078   0.0682983611230111   0
0.105842367093909   0.0511943291115408   0.0467855392634864   -0.0171040320114704   0
0.0797107748790155   0.0478095438093883   -0.0261315922148937   -0.00338478530215246   0
0.118335368267564   0.017652897559996   0.038624593388548   -0.0301566462493923   0
0.0853994481781938   0.0427859033887004   -0.0329359200893698   0.0251330058287044   0
0.0724418461530272   0.0643824930047384   -0.0129576020251666   0.0215965896160379   0
0.0703778137647499   0.0816517633852419   -0.00206403238827732   0.0172692703805035   0
0.0932879877436323   0.0380517818094385   0.0229101739788824   -0.0435999815758033   0
0.0509957076129447   0.0437298460775555   -0.0422922801306876   0.00567806426811699   0
0.0907619942488358   0.0278588656673263   0.0397662866358911   -0.0158709804102292   0
0.100271227606677   0.0520915953876705   0.00950923335784107   0.0242327297203442   0
0.0893564921752261   0.0471426812409072   -0.0109147354314507   -0.00494891414676332   0
0.109143267560696   0.036581992702879   0.0197867753854695   -0.0105606885380282   0
0.0965530048218852   0.079436624276032   -0.0125902627388104   0.0428546315731531   0
0.133337150308478   0.0906872700690725   0.0367841454865927   0.0112506457930404   0
0.123651929074309   0.100670328962964   -0.00968522123416911   0.00998305889389185   0
0.108079456505467   0.159809671153115   -0.0155724725688418   0.0591393421901502   0
0.146099518931423   0.166215227339699   0.038020062425956   0.00640555618658453   0
0.341056328984488   0.266403834277576   0.194956810053065   0.100188606937877   0
0.225840590420108   0.175117979012131   -0.11521573856438   -0.0912858552654446   0
0.185975564520356   0.163991397547845   -0.0398650258997521   -0.0111265814642857   0
0.224546445062853   0.171616957793675   0.0385708805424971   0.00762556024582925   0
0.217353771863114   0.118184973469141   -0.00719267319973879   -0.0534319843245341   0
0.250476277862595   0.107096535596294   0.0331225059994803   -0.0110884378728463   0
0.200014930146621   0.0673320803195275   -0.0504613477159742   -0.0397644552767667   0
0.236632082272202   0.100465777146656   0.0366171521255816   0.0331336968271286   0
0.186161225415482   0.103650360134086   -0.0504708568567201   0.00318458298742966   0
0.257837616236662   0.165613831320837   0.0716763908211804   0.0619634711867511   0
0.256494681219971   0.202759166966749   -0.00134293501669119   0.0371453356459119   0
0.247497239682057   0.0665839676815814   -0.00899744153791432   -0.136175199285167   0
0.16660752943304   0.0573549970529013   -0.0808897102490164   -0.0092289706286801   0
0.188213848083343   0.0613068261401088   0.0216063186503029   0.00395182908720742   0
0.216752622996358   0.0692963698225463   0.0285387749130149   0.00798954368243755   0
0.191757840224937   0.0688928539000242   -0.0249947827714212   -0.00040351592252208   0
0.231015441978725   0.0680004362814129   0.0392576017537884   -0.00089241761861128   0
0.226879348296975   0.0671940437762216   -0.00413609368175091   -0.00080639250519135   0
0.181099326874206   0.0751902287454112   -0.045780021422769   0.00799618496918963   0
0.230935358062574   0.0658037436931221   0.049836031188368   -0.00938648505228912   0
0.203851168241089   0.0527235199412323   -0.0270841898214851   -0.0130802237518899   0
0.220613947734982   0.0377246735018747   0.0167627794938938   -0.0149988464393575   0
0.271311580979412   0.0616510775133987   0.0506976332444295   0.0239264040115239   0
0.26134084026242   0.0787421233065639   -0.00997074071699133   0.0170910457931652   0
0.219817218094905   0.0784724978421246   -0.0415236221675151   -0.000269625464439233   0
0.198759759403993   0.0769974802913733   -0.0210574586909121   -0.00147501755075138   0
0.220264018736289   0.0815802486684457   0.0215042593322955   0.00458276837707246   0
0.21463970077329   0.0716459662343217   -0.00562431796299875   -0.00993428243412404   0
0.215194761803511   0.067309052463271   0.000555061030220877   -0.00433691377105064   0
0.170080362142482   0.0320019548361357   -0.0451143996610287   -0.0353070976271353   0
0.185536738721617   0.0469407259943928   0.0154563765791351   0.0149387711582571   0
0.170221282758527   0.0352211752747159   -0.0153154559630908   -0.0117195507196769   0
0.115427294882538   0.0943652105155764   -0.0547939878759888   0.0591440352408605   0
0.188036550087116   0.0459211332970616   0.0726092552045778   -0.0484440772185148   0
0.241916366448352   0.0392309301124293   0.0538798163612363   -0.00669020318463229   0
0.19656218116306   0.0570734776918759   -0.0453541852852921   0.0178425475794467   0
0.240675555995817   0.038909745812007   0.0441133748327577   -0.0181637318798689   0
0.324418090181543   0.0703491565713127   0.0837425341857256   0.0314394107593057   0
0.288703842210585   0.0608487570809252   -0.0357142479709583   -0.00950039949038754   0
0.328205717433804   0.0724467366327291   0.0395018752232187   0.0115979795518039   0
0.332138558463922   0.0617758454135402   0.00393284103011882   -0.0106708912191888   0
0.334378694957914   0.062856213427538   0.0022401364939913   0.00108036801399772   0
0.277099055797385   0.045059698873425   -0.0572796391605285   -0.0177965145541129   0
0.320446089984822   0.0591959759584407   0.0433470341874371   0.0141362770850157   0
0.298427012167748   0.0571401179019273   -0.0220190778170741   -0.00205585805651348   0
0.295871139500027   0.0626546361561169   -0.00255587266772156   0.00551451825418967   0
0.25052519621219   0.0625196066080911   -0.0453459432878361   -0.000135029548025814   0
0.273321182243834   0.0650069328686982   0.0227959860316434   0.0024873262606071   0
0.33518113139516   0.0716329695362278   0.061859949151326   0.0066260366675296   0
0.343920469537322   0.0696143229926693   0.00873933814216177   -0.00201864654355849   0
0.332775109407609   0.0650167807166948   -0.0111453601297131   -0.00459754227597449   0
0.353274845437594   0.0535777652785872   0.0204997360299859   -0.0114390154381077   0
0.400653879265319   0.0697242401037562   0.0473790338277251   0.016146474825169   0
0.386114318592975   0.0738283868584499   -0.0145395606723441   0.00410414675469373   0
0.477026318228077   0.134708095374026   0.0909119996351016   0.0608797085155764   0
0.453294335674546   0.133629124868847   -0.0237319825535314   -0.00107897050517894   0
0.351794897000027   0.0418982134526019   -0.101499438674519   -0.0917309114162454   0
0.349596670028583   0.0466006843709792   -0.00219822697144417   0.00470247091837724   0
