1.4210855e-14   0   0   0   0
0.197435683045277   0.151310259340921   0.197435683045263   0.151310259340921   0
0.289765155572431   0.225082359441603   0.0923294725271541   0.0737721001006827   0
0.315982628688479   0.215843731464461   0.0262174731160476   -0.00923862797714245   0
0.366353517736004   0.198789623149747   0.0503708890475248   -0.0170541083147143   0
0.354382278095544   0.232845439623888   -0.0119712396404593   0.0340558164741413   0
0.573995988914265   0.182898288031617   0.219613710818721   -0.049947151592271   0
0.500484446545915   0.184056766710106   -0.0735115423683504   0.00115847867848873   0
0.389183546733593   0.169845974128721   -0.111300899812322   -0.0142107925813848   0
0.346565014806753   0.158887053192183   -0.0426185319268398   -0.0109589209365375   0
0.278134951401363   0.200697800829   -0.0684300634053907   0.0418107476368165   0
0.386426397259355   0.248666078335176   0.108291445857993   0.047968277506176   0
0.3910085702924   0.213208865006858   0.00458217303304503   -0.0354572133283176   0
0.337540703716547   0.244336979233244   -0.0534678665758528   0.0311281142263855   0
0.335645203192567   0.273584623018123   -0.0018955005239803   0.0292476437848795   0
0.307485568946316   0.300069865568069   -0.0281596342462509   0.0264852425499457   0
0.258969660859777   0.262471007703615   -0.0485159080865391   -0.0375988578644537   0
0.284390735948845   0.262421152839018   0.0254210750890674   -4.9854864597243e-05   0
0.25425386147436   0.273673946932753   -0.0301368744744842   0.011252794093735   0
0.344102208099358   0.266093178412325   0.0898483466249973   -0.00758076852042761   0
0.303315438586671   0.2557047884739   -0.0407867695126869   -0.0103883899384247   0
0.253436460300595   0.295609275925656   -0.049878978286076   0.039904487451756   0
0.345419449159525   0.327020488459951   0.0919829888589307   0.0314112125342945   0
0.304693019734692   0.318027599457929   -0.0407264294248335   -0.00899288900202216   0
0.343900542068808   0.324024911694553   0.0392075223341157   0.00599731223662403   0
0.267188978451422   0.309826803803863   -0.0767115636173853   -0.0141981078906895   0
0.280702534631391   0.383620748404813   0.0135135561799683   0.07379394460095   0
0.336508999824246   0.417970364200817   0.0558064651928554   0.0343496157960038   0
0.285279360694139   0.379716996668709   -0.0512296391301071   -0.0382533675321085   0
0.343810658054788   0.365152745145032   0.0585312973606487   -0.014564251523676   0
0.283825817915788   0.412041401705031   -0.0599848401389994   0.0468886565599987   0
0.322480285130116   0.436151589389206   0.0386544672143281   0.0241101876841744   0
0.373203504077204   0.447299505057648   0.0507232189470878   0.0111479156684426   0
0.282047665052771   0.459199830792251   -0.0911558390244328   0.011900325734603   0
0.315411952613617   0.486398005832968   0.0333642875608455   0.0271981750407168   0
0.348874027303798   0.509370829527489   0.0334620746901808   0.0229728236945209   0
0.290241612808526   0.542174926772798   -0.058632414495272   0.0328040972453091   0
0.320924287442806   0.56037847557716   0.0306826746342808   0.0182035488043623   0
0.351439525716466   0.535903936790879   0.0305152382736595   -0.0244745387862809   0
0.292758859914831   0.55639268612542   -0.0586806658016352   0.0204887493345409   0
0.35964017672576   0.55276577325003   0.0668813168109297   -0.00362691287539041   0
0.372454935028754   0.571416141834614   0.0128147583029931   0.0186503685845841   0
0.260275809538762   0.492650621698595   -0.112179125489992   -0.0787655201360191   0
1.04066930392744   0.185712287242237   0.780393494388674   -0.306938334456358   0
0.954698584532154   0.416882649326576   -0.0859707193952821   0.231170362084339   0
0.997418914874027   0.364883507567058   0.0427203303418731   -0.0519991417595181   0
0.904637742329699   0.439672739543999   -0.0927811725443279   0.0747892319769412   0
0.855342969510605   0.390834135883204   -0.0492947728190939   -0.0488386036607953   0
0.845844174707518   0.43946058458766   -0.00949879480308657   0.0486264487044561   0
0.77071460545252   0.488149364348806   -0.0751295692549987   0.0486887797611464   0
0.681723691711837   0.513174520631568   -0.0889909137406831   0.0250251562827616   0
0.650530684532533   0.521321582054424   -0.0311930071793032   0.00814706142285559   0
0.593586015724955   0.549638777705595   -0.0569446688075782   0.0283171956511715   0
0.60760202167246   0.544943457832015   0.0140160059475044   -0.00469531987358029   0
0.61845207760633   0.536675513703597   0.0108500559338702   -0.0082679441284178   0
0.683833604679856   0.576981726446813   0.0653815270735262   0.0403062127432156   0
0.668451701533702   0.56956409218669   -0.015381903146154   -0.00741763426012276   0
0.672571275531573   0.502933313524247   0.004119573997871   -0.0666307786624425   0
0.631045095701589   0.507398448668278   -0.0415261798299837   0.00446513514403091   0
0.57624761420956   0.496612405459435   -0.0547974814920292   -0.0107860432088435   0
0.629479084845245   0.512757495554436   0.0532314706356845   0.0161450900950008   0
0.620855646900924   0.523694827411852   -0.00862343794432019   0.010937331857417   0
0.589870479943644   0.530124229799988   -0.03098516695728   0.00642940238813539   0
0.633359323640331   0.535992779700852   0.0434888436966869   0.00586854990086416   0
0.625101215958907   0.51928699503708   -0.00825810768142432   -0.0167057846637725   0
0.661117277968454   0.575870717025871   0.0360160620095468   0.0565837219887917   0
0.672290695538545   0.580410431802677   0.0111734175700917   0.00453971477680593   0
0.657951354764375   0.626434118409481   -0.0143393407741703   0.0460236866068039   0
0.647517403385879   0.591038890975101   -0.0104339513784958   -0.0353952274343798   0
0.614254282437565   0.592864300355742   -0.0332631209483149   0.00182540938064069   0
0.688919495660221   0.632241480216473   0.0746652132226566   0.0393771798607312   0
0.665012274310333   0.599661757530658   -0.0239072213498878   -0.032579722685815   0
0.624093421372789   0.585842222875085   -0.040918852937544   -0.0138195346555726   0
0.614130853748649   0.603184990059481   -0.00996256762413994   0.0173427671843952   0
0.632939898428439   0.605720637052522   0.0188090446797896   0.00253564699304176   0
0.604439270854399   0.614411718659469   -0.0285006275740404   0.00869108160694643   0
0.591420739692976   0.575418451956468   -0.0130185311614224   -0.0389932667030013   0
0.543456239223616   0.523263491314818   -0.0479645004693607   -0.05215496064165   0
