1.08421894082775e-14   1.196119e-16   0   0   0
0.0278157014397889   0.011128979251271   0.0278157014397781   0.0111289792512709   0
0.0554427225468465   0.042113098727142   0.0276270211070576   0.030984119475871   0
0.0631185164554913   0.0814129192787194   0.00767579390864472   0.0392998205515773   0
0.0662187726693922   0.0946176941369592   0.00310025621390099   0.0132047748582398   0
0.114442506433244   0.129498092236803   0.048223733763852   0.0348803980998437   0
0.117557425126864   0.133747111744032   0.00311491869362   0.00424901950722942   0
0.128447869512349   0.15921099866702   0.0108904443854851   0.0254638869229878   0
0.150516554966585   0.166226341078841   0.0220686854542361   0.00701534241182128   0
0.148961096840332   0.151354881482292   -0.00155545812625393   -0.0148714595965492   0
0.157732952130021   0.179057108009244   0.0087718552896891   0.0277022265269524   0
0.185577142506021   0.203370506734475   0.027844190376   0.0243133987252303   0
0.184170901530898   0.171539866838724   -0.00140624097512229   -0.0318306398957509   0
0.147122401872253   0.158332694436724   -0.0370484996586456   -0.013207172402   0
0.210504854114503   0.221227006784841   0.0633824522422498   0.0628943123481175   0
0.19212700613688   0.189803054836344   -0.018377847977623   -0.0314239519484973   0
0.130493227908867   0.107024181838368   -0.0616337782280125   -0.0827788729979763   0
0.0781042206058408   0.108777521583471   -0.0523890073030262   0.00175333974510306   0
0.0489212717746956   0.101428321361607   -0.0291829488311452   -0.00734920022186343   0
0.0397192314857637   0.098807826961162   -0.00920204028893193   -0.00262049440044534   0
0.0387649363224158   0.0864461792960204   -0.000954295163347933   -0.0123616476651416   0
0.0288386992858105   0.0773899702660168   -0.00992623703660529   -0.00905620903000359   0
0.055716200186278   0.113750273988699   0.0268775009004675   0.036360303722682   0
0.0648070860402184   0.117155013000092   0.00909088585394043   0.00340473901139321   0
0.0916125586247378   0.130693170266947   0.0268054725845195   0.0135381572668554   0
0.0905966827441345   0.138265171924873   -0.0010158758806033   0.00757200165792582   0
0.0788149536789498   0.133718177980934   -0.0117817290651847   -0.00454699394393962   0
0.0946585330878556   0.152194449029106   0.0158435794089058   0.0184762710481727   0
0.104528642584743   0.17603574151723   0.0098701094968873   0.0238412924881238   0
0.111186482412021   0.182855882148956   0.00665783982727762   0.00682014063172615   0
0.109122238579937   0.191936872456732   -0.00206424383208367   0.00908099030777546   0
0.153858075206659   0.23630301255231   0.0447358366267225   0.0443661400955785   0
0.141671170227174   0.223578565135645   -0.0121869049794854   -0.012724447416665   0
0.180217576863479   0.214895255599681   0.0385464066363046   -0.00868330953596369   0
0.206533195613279   0.235736173944168   0.0263156187498006   0.0208409183444866   0
0.211601521371029   0.251670042167093   0.00506832575775004   0.0159338682229247   0
0.219380514720197   0.279972878320247   0.00777899334916768   0.0283028361531538   0
0.211975408953753   0.270881716897343   -0.00740510576644426   -0.00909116142290395   0
0.249861065434782   0.288441651692664   0.037885656481029   0.0175599347953218   0
0.26316707334554   0.297477651151615   0.0133060079107585   0.00903599945895095   0
0.271032734617316   0.317309147164006   0.00786566127177596   0.0198314960123902   0
0.261568113691361   0.308543470981782   -0.0094646209259554   -0.00876567618222374   0
0.279038039202928   0.319391212556881   0.017469925511567   0.0108477415750994   0
0.232939982480503   0.304943771209246   -0.0460980567224249   -0.0144474413476355   0
0.257234945107796   0.328815828592882   0.0242949626272934   0.0238720573836366   0
0.247180268839724   0.322733989021416   -0.0100546762680724   -0.00608183957146635   0
0.262695633290258   0.376377494417505   0.0155153644505343   0.0536435053960892   0
0.291320732065294   0.386531690817101   0.0286250987750361   0.0101541963995957   0
0.285254408397227   0.378559237458069   -0.00606632366806747   -0.00797245335903179   0
0.272986022329353   0.356914796938019   -0.0122683860678741   -0.0216444405200505   0
0.293635089242219   0.375859315148025   0.0206490669128662   0.0189445182100066   0
0.3217584791994   0.421948209997599   0.0281233899571816   0.0460888948495742   0
0.321698948618973   0.392312354227244   -5.95305804275692e-05   -0.0296358557703559   0
0.322461531732808   0.375308380398253   0.000762583113835591   -0.0170039738289903   0
0.319722102807188   0.386127133432776   -0.0027394289256204   0.010818753034523   0
0.329256401040428   0.393601163317647   0.00953429823324037   0.00747402988487073   0
0.32958378145869   0.382454268784477   0.000327380418261469   -0.0111468945331696   0
0.185467950279808   0.243583822243795   -0.144115831178882   -0.138870446540683   0
0.212073040366388   0.297643249596345   0.0266050900865802   0.0540594273525506   0
0.158783614813705   0.297793910811545   -0.0532894255526824   0.000150661215199521   0
0.240600156513241   0.346445892756143   0.0818165416995361   0.0486519819445981   0
0.226371690726935   0.367600250919798   -0.0142284657863067   0.0211543581636554   0
0.235367064116664   0.37253255883427   0.00899537338972956   0.00493230791447158   0
0.259520896753391   0.383071787810507   0.0241538326367269   0.0105392289762371   0
0.288819885617262   0.413570427721906   0.0292989888638705   0.0304986399113994   0
0.25901576692856   0.416319458180224   -0.0298041186887016   0.00274903045831781   0
0.255191426770568   0.406807634865005   -0.00382434015799232   -0.00951182331521883   0
0.281873421925172   0.298841277632986   0.0266819951546041   -0.10796635723202   0
0.333720614779066   0.312615626199297   0.0518471928538942   0.0137743485663114   0
0.304337139972372   0.331251012038324   -0.0293834748066935   0.0186353858390275   0
0.281198576279568   0.30834185520486   -0.0231385636928045   -0.0229091568334641   0
0.244158153205149   0.262621354533806   -0.0370404230744189   -0.0457205006710542   0
