0   0   0   0   0
0.0237432229252149   0.00989599875874497   0.0237432229252149   0.00989599875874497   0
0.0663677645496882   0.02730034107962   0.0426245416244733   0.017404342320875   0
0.0413933791149357   0.0167536111447186   -0.0249743854347525   -0.0105467299349013   0
0.0326373887732341   0.0132105644963073   -0.00875599034170156   -0.00354304664841133   0
0.0482702467239519   0.0132010829365188   0.0156328579507177   -9.48155978848682e-06   0
0.0516743727839436   0.0298488919794065   0.00340412605999177   0.0166478090428877   0
0.0441136205672922   0.032961070232973   -0.00756075221665148   0.00311217825356648   0
0.0384577987520942   0.0325524808450403   -0.00565582181519792   -0.000408589387932687   0
0.0589705490929967   0.0410070259241887   0.0205127503409025   0.0084545450791484   0
0.0660275627404713   0.0551443968658676   0.00705701364747454   0.0141373709416789   0
0.0564218202956285   0.0544589498887449   -0.00960574244484274   -0.000685446977122729   0
0.0564704234555722   0.057111499435223   4.86031599436498e-05   0.0026525495464781   0
0.0804554349441499   0.0603871404672243   0.0239850114885778   0.00327564103200133   0
0.0770966052559848   0.0761326822452986   -0.00335882968816517   0.0157455417780743   0
0.101299263836944   0.112519852753496   0.0242026585809594   0.0363871705081976   0
0.109185522358636   0.110234033466701   0.00788625852169184   -0.00228581928679532   0
0.108644556674845   0.0982752230808477   -0.000540965683790987   -0.0119588103858532   0
0.10669716633516   0.105394498738568   -0.00194739033968493   0.00711927565772019   0
0.105897903150964   0.116184484473056   -0.000799263184195945   0.0107899857344884   0
0.105741316919293   0.120081580928736   -0.000156586231670891   0.00389709645567968   0
0.0897752575544508   0.13123603136627   -0.0159660593648425   0.011154450437534   0
0.0977922179804858   0.159815743135175   0.00801696042603503   0.0285797117689054   0
0.0995400235920084   0.163608337350861   0.0017478056115226   0.00379259421568554   0
0.0943821021876675   0.165378723163381   -0.0051579214043409   0.00177038581252015   0
0.0882617856163704   0.161357833003371   -0.00612031657129705   -0.00402089016001   0
0.110085499383371   0.149378773220744   0.0218237137670002   -0.0119790597826272   0
0.103513429626014   0.149827791132683   -0.00657206975735644   0.000449017911938604   0
0.0986523278658067   0.143135914364791   -0.00486110176020747   -0.00669187676789149   0
0.0988538737946714   0.157355598274703   0.000201545928864719   0.0142196839099124   0
0.098864470792855   0.156620402185373   1.05969981835929e-05   -0.00073519608933062   0
0.105414914142995   0.176746373255674   0.00655044335013993   0.0201259710703011   0
0.0992158352971151   0.19409530824166   -0.00619907884587981   0.0173489349859856   0
0.0808234033854981   0.181455459967784   -0.018392431911617   -0.0126398482738752   0
0.0984341996613778   0.179367012283975   0.0176107962758797   -0.00208844768380928   0
0.101028442677503   0.180457670278701   0.00259424301612507   0.00109065799472591   0
0.0863135444956431   0.185686319818485   -0.0147148981818598   0.00522864953978425   0
0.0973867814460544   0.1957210522567   0.0110732369504112   0.0100347324382145   0
0.11279563469246   0.205466755841299   0.0154088532464053   0.0097457035845992   0
0.0981155914911787   0.200628724087069   -0.014680043201281   -0.00483803175423034   0
0.105725220618782   0.203509778302073   0.00760962912760316   0.00288105421500479   0
0.0946706043718012   0.201560492795255   -0.0110546162469807   -0.00194928550681797   0
0.104724281486358   0.203974922783776   0.010053677114557   0.0024144299885209   0
0.10739130185748   0.214978689781428   0.00266702037112164   0.011003766997652   0
0.096948747387537   0.20086753104679   -0.0104425544699428   -0.0141111587346379   0
0.101333073429691   0.210285714961542   0.00438432604215371   0.00941818391475127   0
0.11380447380105   0.185891834718101   0.0124714003713592   -0.0243938802434406   0
0.11074381184848   0.211825027277995   -0.00306066195256978   0.0259331925598938   0
0.103388606655105   0.202783278071481   -0.0073552051933754   -0.00904174920651388   0
0.111203198798689   0.209560028877111   0.00781459214358401   0.00677675080562978   0
0.121193466006995   0.223894236868182   0.00999026720830667   0.0143342079910716   0
0.117482954503925   0.224426390764515   -0.00371051150307025   0.00053215389633271   0
0.107036447899923   0.215710827626895   -0.0104465066040019   -0.0087155631376197   0
0.120094295039358   0.221680640459612   0.0130578471394352   0.00596981283271694   0
0.129445783879016   0.24108332172307   0.00935148883965746   0.0194026812634579   0
0.134930146809058   0.235859214660928   0.00548436293004176   -0.00522410706214249   0
0.122769583120404   0.225089706996935   -0.0121605636886537   -0.0107695076639924   0
0.115846202176295   0.219133024403104   -0.00692338094410863   -0.00595668259383114   0
0.130805752466388   0.199287699679291   0.0149595502900931   -0.0198453247238132   0
0.131622709537758   0.221541217320425   0.00081695707136939   0.0222535176411345   0
0.128363470244686   0.217556050425414   -0.00325923929307231   -0.0039851668950118   0
0.113591605312755   0.221180759371296   -0.0147718649319308   0.00362470894588268   0
0.125587628432065   0.200378044311556   0.01199602311931   -0.02080271505974   0
