7.1054274e-15   0   0   0   0
0.0581761152448664   0.0233894359527376   0.0581761152448593   0.0233894359527376   0
0.021111451906681   0.0336820766939078   -0.0370646633381854   0.0102926407411702   0
0.0570776560639367   0.048063262683147   0.0359662041572557   0.0143811859892392   0
0.113904083638974   0.0567629960312438   0.0568264275750373   0.00869973334809678   0
0.0655330469064462   0.0566604399360293   -0.0483710367325278   -0.000102556095214472   0
0.0833222478808665   0.086784473588566   0.0177892009744203   0.0301240336525367   0
0.144494313447147   0.0895936602087979   0.0611720655662803   0.00280918662023187   0
0.0978377660130092   0.0884016907930066   -0.0466565474341376   -0.00119196941579132   0
0.169408482159966   0.13671538651618   0.0715707161469568   0.0483136957231734   0
0.144173995119228   0.128834506624943   -0.0252344870407384   -0.00788087989123679   0
0.14680571928909   0.140240827617951   0.00263172416986271   0.0114063209930079   0
0.163311868010845   0.132702259122625   0.0165061487217547   -0.00753856849532641   0
0.172266505111598   0.137507302063699   0.00895463710075303   0.00480504294107464   0
0.163748014037993   0.134099955097767   -0.00851849107360447   -0.00340734696593231   0
0.178984721357872   0.115752186381513   0.0152367073198783   -0.0183477687162539   0
0.165179686022417   0.133543759868224   -0.0138050353354547   0.0177915734867112   0
0.21608913438491   0.148295270181607   0.0509094483624925   0.0147515103133826   0
0.152284518397065   0.124969038473866   -0.0638046159878446   -0.0233262317077409   0
0.18432999525353   0.124783829708742   0.0320454768564654   -0.000185208765123651   0
0.214326731164347   0.173742719468843   0.0299967359108163   0.0489588897601004   0
0.165305110772877   0.199714972760071   -0.0490216203914698   0.0259722532912281   0
0.209079842778128   0.201082177737975   0.0437747320052512   0.00136720497790432   0
0.213283177462955   0.20621589963459   0.00420333468482675   0.00513372189661529   0
0.171193821764961   0.191241575578482   -0.0420893556979934   -0.0149743240561081   0
0.201768890990385   0.194867816005781   0.0305750692254236   0.00362624042729834   0
0.113279213597326   0.176026746297575   -0.0884896773930589   -0.0188410697082061   0
0.138937166677425   0.176705779846027   0.0256579530800991   0.000679033548452002   0
0.130723592894732   0.164720271027489   -0.00821357378269338   -0.0119855088185377   0
0.107482269929429   0.163023043729925   -0.0232413229653021   -0.00169722729756397   0
0.159359012664535   0.168674761280088   0.0518767427351059   0.00565171755016353   0
0.135079538649736   0.156159933725055   -0.0242794740147995   -0.0125148275550337   0
0.139677379622375   0.182779320207841   0.00459784097263896   0.0266193864827867   0
0.188325375828987   0.197746988127381   0.0486479962066117   0.0149676679195395   0
0.200268526785669   0.193166348064664   0.0119431509566825   -0.00458064006271702   0
0.213342792553   0.206822578978071   0.0130742657673306   0.0136562309134067   0
0.210445619208672   0.212694473535077   -0.0028971733443276   0.00587189455700685   0
0.222694653222526   0.21929217850031   0.0122490340138539   0.00659770496523254   0
0.226980365718085   0.221579715146505   0.00428571249555881   0.00228753664619516   0
0.257087582092213   0.216410561931106   0.0301072163741285   -0.0051691532153996   0
0.240571758963032   0.190412324090948   -0.016515823129181   -0.0259982378401578   0
0.230550638029131   0.0929832382390981   -0.010021120933901   -0.0974290858518497   0
0.134093437341072   0.101443800785267   -0.0964572006880596   0.00846056254616862   0
0.133861103390922   0.121196364446921   -0.000232333950149183   0.0197525636616543   0
0.175377783749066   0.121138498984209   0.0415166803581435   -5.78654627122616e-05   0
0.186826590860752   0.129206610197874   0.0114488071116857   0.00806811121366499   0
0.150077072275166   0.13588037983087   -0.036749518585586   0.00667376963299587   0
0.19212127050472   0.125557346100529   0.0420441982295541   -0.0103230337303404   0
0.29666388334106   0.188280893419822   0.10454261283634   0.0627235473192924   0
0.274657064151379   0.179922207091943   -0.0220068191896808   -0.00835868632787848   0
0.346530694416464   0.197783839347521   0.0718736302650849   0.0178616322555775   0
0.351302097330024   0.2047822884225   0.0047714029135606   0.00699844907497935   0
0.309895050710185   0.200525615829399   -0.0414070466198396   -0.00425667259310072   0
0.345818227917268   0.223030994001403   0.0359231772070837   0.0225053781720033   0
0.352557519302832   0.198056551435614   0.00673929138556406   -0.0249744425657888   0
0.329220767244116   0.232295212974099   -0.0233367520587162   0.0342386615384853   0
0.41520643817873   0.280619077689898   0.0859856709346137   0.0483238647157991   0
0.469176947037377   0.328677021856779   0.0539705088586475   0.0480579441668806   0
0.394554197813042   0.311874184911633   -0.0746227492243353   -0.0168028369451454   0
0.351237777593812   0.284031911787634   -0.0433164202192301   -0.0278422731239993   0
0.329874911893965   0.276522454812769   -0.0213628656998473   -0.0075094569748646   0
0.351733197236198   0.269456167066194   0.0218582853422334   -0.00706628774657503   0
