1.0286686e-14   3.8518599e-32   0   0   0
0.00551559412905464   0.0293242560973951   0.00551559412904435   0.0293242560973951   0
0.0433113070694353   0.0271495641847308   0.0377957129403806   -0.00217469191266428   0
0.0482809369889677   0.0362737171904113   0.00496962991953238   0.00912415300568051   0
0.0662462858859432   0.0440698450291303   0.0179653488969755   0.00779612783871895   0
0.0379112367141352   0.0295158576259173   -0.0283350491718079   -0.0145539874032129   0
0.0565887922704893   0.0397366604811693   0.0186775555563541   0.010220802855252   0
0.05969292332398   0.0403282435907208   0.00310413105349068   0.000591583109551548   0
0.0371467792019792   0.034811881472474   -0.0225461441220009   -0.00551636211824681   0
0.064424351550107   0.0531327508931725   0.0272775723481278   0.0183208694206985   0
0.07159206827926   0.0530455790710598   0.00716771672915302   -8.71718221127291e-05   0
0.0750863993106016   0.0506258894694272   0.0034943310313416   -0.00241968960163251   0
0.0710999044829881   0.06247817196346   -0.00398649482761346   0.0118522824940328   0
0.0583279935263413   0.0542414797809271   -0.0127719109566468   -0.00823669218253296   0
0.0605452620976713   0.0579676883506528   0.00221726857132997   0.00372620856972575   0
0.0525775858426493   0.0584293679867043   -0.00796767625502202   0.00046167963605151   0
0.0541875989921261   0.0563349552499992   0.00161001314947684   -0.00209441273670515   0
0.0546423601508121   0.0339574711385545   0.000454761158686   -0.0223774841114447   0
0.0672875273448141   0.0517919174962943   0.012645167194002   0.0178344463577399   0
0.0630467838674055   0.0511502572290959   -0.00424074347740866   -0.000641660267198405   0
0.0714346720380628   0.061062770572848   0.0083878881706573   0.00991251334375213   0
0.0622992069552446   0.0717829969241266   -0.00913546508281823   0.0107202263512786   0
0.075894130376022   0.0756670409154503   0.0135949234207774   0.00388404399132367   0
0.0811165600740971   0.0732048449660434   0.00522242969807504   -0.00246219594940687   0
0.0839687973838899   0.0589920640199936   0.00285223730979285   -0.0142127809460498   0
0.0635308850250488   0.064764203074785   -0.0204379123588411   0.00577213905479139   0
0.0843474398838516   0.0860592344366793   0.0208165548588028   0.0212950313618943   0
0.0994092098510626   0.114436142147273   0.015061769967211   0.0283769077105938   0
0.202354822886507   0.170205749696596   0.102945613035444   0.0557696075493233   0
0.192787778574761   0.197374312772613   -0.00956704431174596   0.0271685630760171   0
0.196342957032283   0.202087219405291   0.00355517845752235   0.00471290663267709   0
0.187149033279787   0.21192088905352   -0.00919392375249606   0.0098336696482291   0
0.192942040387993   0.239200997557559   0.00579300710820588   0.0272801085040396   0
0.356375337262714   0.383307747713403   0.163433296874721   0.144106750155844   0
0.442651982772024   0.577569527653391   0.0862766455093097   0.194261779939987   0
0.457243393668172   0.551124195739351   0.0145914108961483   -0.0264453319140394   0
0.438144648913267   0.521489585967119   -0.0190987447549052   -0.0296346097722318   0
0.416893986670756   0.484581216296182   -0.0212506622425113   -0.0369083696709376   0
0.412173734816677   0.481036629245358   -0.00472025185407832   -0.00354458705082422   0
0.419626301158257   0.498562099419577   0.00745256634157959   0.0175254701742195   0
0.400314897942603   0.457277603875655   -0.0193114032156538   -0.0412844955439224   0
0.41890165340521   0.468489962298863   0.0185867554626071   0.0112123584232088   0
0.420500078127136   0.480414005211228   0.00159842472192551   0.0119240429123649   0
0.418995874698946   0.469714632667418   -0.00150420342818935   -0.0106993725438104   0
0.400185262258005   0.458459045097308   -0.0188106124409411   -0.0112555875701101   0
0.39908547579572   0.46092670229503   -0.00109978646228581   0.00246765719772207   0
0.43073601894717   0.491188237472616   0.0316505431514508   0.0302615351775865   0
0.411002040316934   0.500353247071822   -0.0197339786302361   0.0091650095992053   0
0.42982558005783   0.493929814207967   0.0188235397408954   -0.00642343286385505   0
0.421336079430377   0.478602994062218   -0.00848950062745224   -0.0153268201457483   0
0.414143299982874   0.494687260485891   -0.00719277944750302   0.0160842664236722   0
0.418197983003782   0.478920351806832   0.00405468302090778   -0.0157669086790584   0
0.454830389075662   0.511470074321371   0.03663240607188   0.032549722514539   0
0.460410353438445   0.508454043985622   0.00557996436278341   -0.00301603033574904   0
0.450860545274617   0.504440287871216   -0.00954980816382811   -0.00401375611440646   0
0.44513556137278   0.501883555699732   -0.00572498390183712   -0.00255673217148322   0
0.422663221753824   0.494282879800788   -0.022472339618956   -0.00760067589894464   0
0.426086532532892   0.506009638658782   0.00342331077906793   0.0117267588579939   0
0.448335586392107   0.49573169196921   0.0222490538592152   -0.0102779466895719   0
0.435999840068367   0.503831625940455   -0.0123357463237402   0.00809993397124542   0
0.418866360905111   0.500042369419027   -0.0171334791632557   -0.00378925652142836   0
0.40744079583684   0.512511259448459   -0.0114255650682712   0.0124688900294326   0
0.464602348528473   0.504970013086215   0.0571615526916331   -0.00754124636224462   0
