8.4235081e-15   1.7022989e-16   0   0   0
0.0177439455462922   0.0127085711111161   0.0177439455462838   0.0127085711111159   0
0.0236493271486328   0.0275196866282279   0.00590538160234065   0.0148111155171117   0
0.014590852703   0.0292601649021031   -0.00905847444563287   0.00174047827387521   0
0.0225885484657679   0.042713780057287   0.00799769576276798   0.013453615155184   0
0.0291412478004228   0.0402155992378091   0.0065526993346549   -0.00249818081947791   0
0.0291408705797449   0.0534058971374031   -3.77220677957868e-07   0.013190297899594   0
0.0417733549997379   0.05663509146231   0.012632484419993   0.00322919432490688   0
0.056328897903925   0.0608471018021169   0.0145555429041871   0.00421201033980687   0
0.0923763506176454   0.101450478803918   0.0360474527137204   0.0406033770018009   0
0.0978632651533705   0.0887631570154957   0.00548691453572508   -0.0126873217884221   0
0.080805798332717   0.102773004146214   -0.0170574668206535   0.0140098471307186   0
0.0595363026962994   0.102198759656672   -0.0212694956364176   -0.000574244489542075   0
0.118198884189759   0.0672416612719809   0.0586625814934599   -0.0349570983846913   0
0.0824213095969319   0.101135127331451   -0.0357775745928274   0.0338934660594701   0
0.0733033020410979   0.126850787787635   -0.00911800755583403   0.0257156604561839   0
0.058363698212452   0.132148719012692   -0.0149396038286459   0.00529793122505709   0
0.0469131441377052   0.134703533493777   -0.0114505540747468   0.00255481448108544   0
0.0827172265185113   0.124891404997847   0.0358040823808061   -0.00981212849593063   0
0.0897445677936701   0.12452546688541   0.00702734127515875   -0.000365938112436376   0
0.0691586446542895   0.153022884890695   -0.0205859231393806   0.0284974180052847   0
0.0452256071978294   0.14194302396597   -0.0239330374564601   -0.0110798609247252   0
0.0495656722639038   0.145267317732417   0.00434006506607439   0.00332429376644688   0
0.0592202926946374   0.155858553076748   0.00965462043073366   0.0105912353443311   0
0.0521533394526068   0.154828701799536   -0.00706695324203063   -0.00102985127721159   0
0.0592145056151518   0.178748502287524   0.00706116616254503   0.0239198004879874   0
0.0612450126571773   0.177845913121926   0.00203050704202542   -0.000902589165597378   0
0.056216478681911   0.156569577855048   -0.00502853397526626   -0.0212763352668781   0
0.066891659178352   0.181075354383898   0.010675180496441   0.0245057765288493   0
0.0647283423583875   0.173547742650185   -0.00216331681996457   -0.00752761173371261   0
0.0466574620292198   0.163125218805643   -0.0180708803291677   -0.0104225238445423   0
0.0597426155516865   0.161224735163885   0.0130851535224667   -0.00190048364175754   0
0.0551207334304437   0.165636077026421   -0.00462188212124277   0.00441134186253606   0
0.0454240551095571   0.159146401523556   -0.00969667832088668   -0.00648967550286472   0
0.0473522375159662   0.164644491912404   0.0019281824064091   0.00549809038884772   0
0.0494693305510954   0.158459880946289   0.00211709303512927   -0.00618461096611467   0
0.0610265265197082   0.188633914708809   0.0115571959686128   0.0301740337625197   0
0.0507263608021178   0.172858181244852   -0.0103001657175904   -0.015775733463957   0
0.0902938614067104   0.158371976938917   0.0395675006045926   -0.0144862043059353   0
0.0929568089972595   0.172213060708757   0.00266294759054914   0.0138410837698403   0
0.0686162349162132   0.171876292520623   -0.0243405740810464   -0.000336768188134495   0
0.0623487355790291   0.181394945277304   -0.00626749933718406   0.00951865275668101   0
0.0601172862414645   0.181018740983229   -0.00223144933756464   -0.000376204294074201   0
0.0701500938370138   0.181237388870711   0.0100328075955493   0.00021864788748166   0
0.0540268853459035   0.198383701134716   -0.0161232084911103   0.0171463122640049   0
0.0512290091052064   0.20522957103118   -0.00279787624069709   0.00684586989646388   0
0.0641053190806571   0.209526753744986   0.0128763099754507   0.0042971827138063   0
0.062029779860864   0.198850224881313   -0.00207553921979309   -0.0106765288636728   0
0.0711835340923608   0.184218494383137   0.00915375423149686   -0.0146317304981768   0
0.068183809044641   0.205071012674852   -0.00299972504771984   0.0208525182917149   0
0.0770533446498576   0.21433847056831   0.0088695356052166   0.00926745789345892   0
0.0633655299028346   0.220498317937966   -0.013687814747023   0.00615984736965533   0
0.0485333222557923   0.210771693942683   -0.0148322076470423   -0.00972662399528265   0
0.0840770316264231   0.217603654123182   0.0355437093706308   0.00683196018049842   0
0.135811018434708   0.178636388161611   0.051733986808285   -0.0389672659615707   0
0.101374126988463   0.222209407921182   -0.0344368914462451   0.0435730197595709   0
0.0679395907877663   0.260259751613814   -0.0334345362006967   0.0380503436926319   0
0.0640420642534957   0.262081381881743   -0.00389752653427056   0.00182163026792947   0
0.0674664997250254   0.281829845132151   0.00342443547152972   0.0197484632504077   0
0.0599037900891119   0.280139088949432   -0.00756270963591352   -0.0016907561827188   0
0.0658078166008613   0.30631571347578   0.00590402651174943   0.0261766245263479   0
0.0719259470300728   0.318897397484675   0.00611813042921146   0.0125816840088949   0
0.0804045969008902   0.323306550673749   0.00847864987081745   0.00440915318907448   0
0.068817622548225   0.281244006637214   -0.0115869743526652   -0.0420625440365356   0
0.0785474402127028   0.288447735233424   0.00972981766447777   0.0072037285962101   0
0.0730625943338737   0.312082981468338   -0.00548484587882912   0.0236352462349139   0
0.0609596956991973   0.315096434969323   -0.0121028986346764   0.00301345350098475   0
0.0582213066523401   0.301392001233495   -0.00273838904685718   -0.0137044337358274   0
0.0822480750517465   0.263267732077176   0.0240267683994064   -0.0381242691563193   0
0.0600884922316902   0.328152429020471   -0.0221595828200564   0.0648846969432948   0
0.0549201979630751   0.32256854255311   -0.0051682942686151   -0.00558388646736108   0
0.0654318399969989   0.304415208242484   0.0105116420339238   -0.0181533343106253   0
