1.1660592e-14   3.21057635e-50   0   0   0
0.0493332510830687   0.0180488974327864   0.049333251083057   0.0180488974327864   0
0.0632360823124443   0.0518764949892971   0.0139028312293757   0.0338275975565107   0
0.0478301850989498   0.0776876218381705   -0.0154058972134946   0.0258111268488734   0
0.0763288741833873   0.107020604228033   0.0284986890844376   0.0293329823898622   0
0.0751290113528877   0.125060851722571   -0.00119986283049964   0.0180402474945385   0
0.0641327579854335   0.150669813194769   -0.0109962533674542   0.0256089614721982   0
0.0841045064361452   0.190240208475255   0.0199717484507117   0.0395703952804856   0
0.0434118877069852   0.202881945281753   -0.04069261872916   0.0126417368064984   0
0.0877605836700628   0.226049125913592   0.0443486959630776   0.023167180631839   0
0.12364586473982   0.248959948049016   0.0358852810697568   0.0229108221354241   0
0.178783505360681   0.287008852467748   0.0551376406208617   0.0380489044187319   0
0.125912557053208   0.25466926287658   -0.0528709483074733   -0.0323395895911681   0
0.141930976101034   0.248471778141273   0.0160184190478262   -0.00619748473530707   0
0.176472849756345   0.297216351853976   0.0345418736553109   0.0487445737127024   0
0.126756808570039   0.328296375607718   -0.0497160411863061   0.0310800237537422   0
0.188305311853723   0.308339547088463   0.0615485032836842   -0.0199568285192545   0
0.166854667235693   0.335943582127075   -0.0214506446180298   0.027604035038612   0
0.137443602047886   0.377294140313267   -0.0294110651878076   0.0413505581861918   0
0.239884589496391   0.460869958292889   0.102440987448506   0.0835758179796218   0
0.25082268760051   0.459154998881015   0.0109380981041182   -0.00171495941187422   0
0.243604171195497   0.465133753369683   -0.00721851640501234   0.00597875448866791   0
0.286612335897151   0.509246020968501   0.0430081647016538   0.0441122675988184   0
0.2831056715788   0.530698914657553   -0.00350666431835128   0.0214528936890526   0
0.283076669105738   0.552564937966105   -2.90024730622007e-05   0.0218660233085513   0
0.271471971958975   0.556729738919102   -0.0116046971467623   0.00416480095299743   0
0.310284793030874   0.619089098237962   0.0388128210718991   0.0623593593188595   0
0.336310825166113   0.659124859203741   0.0260260321352382   0.0400357609657793   0
0.26898048075643   0.645153497616904   -0.0673303444096823   -0.0139713615868372   0
0.281817756244044   0.610340249839533   0.0128372754876134   -0.0348132477773709   0
0.412543755696994   0.611844212329506   0.13072599945295   0.00150396248997275   0
0.437715180712345   0.641244074658513   0.025171425015351   0.0293998623290072   0
0.46598226904354   0.660063078483099   0.0282670883311954   0.0188190038245861   0
0.473145118517926   0.691435979225223   0.0071628494743855   0.031372900742124   0
0.45852899125754   0.737352681326545   -0.0146161272603861   0.0459167021013217   0
0.425194111296325   0.742243577309142   -0.0333348799612147   0.00489089598259751   0
0.465255137557456   0.788655605219072   0.040061026261131   0.0464120279099303   0
0.45851689480372   0.784715932488434   -0.00673824275373602   -0.00393967273063855   0
0.415406629574997   0.7622004007064   -0.0431102652287229   -0.0225155317820338   0
0.466051467036911   0.775079941326581   0.0506448374619136   0.0128795406201807   0
0.434309680755681   0.769014501531552   -0.0317417862812301   -0.00606543979502883   0
0.367555664556222   0.735294752477414   -0.0667540161994585   -0.0337197490541374   0
0.302753149626715   0.691320266884176   -0.0648025149295068   -0.0439744855932385   0
0.371862214376321   0.765096805940166   0.0691090647496059   0.0737765390559904   0
0.39863718828248   0.800991634714007   0.0267749739061591   0.0358948287738411   0
0.442588641063404   0.822141528002389   0.0439514527809236   0.021149893288382   0
0.457439704410141   0.807708339643975   0.0148510633467371   -0.0144331883584147   0
0.343550187117862   0.790948251220966   -0.113889517292279   -0.016760088423009   0
0.295947531647975   0.793250058595501   -0.0476026554698875   0.00230180737453567   0
0.366686861814209   0.798544149548246   0.0707393301662347   0.00529409095274436   0
0.355438513593188   0.837897244546635   -0.0112483482210212   0.0393530949983893   0
0.386598242056358   0.868029207571373   0.0311597284631702   0.0301319630247381   0
0.373974196528277   0.827247525392613   -0.0126240455280811   -0.0407816821787604   0
0.325546367581543   0.821282385891154   -0.048427828946734   -0.00596513950145905   0
0.363942563828623   0.844515183644118   0.0383961962470793   0.0232327977529643   0
0.338921522471788   0.848148347002425   -0.0250210413568343   0.00363316335830688   0
0.323924685955904   0.838825761956114   -0.0149968365158845   -0.00932258504631067   0
0.306924517264037   0.817726329870782   -0.0170001686918672   -0.0210994320853318   0
0.338622870740881   0.870014829718055   0.0316983534768443   0.0522884998472725   0
0.331433431837536   0.90196843142986   -0.00718943890334506   0.0319536017118057   0
0.344578253460638   0.897568800759974   0.0131448216231022   -0.0043996306698868   0
0.359273338854367   0.893683555887597   0.0146950853937285   -0.00388524487237685   0
0.385512879379566   0.911047476510764   0.0262395405251994   0.0173639206231671   0
0.375315086831256   0.889824157341557   -0.0101977925483104   -0.0212233191692068   0
0.373283863595306   0.875929348001343   -0.00203122323594979   -0.0138948093402141   0
0.395007126382577   0.911398775107441   0.0217232627872715   0.0354694271060981   0
0.428450520623314   0.976912222425271   0.0334433942407368   0.0655134473178302   0
0.48071838112672   1.03299870564572   0.0522678605034061   0.0560864832204458   0
0.432817199236576   1.01241894832187   -0.0479011818901443   -0.0205797573238446   0
0.437415734676848   1.03115932193421   0.00459853544027206   0.0187403736123406   0
0.466400748584866   1.05743888926023   0.0289850139080184   0.0262795673260174   0
0.43559117044206   0.991623219239731   -0.0308095781428065   -0.0658156700204993   0
0.450610171782794   0.900549865619258   0.0150190013407343   -0.0910733536204732   0
0.454041848761015   0.887486411548237   0.00343167697822033   -0.0130634540710209   0
0.528585955959085   0.878087300491067   0.0745441071980703   -0.00939911105717051   0
0.463388794455308   0.884189069616821   -0.0651971615037765   0.00610176912575466   0
0.490042942282679   0.904479946575995   0.0266541478273705   0.0202908769591742   0
0.497939800356442   0.909242273154899   0.00789685807376334   0.00476232657890341   0
0.5411209080713   0.932929304152047   0.0431811077148575   0.023687030997148   0
0.536070756468685   0.943303313531642   -0.00505015160261491   0.0103740093795952   0
0.569666215724372   0.966938372047006   0.0335954592556873   0.0236350585153643   0
0.558220322379427   0.979825073497923   -0.0114458933449451   0.0128867014509169   0
0.534412176727204   0.966186378133789   -0.0238081456522236   -0.0136386953641344   0
