1.29670638993872e-14   9.6296495e-33   0   0   0
0.0238810927033333   0.0381360617502808   0.0238810927033204   0.0381360617502808   0
0.0308698055291634   0.0512946842017704   0.00698871282583007   0.0131586224514896   0
0.0453990531419806   0.0881921448545794   0.0145292476128171   0.036897460652809   0
0.0338863217664546   0.0734432603147639   -0.011512731375526   -0.0147488845398156   0
0.0575339027102199   0.0885607498312478   0.0236475809437653   0.0151174895164839   0
0.0841950389664296   0.11776592129843   0.0266611362562097   0.0292051714671822   0
0.058118142543059   0.114673949221687   -0.0260768964233706   -0.00309197207674332   0
0.108094428208853   0.143377378385883   0.0499762856657939   0.0287034291641962   0
0.109918681739872   0.157390552865321   0.00182425353101898   0.0140131744794384   0
0.0896385569600607   0.179699385735304   -0.0202801247798113   0.0223088328699828   0
0.12194416599698   0.191705671680536   0.032305609036919   0.0120062859452318   0
0.143358465717793   0.201790307993818   0.0214142997208129   0.010084636313282   0
0.137253643074911   0.209442072044103   -0.00610482264288137   0.00765176405028553   0
0.168396242238281   0.256309935797097   0.0311425991633702   0.0468678637529938   0
0.216103243317179   0.28444316111279   0.0477070010788971   0.0281332253156933   0
0.179093101955819   0.27706335164885   -0.03701014136136   -0.0073798094639404   0
0.180802492683818   0.288267091386698   0.00170939072799983   0.0112037397378484   0
0.179497570263833   0.286450538284632   -0.00130492241998559   -0.00181655310206641   0
0.192980728882992   0.303632198617546   0.0134831586191588   0.0171816603329141   0
0.194408853576415   0.311267489997385   0.00142812469342352   0.00763529137983915   0
0.204951657463479   0.329125547773522   0.0105428038870642   0.0178580577761363   0
0.21082870897759   0.332427615306324   0.00587705151411069   0.0033020675328026   0
0.1669736500203   0.325691001033374   -0.0438550589572897   -0.00673661427295036   0
0.197991836819803   0.337980917724168   0.0310181867995025   0.0122899166907945   0
0.225517915492572   0.348731070685744   0.0275260786727689   0.0107501529615754   0
0.231561863827022   0.376348334268727   0.00604394833445013   0.0276172635829828   0
0.228242469079663   0.380140991938221   -0.00331939474735848   0.00379265766949466   0
0.182368751913431   0.351459818771386   -0.0458737171662321   -0.0286811731668349   0
0.168842911061261   0.344755222651028   -0.0135258408521704   -0.00670459612035879   0
0.227270296853138   0.366559066282256   0.0584273857918771   0.021803843631228   0
0.232204912857482   0.375719553205862   0.00493461600434467   0.00916048692360644   0
0.186239788575133   0.343704615284343   -0.0459651242823498   -0.0320149379215189   0
0.213796408044201   0.348065613252431   0.0275566194690679   0.00436099796808764   0
0.186262717389045   0.351137265458734   -0.0275336906551555   0.00307165220630368   0
0.199946516535291   0.363298543500505   0.013683799146246   0.0121612780417704   0
0.218793456847275   0.367699679057213   0.0188469403119843   0.0044011355567084   0
0.184233592262575   0.354037928867693   -0.0345598645847004   -0.0136617501895198   0
0.192915000673251   0.347339951230346   0.00868140841067577   -0.00669797763734686   0
0.195434165615594   0.344359153914722   0.00251916494234325   -0.00298079731562495   0
0.209267894347456   0.347968929919323   0.0138337287318616   0.00360977600460161   0
0.191988298970757   0.328300722185338   -0.0172795953766983   -0.0196682077339851   0
0.245608588466729   0.363211900503877   0.0536202894959722   0.0349111783185388   0
0.23785992217791   0.369682602239412   -0.00774866628881976   0.00647070173553499   0
0.215094550436151   0.361820238041642   -0.0227653717417586   -0.00786236419776998   0
0.253169125927942   0.391727155124685   0.0380745754917914   0.0299069170830433   0
0.235745614739212   0.388066944101377   -0.0174235111887302   -0.00366021102330799   0
0.236114577083813   0.409634459764149   0.000368962344600682   0.0215675156627715   0
0.246603363027402   0.392983005120417   0.0104887859435887   -0.0166514546437319   0
0.272038401224562   0.392825056792661   0.0254350381971606   -0.000157948327756174   0
0.266147451882362   0.384296392885696   -0.00589094934220041   -0.0085286639069645   0
0.267836095413394   0.395386226504497   0.00168864353103226   0.0110898336188009   0
0.273520448861859   0.396806586689817   0.00568435344846485   0.00142036018531999   0
0.292686299318433   0.418024006711864   0.019165850456574   0.021217420022047   0
0.248940503785193   0.397448931820244   -0.0437457955332401   -0.0205750748916204   0
0.222768946968196   0.35914265001721   -0.0261715568169965   -0.038306281803034   0
0.215364652337342   0.363602739823017   -0.00740429463085429   0.0044600898058072   0
0.216439685598024   0.375066796366816   0.00107503326068192   0.0114640565437991   0
0.215497053958011   0.418458635053199   -0.000942631640013097   0.0433918386863834   0
0.211591798231402   0.398838254834614   -0.00390525572660858   -0.0196203802185852   0
0.217195895949241   0.381713852758708   0.00560409771783907   -0.0171244020759067   0
0.187120654439441   0.341837390651837   -0.0300752415098008   -0.0398764621068707   0
0.17165476279447   0.34639757672963   -0.0154658916449708   0.00456018607779313   0
0.0812482956086783   0.309351640963188   -0.0904064671857915   -0.0370459357664422   0
