0   0   0   0   0
0.0117743152891252   0.00673193787775516   0.0117743152891252   0.00673193787775516   0
0.0284354377719969   0.0105288905550019   0.0166611224828718   0.00379695267724672   0
0.028932206463894   0.0144417769782848   0.000496768691897062   0.00391288642328294   0
0.043989881688188   0.0178309620243226   0.015057675224294   0.00338918504603775   0
0.0434929039280107   0.0167966796643851   -0.000496977760177292   -0.00103428235993743   0
0.0201429739021232   0.0128149418333215   -0.0233499300258875   -0.00398173783106366   0
0.0191923489153151   0.0207273376696117   -0.000950624986808042   0.00791239583629025   0
0.0190858687996677   0.0181231953910466   -0.000106480115647452   -0.00260414227856508   0
0.0368229900488873   0.0167436394576632   0.0177371212492196   -0.00137955593338342   0
0.0348585616081214   0.0225146802334356   -0.0019644284407659   0.00577104077577238   0
0.0424014199263851   0.0247408674231   0.0075428583182637   0.00222618718966438   0
0.0247530227357631   0.0288305859378847   -0.017648397190622   0.00408971851478469   0
0.0433626087896045   0.0301495925855546   0.0186095860538414   0.00131900664766993   0
0.0577429910478741   0.0324280491419574   0.0143803822582696   0.00227845655640286   0
0.0446501074330779   0.0255314015361408   -0.0130928836147962   -0.00689664760581668   0
0.0364584178048215   0.0247233041557743   -0.00819168962825638   -0.000808097380366472   0
0.0365274701524122   0.0268506580923985   6.90523475907687e-05   0.00212735393662421   0
0.066927396298809   0.0488096485372408   0.0303999261463968   0.0219589904448423   0
0.0565126491542464   0.0376991855112508   -0.0104147471445627   -0.01111046302599   0
0.0375499377078546   0.0332476645419144   -0.0189627114463918   -0.00445152096933642   0
0.0488110052247208   0.0281829801299869   0.0112610675168662   -0.00506468441192753   0
0.0487479677718792   0.0274851188414213   -6.30374528416272e-05   -0.000697861288565537   0
0.0703459472408088   0.0192258589427731   0.0215979794689296   -0.00825925989864828   0
0.0665310627968965   0.0241732062332121   -0.00381488444391229   0.00494734729043908   0
0.0649834072784411   0.042461832787142   -0.00154765551845547   0.0182886265539299   0
0.0294649367364543   0.0657313838610659   -0.0355184705419868   0.0232695510739239   0
0.0301447310794898   0.0677475247633863   0.000679794343035556   0.0020161409023204   0
0.0457210642984579   0.0689893490865242   0.015576333218968   0.00124182432313792   0
0.0461440304440656   0.077737184804859   0.000422966145607682   0.00874783571833478   0
0.0404158468110422   0.0835070437194711   -0.00572818363302332   0.00576985891461206   0
0.0413882300450427   0.0820953192809105   0.000972383234000437   -0.00141172443856054   0
0.0398209535175607   0.0802101307733731   -0.00156727652748203   -0.00188518850753747   0
0.0378506753020457   0.0976604740309841   -0.00197027821551499   0.0174503432576111   0
0.0461083416548029   0.106749593461454   0.00825766635275726   0.00908911943046993   0
0.0267300397101034   0.0992331831256224   -0.0193783019446996   -0.00751641033583166   0
0.0348290903484883   0.111040535684734   0.00809905063838498   0.0118073525591115   0
0.0312866043947745   0.112847855839318   -0.00354248595371385   0.00180732015458442   0
0.0454379973994792   0.100852702358046   0.0141513930047047   -0.0119951534812718   0
0.0564944886053955   0.114812928309679   0.0110564912059162   0.0139602259516328   0
0.0697892756997325   0.116549078519473   0.013294787094337   0.00173615020979333   0
0.058867932267419   0.12756171645745   -0.0109213434323135   0.0110126379379779   0
0.0449407196505329   0.138102508292858   -0.0139272126168861   0.0105407918354077   0
0.0604724873522607   0.144847506291397   0.0155317677017278   0.00674499799853903   0
0.0814283660821665   0.137249671465091   0.0209558787299057   -0.00759783482630583   0
0.0614198578828454   0.137083518458611   -0.0200085081993211   -0.000166153006480013   0
0.0563265452556089   0.140292506938351   -0.00509331262723651   0.00320898847973963   0
0.0407100881519754   0.145783483278511   -0.0156164571036335   0.00549097634016013   0
0.041090296523974   0.14073273860558   0.000380208371998633   -0.00505074467293082   0
0.041156293646569   0.144619242353647   6.59971225950157e-05   0.00388650374806659   0
0.0523991759158651   0.142332161220671   0.0112428822692961   -0.00228708113297549   0
0.07719687230918   0.124510030810358   0.0247976963933149   -0.0178221304103129   0
0.0760911134372463   0.139062752714846   -0.00110575887193376   0.0145527219044874   0
0.0577802346025155   0.119469013627022   -0.0183108788347307   -0.0195937390878236   0
0.0850460393410568   0.132502753584553   0.0272658047385413   0.0130337399575311   0
0.0526997323061199   0.146563681446072   -0.0323463070349369   0.0140609278615181   0
0.0509511489016907   0.146136779214974   -0.00174858340442927   -0.000426902231097592   0
0.0535439371550198   0.143961015326371   0.00259278825332909   -0.00217576388860261   0
0.0320148142170315   0.152940316680652   -0.0215291229379883   0.00897930135428113   0
0.0399629272005147   0.144480883441823   0.00794811298348318   -0.00845943323882947   0
0.0337788538896616   0.149877594228961   -0.00618407331085308   0.00539671078713766   0
0.0338851928719491   0.156728818412153   0.00010633898228754   0.00685122418319251   0
0.0381931842095401   0.161227287870911   0.00430799133759101   0.00449846945875737   0
0.0264401688449634   0.155703652580888   -0.0117530153645767   -0.00552363529002273   0
0.0278070288403847   0.148091694679302   0.00136685999542126   -0.00761195790158625   0
0.0212529119714705   0.148039366270944   -0.00655411686891416   -5.23284083576991e-05   0
0.0292397759511763   0.152859697765906   0.0079868639797058   0.00482033149496169   0
0.0336356120697373   0.167104737568021   0.00439583611856096   0.0142450398021157   0
0.0277771296680913   0.16364082459863   -0.00585848240164596   -0.00346391296939119   0
0.0346560259819107   0.175508166467651   0.00687889631381937   0.0118673418690208   0
0.0439324649973305   0.184700028247365   0.00927643901541982   0.00919186177971387   0
0.0372534779005884   0.181034548551281   -0.0066789870967421   -0.0036654796960833   0
0.0291069473952547   0.183148703618736   -0.0081465305053337   0.0021141550674546   0
0.0206046105673928   0.194086499952508   -0.00850233682786194   0.0109377963337719   0
