0   0   0   0   0
0.0196125539597695   0.0181266690915049   0.0196125539597695   0.0181266690915049   0
0.0430650303403103   0.0159343191494444   0.0234524763805408   -0.00219234994206053   0
0.0265703142203199   0.0191870858381974   -0.0164947161199904   0.00325276668875302   0
0.036766631949037   0.0162113591669571   0.0101963177287171   -0.00297572667124027   0
0.0858580122238667   0.045554902830292   0.0490913802748297   0.0293435436633349   0
0.0126522488953849   0.0481861879718043   -0.0732057633284818   0.00263128514151229   0
0.0464535656436846   0.045860997940902   0.0338013167482996   -0.00232519003090224   0
0.0302291561292285   0.0672507565341393   -0.0162244095144561   0.0213897585932372   0
0.074876603431174   0.0670356671898436   0.0446474473019455   -0.000215089344295649   0
0.0425644563650707   0.0725035814706015   -0.0323121470661033   0.00546791428075788   0
0.036174638779028   0.0663779771740442   -0.00638981758604271   -0.0061256042965573   0
0.0413733902605524   0.0660476154835184   0.00519875148152445   -0.000330361690525777   0
0.0318397229185981   0.054735593846547   -0.00953366734195429   -0.0113120216369714   0
0.0988906701146795   0.0797219693691465   0.0670509471960813   0.0249863755225995   0
0.0428106793511634   0.111763337168776   -0.0560799907635161   0.0320413677996296   0
0.0600296011935897   0.13299601991728   0.0172189218424263   0.021232682748504   0
0.0341909094780901   0.145221395746241   -0.0258386917154996   0.0122253758289604   0
0.0479309611577306   0.139749681033084   0.0137400516796405   -0.00547171471315683   0
0.0683001308476888   0.159847524400693   0.0203691696899582   0.0200978433676094   0
0.064921614649737   0.133206197102206   -0.00337851619795178   -0.0266413272984868   0
0.0594450164086371   0.157068368689631   -0.00547659824109987   0.0238621715874247   0
0.0585218367668776   0.164601851607245   -0.000923179641759517   0.00753348291761435   0
0.0798351978300495   0.161856348515662   0.0213133610631719   -0.00274550309158356   0
0.0734900276730336   0.161349506713555   -0.0063451701570159   -0.000506841802107   0
0.0943879925809475   0.168770272221445   0.0208979649079139   0.00742076550789053   0
0.0778765792317968   0.177154821605858   -0.0165114133491508   0.0083845493844123   0
0.0715998964225469   0.176365092456631   -0.00627668280924985   -0.000789729149227231   0
0.0835447514020164   0.187776770654369   0.0119448549794694   0.0114116781977382   0
0.0867910946400204   0.181075620370019   0.003246343238004   -0.0067011502843492   0
0.093720101805282   0.181627830339568   0.00692900716526168   0.000552209969548606   0
0.0909060747327061   0.202280780973347   -0.00281402707257593   0.0206529506337787   0
0.113506815207405   0.203682729991125   0.0226007404746986   0.0014019490177779   0
0.102230185770007   0.195102859998303   -0.0112766294373979   -0.0085798699928219   0
0.134518637898127   0.187852689270745   0.03228845212812   -0.00725017072755732   0
0.124279933551545   0.209173122693723   -0.0102387043465819   0.0213204334229779   0
0.102377500065132   0.203187138808313   -0.0219024334864125   -0.00598598388541   0
0.119605819309885   0.215247560051484   0.0172283192447529   0.0120604212431703   0
0.108587928994078   0.22449273279164   -0.0110178903158075   0.0092451727401559   0
0.135434333201142   0.213614553178823   0.026846404207064   -0.0108781796128166   0
0.119466970485924   0.236035361579383   -0.0159673627152175   0.0224208084005598   0
0.138131821854651   0.215415589382018   0.0186648513687267   -0.0206197721973649   0
0.133039743039208   0.212076352733975   -0.0050920788154433   -0.00333923664804309   0
0.120502279479444   0.236472385092975   -0.0125374635597642   0.0243960323590004   0
0.155320715841086   0.225401421278349   0.0348184363616427   -0.0110709638146262   0
0.131155555609246   0.242917052848228   -0.0241651602318401   0.0175156315698786   0
0.164600091983432   0.234976688388521   0.0334445363741858   -0.007940364459707   0
0.15373042802894   0.277283689528829   -0.0108696639544917   0.0423070011403088   0
0.154820786236653   0.28938555816146   0.00109035820771292   0.0121018686326306   0
0.16109472000311   0.294211830251294   0.00627393376645694   0.00482627208983394   0
0.139933062659249   0.294388229138555   -0.0211616573438612   0.000176398887261453   0
0.185153967695324   0.301175569205473   0.0452209050360747   0.00678734006691761   0
0.131536223083377   0.304079064907664   -0.0536177446119462   0.00290349570219067   0
0.108315797143777   0.290654297407372   -0.0232204259396007   -0.0134247675002921   0
0.0898837506870527   0.291041591613675   -0.0184320464567239   0.000387294206303068   0
0.0967256168644537   0.251234479793715   0.00684186617740096   -0.0398071118199599   0
0.0877851975604254   0.248119220520076   -0.00894041930402827   -0.00311525927363843   0
0.0899065933270773   0.272648609696207   0.00212139576665189   0.0245293891761311   0
0.106019538435776   0.26964881355028   0.0161129451086983   -0.00299979614592744   0
0.0850550796449025   0.277400885146343   -0.0209644587908732   0.00775207159606328   0
0.100861499143336   0.247240302665797   0.015806419498434   -0.0301605824805459   0
0.113193432659209   0.261167572852141   0.012331933515873   0.0139272701863433   0
