0   0   0   0   0
0.0641714197046873   0.0333913684563414   0.0641714197046873   0.0333913684563414   0
0.0830368000086232   0.048635610934743   0.0188653803039359   0.0152442424784016   0
0.0502145377845332   0.0465011935492257   -0.03282226222409   -0.00213441738551728   0
0.0402847268870816   0.0619256429201451   -0.00992981089745164   0.0154244493709194   0
0.0920211706068333   0.12065304268561   0.0517364437197518   0.058727399765465   0
0.127482119365983   0.158465306296481   0.03546094875915   0.0378122636108705   0
0.11756272696437   0.147236473566557   -0.00991939240161387   -0.0112288327299239   0
0.123709522885192   0.153341317495068   0.00614679592082229   0.00610484392851157   0
0.164502702244517   0.196820878255996   0.0407931793593249   0.0434795607609274   0
0.220477402718737   0.228117020226597   0.0559747004742207   0.0312961419706017   0
0.229778165481736   0.257555989759143   0.00930076276299854   0.0294389695325452   0
0.187544820742613   0.29105245248691   -0.0422333447391231   0.0334964627277677   0
0.219654681074886   0.317972214819121   0.0321098603322733   0.026919762332211   0
0.191613934216636   0.345561047103813   -0.0280407468582501   0.0275888322846919   0
0.367541713762805   0.339401413333939   0.175927779546169   -0.00615963376987388   0
0.339674128186502   0.318961532072559   -0.0278675855763032   -0.0204398812613802   0
0.381430870657975   0.329552759409787   0.0417567424714729   0.0105912273372274   0
0.404268704831131   0.354047741248312   0.0228378341731562   0.0244949818385256   0
0.501137485849634   0.462180447800927   0.0968687810185033   0.108132706552615   0
0.539035546791134   0.500385633713873   0.0378980609414996   0.0382051859129455   0
0.537219425170012   0.482182467138562   -0.00181612162112244   -0.0182031665753109   0
0.55985241582131   0.499673383532327   0.0226329906512986   0.0174909163937653   0
0.582843260194605   0.532305833751179   0.0229908443732945   0.0326324502188514   0
0.594715953250244   0.559374188433632   0.011872693055639   0.0270683546824532   0
0.596704378825537   0.575417064598644   0.00198842557529377   0.0160428761650125   0
0.601650129885439   0.584733932680443   0.0049457510599018   0.00931686808179832   0
0.64208981032841   0.621454718899394   0.0404396804429705   0.0367207862189513   0
0.603068412442548   0.59855406052758   -0.0390213978858613   -0.0229006583718135   0
0.673990343963856   0.666153393224844   0.0709219315213072   0.0675993326972633   0
0.774130866249996   0.792989966618424   0.100140522286141   0.12683657339358   0
0.818468235231917   0.852322592123742   0.044337368981921   0.0593326255053178   0
0.815904306902325   0.847593355627101   -0.00256392832959207   -0.00472923649664081   0
0.839283915339269   0.865385815002432   0.0233796084369435   0.0177924593753314   0
0.844720352874819   0.877725688142658   0.00543643753555034   0.0123398731402258   0
0.853819687054128   0.882008360237633   0.00909933417930897   0.00428267209497535   0
0.880609745790109   0.901227230746599   0.0267900587359811   0.0192188705089662   0
0.894863986956182   0.922469708844282   0.0142542411660729   0.0212424780976825   0
0.947353484337798   0.975674474829297   0.0524894973816156   0.0532047659850154   0
0.955921717233179   0.991998962298016   0.00856823289538111   0.0163244874687188   0
0.958885312027634   0.990014573558646   0.00296359479445507   -0.0019843887393699   0
0.955938235805551   0.975881223026346   -0.0029470762220829   -0.0141333505323008   0
0.976118626288009   0.993974017638402   0.0201803904824585   0.0180927946120562   0
0.990141746300727   1.03943585595781   0.0140231200127177   0.0454618383194085   0
0.997579689851775   1.06777273367579   0.00743794355104832   0.0283368777179831   0
1.02293148443128   1.0526177407932   0.0253517945795034   -0.0151549928825956   0
1.03804383438206   1.06772161781952   0.0151123499507839   0.0151038770263203   0
1.06238491792339   1.09606977865914   0.0243410835413229   0.0283481608396208   0
1.00248533778028   1.04530332685355   -0.0598995801431099   -0.0507664518055937   0
1.08275333294995   1.08280949155793   0.0802679951696765   0.03750616470438   0
1.12016512556846   1.0948800725937   0.0374117926185058   0.0120705810357726   0
1.01161652293221   1.03726097708212   -0.108548602636243   -0.0576190955115763   0
0.807709189535041   0.910670538759057   -0.203907333397173   -0.126590438323065   0
0.97752710599237   1.01661460352837   0.169817916457329   0.105944064769313   0
1.09457710173517   1.11502099903677   0.117049995742796   0.0984063955083954   0
1.22272885121107   0.98476014109607   0.128151749475905   -0.130260857940695   0
0.209611164494976   0.551733320964176   -1.01311768671609   -0.433026820131894   1
0.638218918116361   0.585634341807861   0.428607753621385   0.0339010208436847   0
0.294935399092056   0.589631476358062   -0.343283519024306   0.00399713455020156   0
0.532478099582219   0.525244406095182   0.237542700490163   -0.0643870702628802   0
1.01176909073188   0.610731611909177   0.479290991149658   0.0854872058139946   0
1.39883643472468   0.809143795104316   0.387067343992803   0.198412183195139   0
1.53387210375415   0.910845397727218   0.135035669029467   0.101701602622902   0
1.71196379247142   0.954359488512953   0.178091688717276   0.0435140907857355   0
1.72455124346686   1.11998615564459   0.0125874509954342   0.165626667131638   0
1.76769700615901   1.16021334297325   0.0431457626921492   0.0402271873286548   0
1.66553036650642   1.11201327142015   -0.10216663965259   -0.0482000715530995   0
1.81525829592401   1.27051660006206   0.149727929417591   0.158503328641914   0
1.86011138166354   1.28980694051018   0.0448530857395364   0.0192903404481179   0
1.88839864006248   1.29382149856553   0.0282872583989364   0.00401455805535011   0
1.96539017764874   1.33480344982867   0.0769915375862629   0.0409819512631437   0
1.95492400245956   1.4496270912238   -0.0104661751891848   0.114823641395128   0
2.01632026760913   1.47238794982793   0.0613962651495727   0.0227608586041337   0
2.34674286254514   1.65190603744269   0.330422594936008   0.17951808761476   0
2.44620222108746   1.79739967258835   0.0994593585423216   0.145493635145655   0
2.34059912352163   1.70740314814051   -0.105603097565826   -0.0899965244478422   0
2.32722925873568   1.67173650927358   -0.0133698647859535   -0.0356666388669258   0
2.16579827423156   1.56372274833841   -0.161430984504122   -0.108013760935173   0
