0   0   0   0   0
0.0748724314345516   0.045907252555321   0.0748724314345516   0.045907252555321   0
0.102429273293918   0.0979667565684413   0.027556841859366   0.0520595040131202   0
0.0753451626662644   0.134974195336573   -0.0270841106276532   0.0370074387681316   0
0.0855489656468607   0.141994008285567   0.0102038029805963   0.0070198129489937   0
0.0821466340022023   0.117766917936859   -0.00340233164465835   -0.0242270903487076   0
0.0844650060125886   0.142965956472045   0.00231837201038625   0.0251990385351861   0
0.101850268332359   0.140382630263977   0.0173852623197707   -0.002583326208068   0
0.107253623528964   0.164990016353245   0.0054033551966049   0.0246073860892684   0
0.111468772350188   0.121507848864808   0.00421514882122419   -0.0434821674884372   0
0.102905768363577   0.145073747865307   -0.00856300398661172   0.0235658990004993   0
0.103416916988241   0.12917271595249   0.00051114862466442   -0.015901031912817   0
0.0681214517815147   0.13774841327066   -0.0352954652067264   0.00857569731816915   0
0.0955541188929463   0.117624165929756   0.0274326671114316   -0.0201242473409032   0
0.107293676198835   0.126019517118664   0.011739557305889   0.00839535118890755   0
0.0905488248809955   0.0858897743910023   -0.0167448513178398   -0.0401297427276616   0
0.106793793882469   0.0833492636207083   0.0162449690014735   -0.00254051077029409   0
0.0866041812728668   0.0760149480960064   -0.0201896126096023   -0.00733431552470186   0
0.0815152294525569   0.0740931049031723   -0.0050889518203099   -0.00192184319283412   0
0.0541787104412202   0.0669996929586997   -0.0273365190113367   -0.00709341194447256   0
0.0566171900433734   0.0537363107194318   0.00243847960215318   -0.0132633822392679   0
0.0542666347400794   0.0540784106922122   -0.00235055530329395   0.000342099972780396   0
0.0766060000721979   0.0559683577481934   0.0223393653321185   0.00188994705598118   0
0.0903152765572004   0.0621058682117472   0.0137092764850026   0.00613751046355383   0
0.10666616552455   0.0619080610306756   0.0163508889673497   -0.000197807181071617   0
0.0768328525647329   0.0720230000065314   -0.0298333129598172   0.0101149389758558   0
0.0863271452072897   0.0585130373228202   0.00949429264255683   -0.0135099626837112   0
0.0977969628112586   0.0510231852931618   0.0114698176039689   -0.00748985202965841   0
0.0890981352413756   0.045212738351052   -0.00869882756988299   -0.0058104469421098   0
0.0941049132243545   0.0588792926768305   0.00500677798297883   0.0136665543257785   0
0.0711834769168667   0.0763181808577715   -0.0229214363074877   0.017438888180941   0
0.0555603096917917   0.0408504972265891   -0.0156231672250751   -0.0354676836311824   0
0.0814350445608299   0.0684601219318967   0.0258747348690383   0.0276096247053076   0
0.0545758636541428   0.0738174296705312   -0.0268591809066871   0.00535730773863453   0
0.0498728206919577   0.063719329528018   -0.00470304296218509   -0.0100981001425133   0
0.0432966158609314   0.0723286953505597   -0.00657620483102628   0.00860936582254176   0
0.07187690842999   0.0693728581049766   0.0285802925690586   -0.00295583724558315   0
0.047852446108468   0.0869792750685302   -0.024024462321522   0.0176064169635537   0
0.0907546913023192   0.124286591751778   0.0429022451938512   0.0373073166832473   0
0.136868346089146   0.126900755284878   0.0461136547868271   0.00261416353310086   0
0.0856612945344907   0.102282405531775   -0.0512070515546556   -0.024618349753103   0
0.0663382194971755   0.0771749530976077   -0.0193230750373152   -0.0251074524341677   0
0.102799359914547   0.0797619484486089   0.036461140417371   0.00258699535100117   0
0.0871422707063297   0.0748984823808353   -0.0156570892082168   -0.00486346606777359   0
0.0843079816877296   0.0843313323522193   -0.00283428901860011   0.00943284997138399   0
0.0581825531093758   0.0939108936686144   -0.0261254285783538   0.00957956131639516   0
0.0344758421225739   0.0722806236148257   -0.0237067109868019   -0.0216302700537887   0
0.0372832964920163   0.0315075342172937   0.00280745436944244   -0.040773089397532   0
0.057358284592354   0.053527800149816   0.0200749881003376   0.0220202659325223   0
0.0349666497070448   0.0480646101048245   -0.0223916348853091   -0.00546319004499149   0
0.0414909108485418   0.0510971939984793   0.00652426114149692   0.00303258389365476   0
0.0712973450665611   0.0657243866182676   0.0298064342180193   0.0146271926197883   0
0.0529581382575159   0.0713590611635718   -0.0183392068090452   0.00563467454530416   0
0.0595763862292222   0.0765627337263613   0.00661824797170626   0.00520367256278956   0
0.0735773369680878   0.100458272121822   0.0140009507388656   0.0238955383954607   0
0.0767410319812951   0.112240714974418   0.00316369501320737   0.0117824428525959   0
0.0836432288466812   0.116253573319926   0.00690219686538603   0.00401285834550838   0
0.104188636412576   0.125705300315028   0.0205454075658944   0.00945172699510163   0
0.0807714992562767   0.113366913912622   -0.0234171371562989   -0.0123383864024062   0
0.0633319133093362   0.105364687274366   -0.0174395859469405   -0.00800222663825612   0
0.0677312612653244   0.0922705759876443   0.00439934795598818   -0.0130941112867213   0
0.090722820652902   0.107656354690512   0.0229915593875776   0.0153857787028676   0
0.0847346950492643   0.110887927403329   -0.00598812560363773   0.00323157271281729   0
0.0515947623019873   0.10937840080573   -0.033139932747277   -0.00150952659759918   0
0.0705561209678987   0.131075760973197   0.0189613586659113   0.0216973601674669   0
0.0560090666510702   0.117939890816727   -0.0145470543168285   -0.0131358701564698   0
0.0650765218089045   0.11155322227502   0.00906745515783434   -0.00638666854170733   0
0.0479353030348712   0.118134803766013   -0.0171412187740333   0.00658158149099362   0
0.0742900250984274   0.119555509860323   0.0263547220635563   0.00142070609430978   0
0.0794924358637427   0.118078221793418   0.00520241076531526   -0.00147728806690471   0
0.0747504082198788   0.122130489025389   -0.0047420276438639   0.00405226723197016   0
0.0879953252509649   0.101767191430137   0.0132449170310862   -0.0203632975952512   0
0.0613182995936748   0.130271183734694   -0.0266770256572902   0.0285039923045564   0
0.0687899630079457   0.151758594914391   0.00747166341427093   0.0214874111796972   0
0.0695165724613917   0.142831374787434   0.000726609453446006   -0.00892722012695737   0
0.0442611585378551   0.139068424982706   -0.0252554139235366   -0.00376294980472727   0
0.0384925391789039   0.13322087954181   -0.00576861935895118   -0.00584754544089644   0
0.0698922886957502   0.138170162760508   0.0313997495168463   0.00494928321869809   0
0.0849814424325126   0.125474852195957   0.0150891537367624   -0.0126953105645511   0
0.0103393731092019   0.104682037269399   -0.0746420693233107   -0.0207928149265583   0
0.0636932727024766   0.116913137910755   0.0533538995932747   0.0122311006413567   0
