7.1054274e-15   0   0   0   0
0.112313478839511   0.0166431104027107   0.112313478839504   0.0166431104027107   0
0.0567858898883148   0.0625711924069728   -0.0555275889511959   0.0459280820042621   0
0.0791275681095574   0.0589152476649483   0.0223416782212426   -0.00365594474202448   0
0.174571705357904   0.127030337400159   0.0954441372483471   0.0681150897352103   0
0.125303366942534   0.132099122605005   -0.0492683384153702   0.00506878520484627   0
0.0908915226911747   0.0930146975029553   -0.0344118442513596   -0.0390844251020496   0
0.0999374492675496   0.0841723157214681   0.00904592657637489   -0.00884238178148716   0
0.099606426775671   0.107890790896722   -0.000331022491878594   0.023718475175254   0
0.0639819671659992   0.0952200501485709   -0.0356244596096718   -0.0126707407481512   0
0.0579546593283474   0.0804202416123322   -0.00602730783765182   -0.0147998085362387   0
0.0553437268821644   0.0747943865327949   -0.00261093244618304   -0.00562585507953732   0
0.0649556502843429   0.102377692880168   0.00961192340217857   0.0275833063473727   0
0.0725417101336468   0.0998801195390086   0.0075860598493039   -0.00249757334115887   0
0.14092584609054   0.135136132662301   0.0683841359568934   0.0352560131232928   0
0.0946559615721013   0.138006138809503   -0.046269884518439   0.00287000614720107   0
0.0720797757095967   0.128405205408568   -0.0225761858625045   -0.00960093340093468   0
0.0659676383652742   0.125430239218656   -0.00611213734432255   -0.002974966189912   0
0.0365700312167407   0.12472367424213   -0.0293976071485334   -0.000706564976525936   0
0.136253445634317   0.0486282755638959   0.0996834144175767   -0.076095398678234   0
0.102046914750435   0.0769936683574467   -0.034206530883882   0.0283653927935509   0
0.0709509816201698   0.0872262722107196   -0.0310959331302657   0.0102326038532729   0
0.0613451652902324   0.115770908125722   -0.00960581632993741   0.028544635915002   0
0.0765675233118654   0.123077799243131   0.015222358021633   0.00730689111740986   0
0.0693962460336607   0.123130635799711   -0.00717127727820467   5.28365565794636e-05   0
0.0604215434109784   0.12954654699773   -0.00897470262268231   0.00641591119801921   0
0.0610810257506258   0.123333988844091   0.000659482339647355   -0.00621255815363862   0
0.0540239505439385   0.113829494345623   -0.0070570752066873   -0.00950449449846831   0
0.056238610888014   0.107606922926217   0.00221466034407556   -0.00622257141940628   0
0.0486463653457298   0.0779707059989812   -0.00759224554228426   -0.0296362169272356   0
0.0345394818680741   0.099965127770849   -0.0141068834776557   0.0219944217718678   0
0.0271246214608605   0.11747584673762   -0.00741486040721352   0.0175107189667706   0
0.0416923514257194   0.116771873183597   0.0145677299648588   -0.00070397355402263   0
0.0235239750930233   0.117255630445502   -0.0181683763326961   0.000483757261905443   0
0.0520966631173889   0.122974026912138   0.0285726880243656   0.0057183964666359   0
0.106950473705622   0.101683874726298   0.054853810588233   -0.0212901521858407   0
0.0688882915627119   0.0965962873793296   -0.0380621821429101   -0.005087587346968   0
0.215202699937659   0.234374974599106   0.146314408374947   0.137778687219777   0
0.192575940990633   0.223922812052546   -0.0226267589470255   -0.0104521625465598   0
0.622029591391128   0.420776782529439   0.429453650400495   0.196853970476893   0
0.282232034628659   0.244589530060958   -0.339797556762469   -0.176187252468481   0
0.234848987264853   0.23527217105542   -0.0473830473638051   -0.00931735900553746   0
0.188402193025777   0.235158038967071   -0.0464467942390765   -0.00011413208834965   0
0.0894762805412194   0.212104477337062   -0.0989259124845576   -0.023053561630009   0
0.0967364336717501   0.169796751762562   0.00726015313053073   -0.0423077255744993   0
0.153260027155868   0.204951641660919   0.0565235934841178   0.0351548898983571   0
0.13525368064871   0.224548475203434   -0.0180063465071574   0.0195968335425148   0
0.109623663680739   0.227847040866272   -0.0256300169679718   0.00329856566283757   0
0.0792448325011148   0.220629777655357   -0.0303788311796238   -0.00721726321091432   0
0.0774776764895952   0.200518842095517   -0.0017671560115196   -0.0201109355598404   0
0.104168595118833   0.171141535016474   0.0266909186292382   -0.0293773070790434   0
0.131193353327589   0.19680515086957   0.0270247582087557   0.0256636158530962   0
0.046526720009416   0.0430530962550909   -0.0846666333181731   -0.153752054614479   0
0.127448731571411   0.173034104778909   0.0809220115619947   0.129981008523818   0
0.0879158649126909   0.148639114509127   -0.0395328666587197   -0.0243949902697822   0
0.0706572059112267   0.161297317204824   -0.0172586590014642   0.0126582026956966   0
0.179220378977413   0.26119833351993   0.108563173066186   0.0999010163151063   0
0.159428664453313   0.242315539052798   -0.0197917145241001   -0.0188827944671322   0
0.112949932913961   0.165508075062348   -0.0464787315393521   -0.0768074639904495   0
0.0914168826089078   0.165556003392926   -0.021533050305053   4.79283305776512e-05   0
0.0972776510336131   0.180257560529831   0.00586076842470537   0.0147015571369057   0
0.0946045574042503   0.148598373966813   -0.0026730936293628   -0.0316591865630189   0
0.0725930267734098   0.131399876032361   -0.0220115306308406   -0.0171984979344518   0
0.0952507661372664   0.129740729360391   0.0226577393638566   -0.0016591466719694   0
0.0534023292274678   0.0818486744311656   -0.0418484369097985   -0.0478920549292257   0
0.204772250083663   0.0422638307502359   0.151369920856195   -0.0395848436809298   0
0.370269387615768   0.219933362722647   0.165497137532105   0.177669531972411   0
0.385938982589675   0.349630623543216   0.0156695949739072   0.129697260820569   0
0.326925506389043   0.312189124423022   -0.0590134762006327   -0.0374414991201941   0
0.321927617434486   0.274830820067732   -0.00499788895455666   -0.03735830435529   0
0.296230683606216   0.199493731068893   -0.0256969338282695   -0.075337088998839   0
0.159773007442132   0.198951981332651   -0.136457676164084   -0.000541749736241909   0
0.10793090273789   0.191904292752824   -0.0518421047042424   -0.00704768857982724   0
0.209570749458578   0.221927866603082   0.101639846720689   0.0300235738502581   0
