1.4210855e-14   0   0   0   0
0.0749807631279966   0.0220577013814143   0.0749807631279824   0.0220577013814143   0
0.0356918354662495   0.0618115816228859   -0.0392889276617471   0.0397538802414716   0
0.0232024489488423   0.0627980773001454   -0.0124893865174072   0.000986495677259537   0
0.0413261839311249   0.0517332307445768   0.0181237349822826   -0.0110648465555686   0
0.0251739934684503   0.0548213382345151   -0.0161521904626746   0.00308810748993837   0
0.0569057574589616   0.063463152095337   0.0317317639905113   0.00864181386082182   0
0.0974899114840824   0.0645974666493984   0.0405841540251208   0.00113431455406146   0
0.103526440980452   0.0776844696284205   0.00603652949636922   0.013087002979022   0
0.0968678737986928   0.0676152685656956   -0.00665856718175882   -0.0100692010627249   0
0.17895106058215   0.109609183508434   0.0820831867834572   0.0419939149427383   0
0.184002103755083   0.109599251964684   0.00505104317293262   -9.93154375024397e-06   0
0.164023678181192   0.110484198646225   -0.0199784255738907   0.00088494668154164   0
0.145464113017825   0.106063110359966   -0.0185595651633668   -0.00442108828625935   0
0.166407753752559   0.0951757838072965   0.0209436407347339   -0.0108873265526695   0
0.185085415060293   0.0989598376853645   0.0186776613077342   0.00378405387806797   0
0.199111388215336   0.107743812070126   0.0140259731550429   0.00878397438476151   0
0.220219423273842   0.120562887973764   0.0211080350585062   0.0128190759036383   0
0.228120459731523   0.103089675652076   0.00790103645768062   -0.017473212321688   0
0.127714357826488   0.0819849188555806   -0.100406101905035   -0.0211047567964958   0
0.155195656490727   0.0993467149966977   0.0274812986642394   0.0173617961411171   0
0.16425010042247   0.113379477938045   0.00905444393174348   0.0140327629413477   0
0.183942897326235   0.113552284806526   0.0196927969037646   0.000172806868480355   0
0.20365491401888   0.101634822231363   0.0197120166926446   -0.0119174625751633   0
0.218269642951249   0.110985199257323   0.014614728932369   0.00935037702596053   0
0.226893265701696   0.119687247067369   0.00862362275044773   0.00870204781004567   0
0.225135218065164   0.133633709075844   -0.00175804763653281   0.0139464620084751   0
0.225763618730509   0.144252122514651   0.000628400665345391   0.0106184134388075   0
0.228645724678304   0.128354205835383   0.0028821059477952   -0.0158979166792688   0
0.250307060850123   0.135046387670224   0.0216613361718192   0.0066921818348411   0
0.250206769168729   0.127760633917782   -0.00010029168139386   -0.00728575375244178   0
0.251370175726935   0.12526916832771   0.00116340655820585   -0.00249146559007149   0
0.227457413078328   0.0978866742396894   -0.0239127626486075   -0.027382494088021   0
0.226069819450268   0.0879086277386142   -0.00138759362806007   -0.00997804650107517   0
0.240102791808265   0.0920657514628822   0.0140329723579976   0.00415712372426792   0
0.240574167929028   0.0985118997118949   0.000471376120762756   0.00644614824901275   0
0.269523791176737   0.0866655014311216   0.0289496232477089   -0.0118463982807733   0
0.188590679083992   0.116536881583963   -0.0809331120927447   0.0298713801528414   0
0.196664350842623   0.109707470662721   0.00807367175863061   -0.00682941092124187   0
0.200683470501688   0.120801803994216   0.00401911965906501   0.0110943333314948   0
0.192289764908363   0.116381377159821   -0.00839370559332459   -0.00442042683439468   0
0.209301848421353   0.120417412965371   0.0170120835129896   0.00403603580554988   0
0.246995424356159   0.132949448670628   0.0376935759348059   0.0125320357052571   0
0.277942532918438   0.138428506757267   0.0309471085622796   0.00547905808663829   0
0.318617519497356   0.160048868589295   0.0406749865789174   0.0216203618320286   0
0.294011173331026   0.178609180801521   -0.0246063461663295   0.0185603122122255   0
0.313963889238385   0.201051649329013   0.0199527159073582   0.0224424685274927   0
0.306959928281743   0.200739849881258   -0.0070039609566413   -0.000311799447755001   0
0.299564409597745   0.199998448086274   -0.00739551868399857   -0.000741401794984081   0
0.309495154988699   0.197389572486967   0.0099307453909544   -0.00260887559930736   0
0.286448007920824   0.18213582462021   -0.0230471470678755   -0.015253747866757   0
0.29119590036202   0.174728295891496   0.0047478924411965   -0.00740752872871384   0
0.316810735500139   0.183221974632179   0.0256148351381188   0.00849367874068305   0
0.345100520784297   0.202614827720451   0.0282897852841582   0.0193928530882722   0
0.358290875286079   0.216408362189718   0.013190354501782   0.013793534469267   0
0.316405981276632   0.212888490938808   -0.0418848940094469   -0.00351987125091041   0
0.242483271447141   0.204392800143458   -0.0739227098294915   -0.00849569079534968   0
0.263481675532538   0.227083128033979   0.0209984040853972   0.0226903278905213   0
0.274072826977279   0.225521175385716   0.0105911514447412   -0.00156195264826331   0
0.290212053588324   0.234330868294535   0.0161392266110449   0.00880969290881939   0
0.274813700277944   0.241425535199565   -0.0153983533103801   0.00709466690502952   0
0.266572477901406   0.249788007093415   -0.00824122237653829   0.00836247189385006   0
0.256332100445289   0.264959624933374   -0.0102403774561163   0.0151716178399588   0
0.272042177534061   0.269268695198928   0.0157100770887721   0.00430907026555405   0
0.296053541286951   0.268805402662032   0.0240113637528899   -0.000463292536896198   0
0.298044893706182   0.278990934906053   0.00199135241923037   0.010185532244021   0
0.299925282856363   0.270809692184403   0.00188038915018113   -0.00818124272164999   0
0.296959996777427   0.281608879805987   -0.00296528607893537   0.0107991876215847   0
0.297103876615365   0.283517566295786   0.000143879837937511   0.00190868648979875   0
0.295946134120509   0.297250028762696   -0.00115774249485584   0.01373246246691   0
0.322162484517905   0.305989475142506   0.0262163503973958   0.0087394463798095   0
0.3430839968916   0.315184905513679   0.0209215123736954   0.00919543037117282   0
0.353275621506935   0.341724851874433   0.0101916246153347   0.0265399463607549   0
0.363746556886825   0.334616864439609   0.0104709353798896   -0.0071079874348246   0
