0   0   0   0   0
0.141516416450304   0.06068683864669   0.141516416450304   0.06068683864669   0
0.106420708377365   0.0440799880050223   -0.0350957080729393   -0.0166068506416677   0
0.150294256904642   0.0582991486401956   0.0438735485272775   0.0142191606351734   0
0.15735060412785   0.0711722266764036   0.00705634722320789   0.012873078036208   0
0.152288952437727   0.0682512522550173   -0.00506165169012276   -0.00292097442138629   0
0.117480581268884   0.0540705523159641   -0.0348083711688428   -0.0141806999390532   0
0.137214807749377   0.0519845587968811   0.019734226480493   -0.00208599351908297   0
0.148400967692675   0.0685041500295021   0.0111861599432977   0.016519591232621   0
0.156506728854259   0.0816319305402708   0.00810576116158374   0.0131277805107687   0
0.162401241759528   0.0943951982656165   0.00589451290526866   0.0127632677253457   0
0.201359020734939   0.113161224277169   0.0389577789754116   0.0187660260115529   0
0.18468957702709   0.0984086904230917   -0.0166694437078488   -0.0147525338540777   0
0.183379787182957   0.107238924912615   -0.00130978984413338   0.00883023448952325   0
0.192827544542457   0.129018770368674   0.00944775735949982   0.0217798454560586   0
0.199483832033767   0.128888238451745   0.0066562874913102   -0.000130531916928578   0
0.191220039071905   0.127767860743028   -0.00826379296186197   -0.00112037770871734   0
0.115942990287183   0.0994923298984359   -0.0752770487847221   -0.0282755308445917   0
0.0862271254677426   0.101655753639653   -0.0297158648194404   0.00216342374121659   0
0.107076219105062   0.0989693547041791   0.0208490936373197   -0.0026863989354734   0
0.155165715127153   0.12510690446979   0.0480894960220903   0.026137549765611   0
0.128005892551228   0.114906102714363   -0.0271598225759242   -0.0102008017554267   0
0.084878054878199   0.104070106113592   -0.0431278376730293   -0.0108359966007717   0
0.122108062924089   0.120926109196736   0.0372300080458899   0.0168560030831443   0
0.138952294809753   0.134529731950631   0.0168442318856643   0.0136036227538954   0
0.117106082902366   0.115151953789634   -0.0218462119073877   -0.0193777781609971   0
0.115966020622849   0.118420340438755   -0.00114006227951605   0.00326838664912055   0
0.0940615566290751   0.127569469530584   -0.0219044639937744   0.0091491290918293   0
0.0843442107463541   0.0978709577380185   -0.00971734588272098   -0.0296985117925656   0
0.128821194626848   0.124262454990611   0.0444769838804942   0.0263914972525923   0
0.102700664349314   0.128187715475756   -0.0261205302775338   0.00392526048514488   0
0.115935805651809   0.130814179062995   0.0132351413024945   0.00262646358723878   0
0.609565241787295   0.399773651016939   0.493629436135486   0.268959471953944   0
0.411314758112141   0.25714933878926   -0.198250483675154   -0.142624312227679   0
0.36897182548046   0.205542921295393   -0.0423429326316814   -0.0516064174938668   0
0.236763799415043   0.108299823113831   -0.132208026065416   -0.0972430981815626   0
0.196152845016225   0.082514781310399   -0.0406109543988181   -0.0257850418034316   0
0.180076062000465   0.065411452917509   -0.0160767830157605   -0.01710332839289   0
0.178230639478386   0.0703707511826518   -0.00184542252207842   0.00495929826514278   0
0.198683949164997   0.11248239723991   0.0204533096866109   0.042111646057258   0
0.193206011199734   0.116878215662793   -0.00547793796526269   0.00439581842288359   0
0.203263107496715   0.126742295234149   0.0100570962969806   0.00986407957135524   0
0.171064189163452   0.123124413606254   -0.0321989183332633   -0.00361788162789439   0
0.181836385424579   0.106405687945581   0.010772196261127   -0.0167187256606736   0
0.180104109069448   0.125127785369393   -0.00173227635513046   0.0187220974238124   0
0.148002355582625   0.127122344422898   -0.0321017534868229   0.00199455905350479   0
0.185362847482317   0.138634510441017   0.0373604918996917   0.011512166018119   0
0.210883902032861   0.137606527681288   0.0255210545505443   -0.00102798275972837   0
0.192483906282703   0.142888368576657   -0.0183999957501587   0.00528184089536859   0
0.195277536359371   0.133147257480908   0.00279363007666816   -0.00974111109574868   0
0.179955614607536   0.128176700001717   -0.0153219217518345   -0.00497055747919165   0
0.290692730243422   0.150348647969703   0.110737115635886   0.0221719479679869   0
0.228213174483425   0.16690095130664   -0.0624795557599972   0.0165523033369367   0
0.140839167448374   0.148252115689739   -0.0873740070350509   -0.0186488356169013   0
0.161102146699318   0.158928075279054   0.0202629792509441   0.0106759595893156   0
0.177644011752869   0.150093349383879   0.016541865053551   -0.00883472589517525   0
0.134521735562809   0.154456861399056   -0.0431222761900606   0.00436351201517698   0
0.173214599005194   0.153663647598518   0.0386928634423854   -0.000793213800538262   0
0.162703759367218   0.155970019386265   -0.0105108396379755   0.00230637178774729   0
0.139660215108697   0.167347587948099   -0.0230435442585219   0.0113775685618336   0
0.120565179670032   0.187952852528823   -0.0190950354386647   0.0206052645807246   0
0.137968003609912   0.157379322555127   0.0174028239398805   -0.0305735299736968   0
0.133615971184774   0.140791468915591   -0.00435203242513879   -0.0165878536395353   0
0.133671602509343   0.149049932898493   5.56313245691498e-05   0.00825846398290148   0
0.161801313355903   0.148224130080925   0.0281297108465599   -0.000825802817567917   0
0.154031202994411   0.149721395483264   -0.00777011036149214   0.00149726540233922   0
0.151512204128127   0.150282554342169   -0.0025189988662834   0.000561158858904676   0
0.15227091775633   0.1558610765919   0.000758713628202734   0.00557852224973096   0
0.138802391361389   0.169032511155399   -0.0134685263949413   0.0131714345634998   0
0.133756006335981   0.164365071848881   -0.005046385025408   -0.00466743930651881   0
0.142243703636526   0.173507099540444   0.00848769730054499   0.00914202769156369   0
0.122904571845295   0.161728981284194   -0.0193391317912309   -0.0117781182562504   0
0.134167731487014   0.16920702179796   0.0112631596417191   0.00747804051376594   0
0.127095506423573   0.176171129182427   -0.00707222506344121   0.00696410738446715   0
0.151154904750136   0.157189410662854   0.0240593983265638   -0.0189817185195734   0
0.164120098177008   0.135560772181399   0.0129651934268718   -0.0216286384814542   0
0.147689768341151   0.153552321148967   -0.0164303298358572   0.0179915489675674   0
0.135263462707914   0.141408663164761   -0.012426305633237   -0.012143657984206   0
0.153170153191738   0.141102978196097   0.0179066904838243   -0.000305684968664094   0
0.156862574857009   0.190640178108749   0.00369242166527065   0.0495371999126523   0
0.120596916179017   0.210875187784783   -0.0362656586779924   0.020235009676034   0
0.139038086579147   0.204030039389099   0.0184411704001305   -0.00684514839568384   0
0.164211036789761   0.237959524831408   0.0251729502106142   0.0339294854423089   0
0.137918545991428   0.222251059147184   -0.0262924907983336   -0.0157084656842236   0
0.11790918074278   0.215462078170367   -0.0200093652486478   -0.00678898097681779   0
0.115136200658405   0.20981039824984   -0.00277298008437507   -0.00565167992052626   0
0.137258111397856   0.192236074954193   0.0221219107394509   -0.0175743232956475   0
0.190307032924506   0.210762833609103   0.0530489215266502   0.0185267586549097   0
0.156163930768297   0.222488323598122   -0.0341431021562086   0.0117254899890195   0
0.162053256955269   0.228783457148253   0.00588932618697161   0.00629513355013134   0
