1.14323148428744e-14   2.0823957e-16   0   0   0
1.21489032723905   1.04406578050268   1.21489032723903   1.04406578050268   1
1.09377355376386   0.901196710596606   -0.121116773475183   -0.142869069906078   0
0.992956111973025   0.823540566551561   -0.100817441790837   -0.0776561440450455   0
0.967703576743339   0.777623192911983   -0.0252525352296868   -0.0459173736395776   0
0.922720783339431   0.726707772217674   -0.0449827934039081   -0.050915420694309   0
0.879003486709247   0.720111474856507   -0.0437172966301838   -0.0065962973611674   0
0.997017468829103   0.771910972969105   0.118013982119856   0.0517994981125981   0
0.882946311901894   0.728903976906361   -0.114071156927209   -0.0430069960627445   0
0.850142953625064   0.731169377161428   -0.0328033582768298   0.00226540025506705   0
0.876624377658259   0.729416338232259   0.0264814240331953   -0.00175303892916845   0
0.83795953917551   0.747402431874827   -0.0386648384827497   0.0179860936425683   0
0.847998347815953   0.74439757677557   0.0100388086404433   -0.00300485509925708   0
0.821702269274015   0.747833703629939   -0.0262960785419374   0.00343612685436889   0
0.826207961095607   0.76629868442799   0.00450569182159177   0.0184649807980511   0
0.745676862238342   0.704860482127234   -0.0805310988572657   -0.0614382023007567   0
0.779930322747194   0.735375469378175   0.0342534605088521   0.0305149872509408   0
0.752484113568359   0.706501454522466   -0.0274462091788348   -0.0288740148557082   0
0.753780220329717   0.742329122428276   0.00129610676135816   0.0358276679058096   0
0.809996128372419   0.750461745265872   0.0562159080427015   0.00813262283759597   0
0.681081678493001   0.657821114166005   -0.128914449879417   -0.0926406310998671   0
0.644954994030735   0.624539950412163   -0.0361266844622665   -0.0332811637538423   0
0.759951833982031   0.647933660021212   0.114996839951296   0.0233937096090491   0
0.871638183832792   0.7353283606205   0.111686349850761   0.0873947005992879   0
0.803545378558348   0.756442286354107   -0.0680928052744442   0.0211139257336077   0
0.880673432370139   0.792225253592391   0.0771280538117907   0.0357829672382838   0
0.843304004726113   0.760964614397372   -0.0373694276440254   -0.0312606391950188   0
0.864540955243929   0.788968409207725   0.0212369505178153   0.0280037948103529   0
0.92909178562231   0.806961318141959   0.0645508303783812   0.0179929089342338   0
0.951778751686517   0.834506215527759   0.0226869660642071   0.0275448973857998   0
0.92924669367841   0.820294268383668   -0.0225320580081069   -0.0142119471440906   0
0.948263669560004   0.841474966612299   0.0190169758815937   0.0211806982286304   0
0.925444454189284   0.836961585850944   -0.0228192153707195   -0.00451338076135499   0
0.954479403841727   0.822072625216674   0.0290349496524427   -0.0148889606342691   0
0.911372770528548   0.797162878420667   -0.043106633313179   -0.0249097467960078   0
0.837668980008511   0.769554650944369   -0.0737037905200368   -0.0276082274762974   0
0.86498255203862   0.770181376699549   0.027313572030109   0.00062672575518008   0
0.805069148996388   0.755969537523156   -0.0599134030422324   -0.0142118391763936   0
0.867162016766312   0.799807325893124   0.062092867769924   0.0438377883699678   0
0.863846204152211   0.790874721798985   -0.00331581261410085   -0.00893260409413887   0
0.778754638043279   0.802602254220989   -0.0850915661089312   0.0117275324220047   0
0.815138360372244   0.826638332234836   0.036383722328964   0.024036078013847   0
0.717119769900472   0.780421885927036   -0.0980185904717715   -0.0462164463078003   0
0.81660812241817   0.827102731352392   0.0994883525176979   0.0466808454253559   0
0.74926527181549   0.810652133957644   -0.0673428506026796   -0.0164505973947476   0
0.649015904557659   0.744583034125746   -0.100249367257832   -0.066069099831898   0
0.691383468642612   0.758728160977774   0.0423675640849535   0.014145126852028   0
0.609292808417153   0.752362154510421   -0.0820906602254593   -0.00636600646735297   0
1.38786996965774   0.902769400859957   0.778577161240588   0.150407246349536   0
2.25128344277111   1.11761710660967   0.863413473113364   0.214847705749712   0
1.7678376256975   0.998229058131693   -0.483445817073609   -0.119388048477976   0
1.6836281244777   1.00653730619747   -0.0842095012197956   0.00830824806577812   0
1.74190128125983   1.07491712372902   0.0582731567821253   0.0683798175315529   0
1.60950720693467   1.04474255199499   -0.132394074325159   -0.03017457173403   0
1.52860605458764   1.04231048857645   -0.0809011523470298   -0.0024320634185393   0
1.49681980162804   0.993783132521071   -0.0317862529596005   -0.0485273560553837   0
1.44476678308357   0.955815527332285   -0.052053018544465   -0.0379676051887864   0
1.42957380405997   0.98235963650164   -0.0151929790235972   0.0265441091693548   0
1.47768323877899   0.981448403821036   0.0481094347190105   -0.00091123268060378   0
1.42388076933877   0.979375567515559   -0.0538024694402142   -0.00207283630547728   0
1.39880573430866   0.982512977412552   -0.0250750350301083   0.00313740989699296   0
1.47633247902372   1.00708687827748   0.0775267447150527   0.0245739008649296   0
1.37611122827292   0.970657535292372   -0.100221250750798   -0.0364293429851092   0
1.41719274811149   0.977128247621081   0.0410815198385772   0.00647071232870866   0
1.32151184595092   0.937093468311356   -0.0956809021605698   -0.040034779309725   0
1.27509127413911   0.927685942886275   -0.0464205718118109   -0.00940752542508039   0
1.2889982003159   0.928479693516952   0.0139069261767819   0.000793750630677215   0
1.3071387639726   0.926984780747239   0.018140563656704   -0.00149491276971325   0
1.2492452105949   0.910221744828264   -0.0578935533777003   -0.0167630359189752   0
1.30404696267889   0.927879944437582   0.0548017520839872   0.0176581996093185   0
1.25110858655518   0.923746363780642   -0.0529383761237046   -0.00413358065694036   0
1.35106363747343   0.90828104290876   0.0999550509182507   -0.0154653208718821   0
1.42645420757333   0.895014963470887   0.0753905700999007   -0.0132660794378728   0
1.43118836096471   0.881600012565488   0.0047341533913754   -0.0134149509053989   0
2.01989626470726   0.882721022696483   0.588707903742553   0.00112101013099508   0
1.64263974236096   0.842871835694628   -0.377256522346307   -0.0398491870018556   0
1.51930968755596   0.884518125463328   -0.123330054804997   0.0416462897687007   0
1.48678987821875   0.866512161247763   -0.0325198093372061   -0.0180059642155653   0
1.44846709289919   0.900692672551942   -0.0383227853195591   0.0341805113041793   0
