1.4210855e-14   0   0   0   0
0.0605028659640516   0.0323726379329226   0.0605028659640374   0.0323726379329226   0
0.0385039110853169   0.0326050607725923   -0.0219989548787347   0.000232422839669649   0
0.0513457493007592   0.0409366099185741   0.0128418382154423   0.00833154914598182   0
0.0778290492024537   0.0513604016137644   0.0264832999016945   0.0104237916951903   0
0.0722342740581358   0.0563607494715876   -0.00559477514431793   0.00500034785782319   0
0.0830114540845712   0.0691587260166172   0.0107771800264354   0.0127979765450296   0
0.0840995300327497   0.0595239993395295   0.00108807594817843   -0.00963472667708763   0
0.0963439989858915   0.0762117247007584   0.0122444689531419   0.0166877253612289   0
0.0585568586927363   0.0585790104377529   -0.0377871402931552   -0.0176327142630055   0
0.0910379787397547   0.0888874937534035   0.0324811200470184   0.0303084833156506   0
0.076855169458989   0.0603647825818209   -0.0141828092807657   -0.0285227111715826   0
0.119378317930868   0.062772225357746   0.0425231484718788   0.00240744277592507   0
0.118636331136038   0.100833120580738   -0.000741986794830021   0.0380608952229923   0
0.100355022095269   0.10288927538464   -0.018281309040769   0.0020561548039018   0
0.116223231999481   0.125497885921245   0.0158682099042127   0.0226086105366051   0
0.0928012989202003   0.0953524672058951   -0.0234219330792812   -0.0301454187153501   0
0.165359696581027   0.174016628018317   0.0725583976608263   0.0786641608124218   0
0.148838756641471   0.124903292533004   -0.0165209399395559   -0.0491133354853125   0
0.151463189497175   0.12435250338475   0.00262443285570393   -0.000550789148254904   0
0.208463774930993   0.195106680264988   0.0570005854338188   0.0707541768802389   0
0.203312985813105   0.19091406286814   -0.00515078911788872   -0.00419261739684876   0
0.112772649576036   0.104520413204397   -0.0905403362370687   -0.0863936496637425   0
0.145731108088221   0.173959295326129   0.0329584585121855   0.0694388821217316   0
0.184643857943198   0.176735416312357   0.0389127498549769   0.00277612098622834   0
0.196142740497407   0.183636126645051   0.0114988825542088   0.00690071033269396   0
0.221145089185171   0.252793737743401   0.025002348687764   0.0691576110983505   0
0.220488804098933   0.242193730010531   -0.000656285086237746   -0.0106000077328709   0
0.250294676090878   0.269238609516705   0.0298058719919449   0.0270448795061748   0
0.275594488023792   0.265685111072756   0.0252998119329139   -0.00355349844394981   0
0.282180633389452   0.310848438786329   0.00658614536565949   0.0451633277135735   0
0.273825475587994   0.336760922363949   -0.00835515780145768   0.0259124835776199   0
0.284643237649313   0.329968400906774   0.0108177620613186   -0.00679252145717502   0
0.28771487953098   0.333227356696273   0.00307164188166764   0.00325895578949925   0
0.324434430584252   0.379318177494438   0.0367195510532718   0.0460908207981645   0
0.318959899062258   0.343234644245168   -0.00547453152199423   -0.0360835332492701   0
0.279532864845319   0.334728429866025   -0.0394270342169386   -0.00850621437914256   0
0.289226248553988   0.339234166510677   0.0096933837086689   0.00450573664465231   0
0.299072520109613   0.325919149842065   0.0098462715556249   -0.013315016668612   0
0.327741099435261   0.373296214234577   0.0286685793256477   0.0473770643925112   0
0.309936174780754   0.331270557805247   -0.0178049246545063   -0.0420256564293296   0
0.259898618965682   0.279749965284592   -0.0500375558150719   -0.0515205925206548   0
0.305004892302372   0.349493329116461   0.0451062733366898   0.0697433638318685   0
0.303848118225111   0.310231665805281   -0.00115677407726111   -0.0392616633111793   0
0.320501638746086   0.33216678620921   0.0166535205209748   0.0219351204039285   0
0.323798866867635   0.347326990717709   0.0032972281215492   0.0151602045084994   0
0.319124191357298   0.353899993189716   -0.00467467551033751   0.00657300247200726   0
0.315652549136053   0.361774589035851   -0.00347164222124513   0.00787459584613415   0
0.369623800317043   0.428411397085118   0.0539712511809901   0.0666368080492671   0
0.366193116461835   0.418443745301556   -0.00343068385520739   -0.0099676517835619   0
0.39927686973289   0.463566393581436   0.0330837532710546   0.0451226482798802   0
0.409983013106237   0.419944297654335   0.0107061433733471   -0.0436220959271006   0
0.365961238044157   0.374973129556243   -0.0440217750620794   -0.0449711680980925   0
0.328509415167376   0.384068850639677   -0.0374518228767811   0.00909572108343398   0
0.329999845421065   0.394138696017405   0.00149043025368828   0.0100698453777286   0
0.378171170625916   0.442490123533561   0.0481713252048515   0.0483514275161557   0
0.377534376396231   0.441409632428723   -0.000636794229684656   -0.00108049110483788   0
0.379311993950789   0.483583365968511   0.00177761755455735   0.0421737335397881   0
0.358154895884592   0.480692835824787   -0.0211570980661971   -0.00289053014372442   0
0.375240465569958   0.508216791817667   0.017085569685366   0.0275239559928799   0
0.414573668835471   0.515472755277382   0.0393332032655135   0.00725596345971502   0
0.387453112863746   0.508329069301591   -0.0271205559717254   -0.0071436859757904   0
0.359939958105097   0.471235614184017   -0.0275131547586492   -0.0370934551175744   0
0.41690363285147   0.53323477719184   0.0569636747463734   0.061999163007823   0
0.365254213811888   0.494914832386642   -0.0516494190395823   -0.0383199448051977   0
0.386554570303401   0.524871503440338   0.021300356491513   0.0299566710536954   0
0.454574403066051   0.658875277256266   0.0680198327626501   0.134003773815928   0
0.51086793094612   0.699665396913114   0.0562935278800694   0.0407901196568476   0
0.520435025274108   0.674858374308319   0.00956709432798797   -0.0248070226047953   0
0.505650792892639   0.749739977485352   -0.0147842323814692   0.0748816031770333   0
0.531412941023265   0.753940365612733   0.0257621481306264   0.00420038812738088   0
0.527535956225919   0.74457756812134   -0.00387698479734666   -0.00936279749139246   0
0.571423395405513   0.785542069650604   0.0438874391795941   0.0409645015292636   0
0.55932101830442   0.766569336232558   -0.0121023771010923   -0.018972733418046   0
0.594085975795399   0.792223205586036   0.0347649574909781   0.0256538693534781   0
0.538437734613293   0.700308735291091   -0.0556482411821057   -0.0919144702949445   0
0.484408048403999   0.651223956965021   -0.0540296862092941   -0.0490847783260706   0
0.518055352537818   0.7122701892329   0.0336473041338189   0.0610462322678793   0
0.551881426247905   0.718796394415742   0.0338260737100875   0.00652620518284197   0
0.541365442526747   0.712606646404611   -0.0105159837211586   -0.00618974801113126   0
0.539540986311765   0.702358405139535   -0.00182445621498173   -0.0102482412650755   0
0.584237851657002   0.727401230914162   0.0446968653452373   0.0250428257746267   0
0.593249213387499   0.774033526875456   0.00901136173049655   0.046632295961294   0
