1.0995735e-14   9.8603555e-50   0   0   0
0.310489499665668   0.147584186053964   0.310489499665657   0.147584186053964   0
0.17319831109517   0.0813026807592693   -0.137291188570498   -0.0662815052946946   0
0.22093244488817   0.054945085740948   0.047734133793   -0.0263575950183213   0
0.195306659847965   0.0564108962554016   -0.025625785040205   0.00146581051445362   0
0.257768062904707   0.133497506398334   0.0624614030567419   0.0770866101429321   0
0.32809420390837   0.170241925334953   0.0703261410036632   0.0367444189366189   0
0.283608860876692   0.203158296165041   -0.0444853430316781   0.0329163708300885   0
0.296045191709622   0.204053074683191   0.0124363308329296   0.000894778518149758   0
0.363874998150949   0.284470137096372   0.0678298064413275   0.0804170624131812   0
0.299251458729912   0.193444669528355   -0.064623539421037   -0.0910254675680171   0
0.300430944099859   0.186038202485908   0.0011794853699465   -0.00740646704244663   0
0.322322520329157   0.245054670569927   0.0218915762292986   0.0590164680840189   0
0.333473479822793   0.20739115639981   0.0111509594936361   -0.0376635141701172   0
0.317174942511637   0.202647983480103   -0.0162985373111565   -0.00474317291970697   0
0.329553225369416   0.26453408199452   0.0123782828577793   0.0618860985144168   0
0.283983249308957   0.233727216378395   -0.0455699760604596   -0.0308068656161248   0
0.29126982786431   0.22258048701178   0.00728657855535325   -0.0111467293666155   0
0.304288182191583   0.253759469378744   0.0130183543272734   0.031178982366964   0
0.261293897174799   0.265326982481925   -0.0429942850167848   0.0115675131031814   0
0.354391608852531   0.254480619507535   0.0930977116777325   -0.0108463629743897   0
0.367170728920703   0.291068647289922   0.0127791200681723   0.0365880277823868   0
0.339843683751843   0.26775422188131   -0.0273270451688599   -0.0233144254086121   0
0.369522593007621   0.278299038053579   0.029678909255778   0.0105448161722689   0
0.323189283457255   0.29019991482844   -0.0463333095503668   0.0119008767748611   0
0.404502702872713   0.322464435621136   0.0813134194154583   0.0322645207926958   0
0.359270883791009   0.31467935577246   -0.0452318190817038   -0.00778507984867627   0
0.358368087500389   0.321875029656236   -0.000902796290620622   0.0071956738837769   0
0.290977237527559   0.302006927698279   -0.0673908499728291   -0.019868101957957   0
0.438293620851309   0.276864974905098   0.14731638332375   -0.0251419527931813   0
0.31524851123905   0.2738108010287   -0.123045109612259   -0.00305417387639834   0
0.323314458969217   0.285877229307602   0.00806594773016717   0.012066428278902   0
0.388559334754977   0.310295086882435   0.0652448757857603   0.0244178575748331   0
0.357570813459512   0.28666209162718   -0.0309885212954653   -0.0236329952552547   0
0.348938661484233   0.329814849699227   -0.00863215197527861   0.0431527580720464   0
0.365536809828477   0.314604710124465   0.0165981483442433   -0.0152101395747615   0
0.350147903749805   0.334119736986339   -0.0153889060786717   0.0195150268618737   0
0.38337649535704   0.313918643762224   0.0332285916072346   -0.0202010932241146   0
0.347697203502676   0.351892039858197   -0.0356792918543632   0.0379733960959726   0
0.345289815675809   0.325282107000442   -0.00240738782686734   -0.0266099328577552   0
0.349732323686239   0.334078578598159   0.00444250801043   0.00879647159771707   0
0.29698629783616   0.288155061679409   -0.0527460258500791   -0.0459235169187493   0
0.290341044364285   0.334792808698735   -0.00664525347187461   0.0466377470193252   0
0.305522244142875   0.341231427618606   0.0151811997785896   0.00643861891987108   0
0.295298312983509   0.35538931239496   -0.0102239311593662   0.0141578847763543   0
0.346232309668283   0.353035159517569   0.0509339966847741   -0.00235415287739066   0
0.396193299306137   0.377707894386956   0.0499609896378544   0.0246727348693872   0
0.40942089566967   0.417173001867649   0.013227596363533   0.039465107480693   0
0.441846535199048   0.417572454730815   0.0324256395293774   0.000399452863165228   0
0.493951610211293   0.452259966775187   0.0521050750122452   0.0346875120443725   0
0.473084218263122   0.463254247027711   -0.0208673919481711   0.0109942802525242   0
0.532780993467383   0.522872315436255   0.0596967752042609   0.0596180684085433   0
0.586571401420794   0.548957820172407   0.0537904079534109   0.026085504736152   0
0.586613458630483   0.572024547954658   4.20572096898608e-05   0.0230667277822513   0
0.557057669827295   0.57357121665621   -0.0295557888031888   0.00154666870155173   0
0.590967828108501   0.583399662534096   0.033910158281206   0.00982844587788623   0
0.672178330138944   0.681086555082884   0.0812105020304431   0.0976868925487879   0
0.714938983167985   0.726548025761833   0.0427606530290413   0.0454614706789488   0
0.721451742212278   0.74138912522311   0.00651275904429316   0.0148410994612777   0
0.699354215403963   0.767350034176194   -0.0220975268083149   0.025960908953084   0
0.722104876724693   0.766653467399249   0.0227506613207301   -0.000696566776945629   0
0.760589553020861   0.815264108871462   0.0384846762961673   0.0486106414722132   0
0.714073404781692   0.800186584575586   -0.0465161482391688   -0.0150775242958759   0
0.585136239907162   0.621964041023835   -0.12893716487453   -0.178222543551751   0
0.58659789869214   0.652192550377433   0.00146165878497828   0.0302285093535981   0
0.391665742211297   0.589377467185725   -0.194932156480843   -0.0628150831917083   0
0.521089867643725   0.349122129047831   0.129424125432428   -0.240255338137893   0
0.818209861125152   0.373665558211319   0.297119993481427   0.024543429163488   0
1.16402878177147   0.229730291144561   0.345818920646319   -0.143935267066758   0
1.26692583454527   0.246799219571225   0.102897052773797   0.0170689284266639   0
1.27768940380223   0.278553265208088   0.0107635692569614   0.031754045636863   0
