0   0   0   0   0
0.0893787977536745   0.0655502854180981   0.0893787977536745   0.0655502854180981   0
0.0865164723313726   0.0975756788421524   -0.00286232542230187   0.0320253934240543   0
0.104328323767248   0.133496075044659   0.0178118514358755   0.0359203962025062   0
0.134831500654793   0.122926894590807   0.030503176887545   -0.0105691804538517   0
0.12222022485836   0.122902801854717   -0.0126112757964334   -2.40927360898868e-05   0
0.135531726078609   0.14231917021436   0.0133115012202488   0.0194163683596434   0
0.136319850951489   0.156613058375169   0.000788124872880935   0.014293888160809   0
0.155500704579965   0.172241333887119   0.0191808536284756   0.0156282755119501   0
0.147358535337003   0.154994824379369   -0.00814216924296174   -0.0172465095077504   0
0.205072023156515   0.165745141686996   0.057713487819512   0.0107503173076266   0
0.129550452648864   0.159510912761626   -0.0755215705076515   -0.00623422892536996   0
0.140142751162295   0.13864146942475   0.010592298513431   -0.0208694433368754   0
0.168496153736136   0.153618079156129   0.0283534025738409   0.0149766097313786   0
0.19746353470936   0.165742692327886   0.028967380973224   0.0121246131717569   0
0.156193150471405   0.194930014560489   -0.041270384237955   0.0291873222326032   0
0.158907732608157   0.218206324602495   0.00271458213675185   0.0232763100420061   0
0.201816102859552   0.249192148226059   0.0429083702513957   0.0309858236235642   0
0.152099693613327   0.234799206871912   -0.0497164092462249   -0.0143929413541472   0
0.14669006594145   0.250501603378401   -0.00540962767187766   0.0157023965064895   0
0.146285529260116   0.245124269321168   -0.000404536681334139   -0.0053773340572337   0
0.20072803979344   0.25999964745998   0.0544425105333248   0.0148753781388118   0
0.22979242113664   0.264650048037208   0.0290643813431995   0.00465040057722799   0
0.225895255131942   0.282270451982921   -0.00389716600469811   0.0176204039457131   0
0.225993166182166   0.351352135504146   9.79110502246083e-05   0.0690816835212249   0
0.256322603634193   0.268398097822062   0.0303294374520266   -0.0829540376820834   0
0.173441202156825   0.25345090302549   -0.0828814014773678   -0.0149471947965724   0
0.169577803583489   0.27312239810223   -0.00386339857333592   0.0196714950767408   0
0.19355132666116   0.295344147214647   0.0239735230776712   0.0222217491124168   0
0.17494672060358   0.337498776078437   -0.0186046060575804   0.0421546288637902   0
0.188661999389408   0.327200594420818   0.0137152787858279   -0.0102981816576199   0
0.201902012188429   0.324651208825915   0.0132400127990208   -0.00254938559490292   0
0.245040286266145   0.3346490644051   0.0431382740777158   0.00999785557918492   0
0.912951147109806   0.572476473612016   0.667910860843661   0.237827409206916   0
0.623797255688029   0.214806760737478   -0.289153891421777   -0.357669712874538   0
0.499904267865535   0.11406233246098   -0.123892987822494   -0.100744428276498   0
0.376800472659519   0.15075319069193   -0.123103795206015   0.03669085823095   0
0.256779837412985   0.222880466891233   -0.120020635246534   0.0721272761993029   0
0.184341143810038   0.33523315751366   -0.0724386936029469   0.112352690622427   0
0.213350346032521   0.330702108026044   0.0290092022224824   -0.00453104948761535   0
0.181218547212384   0.295305496436064   -0.0321317988201361   -0.0353966115899808   0
0.181463933431974   0.303095853392861   0.000245386219589916   0.00779035695679686   0
0.222888981074336   0.342763949918658   0.0414250476423617   0.0396680965257971   0
0.213196643119005   0.339371138634914   -0.00969233795533128   -0.00339281128374397   0
0.192250863217899   0.346324515458432   -0.0209457799011057   0.00695337682351882   0
0.26051789758876   0.36179156310144   0.068267034370861   0.015467047643008   0
0.227486724178771   0.352015482951971   -0.0330311734099889   -0.00977608014946907   0
0.284093543547906   0.379393872537028   0.0566068193691353   0.0273783895850565   0
0.327245545361263   0.385519039005986   0.0431520018133565   0.00612516646895778   0
0.335220905636879   0.41653823549955   0.00797536027561574   0.0310191964935648   0
0.21378502322921   0.423404755189994   -0.121435882407669   0.00686651969044405   0
0.226526088225335   0.426325719351335   0.0127410649961257   0.00292096416134058   0
0.359681410187225   0.433759063046356   0.13315532196189   0.00743334369502058   0
0.38480902593518   0.470555685847802   0.0251276157479544   0.0367966228014466   0
0.305299649027758   0.478531809468009   -0.0795093769074213   0.00797612362020655   0
0.255670134682582   0.485115357485398   -0.0496295143451769   0.0065835480173892   0
0.209535353240888   0.471285131881791   -0.0461347814416941   -0.0138302256036069   0
0.225433725341964   0.440072925604761   0.0158983721010768   -0.0312122062770302   0
0.332321004275957   0.428443074107355   0.106887278933993   -0.0116298514974063   0
0.372594645832669   0.464034545519882   0.0402736415567113   0.0355914714125276   0
0.259189099152801   0.442035828287577   -0.113405546679868   -0.0219987172323051   0
0.33889999800034   0.44126130460573   0.0797108988475388   -0.00077452368184705   0
0.311420363027756   0.458548952759279   -0.0274796349725835   0.0172876481535492   0
0.353688995044692   0.43531404795434   0.0422686320169363   -0.0232349048049396   0
0.407045767286476   0.476148508370031   0.0533567722417834   0.0408344604156914   0
0.23582807349447   0.475334869696071   -0.171217693792006   -0.000813638673959838   0
0.343178674017922   0.46763149143399   0.107350600523452   -0.00770337826208156   0
0.385431563216603   0.483622797006514   0.0422528891986814   0.015991305572524   0
0.365368542700129   0.499419625304329   -0.0200630205164746   0.015796828297815   0
0.250368074599307   0.454602085921872   -0.115000468100822   -0.0448175393824571   0
0.373290487154597   0.482466733805642   0.12292241255529   0.02786464788377   0
0.282861597195107   0.462046652744357   -0.0904288899594898   -0.0204200810612846   0
0.261127477408156   0.316993767417285   -0.0217341197869515   -0.145052885327072   0
0.42615305496069   0.293630558097898   0.165025577552534   -0.0233632093193862   0
0.207607633879698   0.483552828693155   -0.218545421080992   0.189922270595257   0
0.280597291218696   0.508981912396864   0.0729896573389972   0.0254290837037088   0
0.843974388323769   0.367505091809074   0.563377097105073   -0.14147682058779   0
0.847727034197179   0.378105726542633   0.00375264587341051   0.0106006347335585   0
