0   0   0   0   0
0.0688789753831229   0.0278167974365784   0.0688789753831229   0.0278167974365784   0
0.0908403118827411   0.0781115398365323   0.0219613364996183   0.0502947423999539   0
0.0455494544591435   0.054096637842557   -0.0452908574235976   -0.0240149019939753   0
0.0603923074803115   0.084538207013938   0.014842853021168   0.030441569171381   0
0.0655229245424655   0.100441935920986   0.00513061706215399   0.0159037289070481   0
0.0955854278730405   0.159546376436894   0.030062503330575   0.0591044405159078   0
0.133462106574228   0.220587892488912   0.0378766787011871   0.0610415160520179   0
0.103718558127731   0.236166798660292   -0.0297435484464971   0.0155789061713803   0
0.152859782566071   0.2398876047299   0.0491412244383406   0.00372080606960756   0
0.17154738656505   0.269075446198613   0.0186876039989785   0.029187841468713   0
0.153723636893116   0.284430216153626   -0.0178237496719341   0.0153547699550138   0
0.214020650266186   0.267550378625074   0.0602970133730702   -0.016879837528552   0
0.199912957981026   0.299035971575686   -0.0141076922851599   0.0314855929506118   0
0.19508411358844   0.308498115744529   -0.00482884439258574   0.00946214416884317   0
0.240842532464917   0.331626313811268   0.0457584188764772   0.0231281980667386   0
0.210808463188053   0.340507187263945   -0.0300340692768648   0.00888087345267685   0
0.271682205091644   0.38107547094861   0.0608737419035913   0.0405682836846651   0
0.332870046739588   0.415287496944984   0.0611878416479439   0.034212025996374   0
0.262389020350504   0.412322360724268   -0.0704810263890834   -0.00296513622071565   0
0.283099284073644   0.374579112107885   0.0207102637231396   -0.0377432486163835   0
0.288874348952758   0.385705245552754   0.00577506487911422   0.0111261334448688   0
0.308096750199066   0.389573990376271   0.0192224012463076   0.00386874482351751   0
0.342415746949073   0.41070967077937   0.0343189967500073   0.0211356804030988   0
0.427683388177856   0.438323642147942   0.0852676412287828   0.0276139713685719   0
0.348625184804987   0.402228973236686   -0.0790582033728692   -0.0360946689112554   0
0.379781413533906   0.38818731963987   0.0311562287289188   -0.0140416535968163   0
0.397623515824758   0.407507759978706   0.0178421022908523   0.0193204403388363   0
0.367222952704266   0.414485842677879   -0.0304005631204919   0.00697808269917288   0
0.429891577726404   0.404672863575996   0.0626686250221385   -0.00981297910188339   0
0.432274194814488   0.41976786007904   0.00238261708808324   0.0150949965030444   0
0.382870502949544   0.420083821746268   -0.0494036918649441   0.00031596166722786   0
0.454624136854296   0.461546249657644   0.0717536339047521   0.0414624279113757   0
0.429866234237737   0.430965243262407   -0.0247579026165583   -0.0305810063952367   0
0.433053373232044   0.457617545838772   0.00318713899430612   0.0266523025763649   0
0.516353072497584   0.482120948992954   0.0832996992655405   0.0245034031541817   0
0.498073265837853   0.464766772438328   -0.0182798066597312   -0.0173541765546252   0
0.476428351408102   0.489752900473936   -0.0216449144297511   0.0249861280356073   0
0.547366785001928   0.498515214488387   0.0709384335938262   0.00876231401445104   0
0.579677303080787   0.453613613826152   0.0323105180788594   -0.0449016006622346   0
0.564711064007813   0.470131198782353   -0.0149662390729746   0.016517584956201   0
0.634638305990903   0.486476197679828   0.0699272419830897   0.0163449988974753   0
0.557072361412216   0.472547158009756   -0.0775659445786864   -0.0139290396700729   0
0.613953014627374   0.512697411647962   0.0568806532151582   0.0401502536382067   0
0.592703722362036   0.571612749728726   -0.0212492922653381   0.0589153380807642   0
0.473192581560302   0.566979687228608   -0.119511140801735   -0.00463306250011797   0
0.606486398720396   0.609634905735278   0.133293817160095   0.0426552185066692   0
0.522394025812221   0.585882699481926   -0.0840923729081753   -0.0237522062533518   0
0.529189309581799   0.573510478064191   0.00679528376957783   -0.0123722214177344   0
0.490041173649137   0.587529427315448   -0.0391481359326618   0.0140189492512565   0
0.454535129735201   0.604818562550639   -0.0355060439139361   0.0172891352351914   0
0.498278873946607   0.582120282341711   0.0437437442114062   -0.0226982802089279   0
0.450783968485754   0.594569924833806   -0.0474949054608527   0.0124496424920949   0
0.513645983337985   0.615194995426121   0.0628620148522303   0.0206250705923152   0
0.518296381907466   0.589873097053678   0.00465039856948168   -0.0253218983724437   0
0.490650915462951   0.598939294494115   -0.027645466444515   0.00906619744043713   0
0.565668547190985   0.634787611108565   0.0750176317280337   0.0358483166144502   0
0.535390112034257   0.646783856524336   -0.0302784351567278   0.0119962454157709   0
0.583763089755941   0.660565504299252   0.0483729777216843   0.0137816477749156   0
0.636265508046035   0.706556874787951   0.0525024182900934   0.0459913704886996   0
0.57808273066981   0.692004495161337   -0.0581827773762247   -0.0145523796266139   0
0.700456406807225   0.709258257698309   0.122373676137415   0.0172537625369715   0
0.581089641145617   0.695468817876751   -0.119366765661608   -0.0137894398215582   0
0.63981738078464   0.712377544215829   0.0587277396390233   0.0169087263390781   0
