1.0468243e-14   8.61302075509098e-32   0   0   0
0.322802445929832   0.221717413332476   0.322802445929821   0.221717413332476   0
3.50705283048991   1.54723783315688   3.18425038456008   1.3255204198244   1
3.91717133195723   1.4827753426039   0.410118501467318   -0.0644624905529769   0
3.63944937830199   1.5587090017175   -0.27772195365524   0.0759336591136028   0
3.68708793636437   1.37839543127038   0.0476385580623795   -0.180313570447118   0
3.62231953185103   1.44274042299928   -0.0647684045133361   0.0643449917289003   0
3.81537867810798   1.5430480778771   0.193059146256946   0.100307654877819   0
6.23938699200482   3.97835784048615   2.42400831389684   2.43530976260904   1
7.36283539778638   3.52562534007648   1.12344840578156   -0.452732500409671   1
6.07469193605335   2.28709824109549   -1.28814346173302   -1.23852709898099   1
6.64592190387704   2.38761174203226   0.571229967823688   0.100513500936769   0
6.73346256495775   2.43732550097379   0.0875406610807135   0.049713758941536   0
4.6036955039876   1.85835964076458   -2.12976706097015   -0.578965860209209   1
4.56588386595072   1.09715089808874   -0.0378116380368798   -0.761208742675848   0
1.22759468513593   0.877806331683691   -3.33828918081479   -0.219344566405044   1
2.1275599814552   0.869196883395472   0.899965296319272   -0.00860944828821963   0
4.13154752805219   1.18470150932733   2.00398754659699   0.315504625931858   1
6.04513735212798   1.67804236180252   1.91358982407579   0.493340852475186   1
6.05286503293079   1.59698239474527   0.00772768080281061   -0.0810599670572474   0
6.11623165529751   1.51609122372049   0.0633666223667166   -0.0808911710247735   0
6.13525371577621   1.35100657730345   0.0190220604787035   -0.16508464641704   0
5.90151395151339   1.35120470861442   -0.233739764262825   0.000198131310961358   0
5.86180676235687   1.19729675497087   -0.0397071891565197   -0.153907953643548   0
5.9840483557852   1.16873366732066   0.122241593428329   -0.0285630876502028   0
5.89159008534833   1.16505671478017   -0.0924582704368682   -0.0036769525404905   0
6.21677579743276   1.34954872426411   0.325185712084431   0.184492009483933   0
6.49866843720995   1.28928854489279   0.281892639777189   -0.0602601793713187   0
6.48911002716232   1.19581015017576   -0.00955841004763158   -0.0934783947170272   0
4.33560249075716   0.88096174797836   -2.15350753640516   -0.314848402197401   1
6.4503268576089   1.15459166512432   2.11472436685175   0.273629917145963   1
6.78070693457239   1.27886276811566   0.330380076963483   0.124271102991334   0
6.60494681080548   1.23171491330661   -0.175760123766909   -0.0471478548090476   0
5.84023684911389   1.27795559355712   -0.764709961691591   0.0462406802505129   0
7.30863223770797   1.10506697796454   1.46839538859409   -0.17288861559258   1
4.9570824088605   0.740480463149238   -2.35154982884748   -0.364586514815304   1
5.22793573546688   3.04929603129139   0.270853326606385   2.30881556814216   1
5.86565160639577   3.56142029345423   0.637715870928889   0.512124262162837   0
7.52742372475056   3.09611314329087   1.66177211835479   -0.465307150163359   1
8.51025819558751   2.88143808637614   0.982834470836946   -0.214675056914737   0
8.59365845642672   2.64505216050373   0.0834002608392144   -0.236385925872405   0
8.6553890789884   2.61315039461117   0.0617306225616812   -0.031901765892564   0
7.23165610700085   1.8531445168433   -1.42373297198755   -0.760005877767866   1
6.55029219194488   1.33914650701496   -0.681363915055968   -0.513998009828342   0
6.01989391673884   1.42508309400701   -0.530398275206042   0.085936586992049   0
6.20931371658046   1.43146866985331   0.189419799841618   0.00638557584630539   0
5.85876892287184   1.36805963209627   -0.35054479370862   -0.0634090377570415   0
6.98125545017827   1.47147056617465   1.12248652730643   0.103410934078375   1
13.3467369347055   3.48463065708068   6.36548148452722   2.01316009090603   1
11.5736168727349   3.45311461951726   -1.7731200619706   -0.0315160375634163   1
10.6335128178989   3.2557522552849   -0.940104054836025   -0.197362364232358   0
11.832766680461   2.88347365976836   1.19925386256209   -0.372278595516542   1
11.9121976305869   2.79858463783152   0.079430950125909   -0.0848890219368417   0
12.3920838473522   2.73518889374086   0.479886216765335   -0.0633957440906587   0
10.506152386866   2.79179018317655   -1.88593146048623   0.0566012894356898   1
7.46160098607836   2.14779581367296   -3.04455140078761   -0.643994369503589   1
10.3638935918366   2.71503949773278   2.90229260575822   0.567243684059824   1
7.99672457807651   1.55861494542852   -2.36716901376007   -1.15642455230426   1
9.40725326644844   1.3425794618574   1.41052868837193   -0.216035483571118   1
7.57372074267797   1.47611105765878   -1.83353252377047   0.133531595801379   1
7.96066718297862   1.69207872015778   0.386946440300648   0.215967662498996   0
7.96255643535447   1.65840976294152   0.0018892523758538   -0.0336689572162572   0
7.71107083721012   1.55931105927831   -0.251485598144351   -0.0990987036632103   0
8.64486716776043   1.70231946474465   0.933796330550308   0.143008405466344   0
7.84432420400838   1.78653916590684   -0.800542963752051   0.0842197011621884   0
6.93462096937775   1.35450934740093   -0.909703234630632   -0.432029818505909   0
7.61795484925811   1.18101561699929   0.683333879880365   -0.173493730401642   0
5.5123618263765   0.967919434453621   -2.10559302288161   -0.213096182545671   1
7.05170977358792   1.62783064961634   1.53934794721142   0.659911215162714   1
