8.4777963e-15   2.39296245e-16   0   0   0
0.0441933319594988   0.0273493053750725   0.0441933319594903   0.0273493053750723   0
0.0575631215039327   0.00958613345986439   0.0133697895444339   -0.0177631719152081   0
0.0475884304522973   0.0775954470127647   -0.00997469105163541   0.0680093135529003   0
0.0588101303564428   0.0342447604169779   0.0112216999041456   -0.0433506865957868   0
0.0679817121928627   0.063181389485482   0.00917158183641989   0.0289366290685041   0
0.0706176365256633   0.0648305404572372   0.0026359243328006   0.00164915097175515   0
0.0756698809341132   0.0574548443622157   0.00505224440844985   -0.00737569609502153   0
0.130488758049964   0.123920104171134   0.0548188771158511   0.0664652598089187   0
0.0878573069342919   0.0671612917379493   -0.0426314511156724   -0.0567588124331851   0
0.121846291922388   0.111094073308249   0.0339889849880964   0.0439327815703002   0
0.0940197458853846   0.0729176326724925   -0.0278265460370037   -0.038176440635757   0
0.143298655478119   0.114641912554536   0.0492789095927344   0.0417242798820433   0
0.102388156775458   0.0829841820509691   -0.0409104987026607   -0.0316577305035666   0
0.157630186481566   0.131585284152528   0.0552420297061075   0.0486011021015592   0
0.116415738854591   0.0751307157138552   -0.0412144476269752   -0.0564545684386731   0
0.104972262853193   0.101036979385083   -0.0114434760013978   0.0259062636712273   0
0.0966291311882576   0.076427217189521   -0.00834313166493511   -0.0246097621955615   0
0.121789966475015   0.101137005819743   0.0251608352867573   0.0247097886302221   0
0.105989745267751   0.0897699830540188   -0.015800221207264   -0.0113670227657243   0
0.138091105954443   0.124895109603855   0.0321013606866919   0.0351251265498357   0
0.10573998257858   0.100458790463242   -0.0323511233758627   -0.0244363191406126   0
0.140883735119509   0.124919849449261   0.0351437525409292   0.0244610589860187   0
0.107498836684149   0.0794531029534092   -0.0333848984353607   -0.0454667464958513   0
0.133641832840749   0.114549291018061   0.0261429961566001   0.0350961880646516   0
0.114766102325141   0.0910623764819556   -0.0188757305156079   -0.0234869145361052   0
0.111618970734334   0.0922858786991741   -0.00314713159080632   0.00122350221721847   0
0.0992082900459995   0.0753554476744303   -0.012410680688335   -0.0169304310247437   0
0.105378509068927   0.111016185958736   0.00617021902292761   0.0356607382843055   0
0.0980006599650268   0.0870229208652498   -0.00737784910390027   -0.0239932650934861   0
0.0994078352006018   0.0864675447514984   0.00140717523557497   -0.00055537611375131   0
0.102726491410647   0.0774743111026109   0.0033186562100456   -0.00899323364888753   0
0.09382807412393   0.0853041241969319   -0.00889841728671736   0.00782981309432097   0
0.0853972195155553   0.0723657773942544   -0.0084308546083747   -0.0129383468026775   0
0.0754911322510745   0.0841092486865472   -0.00990608726448083   0.0117434712922928   0
0.0804890676512592   0.0782123435616374   0.00499793540018467   -0.00589690512490978   0
0.0792713545084302   0.089098773259744   -0.00121771314282899   0.0108864296981066   0
0.0311298377695229   0.0622063659668671   -0.0481415167389072   -0.0268924072928769   0
0.0459277587863672   0.0514077948268208   0.0147979210168442   -0.0107985711400463   0
0.0599184724755737   0.070696921780612   0.0139907136892065   0.0192891269537912   0
0.0423167833055689   0.04441761377928   -0.0176016891700048   -0.026279308001332   0
0.0841315465451897   0.0878292383295495   0.0418147632396208   0.0434116245502695   0
0.0562425800929227   0.0805697715386326   -0.027888966452267   -0.00725946679091684   0
0.0896401022615545   0.120667210599022   0.0333975221686318   0.0400974390603895   0
0.0850508998779409   0.115709904897386   -0.00458920238361361   -0.0049573057016357   0
0.0767006735596762   0.0932221403692528   -0.00835022631826465   -0.0224877645281336   0
0.103474227780965   0.130456408559011   0.0267735542212891   0.037234268189758   0
0.0909074391414762   0.115831720445191   -0.0125667886394892   -0.0146246881138199   0
0.12189821926308   0.144355527245149   0.0309907801216033   0.0285238067999583   0
0.104027865554529   0.142091141765314   -0.0178703537085503   -0.00226438547983565   0
0.194741149940016   0.207384857456688   0.0907132843854872   0.065293715691374   0
0.16549334034543   0.186605803390335   -0.0292478095945864   -0.0207790540663521   0
0.179390566306191   0.20283976533227   0.013897225960761   0.016233961941935   0
0.161343431747017   0.20284183130087   -0.0180471345591743   2.06596859947394e-06   0
0.154880780394334   0.190617655187413   -0.00646265135268309   -0.0122241761134569   0
0.182441100610549   0.220482056367115   0.0275603202162157   0.0298644011797019   0
0.202747761080307   0.2343335985367   0.0203066604697574   0.013851542169585   0
0.170678410829587   0.222427579089389   -0.0320693502507203   -0.0119060194473104   0
0.209466792254753   0.246847692435121   0.0387883814251663   0.0244201133457317   0
0.175251140992077   0.219755739603176   -0.034215651262676   -0.0270919528319448   0
0.206998008922003   0.265530078961145   0.0317468679299259   0.0457743393579691   0
0.181384736339892   0.244604262705608   -0.0256132725821107   -0.0209258162555373   0
0.157164603324753   0.21765621086288   -0.0242201330151391   -0.0269480518427282   0
0.238683711349633   0.277741606961562   0.08151910802488   0.0600853960986819   0
0.201523729316929   0.234718488025651   -0.0371599820327044   -0.0430231189359107   0
0.22160983229724   0.263284896031781   0.0200861029803118   0.0285664080061303   0
0.141688243178084   0.219120341935559   -0.0799215891191559   -0.0441645540962228   0
0.159338379833934   0.216564332844198   0.0176501366558499   -0.00255600909136089   0
0.146193990746259   0.205355687084143   -0.0131443890876753   -0.0112086457600547   0
