1.8145373490095e-14   1.92592995e-32   0   0   0
0.0363002606555985   0.018070720064865   0.0363002606555803   0.018070720064865   0
0.175190754895061   0.455965122385431   0.138890494239462   0.437894402320566   0
0.395742091321005   0.728230719776607   0.220551336425945   0.272265597391176   0
0.344172861925738   0.697658694876845   -0.0515692293952677   -0.0305720248997615   0
0.34583798403516   0.572005384445101   0.00166512210942227   -0.125653310431744   0
0.418962960339127   0.588628782297298   0.0731249763039674   0.016623397852197   0
0.347914135336886   0.522791997313582   -0.0710488250022411   -0.0658367849837161   0
0.355637172800924   0.41503327137706   0.00772303746403774   -0.107758725936522   0
0.396999058012377   0.41787052764199   0.0413618852114528   0.00283725626492987   0
0.338982439930592   0.384354667781355   -0.0580166180817847   -0.0335158598606354   0
0.347103915723224   0.412131649495062   0.00812147579263156   0.0277769817137068   0
0.406333180241514   0.37112769484068   0.0592292645182904   -0.0410039546543814   0
0.34769112068982   0.301711916145026   -0.0586420595516944   -0.0694157786956543   0
0.271937780653971   0.26150272259239   -0.075753340035849   -0.0402091935526359   0
0.421356664243707   0.271596955154618   0.149418883589737   0.0100942325622282   0
0.38011214946102   0.236506165370459   -0.0412445147826875   -0.0350907897841593   0
0.393590388056664   0.340424008941271   0.013478238595644   0.103917843570812   0
0.524588673806269   0.396526027032156   0.130998285749605   0.0561020180908847   0
0.549023836230816   0.41305188124582   0.0244351624245471   0.0165258542136635   0
0.664852632621238   0.417995098989817   0.115828796390422   0.0049432177439977   0
0.847573605930316   0.376013325406249   0.182720973309078   -0.0419817735835687   0
0.881078510889509   0.420265458977348   0.0335049049591931   0.0442521335710999   0
0.840205444275795   0.429081627934246   -0.040873066613714   0.00881616895689774   0
0.850993954383504   0.415902075565938   0.0107885101077094   -0.0131795523683079   0
0.906561230250053   0.413457957041832   0.0555672758665491   -0.00244411852410609   0
0.851064202970629   0.48411606074198   -0.0554970272794243   0.0706581037001481   0
0.93413273987408   0.476599224026353   0.0830685369034506   -0.00751683671562714   0
1.02403274398943   0.539162193890759   0.0899000041153466   0.0625629698644056   0
0.894907421559963   0.543927607665986   -0.129125322429463   0.00476541377522777   0
0.902980603622398   0.514663220654751   0.00807318206243446   -0.0292643870112358   0
0.900899717727214   0.509598111115633   -0.00208088589518374   -0.00506510953911743   0
0.827259229356161   0.490191101736383   -0.0736404883710524   -0.0194070093792504   0
0.892462142104056   0.432418806481001   0.0652029127478945   -0.057772295255382   0
0.920229832442089   0.444020736231713   0.0277676903380334   0.011601929750712   0
0.91142426486377   0.427471312859912   -0.00880556757831896   -0.0165494233718009   0
0.839723680526551   0.458657921657524   -0.0717005843372195   0.0311866087976123   0
0.847050641696432   0.461850298826298   0.00732696116988107   0.00319237716877419   0
0.924535521111347   0.39831941471149   0.0774848794149147   -0.0635308841148081   0
0.855757839068625   0.40578312718389   -0.0687776820427212   0.00746371247239935   0
0.860379819239546   0.42750077536324   0.00462198017092064   0.0217176481793504   0
0.923334789383378   0.418928718497063   0.0629549701438318   -0.00857205686617662   0
0.881662430237285   0.417699118929695   -0.0416723591460924   -0.00122959956736884   0
0.924549722876108   0.403736803988334   0.0428872926388228   -0.0139623149413604   0
0.956491693251503   0.388311940491898   0.0319419703753944   -0.0154248634964362   0
0.92145740637482   0.444776383952188   -0.0350342868766826   0.0564644434602901   0
0.859845701188582   0.526311877185707   -0.0616117051862382   0.0815354932335184   0
0.843191960578813   0.582077775691678   -0.0166537406097693   0.0557658985059715   0
0.925619478303469   0.495053056650577   0.0824275177246565   -0.0870247190411014   0
0.880696244516273   0.59898466022373   -0.044923233787196   0.103931603573154   0
0.873337999733833   0.556569724739274   -0.00735824478243985   -0.042414935484456   0
0.99587844580452   0.488681518393151   0.122540446070687   -0.0678882063461229   0
1.00220904949631   0.519404648713815   0.00633060369178995   0.0307231303206636   0
1.062945972478   0.49488995896915   0.0607369229816948   -0.0245146897446647   0
1.10006590300657   0.464538851165593   0.0371199305285617   -0.0303511078035575   0
1.0297242363003   0.62814093567108   -0.0703416667062671   0.163602084505487   0
0.945012374202064   0.773089915482946   -0.0847118620982356   0.144948979811866   0
0.904972306873909   0.755706926816532   -0.0400400673281547   -0.0173829886664146   0
1.06724644294432   0.679072272635668   0.162274136070413   -0.0766346541808635   0
1.03900962053274   0.653044722291096   -0.0282368224115814   -0.026027550344572   0
1.04794052251187   0.640202865690005   0.0089309019791286   -0.0128418566010914   0
0.9498476477028   0.687371912697272   -0.0980928748090697   0.0471690470072668   0
0.996196524832857   0.667785756172228   0.0463488771300575   -0.0195861565250438   0
1.21378085113173   0.584123007271687   0.217584326298876   -0.0836627489005408   0
1.30502060898683   0.845365870040606   0.091239757855099   0.261242862768919   0
1.23828932520617   0.78644891302225   -0.0667312837806575   -0.0589169570183556   0
1.26129867365602   0.669541957492944   0.0230093484498457   -0.116906955529307   0
1.17596265065822   0.755942299978483   -0.0853360229978026   0.0864003424855394   0
1.18584769788742   0.724046094093585   0.00988504722920514   -0.0318962058848976   0
1.21785799131831   0.699132769650526   0.0320102934308866   -0.0249133244430597   0
1.11955662489944   0.797025813955368   -0.0983013664188743   0.0978930443048428   0
1.12144430174735   0.663374493300891   0.00188767684791724   -0.133651320654477   0
0.980541480569866   0.699953667129244   -0.140902821177486   0.0365791738283531   0
1.00365416753435   0.719734079592546   0.0231126869644829   0.0197804124633021   0
0.954540221900103   0.7974856151558   -0.0491139456342456   0.0777515355632538   0
0.898189090261005   0.878416238478874   -0.0563511316390983   0.0809306233230741   0
1.05382683077423   0.647415926002694   0.155637740513228   -0.23100031247618   0
1.10997266658565   0.724874445147405   0.0561458358114146   0.0774585191447102   0
1.04603612548715   0.758561851434064   -0.063936541098498   0.0336874062866597   0
1.0829344091907   0.707283631049964   0.0368982837035536   -0.0512782203841001   0
1.04216412085034   0.725649414312087   -0.0407702883403596   0.0183657832621229   0
1.44884997178293   1.92728158144638   0.406685850932585   1.20163216713429   1
1.09559080209179   1.02633556938026   -0.353259169691141   -0.900946012066121   0
1.06803481212941   1.03344408514689   -0.0275559899623774   0.00710851576662885   0
1.13751041213742   0.933362465848489   0.0694756000080077   -0.100081619298399   0
1.05691260744201   0.863737274066549   -0.0805978046954094   -0.0696251917819399   0
0.936952366386996   0.755129922659583   -0.119960241055013   -0.108607351406965   0
