0   0   0   0   0
0.0357750521439549   0.0056241945938644   0.0357750521439549   0.0056241945938644   0
0.0203467410581195   0.0238825807277496   -0.0154283110858354   0.0182583861338852   0
0.0455024628624318   0.0281053469680312   0.0251557218043123   0.00422276624028161   0
0.0368558296445647   0.0260741280499499   -0.00864663321786712   -0.00203121891808123   0
0.0554220856220823   0.103453146707511   0.0185662559775176   0.0773790186575612   0
0.035507264006154   0.10356015414015   -0.0199148216159283   0.000107007432639056   0
0.033066717198633   0.166340038492408   -0.00244054680752102   0.0627798843522581   0
0.101480121334382   0.22725058327255   0.0684134041357491   0.0609105447801418   0
0.139157199416937   0.188376093210091   0.0376770780825545   -0.0388744900624596   0
0.0852548644133328   0.18477926038577   -0.0539023350036038   -0.00359683282432058   0
0.0649389943774284   0.176646748488334   -0.0203158700359044   -0.00813251189743611   0
0.0871500617298575   0.148612802982039   0.0222110673524292   -0.0280339455062946   0
0.0823767576115285   0.141840798983608   -0.00477330411832899   -0.00677200399843164   0
0.121428017040541   0.139478679385257   0.0390512594290123   -0.00236211959835084   0
0.0808106024294705   0.150035991162105   -0.0406174146110703   0.0105573117768485   0
0.117612131541776   0.138147176182711   0.0368015291123058   -0.0118888149793944   0
0.110391969735189   0.137283673161721   -0.00722016180658765   -0.000863503020990058   0
0.114681583120619   0.11522300323339   0.00428961338543078   -0.0220606699283307   0
0.0742007380119352   0.115191207614856   -0.0404808451086842   -3.17956185341001e-05   0
0.0980122532050341   0.109430022873628   0.0238115151930989   -0.00576118474122803   0
0.0837671852032197   0.119944319439686   -0.0142450680018144   0.0105142965660582   0
0.0912921189766662   0.108186272620718   0.00752493377344647   -0.0117580468189686   0
0.0696079651934543   0.142755371539878   -0.0216841537832118   0.03456909891916   0
0.0950190156527318   0.130743399687865   0.0254110504592775   -0.0120119718520129   0
0.0852485471544512   0.14428100959693   -0.0097704684982806   0.0135376099090653   0
0.07956750232722   0.146447477881039   -0.00568104482723114   0.00216646828410899   0
0.0465177677826321   0.133973034429951   -0.0330497345445879   -0.0124744434510876   0
0.0544778024271323   0.146397711534553   0.00796003464450021   0.0124246771046012   0
0.0502082818067603   0.154576837702311   -0.00426952062037204   0.00817912616775821   0
0.0392691848560923   0.139312130693178   -0.010939096950668   -0.0152647070091326   0
0.0495319633714926   0.138815504799178   0.0102627785154003   -0.000496625894000485   0
0.0921218898194657   0.147945974918739   0.042589926447973   0.009130470119561   0
0.0486687123732351   0.139242789286254   -0.0434531774462305   -0.00870318563248426   0
0.0743702313477639   0.119119732543612   0.0257015189745288   -0.0201230567426421   0
0.0495339207039543   0.115114380641085   -0.0248363106438096   -0.00400535190252763   0
0.0511442010672228   0.103987505958852   0.00161028036326853   -0.0111268746822324   0
0.0904349429600332   0.0934689791054961   0.0392907418928104   -0.0105185268533561   0
0.0773736596696349   0.0811591125011797   -0.0130612832903984   -0.0123098666043164   0
0.0623992331544247   0.0826636641062246   -0.0149744265152101   0.00150455160504484   0
0.0856673558418493   0.0828455374107549   0.0232681226874246   0.000181873304530358   0
0.0611991007175268   0.0808429362589815   -0.0244682551243226   -0.00200260115177349   0
0.0444318828262215   0.0882898296341913   -0.0167672178913053   0.00744689337520983   0
0.0862245164089283   0.133411285398846   0.0417926335827068   0.0451214557646543   0
0.0578271028636024   0.135170918377856   -0.0283974135453259   0.00175963297901038   0
0.0647972253987294   0.10350269499504   0.00697012253512698   -0.0316682233828155   0
0.0777957303832079   0.0839414388761374   0.0129985049844785   -0.019561256118903   0
0.0734388817913184   0.0899343057535934   -0.00435684859188945   0.00599286687745598   0
0.0852711981947993   0.0904822179469343   0.0118323164034809   0.000547912193340896   0
0.0881209265131162   0.0898409274217153   0.00284972831831692   -0.000641290525218982   0
0.109351881733246   0.0931767741226987   0.0212309552201299   0.0033358467009834   0
0.0846575329888348   0.0863935732972826   -0.0246943487444114   -0.00678320082541617   0
0.139553534275723   0.0659542345701238   0.0548960012868881   -0.0204393387271588   0
0.112174852722618   0.0845618022892149   -0.0273786815531052   0.0186075677190911   0
0.113831516679027   0.072938340159265   0.00165666395640958   -0.0116234621299499   0
0.158248982709169   0.0605446048347373   0.044417466030142   -0.0123937353245277   0
0.135778206844984   0.0672152733553744   -0.0224707758641854   0.00667066852063715   0
0.152460160214329   0.0600126963503144   0.0166819533693448   -0.00720257700506005   0
0.130529593472149   0.0687294442400281   -0.0219305667421797   0.00871674788971367   0
0.139759502774726   0.065930532624937   0.00922990930257717   -0.00279891161509108   0
0.153279679781755   0.0509920856307951   0.0135201770070285   -0.0149384469941419   0
0.136088769442102   0.0607311691038556   -0.0171909103396528   0.00973908347306052   0
0.182645656034477   0.0575104369808598   0.0465568865923755   -0.00322073212299581   0
0.18793095947096   0.0600772671168315   0.00528530343648251   0.00256683013597171   0
0.113160094993826   0.04422037531871   -0.0747708644771336   -0.0158568917981215   0
0.138052193398894   0.04789269911619   0.0248920984050673   0.00367232379748002   0
0.129807502059563   0.0621309760019772   -0.00824469133933045   0.0142382768857871   0
0.111534289326538   0.0435464872266436   -0.0182732127330251   -0.0185844887753336   0
0.0935738520986069   0.0456177184705982   -0.0179604372279311   0.00207123124395463   0
