1.83361218618115e-14   1.36183809237993e-32   0   0   0
0.794967491740204   0.289835395356703   0.794967491740186   0.289835395356703   0
0.493605068787268   0.222110933789281   -0.301362422952936   -0.0677244615674222   0
0.109916067571937   0.0609708224425119   -0.383689001215331   -0.161140111346769   0
0.0472970120448402   0.0825877733560291   -0.0626190555270971   0.0216169509135172   0
0.0867126611073058   0.0735957407665603   0.0394156490624656   -0.00899203258946887   0
0.0431070630249162   0.0477887556060486   -0.0436055980823896   -0.0258069851605117   0
0.072077643985339   0.106997545439355   0.0289705809604229   0.0592087898333068   0
0.0858048239567518   0.0980355922985412   0.0137271799714127   -0.00896195314081422   0
0.0903909869039684   0.100483344431724   0.00458616294721659   0.00244775213318321   0
0.10320127086724   0.13120692919979   0.0128102839632717   0.0307235847680659   0
0.116665101238063   0.155042502843512   0.013463830370823   0.0238355736437222   0
0.121191463517393   0.134310488129121   0.00452636227933027   -0.0207320147143914   0
0.171092889499567   0.213379462891551   0.0499014259821733   0.0790689747624304   0
0.162070669307533   0.117507350034386   -0.009022220192034   -0.0958721128571652   0
0.161770833276095   0.160962415097342   -0.000299836031437961   0.0434550650629557   0
0.159094110633225   0.141285380108036   -0.00267672264286925   -0.0196770349893056   0
0.147172225757144   0.1424420442777   -0.0119218848760818   0.00115666416966329   0
0.116664959778185   0.104063762850761   -0.0305072659789584   -0.0383782814269387   0
0.0588793432418739   0.136287943332781   -0.0577856165363112   0.0322241804820197   0
0.111359870446828   0.17276021425095   0.0524805272049541   0.0364722709181693   0
0.107740176517974   0.122607841518406   -0.00361969392885378   -0.0501523727325443   0
0.0988448355974268   0.144145378502363   -0.00889534092054738   0.0215375369839571   0
0.127889335081811   0.18602558648754   0.0290444994843845   0.0418802079851778   0
0.141618877668219   0.163314821438458   0.0137295425864072   -0.0227107650490829   0
0.0502732353637152   0.0973419173764766   -0.0913456423045034   -0.065972904061981   0
0.257079653650278   0.185169217431445   0.206806418286563   0.0878273000549682   0
0.073189486102985   0.0611017053036714   -0.183890167547293   -0.124067512127773   0
0.0938929374634646   0.0728799535414616   0.0207034513604795   0.0117782482377902   0
0.100435219121014   0.0637032269706146   0.00654228165754954   -0.00917672657084707   0
0.085436169893402   0.0856230319206098   -0.0149990492276122   0.0219198049499952   0
0.0747521000323582   0.0884126753970779   -0.0106840698610438   0.00278964347646819   0
0.0522725233469724   0.0592600486233179   -0.0224795766853857   -0.02915262677376   0
0.0494922070883335   0.0531055235632438   -0.00278031625863893   -0.00615452506007416   0
0.040369642967882   0.0519675465805939   -0.00912256412045147   -0.00113797698264988   0
0.0217310620274853   0.0700269019356473   -0.0186385809403968   0.0180593553550535   0
0.0669500141023925   0.0996345499931864   0.0452189520749073   0.0296076480575391   0
0.0341716053071012   0.0678251789256601   -0.0327784087952914   -0.0318093710675263   0
0.0980302789701608   0.0994807453228348   0.0638586736630596   0.0316555663971747   0
0.451449707138696   0.43385701954284   0.353419428168535   0.334376274220005   0
0.837905870942304   0.543436069743755   0.386456163803608   0.109579050200915   0
0.424334752196734   0.409665829918177   -0.41357111874557   -0.133770239825578   0
0.341965319018009   0.288059256027871   -0.0823694331787243   -0.121606573890306   0
0.28375441815713   0.270186338584939   -0.058210900860879   -0.0178729174429323   0
0.279937309871824   0.241499960399787   -0.0038171082853059   -0.0286863781851519   0
0.24481997580161   0.222117217319415   -0.0351173340702141   -0.0193827430803718   0
0.256094485167873   0.231016077384573   0.0112745093662626   0.00889886006515717   0
0.253578303408074   0.229419073785794   -0.00251618175979912   -0.00159700359877873   0
0.241501832512038   0.198945927389423   -0.0120764708960359   -0.0304731463963707   0
0.261580201205336   0.22082343356309   0.0200783686932986   0.0218775061736665   0
0.405807921156073   0.213906080909335   0.144227719950737   -0.00691735265375501   0
0.319372734915216   0.20105642595881   -0.0864351862408577   -0.0128496549505243   0
0.29763115724516   0.140377146363458   -0.0217415776700559   -0.0606792795953526   0
0.280297851216896   0.135314846114814   -0.0173333060282632   -0.0050623002486441   0
0.257525712368209   0.10587772309617   -0.0227721388486873   -0.029437123018644   0
0.277510514002668   0.194406885258688   0.0199848016344584   0.0885291621625179   0
0.218063963255264   0.0831562040952396   -0.0594465507474033   -0.111250681163448   0
0.225245552566243   0.118771865284501   0.00718158931097843   0.0356156611892618   0
0.209526704901806   0.0916805313813467   -0.0157188476644368   -0.0270913339031547   0
0.196857025374747   0.0753954848739628   -0.0126696795270593   -0.0162850465073838   0
0.185654231155515   0.0843923238088963   -0.0112027942192317   0.0089968389349335   0
0.19833488492003   0.0791106055218306   0.0126806537645156   -0.00528171828706574   0
0.178815583714441   0.062650419118443   -0.0195193012055892   -0.0164601864033876   0
0.190947495518649   0.112739574459745   0.0121319118042078   0.050089155341302   0
0.323792123880274   0.239551466230359   0.132844628361625   0.126811891770614   0
0.248750874851462   0.114266440907545   -0.0750412490288125   -0.125285025322814   0
0.218422721331404   0.165270472764887   -0.030328153520058   0.051004031857342   0
0.264777954313217   0.20615160678808   0.0463552329818127   0.0408811340231924   0
0.24296978385053   0.146847608394578   -0.0218081704626863   -0.0593039983935017   0
0.228193108163915   0.196787876808075   -0.0147766756866154   0.0499402684134969   0
0.21824239731272   0.122502025727232   -0.00995071085119478   -0.0742858510808426   0
0.241901163724158   0.155408264133816   0.0236587664114381   0.0329062384065832   0
0.24702217271548   0.147846985895227   0.00512100899132137   -0.00756127823858846   0
0.250625694110891   0.100716732424155   0.00360352139541123   -0.0471302534710722   0
0.232057557888667   0.101177006556879   -0.018568136222224   0.000460274132724328   0
