1.27714859723145e-14   1.92592995e-32   0   0   0
0.0713511710330404   0.027179986758362   0.0713511710330276   0.027179986758362   0
0.096885802210005   0.0425415522391581   0.0255346311769646   0.0153615654807961   0
0.0185532113559824   0.0311880597494681   -0.0783325908540225   -0.01135349248969   0
0.0287969713190571   0.0399482804333513   0.0102437599630746   0.00876022068388318   0
0.0496529270360566   0.0457541070027628   0.0208559557169995   0.00580582656941153   0
0.0508880082773254   0.0480152446726767   0.00123508124126889   0.00226113766991388   0
0.132172350232719   0.1027634956147   0.0812843419553933   0.0547482509420231   0
0.100102142353943   0.0650718545590349   -0.0320702078787756   -0.037691641055665   0
0.0592232915841346   0.0643310187034053   -0.0408788507698085   -0.00074083585562959   0
0.0805172333262291   0.0672350041365767   0.0212939417420944   0.00290398543317139   0
0.0972435361850676   0.0752393550534919   0.0167263028588385   0.00800435091691529   0
0.0867914857797712   0.059324832521516   -0.0104520504052964   -0.0159145225319759   0
0.0802508714570095   0.0566512252201363   -0.00654061432276169   -0.00267360730137975   0
0.111276561939865   0.0649787718418176   0.0310256904828551   0.00832754662168132   0
0.099302621917345   0.0544937676209767   -0.0119739400225197   -0.0104850042208409   0
0.0933171621396741   0.0536938436204831   -0.00598545977767088   -0.000799924000493633   0
0.0955973999962839   0.0630524505824822   0.00228023785660982   0.00935860696199912   0
0.109567297947441   0.0625086999697425   0.013969897951157   -0.000543750612739716   0
0.115773637423176   0.0572590283425378   0.00620633947573528   -0.00524967162720464   0
0.110543545359802   0.0416607290174651   -0.00523009206337383   -0.0155982993250727   0
0.0927246011828713   0.0481652307497734   -0.017818944176931   0.00650450173230827   0
0.0807444021120306   0.0605387090350558   -0.0119801990708408   0.0123734782852824   0
0.0835296352448222   0.0693939448704928   0.00278523313279168   0.00885523583543704   0
0.0998858711472683   0.0857173835650452   0.016356235902446   0.0163234386945524   0
0.0810444489093047   0.0582688727850451   -0.0188414222379636   -0.02744851078   0
0.0939485021167549   0.0646894770100804   0.0129040532074502   0.00642060422503522   0
0.114722742416696   0.0773269134802926   0.0207742402999416   0.0126374364702123   0
0.118262863478   0.0713630512131998   0.0035401210613034   -0.00596386226709279   0
0.0996501372872751   0.0486106890240866   -0.0186127261907247   -0.0227523621891133   0
0.123352687837923   0.0634353642296412   0.023702550550648   0.0148246752055546   0
0.109917052026627   0.077615525149759   -0.0134356358112956   0.0141801609201178   0
0.119724616430713   0.0552091465289016   0.00980756440408601   -0.0224063786208574   0
0.129341914088013   0.0512929720040628   0.00961729765729939   -0.00391617452483886   0
0.117927435035697   0.0746234003935443   -0.0114144790523158   0.0233304283894815   0
0.172485400212816   0.064327266507822   0.0545579651771193   -0.0102961338857223   0
0.15693791457277   0.0558174243319879   -0.0155474856400467   -0.00850984217583405   0
0.124033172078193   0.0704884663555415   -0.0329047424945766   0.0146710420235535   0
0.124932694604891   0.0859549255636518   0.000899522526698129   0.0154664592081104   0
0.143277771259373   0.0499629111629305   0.0183450766544815   -0.0359920144007213   0
0.121076770436377   0.0798862704634144   -0.022201000822996   0.0299233593004839   0
0.104364443376717   0.100160498108766   -0.0167123270596599   0.0202742276453518   0
0.167998544316167   0.0889799654221429   0.0636341009394498   -0.0111805326866233   0
0.13510840059213   0.0977443293079542   -0.0328901437240368   0.00876436388581125   0
0.136944618413114   0.0981119435602006   0.00183621782098412   0.000367614252246448   0
0.167042545416368   0.100113452770366   0.0300979270032538   0.00200150921016526   0
0.161541963649423   0.102909218209844   -0.00550058176694446   0.00279576543947804   0
0.158118649518602   0.101053119341088   -0.00342331413082103   -0.00185609886875586   0
0.164020306080494   0.101971154805841   0.00590165656189209   0.000918035464753233   0
0.188071148701589   0.0994920165197621   0.0240508426210948   -0.00247913828607924   0
0.147268056160501   0.115857063222686   -0.0408030925410886   0.0163650467029238   0
0.155925564838221   0.11188424414052   0.00865750867772053   -0.00397281908216598   0
0.167952798305851   0.115139111287598   0.0120272334676298   0.00325486714707836   0
0.151459165611444   0.130772587478116   -0.0164936326944072   0.0156334761905175   0
0.165811104287903   0.141605915065318   0.0143519386764597   0.0108333275872027   0
0.195028783835398   0.109999983397298   0.0292176795474948   -0.0316059316680201   0
0.19716354807417   0.125292532640322   0.00213476423877232   0.0152925492430241   0
0.201992429993225   0.133684421803929   0.00482888191905498   0.00839188916360631   0
0.186561595089155   0.16843497747171   -0.0154308349040699   0.0347505556677813   0
0.181221330774213   0.158641923365272   -0.00534026431494289   -0.00979305410643777   0
0.185536535525287   0.169334164655132   0.0043152047510745   0.0106922412898597   0
0.188772404014483   0.167304852414191   0.00323586848919549   -0.00202931224094119   0
0.186687569991147   0.179782215477482   -0.00208483402333559   0.0124773630632914   0
0.207453114861645   0.187551939547221   0.0207655448704979   0.0077697240697385   0
0.236974751743568   0.162051328061342   0.0295216368819231   -0.0255006114858784   0
0.217294668180872   0.197114316050435   -0.0196800835626955   0.0350629879890931   0
0.226284990774811   0.143731355970112   0.00899032259393823   -0.0533829600803233   0
0.237431953388046   0.166153852098047   0.0111469626132355   0.0224224961279345   0
0.243526212234702   0.135022696555018   0.00609425884665629   -0.0311311555430285   0
0.269731181453993   0.126730487165969   0.0262049692192906   -0.0082922093890489   0
0.294297859798566   0.123481428168191   0.0245666783445733   -0.00324905899777771   0
0.272938690896227   0.13371977858241   -0.0213591689023394   0.0102383504142182   0
0.275538547729795   0.124086837912959   0.00259985683356806   -0.00963294066945014   0
0.293702723005093   0.122795764854299   0.0181641752752975   -0.00129107305866023   0
0.269869350294368   0.136270672256962   -0.023833372710725   0.0134749074026628   0
0.269420174920853   0.124143628044061   -0.000449175373514965   -0.0121270442129012   0
0.289202628720046   0.128792051315057   0.0197824537991936   0.00464842327099611   0
