1.0664552e-14   3.8518599e-32   0   0   0
0.0311213170923681   0.0279339361701284   0.0311213170923574   0.0279339361701284   0
0.0442444705205063   0.0396360208282419   0.0131231534281383   0.0117020846581134   0
0.0281473190728688   0.0540389421826579   -0.0160971514476376   0.014402921354416   0
0.0255552553855559   0.0587977902746529   -0.00259206368731288   0.00475884809199503   0
0.0324079536218155   0.0535163167670495   0.00685269823625964   -0.00528147350760336   0
0.0449611029589736   0.0496906710774991   0.012553149337158   -0.00382564568955045   0
0.0293215579827721   0.0616832532731462   -0.0156395449762015   0.0119925821956471   0
0.0454815152829426   0.0578793921012297   0.0161599573001706   -0.00380386117191643   0
0.0555168037131737   0.0405752832494525   0.010035288430231   -0.0173041088517772   0
0.0592881449114632   0.0674043170602005   0.00377134119828953   0.026829033810748   0
0.0740909417159623   0.065737378913652   0.0148027968044991   -0.0016669381465485   0
0.0585985736759696   0.052234550327882   -0.0154923680399927   -0.01350282858577   0
0.0484562740564066   0.0466313384450905   -0.010142299619563   -0.00560321188279155   0
0.0563213656857033   0.0538098739116817   0.00786509162929667   0.00717853546659127   0
0.0606865974579845   0.0528233522776669   0.00436523177228122   -0.000986521634014879   0
0.0430276728596162   0.0619791673006466   -0.0176589245983683   0.0091558150229797   0
0.0565302603608151   0.0475417662787254   0.0135025875011989   -0.0144374010219211   0
0.0547549059370051   0.0747429960110107   -0.00177535442381001   0.0272012297322853   0
0.0596610726339689   0.0639730312006989   0.00490616669696377   -0.0107699648103118   0
0.0754820820014305   0.0552755640296599   0.0158210093674616   -0.00869746717103903   0
0.0612337777017592   0.0590088461004295   -0.0142483042996712   0.00373328207076964   0
0.0385841525874871   0.0647418361007547   -0.0226496251142721   0.00573299000032516   0
0.0558607906210701   0.0757263935967423   0.017276638033583   0.0109845574959877   0
0.0793290042265815   0.0712977267854231   0.0234682136055114   -0.00442866681131923   0
0.0804357319657697   0.0756293607904887   0.00110672773918816   0.00433163400506556   0
0.0718815216624674   0.0900990743698389   -0.00855421030330225   0.0144697135793502   0
0.0876176233213389   0.0842843477516167   0.0157361016588714   -0.00581472661822215   0
0.0985880245172786   0.0735275564754454   0.0109704011959398   -0.0107567912761713   0
0.1048698559322   0.0847476737172762   0.00628183141492122   0.0112201172418308   0
0.110155852528204   0.100881919901093   0.00528599659600387   0.0161342461838167   0
0.133631156368132   0.118778585140815   0.0234753038399281   0.0178966652397217   0
0.161757204120779   0.105958834365618   0.0281260477526473   -0.0128197507751966   0
0.162793545187569   0.117256605714564   0.00103634106678974   0.0112977713489464   0
0.163675895736675   0.112231697553857   0.000882350549106292   -0.00502490816070755   0
0.162171631022914   0.103443791736325   -0.00150426471376086   -0.00878790581753142   0
0.143951452428743   0.116531264160497   -0.0182201785941716   0.0130874724241713   0
0.163344395192067   0.108558447557619   0.019392942763324   -0.00797281660287798   0
0.14302982628955   0.126503031222253   -0.0203145689025169   0.0179445836646348   0
0.15461042835189   0.154408482163266   0.0115806020623403   0.0279054509410126   0
0.143054757095607   0.175882291336365   -0.0115556712562835   0.0214738091730986   0
0.176756957748199   0.159734959910484   0.0337022006525925   -0.0161473314258808   0
0.193917257676531   0.139337929027214   0.0171602999283317   -0.0203970308832697   0
0.201325960914811   0.13992266041054   0.00740870323828008   0.000584731383325571   0
0.18003780234471   0.177625924454634   -0.0212881585701007   0.0377032640440944   0
0.211753642670354   0.157182231594624   0.0317158403256433   -0.0204436928600104   0
0.201897095890457   0.138673381849019   -0.00985654677989681   -0.0185088497456052   0
0.183611729249884   0.150056263327999   -0.0182853666405725   0.0113828814789808   0
0.211947427182793   0.141619214343992   0.0283356979329084   -0.00843704898400766   0
0.190397854976156   0.162519743169505   -0.021549572206637   0.020900528825513   0
0.195456743130593   0.152799373163017   0.00505888815443742   -0.00972037000648771   0
0.220200774934303   0.143153776407822   0.0247440318037096   -0.00964559675519538   0
0.219195295115798   0.151525298585573   -0.00100547981850463   0.00837152217775142   0
0.191306636748486   0.161690048033851   -0.0278886583673116   0.0101647494482781   0
0.207678444722653   0.134713615021909   0.0163718079741665   -0.026976433011942   0
0.21573884200939   0.137632741896579   0.00806039728673702   0.00291912687467014   0
0.235130943362218   0.14703074063866   0.0193921013528283   0.00939799874208025   0
0.237275964304496   0.132821388298202   0.0021450209422777   -0.0142093523404571   0
0.232370697089213   0.129867073165883   -0.00490526721528259   -0.00295431513231986   0
0.221034279908185   0.147996160981979   -0.0113364171810281   0.0181290878160967   0
0.233519906937985   0.146450544978904   0.0124856270297993   -0.00154561600307479   0
0.241567050185932   0.131242213736914   0.00804714324794717   -0.0152083312419908   0
0.228605845525002   0.147830787500442   -0.0129612046609301   0.0165885737635279   0
0.251515098086321   0.128401180618208   0.0229092525613191   -0.0194296068822334   0
0.240371022068618   0.128528228077447   -0.0111440760177024   0.000127047459239027   0
0.226847956951359   0.137807812239173   -0.0135230651172598   0.00927958416172592   0
0.207803208074636   0.145573501853827   -0.0190447488767231   0.00776568961465399   0
0.15764327032208   0.22204552978111   -0.0501599377525553   0.0764720279272826   0
0.150357846666891   0.251985483399373   -0.00728542365518905   0.0299399536182633   0
0.152594292409288   0.242870513456603   0.00223644574239623   -0.00911496994276989   0
