8.3924036e-15   5.526499e-16   0   0   0
0.277429270091665   0.106984372624432   0.277429270091656   0.106984372624432   0
0.457100491021279   0.212866661900466   0.179671220929614   0.105882289276034   0
0.449836460411112   0.203866876595343   -0.00726403061016662   -0.0089997853051233   0
0.448751489008286   0.215876835172228   -0.00108497140282587   0.0120099585768855   0
0.586573973561658   0.309017734585248   0.137822484553372   0.0931408994130201   0
0.664979340005045   0.359322435495152   0.078405366443387   0.0503047009099036   0
0.679135298200077   0.355934580240562   0.0141559581950319   -0.00338785525459023   0
0.618987569370216   0.32306565232752   -0.0601477288298606   -0.0328689279130411   0
0.776331491177483   0.354580836780944   0.157343921807267   0.0315151844534233   0
0.805240093660385   0.353897066377333   0.0289086024829016   -0.000683770403610784   0
0.79265850038745   0.349253353883513   -0.0125815932729348   -0.0046437124938204   0
0.777554454053911   0.340450313258439   -0.015104046333539   -0.00880304062507342   0
0.729326823116847   0.334466813612207   -0.0482276309370644   -0.00598349964623213   0
0.793162731745208   0.357613555251596   0.0638359086283614   0.0231467416393888   0
0.866799292867113   0.410384014181454   0.0736365611219049   0.052770458929858   0
0.878301477364584   0.401652932456334   0.0115021844974711   -0.00873108172511966   0
0.841378078589318   0.375116448180506   -0.0369233987752658   -0.0265364842758282   0
0.826218594622969   0.379361495398249   -0.0151594839663493   0.00424504721774277   0
0.841286508621294   0.389106260716313   0.015067913998325   0.00974476531806406   0
0.825827552898404   0.382049959711869   -0.01545895572289   -0.00705630100444421   0
0.805387543855638   0.348816281285301   -0.0204400090427658   -0.0332336784265674   0
0.787874380567207   0.346283117136165   -0.0175131632884309   -0.00253316414913674   0
0.799257101807716   0.345064139864143   0.0113827212405091   -0.00121897727202158   0
0.818051824539002   0.349306749082614   0.0187947227312859   0.00424260921847125   0
0.866832669593634   0.383141514807878   0.0487808450546318   0.0338347657252637   0
0.868918727734037   0.363228861304964   0.00208605814040264   -0.0199126535029134   0
0.878334544195661   0.371077230642904   0.00941581646162415   0.00784836933793925   0
0.905967202272037   0.379209510231055   0.0276326580763762   0.00813227958815088   0
0.935926801085636   0.380523851622679   0.029959598813599   0.00131434139162484   0
0.896707099053262   0.343411479352099   -0.0392197020323737   -0.0371123722705807   0
0.876988110263837   0.336676574452305   -0.0197189887894248   -0.00673490489979411   0
0.839561219906906   0.308063215029639   -0.0374268903569316   -0.028613359422666   0
0.898811122984982   0.339383498421564   0.0592499030780756   0.0313202833919252   0
0.901349817002346   0.339480597970164   0.00253869401736406   9.70995485997661e-05   0
0.95536870578274   0.352286914176748   0.0540188887803948   0.0128063162065843   0
0.917051219990493   0.339476339915643   -0.0383174857922474   -0.012810574261105   0
0.958518053204338   0.365162401896124   0.041466833213845   0.0256860619804815   0
0.938319570519516   0.326009453935681   -0.0201984826848225   -0.0391529479604436   0
0.970418054035457   0.340718495556219   0.0320984835159412   0.0147090416205381   0
0.966642150690043   0.331353575416788   -0.00377590334541389   -0.0093649201394313   0
0.966239728557986   0.32591943286475   -0.000402422132057101   -0.00543414255203711   0
0.982602484887404   0.32826128816615   0.0163627563294184   0.00234185530140008   0
1.01638820466653   0.319187782353537   0.033785719779127   -0.00907350581261368   0
1.01319621802156   0.312926945842265   -0.00319198664497589   -0.00626083651127196   0
1.00619876943039   0.323842223700438   -0.00699744859116302   0.0109152778581735   0
1.04105459116695   0.340538460871813   0.0348558217365553   0.0166962371713749   0
1.04833005555854   0.341631046736372   0.00727546439159688   0.00109258586455874   0
1.02077166797346   0.302912739527643   -0.0275583875850856   -0.0387183072087293   0
1.02000498912619   0.313089570753991   -0.000766678847269997   0.0101768312263482   0
1.02246156139182   0.330356756139752   0.00245657226563378   0.0172671853857613   0
1.0225842753869   0.333652221513896   0.000122713995075019   0.0032954653741441   0
0.953317727769608   0.326781737262413   -0.0692665476172898   -0.00687048425148351   0
0.997637843461041   0.348457880871191   0.0443201156914332   0.0216761436087786   0
1.0283446393993   0.372397665981501   0.0307067959382541   0.0239397851103101   0
1.06709142156692   0.39468681625801   0.0387467821676275   0.0222891502765086   0
1.08310417578124   0.390279081048701   0.0160127542143207   -0.00440773520930948   0
1.06992193728627   0.379714290369374   -0.0131822384949705   -0.0105647906793268   0
1.01467090289697   0.349211396481246   -0.0552510343893051   -0.0305028938881274   0
0.997810220447582   0.32704455164543   -0.0168606824493858   -0.0221668448358162   0
1.02545949478817   0.349882133787123   0.0276492743405843   0.0228375821416928   0
1.05339790199019   0.352669816055571   0.027938407202023   0.00278768226844828   0
1.04289696128672   0.33355651151391   -0.0105009407034655   -0.0191133045416608   0
1.03687380781067   0.333688323028205   -0.00602315347604976   0.0001318115142947   0
1.11328192270651   0.499607620227621   0.0764081148958355   0.165919297199416   0
0.69316009459905   0.511671692740754   -0.42012182810746   0.0120640725131334   0
1.0984860265323   0.689487682418243   0.405325931933247   0.177815989677489   0
1.03372428376829   0.634808644384359   -0.0647617427640088   -0.0546790380338839   0
1.15944751161222   0.692172310026799   0.125723227843928   0.0573636656424398   0
1.1729358255778   0.695206179101186   0.0134883139655837   0.00303386907438719   0
1.21469014676937   0.677184749505713   0.0417543211915699   -0.0180214295954735   0
1.15900817761144   0.606721418977449   -0.0556819691579251   -0.0704633305282631   0
1.15022718292767   0.604353245372681   -0.00878099468377469   -0.00236817360476838   0
1.15140993886754   0.616540261734525   0.00118275593986872   0.0121870163618443   0
1.0896509489935   0.566228230665921   -0.0617589898740376   -0.0503120310686045   0
1.08985655026578   0.558615752018576   0.000205601272283085   -0.00761247864734493   0
1.09652061106761   0.572769391790248   0.00666406080182602   0.0141536397716722   0
1.09310028556676   0.573920160695495   -0.00342032550084936   0.0011507689052469   0
1.10602678484439   0.570881420938162   0.0129264992776257   -0.00303873975733338   0
1.10184126214791   0.557200432078351   -0.00418552269647776   -0.0136809888598103   0
1.08840425139799   0.55260299829857   -0.0134370107499198   -0.0045974337797815   0
1.10981971258526   0.545948018718555   0.0214154611872697   -0.00665497958001426   0
1.1160568362278   0.540295940730621   0.00623712364253848   -0.00565207798793421   0
