8.200335e-15   1.3702254e-16   0   0   0
0.0137812627733876   0.0277541487219454   0.0137812627733794   0.0277541487219453   0
0.0447155686404455   0.0210428527507889   0.0309343058670579   -0.00671129597115654   0
0.116039851372391   0.0667207839985228   0.0713242827319455   0.0456779312477339   0
0.0459469010510235   0.031118209028318   -0.0700929503213675   -0.0356025749702049   0
0.0338457333815365   0.037105223264243   -0.012101167669487   0.00598701423592502   0
0.0760493987775877   0.0722230664390624   0.0422036653960512   0.0351178431748194   0
0.117860444257663   0.136415151481609   0.0418110454800749   0.0641920850425462   0
0.109265300051702   0.0987342958420191   -0.00859514420596014   -0.0376808556395895   0
0.0642393635490592   0.0949640699372447   -0.0450259365026432   -0.0037702259047744   0
0.0668177897404222   0.0989918974008531   0.00257842619136292   0.00402782746360839   0
0.0746916452519807   0.0963899643539145   0.0078738555115585   -0.00260193304693863   0
0.0828056972571716   0.103342575407878   0.00811405200519096   0.0069526110539638   0
0.0622972786398962   0.106276404909827   -0.0205084186172754   0.00293382950194918   0
0.063962552571641   0.119551714352326   0.00166527393174476   0.0132753094424985   0
0.0984310131977227   0.106583908382045   0.0344684606260817   -0.0129678059702807   0
0.0776280168988214   0.124954270026997   -0.0208029962989013   0.0183703616449513   0
0.0577380624161175   0.128965068501263   -0.0198899544827039   0.00401079847426619   0
0.096309824744896   0.112233880255851   0.0385717623287784   -0.0167311882454114   0
0.167182026177787   0.13937905796535   0.0708722014328912   0.0271451777094981   0
0.141501721264775   0.139362712974777   -0.0256803049130126   -1.63449905724866e-05   0
0.178214248275874   0.140337867266502   0.0367125270110997   0.000975154291724956   0
0.141355985804527   0.129755134509628   -0.0368582624713469   -0.0105827327568744   0
0.144162921621563   0.136366987762211   0.00280693581703539   0.0066118532525829   0
0.158552770599831   0.148052928474766   0.0143898489782681   0.0116859407125552   0
0.121382713381238   0.131422253932518   -0.0371700572185926   -0.0166306745422478   0
0.127884910211752   0.135924761238433   0.00650219683051366   0.00450250730591473   0
0.167477478158298   0.13685527767386   0.0395925679465461   0.00093051643542777   0
0.124517834257355   0.138216542929753   -0.0429596439009431   0.00136126525589289   0
0.114565387473181   0.139446027126284   -0.00995244678417369   0.00122948419653071   0
0.163062226508864   0.154736031879496   0.0484968390356832   0.0152900047532118   0
0.153678040306256   0.14566972897727   -0.00938418620260875   -0.00906630290222615   0
0.113924835923075   0.140915258378519   -0.039753204383181   -0.00475447059875034   0
0.164273563304568   0.163405206566884   0.050348727381493   0.0224899481883647   0
0.181315824602661   0.151474069567814   0.0170422612980938   -0.0119311369990703   0
0.213661755288331   0.212633954462708   0.0323459306856694   0.0611598848948941   0
0.136230218759127   0.160543971745496   -0.0774315365292037   -0.0520899827172122   0
0.119472387508373   0.156271627066812   -0.0167578312507542   -0.00427234467868345   0
0.144582854700123   0.200132486050823   0.0251104671917504   0.0438608589840102   0
0.1898722588422   0.183224625512215   0.0452894041420764   -0.016907860538608   0
0.10112146571818   0.155443199955275   -0.0887507931240202   -0.0277814255569392   0
0.113143983362927   0.15587833591356   0.0120225176447471   0.000435135958284844   0
0.190969826176599   0.158386257831011   0.0778258428136724   0.00250792191745117   0
0.101164167358336   0.154730570772651   -0.089805658818263   -0.00365568705836036   0
0.126091614311457   0.169697461622291   0.0249274469531205   0.01496689084964   0
0.119007869727972   0.174032004636789   -0.00708374458348414   0.00433454301449812   0
0.107285382340679   0.160108761863436   -0.0117224873872937   -0.0139232427733536   0
0.0953200294500868   0.148748854105023   -0.0119653528905919   -0.0113599077584124   0
0.101123723399613   0.144289203641023   0.00580369394952586   -0.00445965046400021   0
0.0931053375963444   0.138143210678795   -0.00801838580326823   -0.00614599296222809   0
0.0770069563126147   0.154598738827015   -0.0160983812837298   0.0164555281482196   0
0.0978221644002184   0.179698837542815   0.0208152080876038   0.0251000987158007   0
0.0670595267787431   0.166433027838001   -0.0307626376214753   -0.0132658097048141   0
0.0768156712534491   0.158218948007148   0.00975614447470599   -0.00821407983085284   0
0.101468723909187   0.159942626036443   0.0246530526557383   0.00172367802929482   0
0.115804952382885   0.20099867540906   0.0143362284736981   0.0410560493726173   0
0.130290176204041   0.202665245453502   0.0144852238211555   0.00166657004444173   0
0.189954247078081   0.235494652809473   0.0596640708740399   0.0328294073559707   0
0.220901125526129   0.231761255784979   0.0309468784480479   -0.00373339702449335   0
0.092665901702498   0.206873756311223   -0.128235223823631   -0.0248874994737567   0
0.153144817478387   0.238818121670993   0.0604789157758887   0.03194436535977   0
0.20114177596566   0.254133716705888   0.0479969584872729   0.0153155950348952   0
0.163285576339001   0.212293854741684   -0.0378561996266586   -0.0418398619642038   0
0.152156129731272   0.229524474844609   -0.0111294466077292   0.017230620102925   0
0.18056183953392   0.236981992367351   0.0284057098026481   0.0074575175227424   0
0.225266202099018   0.294821174274888   0.0447043625650976   0.0578391819075369   0
0.163183410316149   0.253599462134414   -0.0620827917828689   -0.0412217121404749   0
0.17568403756583   0.26223896182126   0.0125006272496813   0.00863949968684624   0
0.228653621672911   0.285117601659846   0.0529695841070811   0.0228786398385861   0
0.204570526267947   0.260552593638809   -0.0240830954049641   -0.0245650080210365   0
0.222677184646044   0.275916770326153   0.0181066583780968   0.0153641766873436   0
0.248290946385051   0.297209692739282   0.0256137617390078   0.0212929224131296   0
0.210306740546445   0.264517087836136   -0.0379842058386062   -0.0326926049031466   0
0.216657245170694   0.280110330028514   0.00635050462424847   0.0155932421923779   0
0.190381300490515   0.249066575760652   -0.0262759446801787   -0.0310437542678617   0
0.250539399084744   0.300556864789913   0.0601580985942293   0.0514902890292605   0
0.272577917974372   0.313616373857494   0.0220385188896278   0.0130595090675811   0
0.262300144655711   0.313532339564934   -0.0102777733186611   -8.40342925594317e-05   0
