8.9222305e-15   2.0882321e-17   0   0   0
0.014636853880834   0.0683536257805966   0.0146368538808251   0.0683536257805966   0
0.0500502743458052   0.123607644587208   0.0354134204649712   0.0552540188066114   0
0.0478030306493044   0.216545129266141   -0.00224724369650084   0.0929374846789329   0
0.0700020222951909   0.166100882443686   0.0221989916458865   -0.050444246822455   0
0.0860342738337535   0.157995046448398   0.0160322515385627   -0.00810583599528827   0
0.140442082456202   0.18980994907982   0.0544078086224487   0.0318149026314224   0
0.0864771886005064   0.236338515058011   -0.0539648938556958   0.0465285659781906   0
0.134197149411524   0.234501301573505   0.0477199608110179   -0.00183721348450519   0
0.102641158702451   0.183082728859113   -0.0315559907090737   -0.0514185727143926   0
0.17872731535811   0.207648487715456   0.0760861566556597   0.0245657588563427   0
0.247015451893355   0.223125612512692   0.0682881365352449   0.0154771247972368   0
0.078434138667877   0.343320599726611   -0.168581313225478   0.120194987213919   0
0.278494998538739   0.285336551879025   0.200060859870862   -0.0579840478475859   0
0.266142625078276   0.246063995513345   -0.0123523734604633   -0.03927255636568   0
0.270912168369726   0.303045483887845   0.00476954329145018   0.0569814883744996   0
0.342708165559378   0.311789093781108   0.071795997189652   0.00874360989326317   0
0.294052032794584   0.320961296031899   -0.0486561327647941   0.00917220225079068   0
0.348773101505356   0.2932838906407   0.0547210687107725   -0.0276774053911985   0
0.399765262949418   0.327226530854961   0.0509921614440621   0.033942640214261   0
0.271694679842408   0.312272820406521   -0.12807058310701   -0.0149537104484399   0
0.372054309127762   0.340310420980695   0.100359629285354   0.0280376005741734   0
0.397900612619368   0.311789075917885   0.0258463034916063   -0.0285213450628095   0
0.33866235061514   0.342199294241996   -0.059238262004228   0.0304102183241111   0
0.342098105402071   0.387784081826856   0.00343575478693059   0.0455847875848595   0
0.434721520259215   0.360922950590789   0.0926234148571438   -0.0268611312360666   0
0.383185603320918   0.35674828227127   -0.0515359169382969   -0.00417466831951918   0
0.33428006123755   0.418726149553798   -0.0489055420833674   0.0619778672825283   0
0.504429786248085   0.534600490581598   0.170149725010535   0.115874341027799   0
0.569699403979927   0.559912774136966   0.0652696177318415   0.0253122835553686   0
0.553421569727703   0.511335028056024   -0.0162778342522238   -0.0485777460809427   0
0.513081725501332   0.507303626425903   -0.0403398442263709   -0.00403140163012039   0
0.575409784492632   0.576864502055855   0.0623280589913002   0.0695608756299515   0
0.649014596036861   0.574512483053775   0.0736048115442289   -0.00235201900207938   0
0.635985614988785   0.598242334557413   -0.0130289810480765   0.0237298515036374   0
0.765824714174994   0.624948561486327   0.12983909918621   0.0267062269289139   0
0.666155678367297   0.561278480036753   -0.0996690358076969   -0.0636700814495738   0
0.708163896034136   0.627525720048803   0.0420082176668392   0.0662472400120502   0
0.767229229598413   0.619854988591916   0.0590653335642766   -0.0076707314568869   0
0.65314601981726   0.508544340871869   -0.114083209781153   -0.111310647720047   0
0.687465471024113   0.48820657353957   0.0343194512068534   -0.0203377673322992   0
0.570248695827098   0.529601844578353   -0.117216775197015   0.0413952710387828   0
0.546138083217907   0.552937240463004   -0.0241106126091912   0.0233353958846515   0
0.686346133494026   0.594026591285359   0.140208050276119   0.0410893508223547   0
0.602653956508128   0.64649807614694   -0.0836921769858978   0.0524714848615809   0
0.565793010315875   0.624405069005598   -0.0368609461922539   -0.0220930071413419   0
0.657215048233099   0.600018836060676   0.0914220379172245   -0.0243862329449225   0
0.729924432382957   0.606874737568153   0.0727093841498584   0.00685590150747784   0
0.690316890927831   0.629034124104847   -0.0396075414551265   0.0221593865366941   0
0.685084228031468   0.637884272790408   -0.00523266289636337   0.00885014868556011   0
0.684944667577447   0.633670494452535   -0.000139560454020193   -0.00421377833787229   0
0.672563207346457   0.674178366001884   -0.0123814602309903   0.040507871549349   0
0.760683594007194   0.647204024389693   0.0881203866607367   -0.0269743416121917   0
0.720123589246802   0.659472916946652   -0.0405600047603919   0.0122688925569598   0
0.776198719691269   0.650142909658042   0.0560751304444672   -0.00933000728861066   0
0.688697527069988   0.681171410313478   -0.0875011926212814   0.0310285006554364   0
0.589968013767217   0.624161462973659   -0.098729513302771   -0.057009947339819   0
0.760598445815262   0.654547308615194   0.170630432048045   0.030385845641535   0
0.664541824854226   0.639193630638825   -0.0960566209610358   -0.0153536779763691   0
0.796797804419322   0.881573634025152   0.132255979565096   0.242380003386327   0
0.704599182857236   0.739454341286226   -0.0921986215620866   -0.142119292738926   0
0.680053216821407   0.727698473643746   -0.0245459660358288   -0.01175586764248   0
0.749425365817901   0.714365344625077   0.0693721489964937   -0.0133331290186692   0
0.385260139536126   0.14260930794248   -0.364165226281774   -0.571756036682596   0
1.04475125817933   0.528200346458986   0.659491118643206   0.385591038516506   0
0.432879366418452   0.173994206328444   -0.611871891760879   -0.354206140130542   0
0.218656053807675   0.230552620606272   -0.214223312610777   0.056558414277828   0
0.244698508342258   0.464350379034058   0.0260424545345825   0.233797758427786   0
0.257476599871162   0.336857475195104   0.012778091528904   -0.127492903838954   0
0.192797396129816   0.335462966487902   -0.0646792037413461   -0.00139450870720165   0
0.57422303947212   0.643998767620116   0.381425643342304   0.308535801132214   0
0.539206658773967   0.589018245382658   -0.0350163806981532   -0.0549805222374581   0
0.422186207804019   0.657445697803388   -0.117020450969947   0.0684274524207302   0
0.453703530057673   0.655325101479237   0.0315173222536534   -0.00212059632415085   0
0.428123157035915   0.61165352047309   -0.0255803730217576   -0.0436715810061473   0
0.635061035492746   3.06021461386285   0.206937878456831   2.44856109338976   1
1.51225387777007   5.70454587179967   0.877192842277319   2.64433125793682   1
1.20865548707149   3.99419341737958   -0.303598390698579   -1.7103524544201   1
1.13771771150955   3.5368148596866   -0.0709377755619349   -0.457378557692977   0
