0   0   0   0   0
0.147274071451782   0.0911100217839696   0.147274071451782   0.0911100217839696   0
0.0514713140089218   0.0868886921582382   -0.0958027574428602   -0.00422132962573148   0
0.080141021143216   0.0993531067373499   0.0286697071342942   0.0124644145791118   0
0.0340371160879071   0.14583494781651   -0.0461039050553089   0.0464818410791596   0
0.0514271122097522   0.094083741601632   0.017389996121845   -0.0517512062148775   0
0.0709828690121695   0.211351453962223   0.0195557568024173   0.117267712360591   0
0.0556878712002421   0.132710319865481   -0.0152949978119274   -0.0786411340967428   0
0.067045957080461   0.147932574440505   0.0113580858802188   0.015222254575024   0
0.0559844541519177   0.161188668635065   -0.0110615029285433   0.01325609419456   0
0.375107820985676   0.170488431689904   0.319123366833759   0.00929976305483984   0
0.208382098587618   0.194292690697526   -0.166725722398058   0.0238042590076215   0
0.248433700505625   0.20717833181494   0.0400516019180069   0.0128856411174142   0
0.285448333293953   0.335598707453229   0.0370146327883283   0.128420375638288   0
0.337266442327427   0.343999320447232   0.0518181090334737   0.00840061299400352   0
0.334965876738845   0.330903614842231   -0.00230056558858155   -0.0130957056050008   0
0.342335478496681   0.334365105568966   0.00736960175783602   0.00346149072673463   0
0.393917563470882   0.445507547816819   0.0515820849742001   0.111142442247853   0
0.320231004364379   0.426992414973166   -0.0736865591065022   -0.0185151328436527   0
0.309933219528048   0.440974067044842   -0.0102977848363318   0.0139816520716763   0
0.348769008810567   0.415653256367748   0.0388357892825195   -0.0253208106770944   0
0.387414862291339   0.403456901579251   0.0386458534807721   -0.012196354788497   0
0.411015225252493   0.393012595626816   0.0236003629611535   -0.0104443059524347   0
0.454429992377387   0.440130898781548   0.0434147671248944   0.0471183031547322   0
0.505931426222108   0.544128519635738   0.0515014338447204   0.10399762085419   0
0.528113586985885   0.55107069406305   0.0221821607637778   0.00694217442731215   0
0.467178447377193   0.627594802633393   -0.060935139608692   0.0765241085703428   0
0.467281210054401   0.561936980375208   0.000102762677207491   -0.0656578222581851   0
0.465623218113896   0.591309545205459   -0.00165799194050531   0.0293725648302512   0
0.555272199788962   0.557477973288364   0.0896489816750661   -0.0338315719170953   0
0.503721177471917   0.546492117025096   -0.0515510223170442   -0.0109858562632679   0
0.498557289450142   0.585414551477278   -0.00516388802177514   0.038922434452182   0
0.484114701727116   0.573198610010892   -0.0144425877230258   -0.0122159414663859   0
0.453441884755126   0.286181437472274   -0.0306728169719903   -0.287017172538618   0
0.376247434039451   0.315312279182754   -0.0771944507156754   0.0291308417104794   0
0.359746470691158   0.5275192582697   -0.0165009633482929   0.212206979086946   0
0.389404287708416   0.733731108824823   0.0296578170172583   0.206211850555124   0
0.5598419884723   0.534453241984464   0.170437700763884   -0.199277866840359   0
0.464230767434224   0.460517561725921   -0.0956112210380762   -0.073935680258543   0
0.425834265515759   0.436460873666524   -0.0383965019184647   -0.0240566880593971   0
0.433113026779231   0.373939913318211   0.00727876126347171   -0.0625209603483133   0
0.429223332352456   0.528933243473574   -0.00388969442677473   0.154993330155363   0
0.431034020881179   0.588724557689848   0.00181068852872251   0.0597913142162743   0
0.381288978312652   0.602164540911082   -0.0497450425685268   0.0134399832212332   0
0.386277776783903   0.654988087826244   0.00498879847125061   0.0528235469151626   0
0.405067189400036   0.678317076578133   0.0187894126161335   0.0233289887518894   0
0.361917935512084   0.698307790762535   -0.0431492538879527   0.0199907141844013   0
0.416865257547793   0.675013480079043   0.0549473220357091   -0.0232943106834919   0
0.360668461732018   0.680968149397995   -0.0561967958157744   0.0059546693189525   0
0.413954586785792   0.663630218829554   0.0532861250537742   -0.0173379305684418   0
0.415749061656984   0.701541357329801   0.00179447487119111   0.0379111385002472   0
0.479367457575194   0.81205957909107   0.0636183959182109   0.110518221761269   0
0.591080887191366   0.815281453440404   0.111713429616172   0.00322187434933363   0
0.54430924912398   0.791091310033087   -0.0467716380673858   -0.0241901434073173   0
0.624352075385338   0.818840522359363   0.0800428262613578   0.0277492123262767   0
0.546524859837541   0.817094289795916   -0.0778272155477969   -0.00174623256344719   0
0.547569198267981   0.807807314304708   0.00104433843043972   -0.00928697549120827   0
0.56057250154321   0.816125184318187   0.0130033032752292   0.00831787001347906   0
0.574689586880817   0.85063097491029   0.0141170853376065   0.0345057905921028   0
0.555034002216765   0.814235758265213   -0.0196555846640516   -0.0363952166450768   0
0.592547175357561   0.839836915988486   0.0375131731407963   0.0256011577232731   0
0.499248069347063   0.718072348221586   -0.0932991060104987   -0.1217645677669   0
0.478425556134129   0.750152549920668   -0.0208225132129341   0.0320802016990823   0
0.482839698291861   0.728970141583451   0.00441414215773284   -0.021182408337217   0
0.483210912898819   0.738085922655215   0.000371214606957715   0.00911578107176381   0
0.517106334237895   0.737973114108229   0.0338954213390761   -0.000112808546986143   0
0.577985057125233   0.715448057329326   0.0608787228873376   -0.0225250567789028   0
0.573351467588519   0.715354374459747   -0.00463358953671389   -9.36828695784486e-05   0
0.566071943288084   0.740918223826415   -0.00727952430043499   0.0255638493666674   0
0.599871033455379   0.746474753237592   0.0337990901672949   0.00555652941117712   0
0.592929934239732   0.749338052014076   -0.00694109921564645   0.00286329877648384   0
0.575702394483697   0.787977966399401   -0.0172275397560354   0.0386399143853257   0
0.616931906282304   0.912494915725401   0.0412295117986066   0.124516949326   0
0.622470426138482   0.89942532828291   0.00553851985617859   -0.0130695874424909   0
0.716545321536032   0.555645752821478   0.0940748953975495   -0.343779575461432   0
0.791982352974672   0.514753205397668   0.0754370314386404   -0.0408925474238104   0
0.792188862869179   0.441779066224087   0.000206509894506546   -0.072974139173581   0
0.769725773644783   0.432876163023757   -0.0224630892243952   -0.00890290320032999   0
