9.1569732e-15   1.3905982e-16   0   0   0
0.0191317764799057   0.0313037829368084   0.0191317764798965   0.0313037829368082   0
0.0327848355202776   0.0594049001354241   0.013653059040372   0.0281011171986158   0
0.0781372789430756   0.0842425211797904   0.045352443422798   0.0248376210443662   0
0.0698855211108472   0.0771801386708839   -0.0082517578322284   -0.00706238250890646   0
0.0496646102048508   0.076259453664111   -0.0202209109059964   -0.000920685006772934   0
0.0320462875433504   0.0895716410256937   -0.0176183226615005   0.0133121873615827   0
0.0452382481876993   0.120666994981017   0.0131919606443489   0.0310953539553233   0
0.0883239366215448   0.139670511584241   0.0430856884338455   0.0190035166032237   0
0.0466588747568788   0.152531344225874   -0.041665061864666   0.0128608326416335   0
0.0853491191381752   0.153001024300223   0.0386902443812964   0.000469680074348361   0
0.0900075712542163   0.163692918873347   0.00465845211604116   0.0106918945731249   0
0.145632063913453   0.183234558110139   0.0556244926592362   0.0195416392367917   0
0.0869486084484594   0.203010461489483   -0.0586834554649931   0.0197759033793437   0
0.0970434362127491   0.185023666403163   0.0100948277642897   -0.0179867950863198   0
0.069498868925917   0.174754833193786   -0.0275445672868321   -0.0102688332093774   0
0.149093554096843   0.16802907381354   0.0795946851709258   -0.00672575938024528   0
0.149782040593121   0.151460093205498   0.000688486496277868   -0.0165689806080425   0
0.0915968501428412   0.126916493427329   -0.0581851904502795   -0.0245435997781688   0
0.148993097590171   0.119674806663658   0.0573962474473301   -0.00724168676367155   0
0.130599899690003   0.14160047507129   -0.0183931979001682   0.0219256684076328   0
0.167575160816771   0.137996276789878   0.0369752611267676   -0.00360419828141276   0
0.158578683308999   0.117076543757645   -0.00899647750777186   -0.0209197330322326   0
0.10349443704759   0.113040323699907   -0.055084246261409   -0.004036220057738   0
0.0722006049325357   0.114038497778977   -0.0312938321150541   0.000998174079070407   0
0.125443867324642   0.0910190806844459   0.0532432623921068   -0.0230194170945315   0
0.186961371358825   0.0675217394526956   0.061517504034183   -0.0234973412317503   0
0.14154138005796   0.0578722922631987   -0.0454199913008651   -0.00964944718949691   0
0.153384999999748   0.0762970837703427   0.0118436199417876   0.018424791507144   0
0.12378176595468   0.0742454908526237   -0.0296032340450681   -0.00205159291771895   0
0.127172856949956   0.0947501978043675   0.00339109099527567   0.0205047069517438   0
0.140521929392486   0.0931119865990693   0.0133490724425302   -0.0016382112052982   0
0.107561060205849   0.0782219778014818   -0.0329608691866366   -0.0148900087975875   0
0.107491029678246   0.11024191123649   -7.0030527602849e-05   0.0320199334350079   0
0.109371618815641   0.112795818360504   0.00188058913739501   0.00255390712401406   0
0.151258122605611   0.191623218638275   0.0418865037899692   0.0788274002777715   0
0.101528361387207   0.168952774713402   -0.0497297612184035   -0.0226704439248729   0
0.169125261170772   0.19148216172218   0.0675968997835654   0.0225293870087776   0
0.120992892911455   0.156753022806176   -0.0481323682593178   -0.0347291389160035   0
0.140355229850771   0.21389947743809   0.0193623369393161   0.0571464546319136   0
0.107018411651162   0.198561150646569   -0.0333368181996087   -0.0153383267915211   0
0.156394919945991   0.188408671885344   0.049376508294829   -0.0101524787612253   0
0.109392200388813   0.134275649621557   -0.0470027195571778   -0.0541330222637861   0
0.191432531548836   0.079196503586484   0.0820403311600224   -0.0550791460350734   0
0.171319970870712   0.0438683808995121   -0.0201125606781234   -0.0353281226869719   0
0.145356083738153   0.037734132325492   -0.0259638871325594   -0.00613424857402015   0
0.0998056261342888   0.121169319834293   -0.045550457603864   0.0834351875088008   0
0.0902417353258213   0.118244632377739   -0.00956389080846745   -0.00292468745655387   0
0.102357701387957   0.0650249247763006   0.0121159660621357   -0.0532197076014383   0
0.106315241371972   0.0693502334521664   0.00395753998401549   0.00432530867586579   0
0.134302584057012   0.104393446805851   0.0279873426850399   0.0350432133536842   0
0.113218891691364   0.114964465250453   -0.0210836923656486   0.0105710184446022   0
0.122803061949949   0.16574119857071   0.00958417025858514   0.0507767333202572   0
0.157438435953342   0.16916453416205   0.0346353740033935   0.00342333559133987   0
0.0820572631879653   0.140839572996463   -0.0753811727653771   -0.0283249611655874   0
0.0946879184578234   0.149840907827418   0.0126306552698582   0.00900133483095583   0
0.0646652756900723   0.154570335199228   -0.0300226427677511   0.0047294273718099   0
0.100775206530371   0.165544075800164   0.0361099308402985   0.0109737406009358   0
0.105489456470931   0.136857533344315   0.00471424994056054   -0.0286865424558493   0
0.0985518503545929   0.138012597012166   -0.0069376061163384   0.00115506366785073   0
0.10104397248022   0.138303592212077   0.00249212212562754   0.000290995199911576   0
0.0769722713286664   0.137763575217042   -0.0240717011515541   -0.000540016995035558   0
0.0788291501860299   0.13961855277537   0.00185687885736355   0.00185497755832861   0
0.112474974951858   0.158188350736337   0.0336458247658285   0.0185697979609665   0
0.100402156102011   0.131591282158076   -0.0120728188498472   -0.0265970685782612   0
0.127101052131138   0.132060266788562   0.0266988960291264   0.000468984630486224   0
0.10247611711987   0.13429650842702   -0.024624935011268   0.00223624163845851   0
0.115856416231718   0.162091601393886   0.0133802991118481   0.0277950929668655   0
0.0723008909923136   0.139029683078999   -0.043555525239404   -0.0230619183148867   0
0.0739532852736383   0.137193540604674   0.00165239428132463   -0.00183614247432498   0
0.125551972108431   0.164214262995715   0.0515986868347928   0.0270207223910409   0
0.158842531088582   0.166368827751278   0.0332905589801514   0.00215456475556303   0
0.109128260355665   0.144885412896631   -0.0497142707329173   -0.0214834148546472   0
0.0915771974798017   0.156130793729772   -0.0175510628758635   0.0112453808331409   0
0.125050826935514   0.145498431879337   0.0334736294557119   -0.0106323618504344   0
0.215675904120051   0.154904649985001   0.0906250771845378   0.00940621810566322   0
0.232104577842798   0.144790236573816   0.016428673722747   -0.0101144134111844   0
0.198808569195654   0.114800673377721   -0.0332960086471446   -0.0299895631960949   0
0.206922729665373   0.120958573189426   0.00811416046971941   0.00615789981170507   0
0.19789569858111   0.131789106618717   -0.00902703108426278   0.0108305334292904   0
0.158565546366404   0.123730396997578   -0.0393301522147066   -0.00805870962113817   0
0.266355553953922   0.122911425825141   0.107790007587519   -0.000818971172437261   0
