0   0   0   0   0
0.0250379531166597   0.0195384958276621   0.0250379531166597   0.0195384958276621   0
0.0238913180749789   0.0421116837729228   -0.00114663504168087   0.0225731879452607   0
0.0578394838895045   0.0467889782510219   0.0339481658145257   0.00467729447809904   0
0.0322719597159792   0.0334614930684296   -0.0255675241735253   -0.0133274851825923   0
0.0461032022554061   0.0452350712048005   0.0138312425394269   0.0117735781363709   0
0.0764484340737139   0.0281629941141227   0.0303452318183077   -0.0170720770906777   0
0.04857733690022   0.0101441836309419   -0.0278710971734938   -0.0180188104831809   0
0.042997591981766   0.0203895858645743   -0.00557974491845401   0.0102454022336325   0
0.0959979049533839   0.0379525789649641   0.0530003129716178   0.0175629931003897   0
0.107427010710774   0.0195558364397815   0.01142910575739   -0.0183967425251825   0
0.0835045771963969   0.0311926967683558   -0.0239224335143769   0.0116368603285743   0
0.107202706676222   0.0424563649079272   0.0236981294798249   0.0112636681395713   0
0.138215241558238   0.040349771988306   0.0310125348820161   -0.00210659291962121   0
0.0919575368782077   0.0305463516927981   -0.0462577046800302   -0.00980342029550783   0
0.0859832639992952   0.0312703398489861   -0.00597427287891254   0.000723988156188005   0
0.0850144615413679   0.0309794569726198   -0.000968802457927284   -0.000290882876366336   0
0.0812070785225688   0.0390340140795439   -0.00380738301879914   0.00805455710692414   0
0.116574839866319   0.0206584150280151   0.0353677613437502   -0.0183755990515288   0
0.0935921655710169   0.0342063522416354   -0.022982674295302   0.0135479372136202   0
0.0903765889621826   0.0342747135823711   -0.00321557660883431   6.83613407357203e-05   0
0.0983776096602735   0.0300465936171931   0.0080010206980909   -0.00422811996517801   0
0.090518903951434   0.0175816975066336   -0.00785870570883943   -0.0124648961105595   0
0.148422296314921   0.0202372495774348   0.0579033923634873   0.00265555207080119   0
0.102929818223262   0.0739005283183778   -0.0454924780916597   0.053663278740943   0
0.16086884441858   0.0317754134993746   0.057939026195318   -0.0421251148190032   0
0.0992962206262168   0.0316135132474234   -0.0615726237923628   -0.000161900251951216   0
0.0933720349162084   0.0316811404404525   -0.00592418571000836   6.76271930291211e-05   0
0.0789949749286084   0.0518835966009289   -0.0143770599876001   0.0202024561604764   0
0.114095066076943   0.0485356026959222   0.035100091148335   -0.00334799390500678   0
0.12391879187541   0.0739953035621089   0.00982372579846616   0.0254597008661868   0
0.046967058580633   0.107137375234133   -0.0769517332947766   0.0331420716720243   0
0.0503356668353305   0.0657777639871407   0.00336860825469756   -0.0413596112469925   0
0.0785105486192961   0.0385744101449924   0.0281748817839656   -0.0272033538421484   0
0.0790453711418149   0.0381742753500526   0.000534822522518755   -0.000400134794939742   0
0.0486142485398351   0.0523298698603253   -0.0304311226019798   0.0141555945102727   0
0.0397363504028018   0.0351508043418903   -0.00887789813703328   -0.017179065518435   0
0.0557584311387392   0.0432382862532176   0.0160220807359374   0.00808748191132733   0
0.0819755585449574   0.0358185334245355   0.0262171274062183   -0.00741975282868212   0
0.051261415349261   0.0554658338587219   -0.0307141431956965   0.0196473004341864   0
0.0564898959346583   0.0417926503966215   0.00522848058539731   -0.0136731834621004   0
0.0441865447993313   0.0589991800298589   -0.012303351135327   0.0172065296332374   0
0.0792435857159172   0.0469768872042087   0.0350570409165859   -0.0120222928256502   0
0.0543811937357814   0.0624563796765584   -0.0248623919801358   0.0154794924723497   0
0.0795124181373198   0.061933216278624   0.0251312244015384   -0.00052316339793438   0
0.107306103367509   0.0556298741033528   0.0277936852301893   -0.0063033421752712   0
0.12813085785383   0.0605141821627988   0.0208247544863213   0.00488430805944603   0
0.0792057593706386   0.0831347756864442   -0.0489250984831918   0.0226205935236454   0
0.0955089301328407   0.0810088190907106   0.0163031707622021   -0.00212595659573359   0
0.133142799365697   0.0820177829893141   0.0376338692328559   0.00100896389860346   0
0.115933744596143   0.0877266335225158   -0.0172090547695537   0.00570885053320168   0
0.0956802048992867   0.0940127149268962   -0.0202535396968562   0.00628608140438039   0
0.0988697883085987   0.10711821659094   0.00318958340931207   0.0131055016640434   0
0.0598521947471581   0.0897092396984933   -0.0390175935614406   -0.0174089768924463   0
0.0518414513710703   0.0824140057765751   -0.00801074337608779   -0.00729523392191816   0
0.0646632046916958   0.0874895977458621   0.0128217533206255   0.00507559196928697   0
0.0557061553028913   0.0818520273389042   -0.00895704938880449   -0.00563757040695791   0
0.0653126044978672   0.0921123397868125   0.00960644919497589   0.0102603124479083   0
0.0752735641059823   0.0877162675892649   0.00996095960811512   -0.00439607219754759   0
0.0939776465485304   0.090263243967505   0.0187040824425481   0.00254697637824008   0
0.0754507668919703   0.0953889226638256   -0.0185268796565601   0.00512567869632065   0
0.0615569464493676   0.112483913771335   -0.0138938204426027   0.0170949911075092   0
0.0675222041982868   0.114783667081226   0.0059652577489193   0.00229975330989154   0
0.0910724196999709   0.103270010556999   0.023550215501684   -0.0115136565242278   0
0.0648092986685132   0.0915851884211971   -0.0262631210314576   -0.0116848221358016   0
0.0771309810714484   0.0998823338990303   0.0123216824029352   0.00829714547783325   0
0.077310494669399   0.102535988622456   0.000179513597950612   0.00265365472342546   0
0.078144287673137   0.106452892860537   0.000833793003737968   0.0039169042380809   0
0.0915195050126488   0.112785536617101   0.0133752173395117   0.0063326437565641   0
0.0906117703604095   0.111847793684051   -0.000907734652239256   -0.000937742933049837   0
0.0919364288978241   0.117104589060773   0.00132465853741461   0.00525679537672245   0
0.0837213431237093   0.111064201719423   -0.00821508577411485   -0.00604038734135026   0
0.0712781849453988   0.102524124218013   -0.0124431581783105   -0.00854007750140981   0
0.0591964335489941   0.0989919165494866   -0.0120817513964047   -0.00353220766852669   0
0.0486067354204748   0.0973595938170247   -0.0105896981285192   -0.0016323227324619   0
0.0741158432852767   0.104789789456161   0.0255091078648018   0.00743019563913656   0
0.0676369385898191   0.104594331792175   -0.00647890469545759   -0.000195457663986723   0
0.079570603838667   0.10267838975758   0.0119336652488479   -0.00191594203459478   0
