1.12223623686458e-14   4.30651028810277e-32   0   0   0
0.118628914730594   0.0801286887564521   0.118628914730583   0.0801286887564521   0
0.0969816231806677   0.0668154202351586   -0.0216472915499262   -0.0133132685212935   0
0.0715004437762353   0.135152191347115   -0.0254811794044323   0.0683367711119564   0
0.112373094662008   0.141638001958526   0.0408726508857723   0.00648581061141096   0
0.0883604589882936   0.134102877355606   -0.0240126356737141   -0.00753512460292016   0
0.0916155021943984   0.159794508125736   0.0032550432061048   0.0256916307701301   0
0.0964952219581014   0.181595104875545   0.00487971976370306   0.0218005967498089   0
0.081269590190939   0.17156177774124   -0.0152256317671624   -0.0100333271343046   0
0.100325333185549   0.202415242510627   0.0190557429946098   0.0308534647693872   0
0.0609927548972988   0.20618293106765   -0.0393325782882499   0.00376768855702281   0
0.0890812368733634   0.230006642943354   0.0280884819760646   0.0238237118757036   0
0.0599283349537053   0.235911883501373   -0.0291529019196581   0.00590524055801867   0
0.0917494134385366   0.245102390817082   0.0318210784848312   0.00919050731570997   0
0.0640453411797515   0.229778946178163   -0.0277040722587851   -0.0153234446389196   0
0.0450397966914378   0.293876243489258   -0.0190055444883137   0.0640972973110954   0
0.0874783940719146   0.274371288666935   0.0424385973804769   -0.0195049548223234   0
0.121777204173403   0.265772318833426   0.0342988101014885   -0.00859896983350922   0
0.120173403413748   0.278027735213834   -0.00160380075965544   0.0122554163804078   0
0.0523395874935835   0.290834016501342   -0.0678338159201642   0.012806281287508   0
0.1203817727016   0.314486733101293   0.0680421852080166   0.0236527165999511   0
0.0810021524847587   0.307370568597635   -0.0393796202168414   -0.00711616450365743   0
0.137811787369895   0.302367117652052   0.0568096348851363   -0.00500345094558319   0
0.150675143354054   0.278146348125106   0.0128633559841589   -0.024220769526946   0
0.113322824843124   0.270533688005845   -0.0373523185109295   -0.00761266011926054   0
0.158004208506762   0.253172929497466   0.0446813836636371   -0.0173607585083798   0
0.108575331471067   0.245245378308246   -0.0494288770356942   -0.00792755118921976   0
0.187157938872266   0.245860247247543   0.0785826074011982   0.00061486893929677   0
0.20571311352232   0.206190999683159   0.0185551746500549   -0.0396692475643833   0
0.175004269539154   0.234582442613083   -0.0307088439831669   0.028391442929924   0
0.165299594583691   0.241039360984584   -0.00970467495546282   0.00645691837150003   0
0.141476424021164   0.260379235804054   -0.0238231705625269   0.019339874819471   0
0.152188855412454   0.27313045367358   0.0107124313912901   0.0127512178695252   0
0.120939998016738   0.273105055423287   -0.0312488573957164   -2.53982502930739e-05   0
0.145681182119557   0.319003854544597   0.0247411841028196   0.0458987991213103   0
0.115481125062555   0.298506421599482   -0.0302000570570027   -0.0204974329451146   0
0.109236121243887   0.262826599690791   -0.00624500381866741   -0.0356798219086915   0
0.156838214608024   0.257485363899553   0.0476020933641366   -0.00534123579123785   0
0.175925006582645   0.267500863782036   0.0190867919746213   0.0100154998824832   0
0.213041046121852   0.249808059111144   0.0371160395392067   -0.0176928046708926   0
0.200937669354168   0.252173057121508   -0.012103376767684   0.00236499801036461   0
0.184349690246511   0.247655887147544   -0.016587979107657   -0.00451716997396381   0
0.198028375672272   0.256483056120013   0.0136786854257612   0.00882716897246824   0
0.211075727808551   0.256450000753451   0.0130473521362789   -3.3055366561785e-05   0
0.198529320703269   0.25925301298797   -0.0125464071052816   0.00280301223451951   0
0.209647911460235   0.263827824284616   0.0111185907569657   0.0045748112966455   0
0.206488242355951   0.297064134446182   -0.00315966910428372   0.0332363101615663   0
0.238983462631642   0.315993615571068   0.0324952202756905   0.0189294811248855   0
0.248614857484798   0.311773656484045   0.00963139485315603   -0.00421995908702244   0
0.234190019298084   0.30683025187169   -0.0144248381867135   -0.00494340461235504   0
0.196100825721038   0.28932052846714   -0.0380891935770461   -0.0175097234045501   0
0.186971139775479   0.273141674754701   -0.00912968594555871   -0.0161788537124391   0
0.123552467071115   0.30704286433558   -0.0634186727043646   0.033901189580879   0
0.154350206779321   0.469954326730404   0.0307977397082057   0.162911462394824   0
0.683249870489547   0.8758435059219   0.528899663710226   0.405889179191496   0
0.816151997384848   0.84420940936109   0.132902126895301   -0.0316340965608101   0
0.635911228600013   0.850532591320319   -0.180240768784836   0.00632318195922943   0
0.494730567706584   0.706029184090407   -0.141180660893428   -0.144503407229913   0
0.297869660188676   0.585626364424724   -0.196860907517908   -0.120402819665682   0
0.132170311214816   0.380519524655103   -0.16569934897386   -0.205106839769621   0
0.259398936047201   0.35108086874972   0.127228624832384   -0.0294386559053839   0
0.281448919807974   0.318064570731798   0.0220499837607734   -0.0330162980179211   0
0.259718800952889   0.221237902234977   -0.0217301188550848   -0.0968266684968217   0
0.232163026998608   0.128905255726152   -0.027555773954281   -0.0923326465088243   0
0.274324063342947   0.184556799395278   0.0421610363443384   0.055651543669126   0
0.249160606291882   0.137515697524051   -0.0251634570510642   -0.0470411018712273   0
0.309793635997821   0.16247797236933   0.0606330297059386   0.024962274845279   0
0.242439647886698   0.0771769489552411   -0.0673539881111233   -0.0853010234140891   0
0.267679196445782   0.131899957084862   0.0252395485590845   0.0547230081296204   0
0.283093708219134   0.135459726293299   0.0154145117733513   0.00355976920843715   0
0.318582145990616   0.107817371821516   0.035488437771482   -0.0276423544717825   0
0.263089083400143   0.136987788899065   -0.0554930625904724   0.029170417077549   0
0.307948906008722   0.115957171365566   0.0448598226085785   -0.0210306175334988   0
0.274973521737306   0.133303349077102   -0.0329753842714154   0.0173461777115358   0
0.332271726327668   0.0939547392617849   0.0572982045903615   -0.0393486098153172   0
0.217283259180185   0.178304741485078   -0.114988467147483   0.0843500022232935   0
