0   0   0   0   0
0.0375810968477807   0.0146378760695605   0.0375810968477807   0.0146378760695605   0
0.0208711285269637   0.0193031022222158   -0.0167099683208171   0.0046652261526553   0
0.0325285140323873   0.0516864740053906   0.0116573855054236   0.0323833717831747   0
0.0356230053191133   0.058919620409176   0.00309449128672604   0.0072331464037854   0
0.0699272255308661   0.0692447652243936   0.0343042202117528   0.0103251448152176   0
0.0749764494527955   0.0669616866735251   0.00504922392192939   -0.00228307855086851   0
0.0639453541730211   0.0606016683438956   -0.0110310952797743   -0.00636001832962954   0
0.0660125804691279   0.0558528563083882   0.00206722629610674   -0.00474881203550733   0
0.0731989171915015   0.0647934251307433   0.00718633672237358   0.00894056882235512   0
0.0732084844962514   0.0609839893907575   9.56730474996337e-06   -0.00380943573998584   0
0.0672024218691174   0.0584681242046398   -0.00600606262713407   -0.00251586518611768   0
0.0771988986646501   0.0660664386264298   0.0099964767955327   0.00759831442178993   0
0.0713461199022434   0.0605635350611158   -0.00585277876240667   -0.00550290356531396   0
0.0789233619698644   0.0653938879954175   0.00757724206762098   0.00483035293430171   0
0.0651546627901669   0.0642654717763953   -0.0137686991796974   -0.00112841621902218   0
0.119458260676805   0.0798096366158889   0.054303597886638   0.0155441648394935   0
0.132572023970143   0.0810945182916857   0.0131137632933377   0.00128488167579686   0
0.0766902599448105   0.0669122666194348   -0.055881764025332   -0.0141822516722509   0
0.112129211627845   0.0750635496912941   0.0354389516830341   0.00815128307185924   0
0.108418894005357   0.07270054961207   -0.00371031762248783   -0.00236300007922402   0
0.0970545668561346   0.0763878241574231   -0.0113643271492222   0.00368727454535309   0
0.124171179893798   0.0629818523884932   0.0271166130376637   -0.0134059717689299   0
0.131499200466551   0.0748329221847627   0.00732802057275279   0.0118510697962695   0
0.106587809157142   0.0595562229938506   -0.0249113913094093   -0.0152766991909122   0
0.12588792648769   0.0636356823822256   0.0193001173305482   0.00407945938837503   0
0.133267143369614   0.0664574441023863   0.00737921688192433   0.00282176172016069   0
0.112775768878839   0.0707829182738152   -0.0204913744907758   0.00432547417142884   0
0.136797069008145   0.0601170720083102   0.024021300129306   -0.0106658462655049   0
0.161943973909039   0.0807419841751548   0.0251469049008946   0.0206249121668446   0
0.139047441776401   0.0793915120127501   -0.022896532132638   -0.00135047216240476   0
0.174670166475193   0.0895598139711382   0.0356227246987923   0.0101683019583882   0
0.18643526500826   0.094956311941008   0.0117650985330669   0.0053964979698698   0
0.172513556665646   0.0853657824411497   -0.0139217083426139   -0.00959052949985838   0
0.219942128012105   0.0959943907332482   0.0474285713464584   0.0106286082920986   0
0.16775517516125   0.0635108195354498   -0.0521869528508547   -0.0324835711977984   0
0.178868427042158   0.0733099533501903   0.011113251880908   0.00979913381474048   0
0.247532598422781   0.107033786224556   0.0686641713806229   0.0337238328743662   0
0.1867574446614   0.084368791830118   -0.0607751537613814   -0.0226649943944385   0
0.194605968682533   0.0814865238751602   0.00784852402113353   -0.00288226795495783   0
0.183801410591177   0.0915800757686412   -0.0108045580913566   0.010093551893481   0
0.176169709112039   0.0970906072539392   -0.00763170147913803   0.00551053148529804   0
0.19704142726259   0.107557985185849   0.0208717181505517   0.0104673779319097   0
0.17511333664379   0.100286308575556   -0.0219280906188001   -0.00727167661029283   0
0.167261316756657   0.0963804093948793   -0.00785201988713327   -0.00390589918067681   0
0.204139411899977   0.110529167039716   0.0368780951433199   0.0141487576448363   0
0.200220143867141   0.0978709633959721   -0.00391926803283563   -0.0126582036437434   0
0.160168983848502   0.0964822784941073   -0.040051160018639   -0.00138868490186488   0
0.182476208091024   0.0992524594062781   0.0223072242425222   0.00277018091217086   0
0.168567661203495   0.100053215496558   -0.0139085468875292   0.000800756090279853   0
0.190555110211725   0.111533476666856   0.0219874490082297   0.0114802611702977   0
0.197891678112221   0.0937765143097698   0.00733656790049569   -0.0177569623570859   0
0.187197620386909   0.0920353049769675   -0.0106940577253118   -0.00174120933280227   0
0.221612285266938   0.114794129823046   0.0344146648800288   0.0227588248460782   0
0.233166762251265   0.123098913186112   0.0115544769843277   0.00830478336306588   0
0.230304030910247   0.118229282278471   -0.00286273134101783   -0.00486963090764019   0
0.236236925019854   0.154059862838141   0.0059328941096066   0.0358305805596697   0
0.248700667623921   0.14522195618796   0.0124637426040665   -0.00883790665018067   0
0.257956850988231   0.15056138377807   0.00925618336431   0.00533942759010944   0
0.259540027798885   0.145984691628336   0.0015831768106549   -0.00457669214973361   0
0.246607698480801   0.138869508400508   -0.0129323293180844   -0.00711518322782784   0
0.189449101807462   0.140171683225489   -0.0571585966733386   0.00130217482498099   0
0.206180141183716   0.148839960759069   0.0167310393762535   0.00866827753357952   0
0.223986397095888   0.142950031571025   0.0178062559121716   -0.00588992918804426   0
0.156946137356989   0.130861016657672   -0.0670402597388987   -0.0120890149133527   0
0.173995171534869   0.148211880695498   0.0170490341778802   0.0173508640378257   0
0.164816632798467   0.164356227412485   -0.0091785387364022   0.0161443467169871   0
0.150445208275179   0.160767015750031   -0.0143714245232883   -0.00358921166245357   0
0.187740217762776   0.185435415350512   0.0372950094875973   0.0246683996004807   0
0.208151485683898   0.177087905180308   0.0204112679211226   -0.00834751017020408   0
0.224277410051358   0.17719467402648   0.0161259243674591   0.000106768846171945   0
0.200575277546697   0.163514879611553   -0.0237021325046605   -0.0136797944149271   0
0.201159352519684   0.167297873697285   0.000584074972986459   0.00378299408573202   0
0.18556471136503   0.186935296767829   -0.0155946411546537   0.0196374230705444   0
0.180494963420615   0.190550815062844   -0.00506974794441453   0.00361551829501452   0
0.208452252651459   0.175856884568735   0.0279572892308434   -0.0146939304941087   0
0.19436247113909   0.179377208557698   -0.0140897815123686   0.0035203239889626   0
0.21814002509185   0.191987642902829   0.0237775539527598   0.0126104343451317   0
0.271039747922897   0.203693740035796   0.0528997228310474   0.0117060971329665   0
0.245662321148803   0.208223553878117   -0.0253774267740945   0.00452981384232082   0
0.226272809687021   0.191904486043655   -0.019389511461782   -0.0163190678344617   0
0.245930914753727   0.200804758746887   0.0196581050667057   0.00890027270323196   0
0.220583798655552   0.203424397031871   -0.0253471160981748   0.00261963828498443   0
0.199301428236672   0.19596072915229   -0.0212823704188798   -0.00746366787958139   0
0.230537392649279   0.199606385570604   0.031235964412607   0.0036456564183143   0
0.21197005097898   0.198183253868581   -0.0185673416702992   -0.00142313170202363   0
0.240465547879098   0.175100926706066   0.0284954969001184   -0.0230823271625147   0
0.308814043980268   0.172237170526781   0.0683484961011704   -0.00286375617928486   0
0.291668356651765   0.176728317485632   -0.0171456873285036   0.00449114695885058   0
0.350477852392744   0.173383012177014   0.0588094957409789   -0.00334530530861749   0
