1.13736972689165e-14   4.73398555e-17   0   0   0
0.08548095511128   0.0373047627175338   0.0854809551112686   0.0373047627175338   0
0.0727549808610816   0.0675166636566902   -0.0127259742501983   0.0302119009391564   0
0.157373675204504   0.103073965908395   0.0846186943434228   0.0355573022517044   0
0.172131695177997   0.107137311152145   0.0147580199734924   0.00406334524374986   0
0.106550596074404   0.105071303978443   -0.0655810991035924   -0.00206600717370187   0
0.094749250103737   0.0709793729607205   -0.0118013459706675   -0.0340919310177222   0
0.0507807625004028   0.0708816837687306   -0.0439684876033342   -9.76891919899081e-05   0
0.123876007831317   0.0868069232073704   0.0730952453309138   0.0159252394386399   0
0.15975687156661   0.133289414619116   0.0358808637352933   0.0464824914117453   0
0.462617622334023   0.219951493474326   0.302860750767413   0.08666207885521   0
0.171418372167142   0.132750681104713   -0.291199250166881   -0.0872008123696125   0
0.236415061927807   0.131180297595725   0.0649966897606651   -0.00157038350898786   0
0.229594734734342   0.120589236622402   -0.00682032719346504   -0.0105910609733233   0
0.244808181108947   0.143012146139456   0.0152134463746048   0.0224229095170544   0
0.45221204126329   0.161550665623297   0.207403860154344   0.0185385194838405   0
0.498314200643492   0.205329704314905   0.0461021593802011   0.0437790386916081   0
0.645434419952247   0.298827167851745   0.147120219308756   0.0934974635368396   0
0.640387055439284   0.31559879171808   -0.00504736451296317   0.0167716238663353   0
0.65418325795382   0.317318178373603   0.0137962025145355   0.00171938665552324   0
0.719778814018568   0.337018840059759   0.0655955560647482   0.0197006616861555   0
0.793838615164556   0.415004853119459   0.0740598011459876   0.0779860130597005   0
0.8684804659219   0.436172178118016   0.0746418507573444   0.0211673249985569   0
0.781637780057966   0.425388339994531   -0.0868426858639343   -0.0107838381234848   0
0.959848968696201   0.515574468756131   0.178211188638235   0.0901861287615996   0
0.939650706785123   0.554576359408849   -0.0201982619110784   0.0390018906527176   0
0.969548276073223   0.574084038592969   0.0298975692880998   0.0195076791841199   0
0.951170485289034   0.584729089840989   -0.018377790784189   0.0106450512480207   0
0.998169957716334   0.608215588931864   0.0469994724272998   0.0234864990908749   0
1.04297330010852   0.605248112464413   0.0448033423921824   -0.00296747646745099   0
1.0472603714876   0.6008529580385   0.00428707137908568   -0.00439515442591343   0
1.10126010644647   0.598389580487096   0.053999734958873   -0.00246337755140325   0
1.03267345888839   0.58622746218241   -0.068586647558085   -0.0121621183046869   0
1.07697762050322   0.587219210809495   0.0443041616148292   0.000991748627085065   0
1.01696288093785   0.56609009007338   -0.0600147395653674   -0.0211291207361151   0
1.04569482792964   0.565228098832308   0.0287319469917837   -0.000861991241071891   0
1.09088402448266   0.591851178168759   0.0451891965530253   0.0266230793364517   0
1.00959795747144   0.565930098959284   -0.0812860670112208   -0.0259210792094751   0
1.10937392332564   0.616877084248006   0.0997759658542052   0.0509469852887217   0
1.074508489564   0.590515986743197   -0.0348654337616476   -0.0263610975048089   0
1.1174425488034   0.604993851974542   0.0429340592394021   0.0144778652313448   0
1.13584499859173   0.602498667308219   0.0184024497883295   -0.00249518466632292   0
1.07359034461032   0.575086476216362   -0.0622546539814073   -0.0274121910918567   0
1.14720173562706   0.587041893928835   0.0736113910167429   0.0119554177124723   0
1.07944330225235   0.551734910750306   -0.067758433374711   -0.0353069831785282   0
1.11993358176417   0.583830680771427   0.0404902795118121   0.0320957700211202   0
1.07853977904452   0.558862222720993   -0.0413938027196468   -0.0249684580504336   0
1.13719210760459   0.622659661258987   0.0586523285600755   0.0637974385379939   0
1.14016733127581   0.617648056806104   0.00297522367121084   -0.00501160445288307   0
1.14138870944016   0.648389580602144   0.00122137816435508   0.0307415237960406   0
1.17365644980215   0.6107502975811   0.0322677403619858   -0.037639283021044   0
1.0947878024008   0.590691038172431   -0.0788686474013456   -0.0200592594086689   0
1.18253531829066   0.630669250265761   0.0877475158898557   0.0399782120933296   0
1.19257343646902   0.60220638247614   0.0100381181783595   -0.0284628677896209   0
1.17064054752816   0.569038978170864   -0.0219328889408601   -0.033167404305276   0
1.1570940706553   0.536842623020873   -0.0135464768728601   -0.0321963551499914   0
1.08558654339294   0.492723949521653   -0.0715075272623531   -0.0441186734992194   0
1.11899422534001   0.520895117276403   0.033407681947065   0.0281711677547501   0
1.08943913557361   0.479234949253467   -0.0295550897664023   -0.041660168022936   0
1.16223717118592   0.456563560145884   0.0727980356123188   -0.0226713891075832   0
1.08602138982063   0.473029370849555   -0.0762157813652953   0.0164658107036705   0
1.05094177213759   0.481239174595046   -0.0350796176830397   0.00820980374549107   0
