0   0   0   0   0
3.5643210214097   0.848889167820857   3.5643210214097   0.848889167820857   1
3.66927010246858   0.826021618609157   0.104949081058887   -0.0228675492117005   0
3.77889233040379   0.835903113507052   0.109622227935202   0.00988149489789558   0
3.86806487312547   0.899621451209489   0.0891725427216863   0.0637183377024373   0
3.93651115187639   0.948440717634195   0.0684462787509195   0.0488192664247059   0
3.98094021249214   0.975124393396363   0.0444290606157498   0.0266836757621681   0
4.08814497837808   0.986543755585587   0.107204765885943   0.0114193621892238   0
4.08593923961333   1.00284028363854   -0.00220573876475161   0.0162965280529496   0
4.14342591175087   1.03292293816693   0.0574866721375331   0.0300826545283961   0
4.13359538161647   1.03674979783207   -0.00983053013439594   0.00382685966513585   0
4.13373958577242   1.07341744931971   0.000144204155946959   0.0366676514876363   0
4.14910280306464   1.06505857693231   0.0153632172922196   -0.00835887238739885   0
4.13738352034253   1.05613129676789   -0.0117192827221109   -0.0089272801644209   0
4.24121249250702   1.1481463673311   0.103828972164496   0.0920150705632141   0
5.8946116129358   2.22303736458051   1.65339912042878   1.07489099724942   1
4.94978228000927   1.54351870360004   -0.944829332926528   -0.679518660980477   0
4.2572084440739   1.37532952743949   -0.692573835935373   -0.168189176160547   0
3.83074793503931   1.37055401328394   -0.426460509034589   -0.00477551415555388   0
4.1922370972782   1.50857773001302   0.361489162238886   0.138023716729086   0
4.37691527185008   1.47621487992596   0.184678174571882   -0.0323628500870596   0
4.75681607305059   1.51372845713714   0.379900801200514   0.0375135772111734   0
4.79847700158871   1.56138164471499   0.0416609285381195   0.0476531875778499   0
4.86036255859503   1.57725143409701   0.0618855570063159   0.0158697893820239   0
4.88188051186412   1.59228112040281   0.0215179532690861   0.0150296863057986   0
4.89371914701519   1.60048130770941   0.0118386351510713   0.0082001873066051   0
4.90163039509362   1.59846775919607   0.00791124807843158   -0.00201354851334656   0
4.88012867447852   1.62951243329999   -0.0215017206151016   0.0310446741039232   0
4.89295591838008   1.61385741098105   0.0128272439015582   -0.0156550223189384   0
4.8967511339887   1.62290315971053   0.00379521560862539   0.00904574872947861   0
4.94079325024519   1.61396044146579   0.0440421162564881   -0.00894271824473947   0
4.91628260181034   1.63862333587936   -0.024510648434851   0.0246628944135701   0
4.9103393169702   1.63995592788706   -0.00594328484013662   0.0013325920076952   0
4.9358565576103   1.63391119135131   0.0255172406401023   -0.00604473653574833   0
4.94467083166601   1.63659245250689   0.00881427405570889   0.00268126115558442   0
4.97707641621355   1.6557040486189   0.0324055845475408   0.0191115961120034   0
5.01919436287969   1.68693453226612   0.0421179466661377   0.0312304836472272   0
5.02015850904297   1.69580290753948   0.000964146163280333   0.0088683752733536   0
5.00851709616263   1.7001895103882   -0.0116414128803424   0.00438660284872228   0
5.05640585556022   1.7038858462053   0.0478887593975887   0.00369633581710449   0
5.05344532861822   1.74055767256562   -0.00296052694199833   0.0366718263603212   0
5.04457114792043   1.69249463696463   -0.00887418069779233   -0.048063035600995   0
5.03393596387297   1.70792739552362   -0.0106351840474623   0.0154327585589924   0
5.05428913488691   1.71978464946896   0.0203531710139462   0.011857253945335   0
5.05769536264899   1.7284849400473   0.0034062277620821   0.00870029057834798   0
5.05943342465465   1.74705513465222   0.00173806200566151   0.0185701946049197   0
5.06901113344192   1.7237535434731   0.00957770878726638   -0.0233015911791254   0
5.06537900011587   1.72000221886547   -0.00363213332604673   -0.00375132460762706   0
5.06063936740382   1.71702076896823   -0.00473963271205591   -0.00298144989724691   0
5.05687812648813   1.72603182189838   -0.00376124091569174   0.00901105293015259   0
5.10840371145824   1.77514512704137   0.0515255849701166   0.0491133051429946   0
5.12930535490138   1.7693412481088   0.0209016434431328   -0.0058038789325725   0
5.11384650725501   1.80332438691973   -0.0154588476463626   0.0339831388109302   0
5.12675871217102   1.82577078284805   0.012912204916006   0.0224463959283154   0
5.11981145318414   1.82688197778332   -0.00694725898688109   0.00111119493527179   0
5.17945261207176   1.8083782520938   0.0596411588876187   -0.0185037256895129   0
5.1031717428789   1.75697578077984   -0.0762808691928578   -0.0514024713139654   0
5.05319660080843   1.82093834892874   -0.0499751420704717   0.0639625681489036   0
5.03511834003643   1.76877146806565   -0.0180782607720023   -0.0521668808630924   0
5.05254157421106   1.78639989739608   0.0174232341746299   0.0176284293304341   0
5.1075718704733   1.79095642097116   0.0550302962622427   0.00455652357507619   0
5.14553717192618   1.82589862604107   0.0379653014528776   0.0349422050699058   0
5.13516627701693   1.8122293572934   -0.0103708949092454   -0.0136692687476689   0
5.13830614012754   1.80993694537458   0.00313986311060521   -0.00229241191882079   0
5.15524653014532   1.79511687434783   0.0169403900177816   -0.014820071026743   0
5.10889452105876   1.81458483719424   -0.0463520090865543   0.0194679628464076   0
5.19814520305503   1.92218970150494   0.0892506819962691   0.1076048643107   0
7.26395582099865   3.17667256679227   2.06581061794362   1.25448286528733   1
7.38054888447395   3.11785480682326   0.116593063475306   -0.0588177599690112   0
3.932268470846   1.4987009731509   -3.44828041362795   -1.61915383367237   1
