1.9246439e-17   0   0   0   0
0.0671273089729974   0.0429124403619436   0.0671273089729974   0.0429124403619436   0
0.034074453577407   0.0354723477793025   -0.0330528553955904   -0.00744009258264106   0
0.062762048555681   0.0296695689282923   0.028687594978274   -0.00580277885101024   0
0.0482877504172438   0.038249179544607   -0.0144742981384372   0.00857961061631473   0
0.0387345979430565   0.0402732500728458   -0.0095531524741873   0.00202407052823871   0
0.0628577856167713   0.0365883395698752   0.0241231876737148   -0.00368491050297058   0
0.0680602795691425   0.0485185447140751   0.00520249395237121   0.0119302051441999   0
0.0951752819449782   0.064781226622085   0.0271150023758357   0.0162626819080099   0
0.0849324040663536   0.0632486706631614   -0.0102428778786246   -0.00153255595892367   0
0.077347432244794   0.062266839138188   -0.00758497182155957   -0.000981831524973394   0
0.076586421491655   0.0721735078430373   -0.000761010753138988   0.00990666870484933   0
0.117442986107515   0.0897183738380617   0.0408565646158597   0.0175448659950244   0
0.102032465822577   0.0801851562460577   -0.015410520284938   -0.00953321759200393   0
0.141789755584589   0.0910003233366318   0.0397572897620118   0.010815167090574   0
0.137568267514634   0.092980951101767   -0.00422148806995465   0.00198062776513522   0
0.147254523870693   0.087316210659563   0.00968625635605941   -0.00566474044220396   0
0.146159843069757   0.0972578611725035   -0.00109468080093617   0.00994165051294044   0
0.163686574035789   0.100478867370286   0.0175267309660316   0.00322100619778283   0
0.149059672762399   0.0868617842769046   -0.0146269012733902   -0.0136170830933817   0
0.143994664183719   0.0763926819560125   -0.00506500857867986   -0.0104691023208921   0
0.141116543344425   0.0788741234984954   -0.00287812083929403   0.00248144154248295   0
0.155073695350718   0.088194824863684   0.0139571520062936   0.00932070136518853   0
0.122836817121767   0.0825054413139279   -0.032236878228951   -0.00568938354975604   0
0.14679679115312   0.0884478238894415   0.0239599740313526   0.00594238257551354   0
0.185054314780021   0.0819096875229234   0.0382575236269012   -0.00653813636651802   0
0.171683162537614   0.0902193994715605   -0.0133711522424066   0.00830971194863707   0
0.16804902599118   0.0849312900810542   -0.00363413654643394   -0.00528810939050628   0
0.163682329899651   0.0864715160185777   -0.00436669609152895   0.00154022593752348   0
0.205944118238917   0.0969182658732371   0.0422617883392655   0.0104467498546594   0
0.212408154083949   0.100435701709505   0.00646403584503172   0.0035174358362684   0
0.227066928770934   0.107134713282879   0.0146587746869854   0.00669901157337323   0
0.22452395979883   0.104296545889988   -0.00254296897210463   -0.00283816739289043   0
0.234567726500851   0.11162452436973   0.010043766702021   0.00732797847974129   0
0.224917235318173   0.10953364081433   -0.00965049118267799   -0.00209088355539984   0
0.261768047345568   0.117246836573728   0.0368508120273954   0.00771319575939865   0
0.22671686770444   0.101967095404623   -0.0350511796411277   -0.0152797411691058   0
0.266560783392488   0.100842027068144   0.0398439156880481   -0.00112506833647848   0
0.27589022874673   0.109145495746249   0.00932944535424207   0.00830346867810453   0
0.290231231958657   0.114338263324344   0.0143410032119266   0.00519276757809575   0
0.284031404177914   0.1088309929494   -0.00619982778074296   -0.00550727037494486   0
0.275959166097405   0.111159690019437   -0.00807223808050844   0.00232869707003783   0
0.245340122588495   0.11278837523028   -0.0306190435089107   0.00162868521084283   0
0.242444962596891   0.105802481169686   -0.002895159991604   -0.00698589406059398   0
0.263202018544235   0.116541348924367   0.0207570559473445   0.0107388677546808   0
0.268350247294545   0.0969829976058153   0.00514822875030968   -0.0195583513185517   0
0.259818525478877   0.110822274808841   -0.00853172181566819   0.013839277203026   0
0.25117228829585   0.10824445592989   -0.00864623718302693   -0.00257781887895131   0
0.286070660754988   0.106288509112184   0.0348983724591378   -0.00195594681770626   0
0.29784650160924   0.110839810430512   0.0117758408542525   0.00455130131832844   0
0.318608874397716   0.115060184643915   0.0207623727884756   0.00422037421340322   0
0.28012731891054   0.117364993695989   -0.0384815554871758   0.00230480905207321   0
0.270478646629714   0.115303524869231   -0.0096486722808255   -0.00206146882675787   0
0.289820299854522   0.113823119605725   0.0193416532248075   -0.0014804052635055   0
0.319455353216313   0.11870028727113   0.0296350533617906   0.00487716766540525   0
0.305785119803052   0.116486517789619   -0.0136702334132607   -0.00221376948151121   0
0.313374563173072   0.123815250758902   0.00758944337001999   0.00732873296928269   0
0.317765951640024   0.125319695823759   0.0043913884669522   0.00150444506485738   0
0.328332510912514   0.127023907460156   0.0105665592724903   0.001704211636397   0
0.334645851762015   0.131523368034079   0.00631334084950047   0.00449946057392223   0
0.386698600574522   0.140721597881497   0.0520527488125074   0.00919822984741839   0
0.402552832145354   0.136172204343117   0.0158542315708314   -0.00454939353838044   0
0.386364179325311   0.116063022757461   -0.0161886528200423   -0.0201091815856557   0
0.398436201271309   0.111860431096212   0.0120720219459975   -0.00420259166124876   0
0.393057415775068   0.0961185972563026   -0.00537878549624088   -0.0157418338399094   0
0.407310971452439   0.103266268882172   0.0142535556773707   0.00714767162586903   0
0.403730222952066   0.118393863845526   -0.00358074850037271   0.015127594963354   0
0.417890471532523   0.112955369080308   0.0141602485804566   -0.00543849476521739   0
0.418354901459567   0.106481762280895   0.000464429927044485   -0.00647360679941324   0
0.447024298718775   0.113955057258992   0.0286693972592079   0.00747329497809658   0
0.435443698110988   0.110130858800966   -0.0115806006077869   -0.00382419845802534   0
0.452501620824599   0.105433337267768   0.0170579227136106   -0.00469752153319773   0
0.455000468072608   0.0842262660439726   0.00249884724800947   -0.0212070712237959   0
0.475160870666715   0.0909313465815272   0.0201604025941067   0.00670508053755457   0
0.466945873463269   0.100902472403773   -0.00821499720344593   0.00997112582224541   0
0.463796046269503   0.0936977395181681   -0.00314982719376561   -0.00720473288560446   0
0.432587242729907   0.0929245254054438   -0.0312088035395964   -0.000773214112724352   0
0.419993869465493   0.0838464966755656   -0.0125933732644142   -0.00907802872987816   0
0.456139935733218   0.0910429591449055   0.0361460662677257   0.00719646246933989   0
0.422136271292668   0.091757768539167   -0.0340036644405505   0.000714809394261565   0
