0   0   0   0   0
0.0258127802678137   0.029704271073905   0.0258127802678137   0.029704271073905   0
0.0752863870906693   0.0594602862115083   0.0494736068228556   0.0297560151376033   0
0.0342367916813733   0.0312307985571202   -0.041049595409296   -0.0282294876543881   0
0.0668070627058334   0.0349068342811177   0.0325702710244601   0.00367603572399752   0
0.048553006390656   0.0341782778688807   -0.0182540563151774   -0.000728556412236944   0
0.0981330074276521   0.0641321894748108   0.0495800010369961   0.02995391160593   0
0.0691051725645856   0.0441662918791662   -0.0290278348630665   -0.0199658975956446   0
0.0956849536871569   0.0541252898883816   0.0265797811225713   0.00995899800921542   0
0.059949268909243   0.0451795685875961   -0.0357356847779139   -0.0089457213007855   0
0.0856746514860246   0.0515144468696664   0.0257253825767816   0.00633487828207031   0
0.0992166468578056   0.0611633245389581   0.013541995371781   0.00964887766929172   0
0.0692154702608464   0.0448762056864794   -0.0300011765969592   -0.0162871188524788   0
0.133670223863161   0.0738999781678959   0.0644547536023144   0.0290237724814165   0
0.105318760979648   0.0679723525420731   -0.0283514628835129   -0.0059276256258228   0
0.115846660741071   0.0681911342166591   0.0105278997614229   0.000218781674585958   0
0.0816060826902253   0.0600500869800625   -0.0342405780508456   -0.00814104723659655   0
0.120825799502756   0.0610429773747894   0.0392197168125309   0.000992890394726866   0
0.100109674279035   0.048781755928908   -0.0207161252237206   -0.0122612214458814   0
0.0965538865393614   0.0601042609549583   -0.0035557877396741   0.0113225050260503   0
0.131096179453307   0.0741160220439752   0.0345422929139457   0.0140117610890169   0
0.0917795942457351   0.0623925812318293   -0.039316585207572   -0.011723440812146   0
0.139173989238052   0.0822599523412113   0.0473943949923167   0.019867371109382   0
0.0926722998822182   0.0786017424002618   -0.0465016893558336   -0.00365820994094955   0
0.0936831209077557   0.0748039016388779   0.0010108210255375   -0.00379784076138383   0
0.0698757258530915   0.0824622776146632   -0.0238073950546642   0.00765837597578528   0
0.0905510773187182   0.0812159338974952   0.0206753514656266   -0.00124634371716803   0
0.0846995864359863   0.0797472966223725   -0.00585149088273186   -0.00146863727512264   0
0.0756375391350201   0.0818122728700947   -0.00906204730096621   0.00206497624772212   0
0.0849024959167193   0.080731539772218   0.00926495678169922   -0.00108073309787662   0
0.065287240635741   0.0905853786964298   -0.0196152552809783   0.00985383892421177   0
0.0655998924784002   0.0837492527647895   0.000312651842659273   -0.00683612593164033   0
0.0636184354495662   0.0809030553563082   -0.00198145702883405   -0.00284619740848131   0
0.0642617947729139   0.0822199328771968   0.000643359323347734   0.0013168775208886   0
0.0640802940580401   0.0789444060563472   -0.000181500714873814   -0.00327552682084954   0
0.0841719995224166   0.073658535473284   0.0200917054643765   -0.00528587058306317   0
0.0994863384067425   0.100849151306615   0.015314338884326   0.0271906158333307   0
0.0913626619439465   0.0967023452062753   -0.00812367646279606   -0.00414680610033942   0
0.100071256528437   0.0737341270748974   0.00870859458449064   -0.0229682181313779   0
0.113475877014149   0.0824587128699851   0.0134046204857119   0.00872458579508775   0
0.104808539342064   0.0664141193716318   -0.00866733767208536   -0.0160445934983533   0
0.100360551647823   0.0745771963073612   -0.00444798769424118   0.00816307693572942   0
0.0943933778172705   0.0732242843058709   -0.00596717383055199   -0.00135291200149028   0
0.0896657976376265   0.0773684818414875   -0.004727580179644   0.00414419753561655   0
0.0890563671231667   0.0646279338721154   -0.000609430514459858   -0.0127405479693721   0
0.0778985301628144   0.0663612952886236   -0.0111578369603523   0.00173336141650816   0
0.0705489329683076   0.0705251599888014   -0.00734959719450677   0.00416386470017786   0
0.0795777862233159   0.0671966124999849   0.00902885325500834   -0.00332854748881659   0
0.0810897630200814   0.0592602365656766   0.00151197679676549   -0.00793637593430827   0
0.0724234194499939   0.0780866317844542   -0.00866634357008757   0.0188263952187776   0
0.0629582262954178   0.0593834253001346   -0.00946519315457603   -0.0187032064843196   0
0.0642204421301252   0.0708705319300713   0.00126221583470741   0.0114871066299367   0
0.0717477195219591   0.074320405926152   0.0075272773918339   0.00344987399608074   0
0.0890038140814195   0.0543808729938171   0.0172560945594603   -0.019939532932335   0
0.0639576434234064   0.0611076970016016   -0.0250461706580131   0.00672682400778457   0
0.0696798830977141   0.0643429828141118   0.0057222396743077   0.00323528581251017   0
0.0848629837035443   0.0517744502440948   0.0151831006058302   -0.012568532570017   0
0.0660132361906857   0.0587196713998583   -0.0188497475128587   0.0069452211557634   0
0.101999440566548   0.0687885552589673   0.0359862043758622   0.010068883859109   0
0.0985156358540095   0.0858957814286265   -0.00348380471253841   0.0171072261696592   0
0.0993414123994118   0.0910675716834524   0.000825776545402293   0.00517179025482592   0
0.0954480944080916   0.0542058186568878   -0.00389331799132016   -0.0368617530265646   0
0.073854357292163   0.0925914063094303   -0.0215937371159286   0.0383855876525424   0
0.0799660360621557   0.0669875556912783   0.00611167876999268   -0.025603850618152   0
0.0773649796184416   0.0980332923734507   -0.00260105644371401   0.0310457366821724   0
0.127268118728518   0.124312869048406   0.0499031391100761   0.0262795766749558   0
0.141949513037876   0.119293547399207   0.0146813943093579   -0.00501932164919977   0
0.144137515820162   0.130131728286976   0.00218800278228595   0.0108381808877691   0
0.162735230942967   0.0915027956253357   0.0185977151228054   -0.0386289326616401   0
0.162070860045755   0.130657753283233   -0.000664370897212024   0.0391549576578973   0
0.17416709921015   0.0992551197656692   0.0120962391643952   -0.0314026335175638   0
0.155884295055638   0.120015752681853   -0.0182828041545123   0.0207606329161835   0
