1.33097392201518e-14   3.8518599e-32   0   0   0
0.0465672066591764   0.0384236573592006   0.0465672066591631   0.0384236573592006   0
0.0343819124335354   0.0689085970873465   -0.012185294225641   0.0304849397281459   0
0.0487498871354556   0.0844590270742863   0.0143679747019202   0.0155504299869398   0
0.0755438129557378   0.0585611361237171   0.0267939258202822   -0.0258978909505692   0
0.0432567492319638   0.0394262931782367   -0.0322870637237741   -0.0191348429454804   0
0.0393612811204464   0.0532249344362967   -0.00389546811151734   0.01379864125806   0
0.065640444159776   0.0675256855581815   0.0262791630393296   0.0143007511218849   0
0.0355201230129337   0.0329233591859466   -0.0301203211468423   -0.034602326372235   0
0.0554932722961149   0.0483931853354164   0.0199731492831812   0.0154698261494698   0
0.0666158190019879   0.0650466831910782   0.011122546705873   0.0166534978556618   0
0.0362384923087182   0.0360088221218101   -0.0303773266932697   -0.0290378610692681   0
0.0738711300438025   0.0545905664342165   0.0376326377350843   0.0185817443124064   0
0.0727884454883465   0.0471068316502632   -0.00108268455545597   -0.00748373478395335   0
0.0494634491495635   0.0288104604939512   -0.023324996338783   -0.0182963711563119   0
0.0827123944896216   0.0557361986160784   0.0332489453400581   0.0269257381221272   0
0.0646978346639675   0.0359660539520835   -0.0180145598256541   -0.0197701446639949   0
0.0472965757678517   0.050724354988372   -0.0174012588961158   0.0147583010362885   0
0.0922281143809102   0.06746573614255   0.0449315386130585   0.016741381154178   0
0.0600954854124991   0.0550753728984168   -0.0321326289684111   -0.0123903632441332   0
0.0455276153453687   0.0382454181928177   -0.0145678700671304   -0.0168299547055991   0
0.0767486836026228   0.0504785116326497   0.0312210682572541   0.0122330934398321   0
0.0687587543963241   0.0121884766313894   -0.00798992920629868   -0.0382900350012603   0
0.0613615283607448   0.0111974649674752   -0.00739722603557934   -0.000991011663914198   0
0.0977226607755333   0.0139273716426595   0.0363611324147886   0.00272990667518425   0
0.070930345714985   0.0548881227412848   -0.0267923150605483   0.0409607510986253   0
0.0578020267650364   0.0413653156784781   -0.0131283189499486   -0.0135228070628067   0
0.132197539108378   0.0827989446869973   0.0743955123433416   0.0414336290085192   0
0.116151398558453   0.0999071189013288   -0.0160461405499252   0.0171081742143314   0
0.0570630173059756   0.0646293833778422   -0.0590883812524772   -0.0352777355234866   0
0.0831748613810521   0.0715324423158803   0.0261118440750765   0.00690305893803814   0
0.0693261308463729   0.0802604193825481   -0.0138487305346792   0.00872797706666785   0
0.0607738684275322   0.0563995919571596   -0.0085522624188407   -0.0238608274253885   0
0.0900120585729329   0.0771504557103802   0.0292381901454008   0.0207508637532206   0
0.0736035176342554   0.0190023035590575   -0.0164085409386775   -0.0581481521513227   0
0.0729347087479422   0.0379239558859562   -0.000668808886313266   0.0189216523268987   0
0.0951974565863596   0.0462430507242099   0.0222627478384174   0.00831909483825372   0
0.0555685421843216   0.0439034251330099   -0.039628914402038   -0.0023396255912   0
0.0678340196807184   0.0519353780771988   0.0122654774963968   0.00803195294418889   0
0.050538290054117   0.0254775947253939   -0.0172957296266014   -0.0264577833518048   0
0.0351759526832203   0.0252464481321779   -0.0153623373708967   -0.000231146593216051   0
0.0636489880314031   0.0460411462555549   0.0284730353481828   0.020794698123377   0
0.0550569686214741   0.0381516056598108   -0.008592019409929   -0.00788954059574416   0
0.0484461855911497   0.029231846090101   -0.00661078303032438   -0.00891975956970975   0
0.0851052255017552   0.0568608652586238   0.0366590399106055   0.0276290191685228   0
0.0636528409867753   0.0304815406584708   -0.0214523845149799   -0.0263793246001531   0
0.0571730194653049   0.0350298136889912   -0.00647982152147042   0.00454827303052041   0
0.0912459718924872   0.0665664409068738   0.0340729524271823   0.0315366272178826   0
0.0615483298425519   0.0557308237203166   -0.0296976420499353   -0.0108356171865572   0
0.0506108510645497   0.0310456247595218   -0.0109374787780022   -0.0246851989607947   0
0.0987823255932631   0.0464775799879046   0.0481714745287135   0.0154319552283828   0
0.0816101012568244   0.0309323496673326   -0.0171722243364387   -0.015545230320572   0
0.056706399826304   0.0215936419098633   -0.0249037014305204   -0.00933870775746931   0
0.0857581962855783   0.0473613632137464   0.0290517964592742   0.0257677213038831   0
0.0626965799183001   0.0327586029655168   -0.0230616163672781   -0.0146027602482295   0
0.0989324693962269   0.0357673584205717   0.0362358894779268   0.0030087554550549   0
0.0964920450797757   0.0266480822661096   -0.00244042431645122   -0.00911927615446215   0
0.0531099013716358   0.0191822000183291   -0.0433821437081399   -0.00746588224778047   0
0.0900146590887179   0.0447002695415053   0.0369047577170821   0.0255180695231762   0
0.0712484245865542   0.071529926264709   -0.0187662345021637   0.0268296567232037   0
0.082512599439318   0.108570081446909   0.0112641748527637   0.0370401551822003   0
0.0900250731920317   0.0886233436511975   0.00751247375271372   -0.0199467377957118   0
0.0579564783570224   0.0747929272645102   -0.0320685948350092   -0.0138304163866873   0
0.0949920920858113   0.098602376757906   0.0370356137287888   0.0238094494933958   0
0.0774124662101511   0.0800442896966975   -0.0175796258756601   -0.0185580870612085   0
0.0712234337689946   0.0789870257522033   -0.0061890324411565   -0.00105726394449418   0
0.0866689615807797   0.0727941050620213   0.0154455278117851   -0.00619292069018194   0
0.0590627843993932   0.0773990668272292   -0.0276061771813865   0.00460496176520785   0
0.0702731553412545   0.0765686077766639   0.0112103709418613   -0.000830459050565238   0
0.0619820493581896   0.07187457836731   -0.00829110598306496   -0.00469402940935391   0
0.0523322653010513   0.0613572347858849   -0.00964978405713827   -0.0105173435814251   0
0.0849269966412334   0.0706228248008025   0.0325947313401821   0.00926559001491759   0
0.0833237775604426   0.0596613893688919   -0.00160321908079078   -0.0109614354319107   0
0.0644754709411696   0.0671935332657739   -0.018848306619273   0.007532143896882   0
0.0905291634682296   0.107844541568263   0.02605369252706   0.0406510083024888   0
0.365282910199318   0.0680609194172686   0.274753746731088   -0.0397836221509942   0
0.340434029238767   0.0822979426986259   -0.0248488809605512   0.0142370232813573   0
0.132942973380434   0.0773496285723815   -0.207491055858332   -0.00494831412624439   0
0.121476873312168   0.0709748066939707   -0.0114661000682668   -0.00637482187841078   0
0.125237020435017   0.0802069037292439   0.00376014712284949   0.0092320970352732   0
0.106937682611645   0.0854263386496236   -0.0182993378233721   0.00521943492037966   0
0.102679156375995   0.0849265600954521   -0.00425852623564968   -0.000499778554171465   0
0.111482236219045   0.086999821522386   0.00880307984304958   0.00207326142693391   0
0.0651629273669939   0.0626581634264519   -0.0463193088520511   -0.0243416580959341   0
