1.09328462108434e-14   4.03774415e-16   0   0   0
0.0434643931479249   0.0207762832645714   0.0434643931479139   0.020776283264571   0
0.0452338970791291   0.0391731798780081   0.00176950393120422   0.0183968966134366   0
0.116515569189196   0.0678644565568284   0.0712816721100666   0.0286912766788203   0
0.0541307150243708   0.0563176169119249   -0.0623848541648248   -0.0115468396449035   0
0.0668282652760969   0.0555682629017604   0.012697550251726   -0.000749354010164467   0
0.0763999781008041   0.0495270805948241   0.00957171282470726   -0.00604118230693634   0
0.0693335287969526   0.0603076694817113   -0.00706644930385153   0.0107805888868872   0
0.134282264515117   0.0848078579938547   0.0649487357181647   0.0245001885121434   0
0.136553529361302   0.0842951886648693   0.00227126484618451   -0.000512669328985374   0
0.10106484029061   0.0828974439105124   -0.0354886890706919   -0.00139774475435699   0
0.240470582378471   0.161168795016793   0.139405742087861   0.0782713511062805   0
0.231594304155881   0.160861079246029   -0.00887627822259007   -0.000307715770764105   0
0.20458518825704   0.128539897830697   -0.0270091158988411   -0.0323211814153321   0
0.199713393843399   0.113698151789383   -0.00487179441364152   -0.0148417460413138   0
0.322357190172432   0.167032053140235   0.122643796329034   0.0533339013508525   0
0.328022669536146   0.174922812636948   0.00566547936371348   0.00789075949671306   0
0.348827995185402   0.206244262114711   0.0208053256492559   0.0313214494777628   0
0.283678195107741   0.197453594796156   -0.0651498000776604   -0.00879066731855499   0
0.307956122776013   0.197052105606888   0.0242779276682716   -0.000401489189268633   0
0.322406810941095   0.200543996999355   0.0144506881650819   0.00349189139246717   0
0.300911905345365   0.180597864433546   -0.0214949055957303   -0.0199461325658083   0
0.425015740942113   0.303131100312766   0.124103835596749   0.12253323587922   0
0.262272608759261   0.241046791181691   -0.162743132182852   -0.0620843091310755   0
0.356477213544722   0.254081192211977   0.0942046047854603   0.0130344010302866   0
0.458362070779402   0.259823562209036   0.10188485723468   0.0057423699970589   0
0.764733540054224   0.369827072149291   0.306371469274822   0.110003509940255   0
0.595095970140985   0.230358619781952   -0.169637569913239   -0.139468452367339   0
0.559417418120433   0.166339060942993   -0.0356785520205525   -0.0640195588389592   0
0.509621594420473   0.1583704257758   -0.0497958236999602   -0.00796863516719329   0
0.450119050317287   0.126229518048319   -0.0595025441031855   -0.0321409077274802   0
0.390481927258699   0.0868181016309188   -0.059637123058588   -0.0394114164174007   0
0.506793554911219   0.279527579173305   0.11631162765252   0.192709477542387   0
0.375652591728651   0.251827337606799   -0.131140963182567   -0.0277002415665059   0
0.472643625282179   0.219866615403349   0.0969910335535276   -0.0319607222034503   0
0.656184964221013   0.358023775102033   0.183541338938834   0.138157159698684   0
0.446725057032912   0.248731748292492   -0.209459907188101   -0.109292026809542   0
0.448022238751716   0.192894947284856   0.00129718171880472   -0.0558368010076359   0
0.521845967104908   0.227470355947172   0.073823728353192   0.0345754086623163   0
0.724767053772973   0.47818447914709   0.202921086668064   0.250714123199918   0
0.588891282757415   0.274629174578451   -0.135875771015558   -0.203555304568639   0
0.70273804182596   0.448708851257239   0.113846759068545   0.174079676678789   0
0.733435257688351   0.32911663516421   0.0306972158623913   -0.11959221609303   0
0.665076600645268   0.314255301335486   -0.0683586570430827   -0.014861333828724   0
0.66502822165076   0.533115989373265   -4.83789945087132e-05   0.21886068803778   0
0.582629264962566   0.443535486383407   -0.0823989566881934   -0.0895805029898582   0
0.542179243026791   0.364047542246556   -0.0404500219357752   -0.0794879441368517   0
0.523116813418494   0.329558274578444   -0.0190624296082973   -0.0344892676681112   0
0.517411460359022   0.318495801402249   -0.00570535305947206   -0.0110624731761953   0
0.576080046646689   0.346343229653956   0.0586685862876672   0.0278474282517066   0
0.901516528174015   0.495225736007552   0.325436481527326   0.148882506353596   0
0.705934144704917   0.386738213576465   -0.195582383469098   -0.108487522431087   0
0.757112649834982   0.354016150239935   0.0511785051300659   -0.0327220633365297   0
0.767223429508535   0.35432924478655   0.0101107796735525   0.000313094546614157   0
0.811683148546346   0.419274129690956   0.044459719037811   0.0649448849044068   0
0.750392967147088   0.440922042141374   -0.0612901813992583   0.0216479124504174   0
0.726608647425164   0.412206526524993   -0.0237843197219239   -0.0287155156163803   0
0.750823997590815   0.426599643870085   0.0242153501656515   0.0143931173450914   0
0.846568341458527   0.411581545583627   0.0957443438677122   -0.0150180982864573   0
0.875843160779659   0.438349564928675   0.0292748193211313   0.0267680193450475   0
0.819102904862359   0.419241026387819   -0.0567402559172996   -0.0191085385408555   0
0.75266931858755   0.398218168561189   -0.0664335862748088   -0.0210228578266307   0
0.827854474845262   0.463487982124625   0.0751851562577114   0.0652698135634359   0
0.833338747644908   0.546055357663537   0.00548427279964592   0.082567375538912   0
0.667281346601908   0.441785171922779   -0.166057401043   -0.104270185740758   0
0.717031529101389   0.5202477353126   0.049750182499481   0.0784625633898207   0
0.402132418212755   0.395845154141555   -0.314899110888634   -0.124402581171045   0
0.498883181207785   0.346143265148663   0.0967507629950296   -0.0497018889928916   0
0.653951499076277   0.33028542071638   0.155068317868493   -0.0158578444322835   0
0.699304822833607   0.423099850828817   0.0453533237573303   0.0928144301124373   0
0.690524920886839   0.387452316763963   -0.00877990194676814   -0.0356475340648547   0
0.618263033927593   0.378414480905044   -0.0722618869592462   -0.00903783585891849   0
0.672504970829612   0.525380765093489   0.0542419369020191   0.146966284188445   0
0.634848650175369   0.497597179152559   -0.0376563206542435   -0.0277835859409304   0
0.630343630326564   0.476766539095794   -0.00450501984880414   -0.0208306400567644   0
0.638078271858698   0.517039111180959   0.00773464153213377   0.0402725720851644   0
0.667251947935214   0.589446072570893   0.0291736760765156   0.0724069613899341   0
0.652361359024914   0.62695084741084   -0.0148905889102996   0.0375047748399466   0
0.461429261021527   0.909574132757233   -0.190932098003387   0.282623285346394   0
0.74283890556227   1.08788216340984   0.281409644540743   0.178308030652606   0
0.866220480388228   0.893558229955933   0.123381574825958   -0.194323933453907   0
0.774318779630237   0.805038944540561   -0.091901700757991   -0.0885192854153716   0
0.856797661492611   0.780730229573054   0.0824788818623743   -0.0243087149675073   0
0.804352648376149   0.768700867932187   -0.0524450131164618   -0.0120293616408667   0
0.819909852251916   0.80422324282576   0.0155572038757669   0.0355223748935725   0
