1.1441342e-14   4.81482485e-33   0   0   0
0.0383953464606212   0.0111442384292884   0.0383953464606098   0.0111442384292884   0
0.0726948844822555   0.0222938130256627   0.0342995380216343   0.0111495745963743   0
0.024006937193482   0.0137478612154471   -0.0486879472887736   -0.0085459518102156   0
0.0466496636285187   0.0312487083602883   0.0226427264350367   0.0175008471448412   0
0.0483065174322286   0.00919322488836882   0.00165685380370984   -0.0220554834719195   0
0.0817986983355233   0.0458789903985874   0.0334921809032948   0.0366857655102185   0
0.0528696996600639   0.0415045352970915   -0.0289289986754594   -0.00437445510149582   0
0.05325205603856   0.0368111748414199   0.000382356378496145   -0.00469336045567165   0
0.0719222796955508   0.0562055752609438   0.0186702236569908   0.0193944004195239   0
0.075525029709908   0.086047755645754   0.00360275001435713   0.0298421803848102   0
0.0554714470448332   0.0513956938271805   -0.0200535826650748   -0.0346520618185734   0
0.0674937959126838   0.0734980834982012   0.0120223488678507   0.0221023896710206   0
0.088077588401821   0.0882028526867228   0.0205837924891371   0.0147047691885216   0
0.0436299975078587   0.0571595544634866   -0.0444475908939623   -0.0310432982232362   0
0.0746756298082962   0.0532584892756738   0.0310456323004374   -0.00390106518781276   0
0.0897349789090013   0.0952896844966914   0.0150593491007051   0.0420311952210176   0
0.0665528137912394   0.0835706000695461   -0.0231821651177619   -0.0117190844271453   0
0.120679886239801   0.106848249072952   0.0541270724485619   0.0232776490034063   0
0.0704968173229519   0.0861481505528607   -0.0501830689168494   -0.0207000985200917   0
0.125508048360633   0.0975573457332218   0.0550112310376809   0.0114091951803611   0
0.117770704190271   0.114032145949271   -0.00773734417036226   0.0164748002160489   0
0.123974048696808   0.116497574635027   0.00620334450653715   0.00246542868575594   0
0.160667851103513   0.131873553163603   0.036693802406705   0.0153759785285761   0
0.151350342452343   0.126700173856179   -0.0093175086511692   -0.00517337930742354   0
0.158159315108393   0.152893485517748   0.00680897265604979   0.0261933116615689   0
0.171850269621741   0.158346146561392   0.0136909545133481   0.00545266104364356   0
0.158026236716335   0.139138765653349   -0.0138240329054068   -0.0192073809080423   0
0.195267007543685   0.163754751300007   0.0372407708273508   0.024615985646658   0
0.144330706990282   0.150762668545652   -0.0509363005534032   -0.0129920827543552   0
0.12753464727148   0.139647587673853   -0.016796059718802   -0.0111150808717995   0
0.137050838265774   0.156672693630201   0.00951619099429374   0.0170251059563487   0
0.132334157760374   0.142478252930999   -0.00471668050539992   -0.0141944406992019   0
0.163905637191932   0.165224005558592   0.0315714794315577   0.0227457526275926   0
0.159046898972004   0.166414363021788   -0.00485873821992755   0.00119035746319598   0
0.143126887089015   0.131506062906107   -0.0159200118829889   -0.0349083001156807   0
0.166314035617927   0.151161256083057   0.0231871485289116   0.01965519317695   0
0.14509169139654   0.159471050129985   -0.0212223442213868   0.00830979404692728   0
0.156646593070214   0.166959491677809   0.0115549016736734   0.00748844154782474   0
0.163693793851102   0.180518157188398   0.00704720078088844   0.0135586655105886   0
0.146089748944618   0.156792828924736   -0.0176040449064843   -0.0237253282636619   0
0.188538805341577   0.18639441207052   0.0424490563969592   0.0296015831457839   0
0.132279015577659   0.150399344553851   -0.056259789763918   -0.0359950675166688   0
0.147640666826565   0.16459225023029   0.0153616512489063   0.0141929056764384   0
0.115945926592836   0.139015985244114   -0.0316947402337292   -0.0255762649861756   0
0.110286446721681   0.0759039214906867   -0.00565947987115469   -0.0631120637534273   0
0.1302295943086   0.10155423652339   0.0199431475869191   0.0256503150327036   0
0.169352857430028   0.143586215529976   0.0391232631214275   0.0420319790065858   0
0.167859816348623   0.145962895801738   -0.00149304108140533   0.00237668027176233   0
0.126197142670021   0.114266208307334   -0.0416626736786016   -0.0316966874944048   0
0.159909003686191   0.148000902295038   0.0337118610161701   0.0337346939877039   0
0.16808625868933   0.168764413350037   0.00817725500313848   0.0207635110549995   0
0.157721994155292   0.156050103830388   -0.0103642645340372   -0.0127143095196491   0
0.168782896248679   0.158821587879619   0.0110609020933871   0.002771484049231   0
0.196707199721976   0.178884943396345   0.0279243034732964   0.020063355516726   0
0.14844551017416   0.152554547673108   -0.0482616895478156   -0.0263303957232369   0
0.165787929054594   0.160474916828854   0.0173424188804336   0.00792036915574565   0
0.185125857597079   0.170005278789095   0.0193379285424856   0.00953036196024104   0
0.143736593760988   0.145338069942114   -0.0413892638360915   -0.0246672088469808   0
0.156974098832708   0.152218760253647   0.0132375050717196   0.00688069031153285   0
0.172284084304235   0.177321889008125   0.0153099854715272   0.025103128754478   0
0.148112970355328   0.156422000737729   -0.024171113948907   -0.0208998882703952   0
0.152969783942678   0.165792220171579   0.00485681358735041   0.00937021943385002   0
0.163455710287805   0.182380995331867   0.0104859263451272   0.0165887751602871   0
0.125971070027584   0.135895705539711   -0.0374846402602212   -0.0464852897921555   0
0.165033729236615   0.178524325212527   0.0390626592090309   0.0426286196728157   0
0.107611251985518   0.161972940390393   -0.0574224772510973   -0.0165513848221341   0
0.339018236122007   0.262890738940079   0.23140698413649   0.100917798549686   0
0.1048064957515   0.094469161722909   -0.234211740370507   -0.16842157721717   0
0.268908638786638   0.239534711633353   0.164102143035138   0.145065549910444   0
0.178454798180699   0.222470431364926   -0.0904538406059394   -0.0170642802684267   0
0.192091969255899   0.213697295797178   0.0136371710752   -0.00877313556774764   0
0.216560574990664   0.219823352904943   0.0244686057347648   0.00612605710776451   0
0.125782374812848   0.179958790385223   -0.0907782001778158   -0.03986456251972   0
0.203797263538719   0.213836119612298   0.0780148887258713   0.0338773292270749   0
0.105914317438825   0.162273368136147   -0.0978829460998936   -0.0515627514761505   0
0.153874792599203   0.177177447593257   0.047960475160378   0.0149040794571093   0
