7.1054274e-15   0   0   0   0
0.0611168228187978   0.0705003124801688   0.0611168228187907   0.0705003124801688   0
0.0719186603984923   0.0946609575486194   0.0108018375796945   0.0241606450684506   0
0.0389963753074507   0.0806983139318964   -0.0329222850910416   -0.013962643616723   0
0.0665032507791854   0.0892675469133235   0.0275068754717347   0.00856923298142703   0
0.105895587422897   0.126478370996459   0.0393923366437114   0.0372108240831357   0
0.0979985903803329   0.144471837305681   -0.00789699704256391   0.0179934663092221   0
0.105654113979945   0.134070510163693   0.00765552359961189   -0.0104013271419881   0
0.104910389472026   0.0942203829773064   -0.000743724507918431   -0.0398501271863866   0
0.115807705043262   0.117578392848557   0.0108973155712361   0.023358009871251   0
0.114159265922111   0.124356828908352   -0.00164843912115169   0.00677843605979499   0
0.0961169989145284   0.137172846285174   -0.0180422670075823   0.0128160173768214   0
0.0972097006247524   0.165697431831121   0.00109270171022399   0.0285245855459467   0
0.103034482944465   0.172013361613442   0.00582478231971215   0.00631592978232176   0
0.108080916698066   0.181672928682582   0.00504643375360175   0.00965956706913926   0
0.10742257137398   0.174881569666403   -0.000658345324086582   -0.00679135901617853   0
0.106419749729991   0.159139635289968   -0.00100282164398847   -0.0157419343764349   0
0.117855142927554   0.156703311017577   0.0114353931975629   -0.00243632427239107   0
0.124831289860659   0.166635071709828   0.00697614693310503   0.00993176069225138   0
0.13347198627626   0.173915652235412   0.00864069641560118   0.00728058052558347   0
0.139244285317218   0.173519786865697   0.0057722990409573   -0.000395865369715059   0
0.134056303690545   0.179760645889816   -0.00518798162667225   0.00624085902411931   0
0.119184712588984   0.182273868607707   -0.0148715911015616   0.00251322271789051   0
0.105548986117501   0.174450065274897   -0.0136357264714829   -0.00782380333280949   0
0.10817576666605   0.173883951899498   0.00262678054854948   -0.000566113375398997   0
0.11392622564064   0.186116150068857   0.00575045897458981   0.0122321981693592   0
0.132339372930167   0.199443055417411   0.0184131472895265   0.0133269053485535   0
0.143902693971999   0.216413082203625   0.0115633210418319   0.0169700267862142   0
0.151672174660791   0.213696013842381   0.00776948068879277   -0.00271706836124461   0
0.159535996926484   0.224624951930098   0.00786382226569252   0.0109289380877176   0
0.184113875726014   0.227399815404327   0.0245778787995301   0.00277486347422923   0
0.172938392717735   0.223200748297484   -0.0111754830082785   -0.0041990671068432   0
0.153290806841551   0.206123841195689   -0.0196475858761843   -0.0170769071017947   0
0.143889819792817   0.217136713723405   -0.00940098704873446   0.0110128725277157   0
0.141107600514811   0.211837147362634   -0.00278221927800532   -0.00529956636077134   0
0.144908673563869   0.216983086432819   0.00380107304905761   0.00514593907018546   0
0.151036089704115   0.230179906086436   0.00612741614024578   0.0131968196536172   0
0.159375349464587   0.237945690404299   0.00833925976047212   0.00776578431786284   0
0.18797855506617   0.22130372265223   0.028603205601583   -0.016641967752069   0
0.23798205395707   0.290468846871268   0.0500034988909   0.0691651242190375   0
0.257600596550848   0.291208875944621   0.0196185425937783   0.000740029073353132   0
0.228903615110748   0.296483761002417   -0.0286969814401002   0.00527488505779616   0
0.220356920647137   0.30350279796641   -0.00854669446361109   0.00701903696399303   0
0.219158753496629   0.288503281104483   -0.00119816715050811   -0.0149995168619276   0
0.218494038605153   0.293985037908271   -0.000664714891475793   0.00548175680378882   0
0.236391907756157   0.296416820470252   0.0178978691510037   0.00243178256198073   0
0.217247666761049   0.289672109483083   -0.0191442409951082   -0.00674471098716922   0
0.223314637229886   0.298313344081146   0.00606697046883728   0.00864123459806354   0
0.224465221247752   0.310693051185933   0.00115058401786586   0.0123797071047868   0
0.217348140171569   0.307244705547096   -0.00711708107618247   -0.00344834563883761   0
0.231983065619704   0.316741504224543   0.0146349254481353   0.00949679867744724   0
0.24455518890066   0.307880468132971   0.0125721232809553   -0.00886103609157163   0
0.248375588582294   0.300398501123424   0.003820399681634   -0.00748196700954756   0
0.251581211016291   0.303962747605687   0.00320562243399689   0.00356424648226283   0
0.239649122843655   0.305089191636521   -0.011932088172636   0.00112644403083423   0
0.239368912216735   0.309878410175564   -0.000280210626919686   0.00478921853904285   0
0.243261756783897   0.293578844892494   0.00389284456716166   -0.0162995652830694   0
0.242654463768674   0.256562212222267   -0.000607293015222304   -0.0370166326702273   0
0.227906031762798   0.256375072937661   -0.0147484320058759   -0.000187139284605453   0
0.231222536393646   0.267293948069163   0.00331650463084748   0.0109188751315012   0
0.217228988712249   0.277768234875331   -0.0139935476813965   0.0104742868061686   0
0.239314704780764   0.327857442340154   0.0220857160685149   0.0500892074648226   0
0.234413847725891   0.287782271925153   -0.00490085705487325   -0.0400751704150004   0
0.23644622664107   0.300414374612129   0.00203237891517874   0.0126321026869751   0
0.269421978641521   0.31436248426603   0.032975752000451   0.0139481096539013   0
0.22654367548473   0.270068487787572   -0.0428783031567913   -0.0442939964784576   0
0.233005963744025   0.285598142415697   0.00646228825929546   0.015529654628125   0
0.2082760831309   0.237208980139738   -0.0247298806131254   -0.0483891622759598   0
0.195805907843581   0.229374575316424   -0.0124701752873184   -0.00783440482331393   0
0.205235635386358   0.235312864606872   0.00942972754277696   0.00593828929044843   0
0.202159657720238   0.228122376061343   -0.00307597766612042   -0.00719048854552901   0
0.219656557925028   0.236101874290106   0.0174969002047907   0.0079794982287632   0
