1.0850851e-14   1.066493e-50   0   0   0
0.0894476665068785   0.0399823726373745   0.0894476665068676   0.0399823726373745   0
0.0473766283151451   0.0430437125296493   -0.0420710381917334   0.00306133989227474   0
0.0545081036920657   0.0583610763004566   0.00713147537692056   0.0153173637708073   0
0.0988248570200723   0.0929613482434609   0.0443167533280066   0.0346002719430043   0
0.128720651307869   0.141988864322661   0.0298957942877971   0.0490275160791997   0
0.117874485678613   0.139922123328232   -0.0108461656292564   -0.00206674099442819   0
0.12730934846289   0.163466158595942   0.00943486278427701   0.0235440352677098   0
0.158473787107387   0.205970926606026   0.0311644386444974   0.0425047680100841   0
0.190259890533167   0.240044263348472   0.0317861034257798   0.0340733367424461   0
0.145430088501046   0.229526988162829   -0.0448298020321211   -0.0105172751856437   0
0.191886438520048   0.245475419643243   0.0464563500190022   0.0159484314804142   0
0.182845172039462   0.259435926909523   -0.0090412664805859   0.0139605072662797   0
0.179987264122783   0.299553898120129   -0.0028579079166797   0.0401179712106068   0
0.176601725340183   0.245894658934934   -0.00338553878259973   -0.0536592391851955   0
0.148606053761678   0.208974926860572   -0.0279956715785052   -0.0369197320743617   0
0.1680799086657   0.229050146381935   0.0194738549040221   0.0200752195213627   0
0.142418059752201   0.206740362537991   -0.025661848913499   -0.0223097838439435   0
0.159750395743558   0.227950839482196   0.0173323359913575   0.0212104769442044   0
0.159118536724913   0.240753153809319   -0.000631859018645486   0.012802314327123   0
0.219324907642452   0.274700429994995   0.0602063709175393   0.0339472761856763   0
0.237755741781145   0.296934893659345   0.0184308341386924   0.0222344636643501   0
0.23617831345265   0.31644988001113   -0.00157742832849414   0.0195149863517847   0
0.245097452666769   0.307816228685366   0.00891913921411813   -0.0086336513257636   0
0.211899887723596   0.287855499375332   -0.0331975649431729   -0.0199607293100338   0
0.24986199930592   0.332741230556697   0.0379621115823248   0.0448857311813647   0
0.262384015634986   0.379983865196358   0.0125220163290653   0.0472426346396603   0
0.286930247000273   0.403025968786757   0.0245462313652868   0.0230421035903992   0
0.284574356995281   0.398820184727098   -0.00235589000499203   -0.00420578405965871   0
0.260235448250507   0.402280193173374   -0.0243389087447737   0.00346000844627636   0
0.248379945663265   0.417340671028103   -0.0118555025872419   0.0150604778547284   0
0.302547366468871   0.386910738478135   0.0541674208056055   -0.0304299325499681   0
0.241423552509415   0.324434950652444   -0.0611238139594553   -0.0624757878256911   0
0.196429170798036   0.26548866179695   -0.0449943817113788   -0.0589462888554934   0
0.222794863651175   0.303267930555255   0.0263656928531387   0.0377792687583044   0
0.195253670450166   0.290432846720605   -0.0275411932010089   -0.0128350838346494   0
0.214914164857746   0.309923365029112   0.0196604944075799   0.0194905183085064   0
0.239822946880584   0.317215762197671   0.0249087820228378   0.00729239716855984   0
0.241540428626166   0.328555174192832   0.00171748174558234   0.0113394119951606   0
0.282774233888288   0.381320382061482   0.0412338052621213   0.0527652078686497   0
0.27889916631222   0.366622268821472   -0.00387506757606776   -0.0146981132400099   0
0.28889969748362   0.414977306552849   0.0100005311713997   0.048355037731377   0
0.318366340817286   0.452359821307162   0.0294666433336663   0.0373825147543127   0
0.303316824314854   0.43919555427622   -0.0150495165024316   -0.0131642670309418   0
0.299910606062068   0.418054108957824   -0.00340621825278647   -0.0211414453183958   0
0.310881576563314   0.444357627144155   0.0109709705012462   0.0263035181863312   0
0.327000062653148   0.44783528780621   0.0161184860898341   0.00347766066205529   0
0.303223647806113   0.433656330125706   -0.0237764148470351   -0.0141789576805046   0
0.313404153757281   0.453167027356952   0.0101805059511683   0.0195106972312459   0
0.337881950722121   0.491152236772926   0.0244777969648395   0.0379852094159744   0
0.389158416534803   0.531750444513491   0.0512764658126819   0.0405982077405646   0
0.379115594863403   0.526096476354713   -0.0100428216713998   -0.00565396815877817   0
0.360622354397262   0.530215001033022   -0.0184932404661407   0.00411852467830975   0
0.353288716570774   0.520257881373851   -0.00733363782648838   -0.00995711965917168   0
0.408260580841301   0.561097205202722   0.0549718642705275   0.0408393238288712   0
0.356981137400147   0.532937855225787   -0.0512794434411549   -0.0281593499769354   0
0.417451247724158   0.526165596629916   0.0604701103240112   -0.00677225859587027   0
0.344005382217236   0.51038989296546   -0.0734458655069219   -0.015775703664456   0
0.418787707354552   0.540687353300737   0.0747823251373159   0.0302974603352767   0
0.43309363222114   0.538362424112684   0.0143059248665886   -0.00232492918805272   0
0.452781392083709   0.564409798794762   0.0196877598625685   0.0260473746820777   0
0.460321265286884   0.560580780164293   0.00753987320317501   -0.00382901863046881   0
0.408713848049969   0.5335752969527   -0.0516074172369147   -0.0270054832115935   0
0.436476834853048   0.557322002685794   0.0277629868030792   0.0237467057330939   0
0.441221820492472   0.574513611840106   0.00474498563942333   0.0171916091543126   0
0.400571523093937   0.567332371308455   -0.0406502973985343   -0.00718124053165115   0
0.385815849393067   0.568053154733043   -0.0147556737008702   0.000720783424588034   0
0.409387084423962   0.574424635178172   0.0235712350308943   0.00637148044512936   0
0.377617777819668   0.559111048657839   -0.0317693066042936   -0.0153135865203333   0
0.401875790493448   0.568264352907035   0.0242580126737801   0.00915330424919636   0
0.409334222978754   0.566475963078563   0.00745843248530548   -0.00178838982847251   0
0.389089640816847   0.576262813654758   -0.0202445821619065   0.00978685057619499   0
0.408550101101495   0.578951719599691   0.0194604602846475   0.00268890594493332   0
0.394145795869991   0.584338403924792   -0.0144043052315035   0.00538668432510103   0
0.396123599795447   0.608424031434203   0.00197780392545649   0.0240856275094108   0
0.413422509186146   0.616699616131397   0.0172989093906989   0.00827558469719347   0
0.413900684509526   0.622942833009036   0.000478175323380015   0.00624321687763962   0
