1.84400280870482e-14   6.3827235e-50   0   0   0
0.0180084810736542   0.0102356192058279   0.0180084810736357   0.0102356192058279   0
0.0509677193274754   0.0264017948422374   0.0329592382538212   0.0161661756364096   0
0.0530343104455903   0.0485506717426787   0.00206659111811492   0.0221488769004413   0
0.0341241551413848   0.0534195543178505   -0.0189101553042055   0.00486888257517178   0
0.0303084878811179   0.0614051071325057   -0.00381566726026688   0.00798555281465523   0
0.0737697216160868   0.0812432103182074   0.043461233734969   0.0198381031857017   0
0.104355052526818   0.0767316794098742   0.0305853309107308   -0.00451153090833321   0
0.110364098191624   0.0645180779135459   0.0060090456648059   -0.0122136014963283   0
0.0949828328629113   0.12692254277578   -0.0153812653287123   0.0624044648622336   0
0.0945316874384296   0.131534748618427   -0.000451145424481714   0.0046122058426479   0
0.105806986028508   0.131464760869174   0.0112752985900787   -6.99877492535972e-05   0
0.115377010180524   0.148270503686928   0.00957002415201604   0.0168057428177538   0
0.101806773676044   0.186116900584819   -0.0135702365044802   0.0378463968978917   0
0.127242596337028   0.162498601258815   0.0254358226609836   -0.0236182993260045   0
0.127919963210941   0.17092030017172   0.000677366873913315   0.00842169891290509   0
0.119485590617955   0.164502041920746   -0.00843437259298598   -0.00641825825097372   0
0.150217175168417   0.160973326592305   0.0307315845504624   -0.00352871532844148   0
0.144675185631143   0.163993889968255   -0.00554198953727447   0.00302056337595027   0
0.135364287648764   0.183633175877658   -0.00931089798237911   0.0196392859094028   0
0.158941547756651   0.180522293854708   0.0235772601078874   -0.00311088202295026   0
0.170563992651415   0.165162120587747   0.011622444894764   -0.015360173266961   0
0.197079360098729   0.134303069401033   0.0265153674473141   -0.0308590511867137   0
0.17303026293105   0.163658013984997   -0.0240490971676789   0.0293549445839645   0
0.16600587063871   0.163214553609256   -0.00702439229234061   -0.000443460375740945   0
0.173887750082457   0.157020251999824   0.00788187944374735   -0.00619430160943218   0
0.185681832464219   0.166732358198332   0.0117940823817617   0.00971210619850743   0
0.164692195378036   0.214002294798706   -0.0209896370861833   0.047269936600374   0
0.178788390318637   0.249497844093692   0.014096194940602   0.0354955492949867   0
0.196446567200522   0.241971598077869   0.017658176881885   -0.0075262460158238   0
0.219442553183504   0.226336398632943   0.0229959859829814   -0.0156351994449254   0
0.206843078006238   0.242730220978805   -0.0125994751772662   0.0163938223458618   0
0.183321848872654   0.266082510983731   -0.0235212291335837   0.0233522900049261   0
0.208664097315461   0.267697532774361   0.0253422484428071   0.00161502179062939   0
0.192576609517194   0.296841369715974   -0.0160874877982669   0.0291438369416139   0
0.208584847297921   0.284451448757078   0.0160082377807267   -0.0123899209588968   0
0.198297274358106   0.334329567071297   -0.0102875729398151   0.049878118314219   0
0.209348109060521   0.345504845159633   0.0110508347024147   0.0111752780883361   0
0.184824146242312   0.387633740016843   -0.0245239628182086   0.0421288948572098   0
0.189178237065345   0.407691350939485   0.00435409082303351   0.0200576109226422   0
0.168665604253617   0.390153712401288   -0.0205126328117287   -0.0175376385381963   0
0.178961467807898   0.393539247050515   0.0102958635542818   0.00338553464922697   0
0.18522731664758   0.419017165874848   0.00626584883968148   0.0254779188243321   0
0.19983956970068   0.429259344767123   0.0146122530531001   0.0102421788922759   0
0.206527231725758   0.427522484972061   0.00668766202507839   -0.00173685979506233   0
0.178258357613568   0.471967260787493   -0.0282688741121909   0.0444447758154316   0
0.192448120681198   0.498921499512424   0.0141897630676303   0.0269542387249309   0
0.201652277700195   0.530902235464869   0.00920415701899754   0.0319807359524454   0
0.207999137556836   0.54808542357764   0.00634685985664091   0.0171831881127714   0
0.230681534312617   0.584574816536116   0.0226823967557807   0.0364893929584756   0
0.234771191342409   0.573915374431123   0.00408965702979169   -0.0106594421049929   0
0.210825327115255   0.583396434965194   -0.0239458642271538   0.0094810605340705   0
0.202659277027243   0.566239260868052   -0.00816605008801213   -0.0171571740971419   0
0.226592004616677   0.578355341901627   0.0239327275894344   0.0121160810335754   0
0.215006195565504   0.574754145741794   -0.011585809051173   -0.0036011961598329   0
0.238208991292532   0.585121304663805   0.023202795727028   0.0103671589220108   0
0.230681518419017   0.606563998918951   -0.00752747287351499   0.021442694255146   0
0.252837813224616   0.603629337849629   0.0221562948055986   -0.00293466106932205   0
0.230446369496793   0.605996174347549   -0.0223914437278228   0.00236683649791969   0
0.247091161095173   0.616588126153186   0.0166447915983797   0.0105919518056374   0
0.244432727657326   0.609457713370791   -0.0026584334378468   -0.0071304127823949   0
0.214722222536162   0.636434073456407   -0.0297105051211638   0.0269763600856155   0
0.258670834563288   0.60458945028552   0.0439486120271261   -0.0318446231708863   0
0.272555035712787   0.589317504575516   0.0138842011494992   -0.0152719457100042   0
0.263320014162877   0.618582742106708   -0.00923502154991035   0.0292652375311915   0
0.253214849132507   0.593370828948244   -0.0101051650303702   -0.025211913158464   0
0.252554334804428   0.608945397796596   -0.000660514328079287   0.015574568848352   0
0.264932738630496   0.606843568031248   0.012378403826068   -0.00210182976534778   0
0.262997427172039   0.63173527963364   -0.0019353114584566   0.0248917116023925   0
0.27729983568238   0.619020874746184   0.0143024085103407   -0.0127144048874566   0
0.296877007713243   0.621038747284143   0.0195771720308632   0.00201787253795971   0
0.263418964163492   0.639425374826001   -0.0334580435497512   0.0183866275418574   0
0.24622254648634   0.656871841974354   -0.0171964176771515   0.0174464671483532   0
0.270339240961381   0.656824638507584   0.0241166944750406   -4.72034667698962e-05   0
0.278897651699172   0.666119497159236   0.00855841073779107   0.00929485865165158   0
0.276919295824354   0.696553064206597   -0.00197835587481826   0.0304335670473612   0
0.265286397560196   0.693474118268514   -0.0116328982641572   -0.00307894593808278   0
0.275909315809762   0.699920268422196   0.0106229182495661   0.00644615015368233   0
0.257926709250053   0.721471016951785   -0.0179826065597099   0.0215507485295885   0
0.249439563340712   0.698865135489236   -0.00848714590934088   -0.0226058814625493   0
0.265432422567699   0.681647477191925   0.0159928592269873   -0.0172176582973108   0
0.273051361412624   0.684838908974661   0.00761893884492548   0.00319143178273662   0
0.239908188999811   0.683992792607616   -0.0331431724128133   -0.000846116367045568   0
