7.5947088e-15   4.98297865e-16   0   0   0
0.0565016088542686   0.013945284628468   0.056501608854261   0.0139452846284675   0
0.0358604103534014   0.00824695582309178   -0.0206411985008671   -0.00569832880537619   0
0.028296364352548   0.0260898006665925   -0.00756404600085342   0.0178428448435007   0
0.0512390494114081   0.0146962410113172   0.0229426850588601   -0.0113935596552752   0
0.0247886237227943   0.0169628343687795   -0.0264504256886138   0.00226659335746224   0
0.0204039039133003   0.0260155519574744   -0.00438471980949402   0.00905271758869487   0
0.0334195284454122   0.011980586533809   0.0130156245321119   -0.0140349654236653   0
0.0400747862200497   0.0426392936233138   0.00665525777463756   0.0306587070895048   0
0.0572448762659402   0.075267210683395   0.0171700900458905   0.0326279170600813   0
0.0723664055631667   0.0594564351954736   0.0151215292972265   -0.0158107754879214   0
0.0415061215028613   0.0735341500527722   -0.0308602840603054   0.0140777148572986   0
0.046170780789834   0.0647907005692596   0.00466465928697271   -0.00874344948351259   0
0.0772438925540536   0.0618735574220881   0.0310731117642196   -0.00291714314717154   0
0.0544024897709024   0.0835489463267786   -0.0228414027831512   0.0216753889046905   0
0.0511167726420077   0.0536706707872925   -0.00328571712889472   -0.0298782755394861   0
0.0360329085815763   0.0793029406826594   -0.0150838640604314   0.0256322698953669   0
0.0372709880405678   0.0743333529140213   0.00123807945899154   -0.00496958776863818   0
0.0421077552156379   0.0655667816080312   0.00483676717507004   -0.00876657130599011   0
0.0130802637645075   0.0596666337765624   -0.0290274914511303   -0.00590014783146879   0
0.0602857076629268   0.0373594572253442   0.0472054438984192   -0.0223071765512182   0
0.0351156880438862   0.0591215677760469   -0.0251700196190406   0.0217621105507027   0
0.0355213833607529   0.0729003298665974   0.00040569531686669   0.0137787620905505   0
0.0621689258166239   0.0618397093046632   0.0266475424558711   -0.0110606205619342   0
0.0305258975289422   0.0958725471554037   -0.0316430282876818   0.0340328378507405   0
0.0371697425100762   0.116174171700021   0.00664384498113404   0.020301624544617   0
0.0675181352192357   0.103574505659155   0.0303483927091595   -0.0125996660408658   0
0.0424852761605383   0.116255289229124   -0.0250328590586974   0.0126807835699689   0
0.0535943969839425   0.0998163547128848   0.0111091208234042   -0.0164389345162391   0
0.07066323520831   0.111251869679016   0.0170688382243674   0.0114355149661314   0
0.056932486326121   0.144984658790984   -0.013730748882189   0.0337327891119675   0
0.0759943451131957   0.172185861924568   0.0190618587870747   0.0272012031335844   0
0.0911904160491427   0.166070073515125   0.015196070935947   -0.00611578840944307   0
0.0746464267373724   0.162293210953096   -0.0165439893117703   -0.00377686256202911   0
0.0656086513195009   0.146245470464374   -0.00903777541787153   -0.0160477404887223   0
0.0936008295412161   0.147664816910517   0.0279921782217152   0.00141934644614347   0
0.0787929590943468   0.170922319143653   -0.0148078704468693   0.0232575022331364   0
0.0899139608777943   0.18089693692774   0.0111210017834475   0.00997461778408637   0
0.104208333025326   0.148939552012647   0.0142943721475314   -0.0319573849150926   0
0.0929725864786431   0.156824102241588   -0.0112357465466826   0.00788455022894027   0
0.0943499615717514   0.17979891147848   0.00137737509310829   0.0229748092368923   0
0.125092859503665   0.172918402698288   0.0307428979319136   -0.00688050878019172   0
0.119431418558482   0.178271192969955   -0.00566144094518287   0.0053527902716671   0
0.119450314630631   0.181813851484784   1.88960721487497e-05   0.00354265851482846   0
0.0910815583368375   0.165996964925025   -0.0283687562937934   -0.0158168865597586   0
0.130607001312212   0.181256807291933   0.0395254429753748   0.015259842366908   0
0.111353761153861   0.160448847618943   -0.0192532401583513   -0.0208079596729897   0
0.135505871351925   0.154748807429848   0.0241521101980639   -0.00570004018909567   0
0.104026303817048   0.170854358402911   -0.0314795675348769   0.0161055509730635   0
0.14485374101848   0.143413613682882   0.040827437201432   -0.0274407447200296   0
0.0961313916244669   0.172042040548008   -0.048722349394013   0.0286284268651266   0
0.117095412238963   0.153123032844384   0.0209640206144956   -0.0189190077036245   0
0.124725164958987   0.170770172434631   0.00762975272002407   0.0176471395902478   0
0.119582035118261   0.210368891307383   -0.00514312984072524   0.0395987188727515   0
0.142552003465713   0.177009483327619   0.0229699683474516   -0.0333594079797641   0
0.11479110686774   0.192083266601228   -0.0277608965979726   0.0150737832736092   0
0.108480175749078   0.200257626989326   -0.0063109311186621   0.00817436038809752   0
0.139892435444981   0.186757655697671   0.0314122596959026   -0.0134999712916544   0
0.121181213781936   0.215611960934902   -0.0187112216630445   0.0288543052372305   0
0.112121607782038   0.207383722171939   -0.00905960599989782   -0.00822823876296228   0
0.135359513959568   0.201106108493888   0.0232379061775295   -0.00627761367805163   0
0.105987976421399   0.208605406958655   -0.0293715375381688   0.00749929846476724   0
0.101218008874203   0.21765346793934   -0.0047699675471964   0.00904806098068481   0
0.122343220636547   0.223233272186141   0.0211252117623439   0.00557980424680157   0
0.109401958136433   0.220518570437552   -0.0129412625001138   -0.00271470174858901   0
0.0988917301039226   0.236783194594511   -0.0105102280325103   0.0162646241569586   0
0.122835755201225   0.229283134481061   0.0239440250973021   -0.00750006011345014   0
0.10175383213186   0.245140622885828   -0.0210819230693648   0.0158574884047675   0
0.0950637902490732   0.244426062850667   -0.00669004188278675   -0.000714560035161849   0
0.127561530253457   0.236752365182657   0.0324977400043835   -0.00767369766800999   0
0.113760612293728   0.295667589001979   -0.0138009179597286   0.0589152238193225   0
0.115909305281291   0.290161215206571   0.00214869298756329   -0.00550637379540847   0
0.160296480736496   0.256660953798051   0.0443871754552045   -0.0335002614085197   0
0.119348706500724   0.291955481010463   -0.0409477742357715   0.0352945272124126   0
0.149687535610622   0.247853704353882   0.0303388291098976   -0.0441017766565813   0
