1.1220228e-14   4.81482485e-33   0   0   0
0.00779710187895068   0.0229295824442496   0.00779710187893945   0.0229295824442496   0
0.0133196673392738   0.0481301072106494   0.00552256546032308   0.0252005247663998   0
0.0381295064924534   0.0457614466509387   0.0248098391531797   -0.00236866055971074   0
0.0611606028968794   0.054521382804388   0.023031096404426   0.00875993615344932   0
0.048824563234092   0.0809330477943321   -0.0123360396627874   0.0264116649899441   0
0.0609802733847819   0.0901940911700968   0.0121557101506899   0.00926104337576474   0
0.077117004105108   0.0936236511138612   0.0161367307203261   0.00342955994376443   0
0.0799188121887225   0.1025628690653   0.00280180808361452   0.0089392179514389   0
0.0668970662964441   0.115657893910639   -0.0130217458922784   0.0130950248453388   0
0.0800389269398259   0.116566672272595   0.0131418606433818   0.000908778361956117   0
0.0986798954774122   0.116458952740237   0.0186409685375863   -0.000107719532357886   0
0.0920083997996774   0.132676727552331   -0.00667149567773484   0.0162177748120939   0
0.122859368586093   0.118978069914356   0.0308509687864159   -0.0136986576379753   0
0.123636786553313   0.106202329153278   0.000777417967219821   -0.0127757407610776   0
0.104462450584006   0.116207835738425   -0.0191743359693069   0.0100055065851464   0
0.114597441752416   0.116430028187572   0.01013499116841   0.000222192449147091   0
0.122477991553213   0.123239494081467   0.00788054980079636   0.00680946589389538   0
0.109525704962964   0.139194227730495   -0.0129522865902489   0.0159547336490284   0
0.133752672690976   0.134757823262556   0.0242269677280125   -0.00443640446793894   0
0.16336684468677   0.124154774266852   0.0296141719957939   -0.0106030489957043   0
0.135479525440369   0.12447689301163   -0.0278873192464007   0.000322118744778346   0
0.134231978373627   0.126714203575557   -0.00124754706674279   0.00223731056392668   0
0.158245084045835   0.116139579214897   0.0240131056722084   -0.0105746243606603   0
0.144406313946434   0.117112079806945   -0.0138387700994009   0.000972500592048606   0
0.145391097614512   0.118606772951577   0.000984783668077749   0.00149469314463155   0
0.151565880300043   0.108075957311034   0.00617478268553123   -0.0105308156405435   0
0.117624736102419   0.135996009061757   -0.0339411441976244   0.0279200517507233   0
0.112913381927576   0.13524664367068   -0.00471135417484245   -0.000749365391077061   0
0.132420836806403   0.126267180155958   0.0195074548788264   -0.00897946351472184   0
0.124837956696635   0.139213934179172   -0.00758288010976722   0.0129467540232141   0
0.116897931491756   0.139872896486111   -0.00794002520487963   0.000658962306939431   0
0.141960028340335   0.135869167953434   0.0250620968485791   -0.00400372853267775   0
0.136432740382259   0.130471522826977   -0.00552728795807556   -0.00539764512645652   0
0.132103419873367   0.139317410427848   -0.00432932050889218   0.0088458876008706   0
0.140214041948378   0.133822108868463   0.00811062207501104   -0.00549530155938491   0
0.15019004772435   0.134150274058194   0.00997600577597219   0.000328165189731555   0
0.130800726773945   0.143091459110189   -0.0193893209504048   0.0089411850519947   0
0.126884611898271   0.143428831043112   -0.00391611487567473   0.000337371932922798   0
0.144822805886328   0.141631189440972   0.0179381939880571   -0.00179764160213966   0
0.122635678037167   0.156803231256371   -0.0221871278491607   0.0151720418153984   0
0.122846368305284   0.154233631531901   0.000210690268116584   -0.00256959972446963   0
0.142457453650302   0.151126815910349   0.0196110853450184   -0.0031068156215516   0
0.134151274431602   0.157900118286516   -0.00830617921870003   0.00677330237616652   0
0.137147892735166   0.16810740014548   0.00299661830356432   0.0102072818589645   0
0.162460601761822   0.156495163559711   0.0253127090266553   -0.0116122365857696   0
0.137336174119616   0.17320040456447   -0.025124427642206   0.0167052410047595   0
0.14496792699707   0.162993709319158   0.00763175287745388   -0.0102066952453124   0
0.162630053667683   0.158408457614057   0.017662126670613   -0.00458525170510124   0
0.139617019141066   0.163998192441135   -0.0230130345266167   0.00558973482707795   0
0.148073726625741   0.1705477496588   0.00845670748467531   0.00654955721766523   0
0.158418183109931   0.168834962747073   0.0103444564841901   -0.00171278691172724   0
0.152731862219288   0.182603618853757   -0.00568632089064366   0.0137686561066846   0
0.161018672140303   0.179849836409752   0.00828680992101491   -0.00275378244400484   0
0.166129174445171   0.159212314313   0.00511050230486831   -0.0206375220967528   0
0.162154628127433   0.166098770940589   -0.00397454631773758   0.00688645662758908   0
0.161720547192304   0.174688275902856   -0.000434080935129061   0.00858950496226699   0
0.170847529815388   0.17271252924756   0.00912698262308378   -0.00197574665529607   0
0.177219914774887   0.16202363114152   0.00637238495949866   -0.0106888981060398   0
0.163896096312331   0.164564247103409   -0.0133238184625562   0.00254061596188895   0
0.159691698275204   0.174583823926314   -0.00420439803712652   0.0100195768229057   0
0.16972783693529   0.174932996767977   0.0100361386600864   0.000349172841662332   0
0.171339579476131   0.177963936317763   0.00161174254084059   0.00303093954978617   0
0.166610006845942   0.185676055844003   -0.00472957263018919   0.00771211952623996   0
0.168393757351561   0.182300237843314   0.00178375050561919   -0.00337581800068865   0
0.164315033765133   0.184169993037283   -0.00407872358642797   0.00186975519396873   0
0.161435552452951   0.18446405073472   -0.00287948131218202   0.000294057697437095   0
0.165711907974182   0.185644747511219   0.00427635552123079   0.00118069677649871   0
0.15441013553528   0.190440309392768   -0.0113017724389019   0.00479556188154892   0
0.150437727315728   0.19438434131269   -0.0039724082195518   0.00394403191992213   0
0.158730517053107   0.175127221833884   0.0082927897373786   -0.0192571194788058   0
0.168488276265154   0.184607187815518   0.00975775921204694   0.00947996598163375   0
0.151622824761858   0.196999961216171   -0.0168654515032961   0.0123927734006532   0
0.147666775142153   0.189514524159829   -0.00395604961970414   -0.00748543705634194   0
0.159494443065815   0.190826027579522   0.0118276679236615   0.00131150341969261   0
0.174434432805933   0.198663765667831   0.0149399897401186   0.00783773808830893   0
0.158868359692538   0.198441716744983   -0.0155660731133959   -0.000222048922847301   0
