7.4049622e-15   3.64750140686018e-16   0   0   0
0.0114477405120831   0.0098268787195117   0.0114477405120757   0.00982687871951133   0
0.0334227774207175   0.0444046240362858   0.0219750369086344   0.0345777453167741   0
0.0536369561388564   0.0193201555478399   0.0202141787181389   -0.0250844684884459   0
0.0493263187140673   0.0471708959039   -0.0043106374247891   0.0278507403560601   0
0.0995314076106543   0.0491770229708363   0.050205088896587   0.00200612706693626   0
0.080223246903545   0.0752077887740857   -0.0193081607071093   0.0260307658032494   0
0.0349696754612086   0.0673584422062821   -0.0452535714423365   -0.00784934656780363   0
0.0907101266595715   0.167534994039061   0.0557404511983629   0.100176551832778   0
0.103697045055688   0.182252110038363   0.0129869183961165   0.0147171159993026   0
0.116038415291559   0.204759546825522   0.0123413702358715   0.0225074367871592   0
0.104826927885984   0.198466677191619   -0.0112114874055756   -0.0062928696339038   0
0.184938236629061   0.274585399638565   0.0801113087430775   0.0761187224469466   0
0.190262549045256   0.265947751855019   0.00532431241619516   -0.00863764778354648   0
0.173623740501621   0.269539818213684   -0.0166388085436351   0.00359206635866571   0
0.174514389595289   0.319720607175254   0.00089064909366765   0.05018078896157   0
0.150516247617097   0.325743871256852   -0.0239981419781919   0.00602326408159765   0
0.0759766037778418   0.307921863973403   -0.0745396438392554   -0.0178220072834492   0
0.0928175737250512   0.340353630010211   0.0168409699472094   0.0324317660368083   0
0.139795569773446   0.381879046109458   0.046977996048395   0.041525416099247   0
0.0971295371732965   0.353348006333229   -0.0426660326001497   -0.0285310397762294   0
0.0815458830814485   0.362144853127798   -0.015583654091848   0.00879684679456882   0
0.119381518348967   0.38628406387056   0.0378356352675184   0.0241392107427621   0
0.155380763198337   0.421729829431616   0.0359992448493702   0.0354457655610566   0
0.115005721534371   0.395990617997141   -0.0403750416639664   -0.0257392114344753   0
0.125238474211188   0.446511085351669   0.0102327526768177   0.0505204673545276   0
0.170022937597367   0.452457652097778   0.0447844633861792   0.00594656674610905   0
0.17511279725192   0.444690882166252   0.00508985965455222   -0.00776676993152553   0
0.152917240669328   0.462868125422043   -0.0221955565825921   0.0181772432557909   0
0.162806172007785   0.469750414436737   0.00988893133845714   0.00688228901469456   0
0.179940944007389   0.494970753109548   0.017134771999604   0.02522033867281   0
0.16836646568676   0.47425919747693   -0.0115744783206287   -0.0207115556326179   0
0.151054384394272   0.471282568442811   -0.0173120812924876   -0.00297662903411894   0
0.163617490911626   0.45998714186336   0.012563106517354   -0.0112954265794508   0
0.15417227579688   0.460676600906393   -0.00944521511474619   0.000689459043033303   0
0.112881107609572   0.449224364819431   -0.0412911681873085   -0.0114522360869622   0
0.11669084606133   0.484223605424306   0.00380973845175887   0.034999240604875   0
0.108303893543351   0.470050013590381   -0.008386952517979   -0.0141735918339249   0
0.12177229816617   0.498135191633945   0.0134684046228185   0.0280851780435641   0
0.104443444722614   0.495787463578802   -0.0173288534435556   -0.00234772805514305   0
0.112960022191815   0.482456238517092   0.00851657746920051   -0.0133312250617099   0
0.117854195524625   0.485671968102316   0.00489417333281011   0.00321572958522365   0
0.129403759204538   0.512399939123324   0.0115495636799131   0.0267279710210082   0
0.141057660503092   0.530681673032283   0.0116539012985542   0.018281733908959   0
0.138290895180343   0.52646742313537   -0.00276676532274953   -0.00421424989691366   0
0.109286641607182   0.508041132622289   -0.0290042535731606   -0.0184262905130808   0
0.108265934683893   0.492363437224172   -0.00102070692328866   -0.0156776953981165   0
0.0954159322284794   0.46613367472723   -0.012850002455414   -0.0262297624969421   0
0.176379772064578   0.493690037129106   0.0809638398360984   0.027556362401876   0
0.118974710737713   0.455767823516356   -0.0574050613268653   -0.0379222136127504   0
0.0932423979479556   0.445161067256402   -0.025732312789757   -0.010606756259954   0
0.113498510515411   0.435314246170076   0.020256112567455   -0.00984682108632601   0
0.0959097622399214   0.456449952605786   -0.0175887482754891   0.0211357064357101   0
0.0952080485763147   0.467038701751668   -0.000701713663606635   0.0105887491458819   0
0.106593993637845   0.473579839874767   0.01138594506153   0.00654113812309909   0
0.128447625043184   0.480572536404692   0.0218536314053389   0.00699269652992524   0
0.108027980715493   0.478782353754163   -0.0204196443276911   -0.00179018265052872   0
0.117880044037443   0.469844124179505   0.00985206332195053   -0.00893822957465823   0
0.139519132543778   0.478885081640841   0.0216390885063348   0.00904095746133632   0
0.109804221918708   0.470282165960564   -0.0297149106250701   -0.00860291568027777   0
0.0884688870440274   0.468107646852023   -0.0213353348746804   -0.00217451910854038   0
0.0878287105884469   0.511610983203348   -0.000640176455580482   0.0435033363513251   0
0.129716649553525   0.506543369950326   0.0418879389650785   -0.00506761325302219   0
0.154976855261072   0.53437843350698   0.0252602057075465   0.0278350635566534   0
0.129300805547619   0.515537844093532   -0.0256760497134528   -0.0188405894134476   0
0.113391160201102   0.506006832397111   -0.0159096453465169   -0.00953101169642157   0
0.0932054305954873   0.526280240076635   -0.0201857296056149   0.0202734076795246   0
0.10477605832937   0.547165430401038   0.0115706277338832   0.0208851903244032   0
0.146406718434075   0.57148212900898   0.0416306601047041   0.0243166986079422   0
0.198185515785139   0.587739725263913   0.0517787973510645   0.0162575962549326   0
0.199821268357855   0.578476179648259   0.00163575257271595   -0.00926354561565412   0
0.193544966837646   0.586375252295516   -0.00627630152020922   0.00789907264725731   0
0.19972682828891   0.596968358884697   0.00618186145126373   0.0105931065891812   0
0.163484495889098   0.590558937733027   -0.0362423323998111   -0.0064094211516702   0
0.154863731701822   0.580009069829803   -0.00862076418727661   -0.0105498679032247   0
0.187782737248089   0.60106678443776   0.0329190055462675   0.021057714607957   0
0.209590395390004   0.699703095035181   0.0218076581419151   0.0986363105974215   0
0.238493449225981   0.551644672559554   0.0289030538359766   -0.148058422475628   0
0.197936684270772   0.605841096095981   -0.0405567649552085   0.0541964235364278   0
0.17736595761282   0.604922053246749   -0.0205707266579521   -0.000919042849232499   0
0.189897823676386   0.599998306987633   0.0125318660635659   -0.00492374625911551   0
0.161972918164208   0.566621821190308   -0.0279249055121783   -0.0333764857973252   0
