1.0896114e-14   1.92592995e-32   0   0   0
0.194909554843255   0.154966875612737   0.194909554843244   0.154966875612737   0
0.257372391892337   0.182517065390888   0.0624628370490827   0.0275501897781519   0
0.581213047439497   0.329891716211153   0.323840655547159   0.147374650820265   0
0.324526617467233   0.222410428600295   -0.256686429972264   -0.107481287610858   0
0.361280016961193   0.215264987219381   0.0367533994939606   -0.00714544138091372   0
0.337862501238626   0.217712703249487   -0.0234175157225678   0.00244771603010593   0
0.68047368055666   0.251929356323697   0.342611179318034   0.0342166530742098   0
0.738999779243437   0.282179539097929   0.0585260986867778   0.0302501827742323   0
0.73478559595528   0.330982174064451   -0.00421418328815726   0.0488026349665212   0
0.871819020273487   0.360196281343266   0.137033424318207   0.0292141072788155   0
0.993308928667635   0.5713355568822   0.121489908394148   0.211139275538934   0
0.830448312410821   0.357874118992627   -0.162860616256815   -0.213461437889572   0
0.858517353825195   0.339940508040329   0.0280690414143743   -0.0179336109522979   0
0.934029702635476   0.437051555110173   0.0755123488102808   0.0971110470698431   0
0.92047017312351   0.374324535348349   -0.0135595295119658   -0.0627270197618233   0
0.990291192050406   0.35400792184303   0.0698210189268956   -0.020316613505319   0
1.06955973218098   0.362412260277851   0.0792685401305745   0.00840433843482036   0
1.13580071659151   0.339683684965552   0.0662409844105301   -0.0227285753122984   0
1.36208390386807   0.45368379890464   0.226283187276562   0.114000113939088   0
1.30691477143148   0.44986296028123   -0.0551691324365919   -0.00382083862341082   0
1.10682470188446   0.202364815199392   -0.20009006954702   -0.247498145081838   0
1.33262345409045   0.287108026867879   0.225798752205991   0.0847432116684877   0
1.4039303696772   0.29546264896803   0.0713069155867525   0.00835462210015098   0
1.41220521152278   0.262956588272758   0.00827484184557359   -0.0325060606952726   0
1.7885286262987   0.357250367013981   0.37632341477592   0.0942937787412236   0
2.15230744633492   0.604477644005595   0.363778820036223   0.247227276991614   0
2.02436936977913   0.551642371867102   -0.127938076555786   -0.0528352721384934   0
1.57635235215649   0.537482902298523   -0.448017017622641   -0.0141594695685788   0
1.58741087471189   0.568806674531538   0.0110585225553943   0.0313237722330147   0
1.61678625744105   0.575982828581933   0.0293753827291623   0.00717615405039507   0
1.5766221905031   0.477218488098949   -0.0401640669379475   -0.098764340482984   0
1.55269508944594   0.499777810219676   -0.0239271010571613   0.0225593221207266   0
1.23177576667839   0.679071589670913   -0.320919322767547   0.179293779451237   0
1.17653063051663   0.609792657727358   -0.0552451361617601   -0.0692789319435552   0
1.28570147731844   0.600076360349623   0.109170846801806   -0.00971629737773438   0
1.16665993036083   0.612133824044324   -0.119041546957612   0.0120574636947003   0
1.15153848463869   0.576337016654592   -0.0151214457221389   -0.0357968073897315   0
1.26556700615428   0.60011456881872   0.114028521515586   0.0237775521641282   0
1.29019179724299   0.539273343510797   0.0246247910887174   -0.0608412253079236   0
1.27226562702983   0.528081154198182   -0.0179261702131586   -0.0111921893126146   0
1.50465149932772   0.69245755413263   0.232385872297884   0.164376399934448   0
1.34825808406518   0.668930788964249   -0.15639341526254   -0.0235267651683813   0
1.37689290770163   0.677828171005392   0.0286348236364571   0.00889738204114254   0
1.24165440079443   0.672659455354806   -0.13523850690721   -0.00516871565058563   0
1.12394391782272   0.590869947410092   -0.11771048297171   -0.0817895079447136   0
1.15433325602976   0.628777725138043   0.0303893382070406   0.037907777727951   0
1.19294801871001   0.693788160088592   0.0386147626802558   0.0650104349505484   0
1.21388425335788   0.677086777344257   0.020936234647867   -0.0167013827443344   0
1.23969568048514   0.678680726641569   0.0258114271272605   0.00159394929731216   0
1.20702430512541   0.651392521349969   -0.0326713753597272   -0.0272882052916004   0
1.26701014673679   0.646797255337569   0.059985841611373   -0.00459526601240046   0
1.27147048854516   0.68568673073473   0.00446034180837129   0.0388894753971615   0
1.32923697165773   0.679204300582955   0.0577664831125742   -0.00648243015177541   0
1.45386347349282   0.682408543868855   0.12462650183509   0.00320424328590074   0
1.38553629342751   0.665628274438974   -0.0683271800653074   -0.0167802694298813   0
1.35199402790335   0.670776670808102   -0.0335422655241628   0.00514839636912823   0
1.29513386633116   0.681577036180341   -0.0568601615721944   0.0108003653722383   0
1.48589106178547   0.693554747114109   0.19075719545431   0.011977710933768   0
1.39905144215053   0.712476776924434   -0.0868396196349344   0.018922029810325   0
1.51630540819955   0.804182834208048   0.117253966049021   0.091706057283614   0
1.38691426545907   0.84391314741757   -0.129391142740482   0.0397303132095226   0
1.38201349130087   0.883266005811764   -0.00490077415820123   0.039352858394194   0
1.41967669227226   0.858992392312099   0.037663200971392   -0.0242736134996651   0
1.19546945354574   0.872830018292508   -0.224207238726518   0.0138376259804088   0
1.34374643671049   0.815146018152496   0.148276983164747   -0.0576840001400115   0
1.420697592408   0.803745779501679   0.0769511556975071   -0.011400238650817   0
1.459605016845   0.721305891157129   0.0389074244370009   -0.082439888344551   0
1.58284078920229   1.28126119432537   0.123235772357292   0.559955303168241   0
1.48341395607216   1.15057341836025   -0.09942683313013   -0.130687775965122   0
1.68240032148765   1.07483752843311   0.198986365415492   -0.0757358899271359   0
1.65400507315408   0.938940600845562   -0.0283952483335761   -0.13589692758755   0
1.37134411799349   0.838048562300792   -0.282660955160585   -0.10089203854477   0
