0   0   0   0   0
0.0265713701782688   0.0148788144926024   0.0265713701782688   0.0148788144926024   0
0.0315562011798326   0.0190887962391189   0.00498483100156382   0.00420998174651657   0
0.024842823077803   0.0282585037882082   -0.00671337810202962   0.00916970754908929   0
0.026332686071505   0.0367917396742048   0.00148986299370204   0.00853323588599655   0
0.0236149177370358   0.0104032527209727   -0.00271776833446926   -0.026388486953232   0
0.0107983532737445   0.0203186466981303   -0.0128165644632913   0.00991539397715758   0
0.0155446603755771   0.014010727601351   0.00474630710183265   -0.00630791909677928   0
0.0341161409865252   0.0112636266428727   0.0185714806109481   -0.00274710095847833   0
0.0300526030790021   0.0303350101742757   -0.00406353790752314   0.019071383531403   0
0.0489317976469451   0.0450210525529259   0.018879194567943   0.0146860423786502   0
0.0497720059137675   0.0383689542092187   0.000840208266822393   -0.00665209834370718   0
0.0440954740892993   0.024461857473719   -0.00567653182446818   -0.0139070967354997   0
0.044412499641697   0.0145058223500975   0.000317025552397716   -0.00995603512362154   0
0.032707273499212   0.0288174622322632   -0.011705226142485   0.0143116398821657   0
0.0250101078672583   0.0433589278280496   -0.00769716563195376   0.0145414655957864   0
0.0227580812375902   0.0358688238487617   -0.00225202662966808   -0.00749010397928788   0
0.0351435651805609   0.0342336797661591   0.0123854839429707   -0.00163514408260256   0
0.0283333562261565   0.0287760100698086   -0.00681020895440436   -0.00545766969635047   0
0.0468723732169444   0.0295770351969989   0.0185390169907879   0.000801025127190293   0
0.0446626871491273   0.0275238081729921   -0.002209686067817   -0.00205322702400681   0
0.0300234636425224   0.0335526697951848   -0.014639223506605   0.00602886162219271   0
0.0339942386659186   0.0421286011597802   0.00397077502339624   0.00857593136459534   0
0.0973060809077144   0.0741664080454751   0.0633118422417958   0.0320378068856949   0
0.0706222998237162   0.0642231689631812   -0.0266837810839982   -0.00994323908229387   0
0.0426373074426144   0.0468021407672716   -0.0279849923811018   -0.0174210281959096   0
0.0367476067838749   0.012830522707471   -0.00588970065873947   -0.0339716180598006   0
0.0727898082916251   0.0837156802767079   0.0360422015077502   0.0708851575692369   0
0.0920295481038355   0.0734396816416686   0.0192397398122103   -0.0102759986350393   0
0.0545787707168412   0.0475315277632396   -0.0374507773869942   -0.025908153878429   0
0.068468255898945   0.0596136465005746   0.0138894851821038   0.012082118737335   0
0.0613864827138757   0.0520786653425013   -0.00708177318506929   -0.00753498115807333   0
0.068957471164476   0.0603499400168088   0.00757098845060025   0.00827127467430751   0
0.0810223131663055   0.0673327327739526   0.0120648420018296   0.00698279275714381   0
0.159753244124966   0.126685244037292   0.0787309309586606   0.0593525112633394   0
0.161404666375147   0.126747955016091   0.0016514222501807   6.27109787990077e-05   0
0.173408274219783   0.172765381838691   0.0120036078446362   0.0460174268226001   0
0.1928657721484   0.157667437277751   0.0194574979286172   -0.0150979445609401   0
0.2040848463612   0.173243646045404   0.0112190742128   0.0155762087676525   0
0.178389085535922   0.175834943781283   -0.0256957608252781   0.00259129773587943   0
0.174126029770124   0.179288037674136   -0.00426305576579775   0.00345309389285292   0
0.176003996874626   0.154252456555505   0.00187796710450125   -0.0250355811186309   0
0.180550478153152   0.168271592014064   0.00454648127852605   0.0140191354585591   0
0.140064730760562   0.166210294937372   -0.0404857473925901   -0.00206129707669225   0
0.167821187132601   0.147901913825744   0.0277564563720394   -0.0183083811116278   0
0.180307016142223   0.150578223942954   0.0124858290096216   0.00267631011720987   0
0.159792768144397   0.162098775122755   -0.0205142479978258   0.0115205511798014   0
0.171519186373046   0.164433964736487   0.0117264182286488   0.00233518961373169   0
0.202638717422807   0.173092301500563   0.0311195310497618   0.00865833676407596   0
0.202142050734412   0.198402504314735   -0.000496666688395209   0.0253102028141719   0
0.20180703884221   0.187506210789637   -0.000335011892202003   -0.0108962935250981   0
0.176675548147394   0.182329144807536   -0.0251314906948156   -0.00517706598210041   0
0.226324788458472   0.198040398588125   0.0496492403110774   0.0157112537805882   0
0.226966366609956   0.198625368879505   0.000641578151484051   0.000584970291380299   0
0.204215106798289   0.226635034205494   -0.0227512598116665   0.028009665325989   0
0.250243480098412   0.244288509986565   0.0460283733001228   0.0176534757810714   0
0.147965011771321   0.248882079748944   -0.102278468327091   0.00459356976237857   0
0.263256995368206   0.298823748341868   0.115291983596885   0.0499416685929242   0
0.218779937519031   0.273630258895414   -0.044477057849175   -0.0251934894464536   0
0.239050348025856   0.275666901868899   0.0202704105068255   0.00203664297348422   0
0.297141735420431   0.3003747583554   0.0580913873945751   0.0247078564865012   0
0.247416435450797   0.306245563112489   -0.049725299969634   0.00587080475708951   0
