0   0   0   0   0
0.0383151297522558   0.0249387848180517   0.0383151297522558   0.0249387848180517   0
0.0711699941151532   0.0543337232183873   0.0328548643628973   0.0293949384003356   0
0.0775079292710246   0.0665149385937581   0.00633793515587142   0.0121812153753708   0
0.117961813453285   0.0949749720219341   0.0404538841822607   0.028460033428176   0
0.101219883232334   0.0866521262793649   -0.0167419302209511   -0.00832284574256918   0
0.129025874497457   0.113984864973994   0.0278059912651229   0.0273327386946287   0
0.11961907295476   0.0911108574260127   -0.00940680154269705   -0.022874007547981   0
0.107037759097816   0.0918472000547715   -0.0125813138569438   0.000736342628758796   0
0.0920805914976212   0.0819822060546724   -0.0149571676001951   -0.00986499400009912   0
0.159925541260125   0.112463637038963   0.0678449497625041   0.0304814309842908   0
0.116217899551241   0.100637958710908   -0.0437076417088846   -0.0118256783280555   0
0.0972228458934215   0.0995909355690045   -0.0189950536578191   -0.00104702314190314   0
0.137964908700178   0.128968373146327   0.040742062806756   0.0293774375773228   0
0.119048639212442   0.117150708935348   -0.0189162694877354   -0.0118176642109798   0
0.138979811736585   0.150017091776064   0.0199311725241431   0.032866382840716   0
0.161343953605408   0.172462092150662   0.0223641418688229   0.0224450003745982   0
0.211130155581801   0.187602629566646   0.0497862019763923   0.015140537415984   0
0.216555174151351   0.193116672263899   0.00542501856955083   0.00551404269725292   0
0.266002536717865   0.234443658069153   0.0494473625665137   0.0413269858052548   0
0.258697579235172   0.227948683620376   -0.0073049574826935   -0.00649497444877767   0
0.249604115991981   0.239511493648234   -0.00909346324319074   0.0115628100278579   0
0.288626371740083   0.27580366991075   0.0390222557481027   0.036292176262516   0
0.284414099594511   0.304681322355367   -0.00421227214557252   0.0288776524446169   0
0.316661963822422   0.323935539673664   0.0322478642279108   0.019254217318297   0
0.340086298108215   0.327981323902779   0.0234243342857937   0.00404578422911528   0
0.388140514350647   0.361783604088898   0.0480542162424313   0.0338022801861192   0
0.362943685134072   0.35477053340196   -0.0251968292165747   -0.00701307068693824   0
0.358116713893857   0.352971629339736   -0.00482697124021519   -0.00179890406222422   0
0.405478717740361   0.38021810000041   0.0473620038465047   0.0272464706606744   0
0.394154562374278   0.380847708578056   -0.011324155366083   0.000629608577645657   0
0.39432459528533   0.433765559812599   0.000170032911051887   0.0529178512345428   0
0.430010876878015   0.455249435730421   0.0356862815926842   0.0214838759178222   0
0.417738699494463   0.452341577303736   -0.0122721773835517   -0.00290785842668478   0
0.420445356868071   0.456768860180206   0.00270665737360865   0.00442728287646954   0
0.439824153487821   0.477216514756669   0.0193787966197497   0.0204476545764629   0
0.438759851091708   0.458282582317949   -0.00106430239611338   -0.0189339324387191   0
0.421385982726374   0.448580544365461   -0.0173738683653341   -0.0097020379524882   0
0.457346320492195   0.475237264743196   0.0359603377658208   0.0266567203777349   0
0.458914585977247   0.459171369209994   0.00156826548505296   -0.0160658955332022   0
0.444526667802453   0.469676158894909   -0.0143879181747949   0.0105047896849154   0
0.453746515707411   0.486949948430172   0.00921984790495872   0.017273789535263   0
0.468138912727884   0.500798418350109   0.0143923970204726   0.0138484699199363   0
0.476017291716739   0.509370419043496   0.00787837898885463   0.00857200069338693   0
0.478225263464198   0.524597802052508   0.00220797174745979   0.0152273830090125   0
0.485978914656571   0.52212587420246   0.00775365119237309   -0.00247192785004846   0
0.505859224314631   0.542480732669797   0.0198803096580599   0.0203548584673379   0
0.472363683803983   0.540488078303778   -0.033495540510648   -0.00199265436601903   0
0.483652012975117   0.552766596562557   0.011288329171134   0.0122785182587783   0
0.490183271381467   0.536731011588597   0.00653125840634922   -0.0160355849739595   0
0.485685325367505   0.549144810906517   -0.00449794601396125   0.0124137993179196   0
0.492657478604663   0.560981852769057   0.00697215323715744   0.0118370418625398   0
0.535954777416571   0.581738916325393   0.0432972988119085   0.0207570635563359   0
0.531422393354368   0.576605349399423   -0.00453238406220369   -0.00513356692596989   0
0.515206991341437   0.573576146951986   -0.0162154020129306   -0.00302920244743665   0
0.537544060112716   0.60461635288131   0.0223370687712787   0.0310402059293242   0
0.534074632056746   0.590459724774181   -0.00346942805596995   -0.0141566281071291   0
0.510896473361657   0.584192711472161   -0.0231781586950884   -0.00626701330202029   0
0.513927547963716   0.58553691081837   0.00303107460205843   0.001344199346209   0
0.514930636246874   0.600710619847602   0.00100308828315854   0.0151737090292325   0
0.530796355172834   0.630097208991266   0.0158657189259593   0.0293865891436633   0
0.531082202075874   0.601503165666089   0.000285846903040565   -0.0285940433251768   0
0.538885127927017   0.624183196070002   0.00780292585114262   0.0226800304039128   0
0.57815133368442   0.630974946706415   0.0392662057574035   0.00679175063641302   0
0.53091678995401   0.594354651179588   -0.0472345437304105   -0.036620295526827   0
0.547128596501443   0.604167017485806   0.0162118065474336   0.00981236630621873   0
0.559232157588845   0.580946181102809   0.0121035610874018   -0.0232208363829973   0
0.555393770079626   0.600089020886627   -0.00383838750921928   0.0191428397838181   0
0.585479442492892   0.646859786378279   0.0300856724132664   0.0467707654916522   0
0.595521636950949   0.655046143985753   0.0100421944580562   0.00818635760747355   0
0.579593946063386   0.637706396572271   -0.0159276908875627   -0.017339747413482   0
0.598378689854672   0.679456817689484   0.0187847437912864   0.0417504211172131   0
0.598811839467075   0.668160559257275   0.000433149612402595   -0.0112962584322088   0
0.564666816738759   0.637049630071047   -0.034145022728316   -0.0311109291862286   0
0.58952582231066   0.649385656078812   0.0248590055719008   0.0123360260077651   0
0.566082098564336   0.625853926661348   -0.0234437237463241   -0.0235317294174632   0
0.645261854676821   0.709489712523864   0.0791797561124853   0.0836357858625159   0
0.639022375021608   0.657139715169039   -0.00623947965521254   -0.0523499973548257   0
0.624873582811623   0.674968361454177   -0.0141487922099853   0.0178286462851386   0
