0   0   0   0   0
0.126620076567812   0.160834365385318   0.126620076567812   0.160834365385318   0
0.160580784691948   0.1387805294059   0.0339607081241363   -0.0220538359794184   0
0.132528041521441   0.157830900714725   -0.0280527431705072   0.0190503713088256   0
0.109954274658355   0.186150546652408   -0.0225737668630863   0.0283196459376825   0
0.133352709003454   0.179274276379967   0.0233984343450992   -0.0068762702724412   0
0.117071225809368   0.205602426503558   -0.0162814831940859   0.026328150123591   0
0.116730491016457   0.162999828484416   -0.000340734792910885   -0.0426025980191421   0
0.244023066630464   0.294358133643262   0.127292575614007   0.131358305158847   0
0.220702001335601   0.301625467061469   -0.0233210652948632   0.0072673334182064   0
0.162417539151003   0.25411130636056   -0.0582844621845972   -0.0475141607009084   0
0.165314760863376   0.241974774353826   0.00289722171237303   -0.0121365320067346   0
0.141937542329611   0.247971963523044   -0.0233772185337655   0.00599718916921796   0
0.154290078590809   0.262474551128552   0.0123525362611977   0.0145025876055086   0
0.188947691790934   0.330951975592629   0.0346576132001256   0.0684774244640765   0
0.183991986691478   0.35273324100485   -0.0049557050994565   0.0217812654122209   0
0.238660972431335   0.383518637382157   0.0546689857398577   0.0307853963773072   0
0.29606591005015   0.518434359095303   0.0574049376188143   0.134915721713146   0
0.232416379972667   0.472753239097314   -0.0636495300774826   -0.0456811199979886   0
0.28718306738881   0.522369530416516   0.0547666874161428   0.0496162913192019   0
0.299416363712116   0.541955442334203   0.0122332963233067   0.0195859119176874   0
0.352215350113936   0.54940526028248   0.0527989864018198   0.00744981794827693   0
0.311231938024223   0.574930748154726   -0.0409834120897128   0.025525487872246   0
0.358047043270267   0.601709424612598   0.0468151052460433   0.0267786764578715   0
0.391901326910817   0.711753103426824   0.0338542836405499   0.110043678814226   0
0.342310835159221   0.736743007818814   -0.049590491751596   0.0249899043919906   0
0.325741482947277   0.745209456970457   -0.0165693522119437   0.00846644915164263   0
0.400220187572667   0.798344365792483   0.0744787046253902   0.0531349088220259   0
0.425644186439185   0.831352532329689   0.0254239988665176   0.0330081665372061   0
0.417172771576403   0.838229527861383   -0.00847141486278141   0.00687699553169452   0
0.419712328429742   0.871243069304371   0.00253955685333856   0.0330135414429882   0
0.35178895396781   0.813503323282264   -0.0679233744619316   -0.0577397460221071   0
0.327278425344988   0.702121027549037   -0.0245105286228225   -0.111382295733227   0
0.281579508474219   0.703011921621601   -0.0456989168707688   0.00089089407256393   0
0.335828745615132   0.778176988296391   0.0542492371409127   0.0751650666747906   0
0.292599134440292   0.729461465685096   -0.0432296111748392   -0.0487155226112954   0
0.305576111473813   0.742107883725118   0.0129769770335201   0.0126464180400215   0
0.301695599858386   0.729663157078554   -0.00388051161542685   -0.0124447266465633   0
0.318895656596461   0.73181819140633   0.0172000567380752   0.00215503432777575   0
0.3286011202252   0.762363893331556   0.00970546362873953   0.0305457019252261   0
0.283019623724419   0.758638999617967   -0.0455814965007817   -0.00372489371358908   0
0.298874749543371   0.786692677742996   0.0158551258189521   0.0280536781250287   0
0.291617622026464   0.746460115245279   -0.0072571275169066   -0.0402325624977169   0
0.348977168626658   0.791776806437069   0.057359546600194   0.0453166911917903   0
0.354362776646512   0.849623093496884   0.00538560801985355   0.0578462870598148   0
0.355802250209786   0.879644879406899   0.00143947356327417   0.0300217859100148   0
0.351704414301699   0.900522445702233   -0.0040978359080871   0.0208775662953348   0
0.413733315045918   0.945432345003731   0.0620289007442194   0.0449098993014972   0
0.430340057136336   0.958996653260622   0.0166067420904179   0.0135643082568917   0
0.45834645609275   0.97912147028237   0.0280063989564138   0.0201248170217472   0
0.386212405118206   0.97167111946621   -0.0721340509745441   -0.00745035081615963   0
0.439509300903488   1.00524812256893   0.0532968957852826   0.0335770031027234   0
0.433508516515244   0.959872974616523   -0.00600078438824447   -0.0453751479524104   0
0.43225411656453   0.956418621983471   -0.00125439995071436   -0.00345435263305172   0
0.480452210457044   0.999139176007464   0.0481980938925148   0.0427205540239926   0
0.469264384738963   1.01883822823373   -0.0111878257180813   0.0196990522262631   0
0.47637610919779   1.03354362721785   0.0071117244588273   0.0147053989841248   0
0.567271163457185   1.12362701890121   0.0908950542593948   0.0900833916833588   0
0.559810299743326   1.11778564064502   -0.0074608637138589   -0.00584137825618769   0
0.522440033259064   1.14124304120726   -0.0373702664842628   0.023457400562233   0
0.537214604409318   1.13678466633331   0.0147745711502547   -0.0044583748739413   0
0.675027850255233   1.22660606376655   0.137813245845915   0.0898213974332351   0
0.618377800624481   1.21251655767277   -0.0566500496307528   -0.014089506093784   0
0.321436170881173   0.611057284594094   -0.296941629743307   -0.601459273078672   0
1.173327080049   0.861341315786815   0.851890909167829   0.250284031192721   0
0.854508788753983   0.772213127737591   -0.318818291295019   -0.0891281880492242   0
0.748971292208051   0.56484048797904   -0.105537496545931   -0.207372639758551   0
0.672363751366098   0.448987815286507   -0.0766075408419535   -0.115852672692533   0
0.630330026700327   0.413178884127212   -0.0420337246657713   -0.0358089311592955   0
0.595800378316161   0.346014993864917   -0.0345296483841652   -0.0671638902622949   0
0.492760268623495   0.250137179172062   -0.103040109692666   -0.0958778146928546   0
0.438874666344179   0.182792552346784   -0.0538856022793164   -0.0673446268252786   0
0.495576626381977   0.196922497157373   0.0567019600377979   0.014129944810589   0
0.546431313450155   0.251811383600721   0.0508546870681784   0.0548888864433482   0
