0   0   0   0   0
0.0606046414420121   0.111078323130313   0.0606046414420121   0.111078323130313   0
0.164504564443267   0.0718401301081115   0.103899923001255   -0.039238193022201   0
0.28292216399509   0.0959406255011196   0.118417599551823   0.0241004953930081   0
0.247686787682251   0.128666345181107   -0.0352353763128394   0.0327257196799871   0
0.343855643741186   0.111757253004005   0.0961688560589346   -0.0169090921771013   0
0.633149560897468   0.279891478431651   0.289293917156282   0.168134225427646   0
0.531265230981811   0.273469876349569   -0.101884329915657   -0.00642160208208259   0
0.469870586207453   0.226114857118025   -0.0613946447743584   -0.0473550192315432   0
0.509994183238365   0.21393493769847   0.0401235970309126   -0.0121799194195551   0
0.635472262897624   0.299906458019991   0.125478079659259   0.0859715203215212   0
0.61445735658532   0.272536707228009   -0.021014906312305   -0.0273697507919823   0
0.746040792657325   0.334291354555574   0.131583436072006   0.0617546473275647   0
0.874528205476738   0.400906405211112   0.128487412819413   0.0666150506555382   0
0.840878943802043   0.423780772660384   -0.0336492616746948   0.0228743674492724   0
0.842662228224774   0.460494525512371   0.00178328442273101   0.0367137528519869   0
1.00843248154338   0.463142112755062   0.16577025331861   0.00264758724269099   0
0.798225665834899   0.393188486482833   -0.210206815708486   -0.0699536262722296   0
0.66837335175952   0.325429089987315   -0.129852314075379   -0.0677593964955174   0
0.789276453002428   0.474533029445258   0.120903101242907   0.149103939457943   0
0.725564119393192   0.379552622324427   -0.0637123336092353   -0.0949804071208308   0
0.745411165033281   0.372885874298983   0.0198470456400891   -0.00666674802544404   0
0.843118790593416   0.394723754463583   0.0977076255601345   0.0218378801645995   0
0.673013304747614   0.312899293033085   -0.170105485845802   -0.0818244614304977   0
0.631493599917703   0.355249519388406   -0.0415197048299101   0.0423502263553208   0
0.74819828405379   0.367114396354836   0.116704684136087   0.0118648769664306   0
0.674539697778429   0.316331321841329   -0.0736585862753617   -0.0507830745135077   0
0.751326125229781   0.40921997430334   0.076786427451352   0.0928886524620116   0
0.849619555153921   0.370779659628325   0.0982934299241401   -0.0384403146750147   0
0.817206017854365   0.376049287343892   -0.0324135372995562   0.00526962771556627   0
0.795278188063784   0.377157374159234   -0.0219278297905803   0.00110808681534263   0
0.655224325367423   0.367260191237705   -0.140053862696362   -0.00989718292152936   0
0.527361434103317   0.320425838525496   -0.127862891264106   -0.0468343527122086   0
0.633863329494583   0.333599218201517   0.106501895391266   0.0131733796760206   0
0.977640379751016   0.277800148513167   0.343777050256433   -0.0557990696883502   0
0.603131455020922   0.223031720063137   -0.374508924730095   -0.0547684284500298   0
0.715406079955275   0.201041076299736   0.112274624934353   -0.0219906437634012   0
0.676198136127617   0.245310558748936   -0.0392079438276577   0.0442694824492001   0
0.718707451522864   0.265283161826111   0.0425093153952467   0.0199726030771748   0
0.777060311742927   0.262842201983123   0.0583528602200631   -0.00244095984298731   0
0.744412788870285   0.296673884438713   -0.0326475228726425   0.0338316824555895   0
0.769471456841525   0.27397961732254   0.0250586679712399   -0.022694267116173   0
0.776002340256648   0.282185115773114   0.00653088341512331   0.00820549845057461   0
0.772833204218861   0.283734729319059   -0.00316913603778723   0.00154961354594452   0
0.794927157769562   0.318198357088768   0.0220939535507012   0.0344636277697088   0
0.809235345180485   0.365642672786799   0.0143081874109227   0.0474443156980315   0
0.88813212210878   0.376685083628762   0.0788967769282952   0.0110424108419623   0
0.807948352264229   0.386846974683281   -0.0801837698445509   0.0101618910545195   0
0.895096500294235   0.366550548323332   0.0871481480300061   -0.0202964263599487   0
0.843589389732223   0.367097822401121   -0.0515071105620121   0.000547274077788151   0
0.799607316606396   0.393263580063132   -0.043982073125827   0.0261657576620117   0
0.88637739127635   0.37389816270454   0.0867700746699543   -0.0193654173585923   0
0.642591381673895   0.412636851715726   -0.243786009602455   0.0387386890111865   0
0.70304298472153   0.424703230853656   0.0604516030476352   0.0120663791379292   0
0.647897990257765   0.482337257040485   -0.0551449944637651   0.0576340261868289   0
0.755198014747915   0.460341196475907   0.10730002449015   -0.0219960605645775   0
0.80444215063018   0.448370983803454   0.0492441358822656   -0.0119702126724536   0
0.753393898362266   0.462229749796942   -0.0510482522679143   0.0138587659934888   0
0.851568680795541   0.457355398300434   0.0981747824332747   -0.004874351496508   0
0.912397547238221   0.517535103330994   0.0608288664426797   0.0601797050305593   0
0.907340183562963   0.487899814137976   -0.00505736367525722   -0.0296352891930181   0
0.918257429822584   0.504171476348252   0.0109172462596209   0.0162716622102761   0
0.942227979236783   0.495582609634038   0.0239705494141991   -0.00858886671421322   0
0.902873901242449   0.461818665731166   -0.0393540779943345   -0.0337639439028729   0
0.868449486517131   0.431816060507995   -0.0344244147253177   -0.0300026052231704   0
0.811683239836796   0.493759479429409   -0.0567662466803353   0.0619434189214142   0
0.866628153068357   0.525775601667342   0.0549449132315614   0.032016122237933   0
0.838159397365113   0.526488304559239   -0.0284687557032446   0.000712702891897066   0
0.839215707991614   0.496073109840758   0.00105631062650124   -0.030415194718481   0
0.870264302173048   0.449854500517597   0.031048594181434   -0.0462186093231617   0
0.860556631265406   0.45647944565526   -0.00970767090764169   0.00662494513766365   0
0.858168260750264   0.448018715436247   -0.00238837051514218   -0.0084607302190135   0
0.786802017795648   0.479774233409964   -0.0713662429546158   0.0317555179737168   0
0.994795532950274   0.420236409826905   0.207993515154626   -0.0595378235830588   0
1.11038405725392   0.497427874840254   0.115588524303646   0.0771914650133487   0
0.977010373282424   0.528775136372269   -0.133373683971496   0.031347261532015   0
1.00854895895784   0.44564892769551   0.0315385856754177   -0.083126208676759   0
0.995300610324099   0.543218270502146   -0.0132483486337425   0.0975693428066365   0
0.999369532435384   0.574949744590597   0.00406892211128429   0.0317314740884505   0
0.956340463495747   0.694750227423949   -0.0430290689396362   0.119800482833353   0
