0   0   0   0   0
0.0946683767118025   0.0349128010145936   0.0946683767118025   0.0349128010145936   0
0.0161453526202494   0.0916632143727238   -0.0785230240915531   0.0567504133581301   0
0.0223371914884271   0.138164492699123   0.00619183886817774   0.0465012783263997   0
0.0885003454510038   0.0308645434087328   0.0661631539625766   -0.107299949290391   0
0.190168591913579   0.150214881642384   0.101668246462575   0.119350338233651   0
0.155801457664356   0.0756908307250229   -0.0343671342492232   -0.0745240509173607   0
0.131804132367121   0.0484595075998256   -0.0239973252972354   -0.0272313231251973   0
0.140472781465248   0.079903563899767   0.00866864909812762   0.0314440562999414   0
0.188257230086773   0.0756470765044399   0.0477844486215249   -0.00425648739532715   0
0.203094844744686   0.0962442770230546   0.0148376146579128   0.0205972005186147   0
0.180044769920358   0.0723345301747766   -0.0230500748243277   -0.023909746848278   0
0.212815519461175   0.0709244927608215   0.0327707495408163   -0.00141003741395512   0
0.223570216553548   0.104524495462382   0.0107546970923732   0.0336000027015602   0
0.219644282792819   0.0984949904791719   -0.00392593376072892   -0.00602950498320975   0
0.185217007086152   0.0911359518198602   -0.0344272757066666   -0.00735903865931174   0
0.187884104984693   0.10525953345586   0.00266709789854108   0.0141235816359996   0
0.18324905720835   0.102223290183324   -0.00463504777634335   -0.00303624327253621   0
0.187911736670125   0.11803627448414   0.00466267946177501   0.0158129843008168   0
0.181461261936817   0.126026759807115   -0.00645047473330834   0.00799048532297501   0
0.174138168895028   0.105766995718841   -0.00732309304178846   -0.0202597640882741   0
0.154690947968297   0.0979687115185949   -0.0194472209267312   -0.00779828420024631   0
0.12710675402497   0.0877402461135546   -0.0275841939433267   -0.0102284654050403   0
0.100609274721343   0.0687501083308496   -0.0264974793036277   -0.018990137782705   0
0.117057560618713   0.0764930098422989   0.0164482858973705   0.00774290151144927   0
0.105467270960894   0.0743323382923746   -0.0115902896578186   -0.00216067154992425   0
0.10962483392322   0.0739506970648006   0.00415756296232538   -0.000381641227573989   0
0.113005325289949   0.0787470923376269   0.00338049136672942   0.00479639527282626   0
0.106436327710539   0.0815970669822552   -0.00656899757940996   0.0028499746446283   0
0.120673622523125   0.0840682801850036   0.014237294812586   0.00247121320274839   0
0.12624382127452   0.0853132714110791   0.00557019875139428   0.00124499122607551   0
0.125899665397057   0.0766019892120179   -0.000344155877462698   -0.00871128219906117   0
0.103850536628492   0.0776784407936473   -0.0220491287685654   0.00107645158162942   0
0.114361570449791   0.0758529843270642   0.0105110338212996   -0.00182545646658316   0
0.169612463399788   0.0796393456853075   0.0552508929499964   0.00378636135824331   0
0.182021287453871   0.0843489072647241   0.0124088240540839   0.00470956157941659   0
0.160469498638181   0.101311732553131   -0.02155178881569   0.0169628252884073   0
0.160752368663832   0.113362238037806   0.000282870025650667   0.012050505484675   0
0.190716737326645   0.106690507424208   0.0299643686628129   -0.00667173061359878   0
0.235446597931943   0.0800708468281431   0.0447298606052979   -0.0266196605960645   0
0.269020752664228   0.0785330672182206   0.0335741547322851   -0.00153777960992246   0
0.263252898825775   0.0833208914758799   -0.00576785383845319   0.00478782425765931   0
0.229320313128928   0.073688337279142   -0.0339325856968465   -0.00963255419673785   0
0.240842691559858   0.0774438365588575   0.0115223784309294   0.00375549927971548   0
0.190246786545893   0.0965148601726711   -0.0505959050139647   0.0190710236138136   0
0.210110786164426   0.0869731594753181   0.0198639996185328   -0.00954170069735299   0
0.238125959867102   0.0768755107255368   0.0280151737026768   -0.0100976487497813   0
0.247599989717154   0.0776473871161709   0.0094740298500515   0.000771876390634141   0
0.265927398209501   0.0850264756436341   0.0183274084923468   0.0073790885274632   0
0.262609304634224   0.117689221993653   -0.00331809357527674   0.032662746350019   0
0.218638416571656   0.0588107987773562   -0.0439708880625682   -0.0588784232162969   0
0.152079159998418   0.0523902306529636   -0.0665592565732381   -0.00642056812439259   0
0.148198754911309   0.0406194743613819   -0.00388040508710905   -0.0117707562915817   0
0.144391684614552   0.0701965400301183   -0.003807070296757   0.0295770656687363   0
0.111976948584137   0.0780775267212458   -0.0324147360304149   0.00788098669112754   0
0.14191327182096   0.0957903343292723   0.029936323236823   0.0177128076080265   0
0.186929087591205   0.0897884787333216   0.0450158157702451   -0.00600185559595068   0
0.232553175886873   0.0827047632359191   0.045624088295668   -0.00708371549740251   0
0.203617899785472   0.0779445102325904   -0.0289352761014009   -0.0047602530033287   0
0.211110020580669   0.0864856536730225   0.00749212079519734   0.00854114344043212   0
0.221011100048766   0.132287518247796   0.00990107946809693   0.0458018645747737   0
0.239089808550998   0.153103213009923   0.0180787085022323   0.0208156947621269   0
0.284498351580698   0.18348334043784   0.0454085430296991   0.0303801274279168   0
0.166525702245288   0.139314292596557   -0.117972649335409   -0.0441690478412826   0
0.0349837652786573   0.133566895803893   -0.131541936966631   -0.00574739679266401   0
0.0628062276144433   0.12539936872615   0.027822462335786   -0.00816752707774368   0
0.104743688857372   0.108589679918146   0.0419374612429291   -0.0168096888080033   0
0.210768020480275   0.109604446514459   0.106024331622903   0.00101476659631229   0
0.114792952429156   0.0939659338072204   -0.0959750680511193   -0.0156385127072383   0
0.0644983028989026   0.107730850374939   -0.0502946495302534   0.0137649165677185   0
0.092198707837061   0.201854112544606   0.0277004049381585   0.0941232621696674   0
