0   0   0   0   0
0.0834687351190631   0.0358576433734021   0.0834687351190631   0.0358576433734021   0
0.102267887502502   0.0810023128465365   0.0187991523834385   0.0451446694731344   0
0.172601941702077   0.169553840719829   0.070334054199575   0.0885515278732925   0
2.77672670319264   2.27333806719332   2.60412476149057   2.10378422647349   1
1.47146530211327   1.26901329529288   -1.30526140107938   -1.00432477190044   1
1.26533266563534   1.10256428819863   -0.206132636477926   -0.166449007094256   0
1.27906292661063   1.17586740808743   0.0137302609752854   0.073303119888807   0
1.05932003777615   0.999216670697362   -0.219742888834474   -0.176650737390071   0
1.07590470452311   1.06160011809971   0.0165846667469585   0.0623834474023499   0
0.956198962999064   0.970578865167683   -0.119705741524046   -0.0910212529320292   0
0.811899507151808   0.898043774365461   -0.144299455847256   -0.0725350908022214   0
0.796536841020167   0.871905552854611   -0.0153626661316417   -0.0261382215108502   0
0.690639679518395   0.772788144974478   -0.105897161501771   -0.0991174078801326   0
0.657183279866152   0.763361015663786   -0.0334563996522438   -0.00942712931069256   0
0.455733101941157   0.53202183562311   -0.201450177924994   -0.231339180040676   0
0.440798233688761   0.578354037145345   -0.0149348682523961   0.0463322015222343   0
0.406740315128965   0.535779805419266   -0.034057918559796   -0.0425742317260785   0
3.45264286495715   3.27038640722445   3.04590254982818   2.73460660180518   1
3.29661404698995   3.13202878708857   -0.156028817967195   -0.138357620135882   0
2.82305720414398   2.65906696198407   -0.473556842845969   -0.4729618251045   0
2.61513544843592   2.37034905411112   -0.207921755708058   -0.288717907872946   0
2.3713771077061   2.22275820449135   -0.243758340729829   -0.147590849619767   0
2.35417043767551   2.17313499016257   -0.0172066700305868   -0.0496232143287876   0
1.99819156296541   1.88182142130289   -0.355978874710098   -0.291313568859678   0
1.95893033319132   1.87810206464323   -0.0392612297740944   -0.00371935665965695   0
1.97345169227762   1.86397103296614   0.0145213590863036   -0.014131031677094   0
1.84553779703321   1.79314363155202   -0.127913895244411   -0.0708274014141217   0
1.80111775222906   1.73618463663335   -0.0444200448041479   -0.0569589949186637   0
1.93074112617977   1.81573807555247   0.12962337395071   0.0795534389191128   0
3.16954150492302   2.91300635294704   1.23880037874325   1.09726827739458   1
2.53803638419678   2.26588956743457   -0.631505120726239   -0.647116785512476   0
2.32946495857063   2.15328249440189   -0.208571425626153   -0.112607073032679   0
2.36921630122202   2.11375273366785   0.0397513426513916   -0.0395297607340357   0
2.29465082505156   2.10736744021257   -0.0745654761704566   -0.00638529345528172   0
2.22461591376404   2.12101049025194   -0.0700349112875207   0.0136430500393736   0
2.12262012412307   1.9864317888543   -0.101995789640975   -0.134578701397649   0
2.0772559428739   1.83380365996401   -0.0453641812491647   -0.152628128890288   0
2.06006894161203   1.83912936287468   -0.0171870012618722   0.00532570291067413   0
2.0427530954995   1.92756157894687   -0.0173158461125293   0.0884322160721864   0
2.00072622229317   1.8679446184588   -0.0420268732063294   -0.0596169604880687   0
2.03004995317842   1.80232547956561   0.0293237308852472   -0.0656191388931928   0
2.01960607370465   1.79194560761487   -0.010443879473772   -0.0103798719507346   0
1.97979813610798   1.76430231827292   -0.0398079375966669   -0.0276432893419485   0
1.94329932021713   1.72730188714309   -0.0364988158908495   -0.037000431129834   0
2.06415287732442   1.73849875210776   0.120853557107286   0.0111968649646723   0
2.49425190196196   2.05361872291649   0.430099024637547   0.315119970808731   0
2.05058072600139   1.80503489982565   -0.443671175960578   -0.248583823090847   0
2.14763428984186   1.89097884262944   0.0970535638404777   0.0859439428037965   0
2.07867699717888   1.79975002835036   -0.0689572926629878   -0.0912288142790809   0
1.95898680053202   1.69211554412273   -0.119690196646852   -0.107634484227633   0
2.0334992366737   1.79581500808189   0.0745124361416742   0.103699463959166   0
2.14687420375811   1.82658229635929   0.113374967084407   0.0307672882773953   0
2.07303119732119   1.81480858314405   -0.0738430064369169   -0.0117737132152351   0
2.08171031057363   1.80325641598474   0.00867911325244419   -0.01155216715931   0
1.98305328917387   1.66428612206418   -0.0986570213997653   -0.138970293920563   0
1.78884984904063   1.49107219473544   -0.194203440133237   -0.173213927328743   0
1.84696385667215   1.62898544622892   0.0581140076315199   0.137913251493477   0
1.8092421109209   1.65123994047208   -0.0377217457512489   0.0222544942431664   0
2.2202626400645   1.94160924474576   0.4110205291436   0.290369304273679   0
3.10641618144541   2.78788135870395   0.886153541380911   0.846272113958188   0
2.54834306276508   2.33046908448057   -0.558073118680336   -0.457412274223381   0
2.55632740879927   2.26592552445921   0.00798434603418974   -0.0645435600213564   0
2.35445339180272   2.21564436221169   -0.201874016996551   -0.0502811622475239   0
2.34936431995113   2.10601671374982   -0.00508907185158236   -0.109627648461871   0
2.41893416428213   2.06779165766866   0.0695698443309936   -0.0382250560811599   0
2.48522021021791   2.1094266957819   0.0662860459357808   0.041635038113244   0
2.3576665129262   2.11836342252518   -0.12755369729171   0.00893672674327384   0
2.1970600939421   2.00082031700845   -0.160606418984103   -0.117543105516722   0
2.03006057699988   1.88029092744367   -0.166999516942215   -0.120529389564788   0
1.94898078562114   1.81041572543357   -0.0810797913787371   -0.0698752020100961   0
1.75935807503266   1.81553884225126   -0.189622710588482   0.00512311681768729   0
1.61209630274534   1.72428941150704   -0.147261772287325   -0.0912494307442204   0
