0   0   0   0   0
0.0204643132041026   0.0216174671254425   0.0204643132041026   0.0216174671254425   0
0.0218688803603268   0.0296537836561588   0.00140456715622421   0.00803631653071636   0
0.0345709734309668   0.0423998999724614   0.01270209307064   0.0127461163163025   0
0.0490148229551305   0.0476859473630383   0.0144438495241637   0.00528604739057695   0
0.0571986786102675   0.0454185840708769   0.00818385565513702   -0.00226736329216146   0
0.063540924928297   0.0384072992261918   0.00634224631802946   -0.00701128484468501   0
0.0351112349647119   0.0568070769165996   -0.0284296899635851   0.0183997776904077   0
0.0643268834068582   0.0532630443626126   0.0292156484421462   -0.00354403255398698   0
0.0861140332893626   0.0478060027108781   0.0217871498825044   -0.00545704165173448   0
0.0956856633021647   0.0502302282295389   0.00957163001280216   0.00242422551866082   0
0.0992459225899204   0.0481209926894029   0.00356025928775563   -0.00210923554013601   0
0.139916175334859   0.0498974601709584   0.0406702527449389   0.00177646748155551   0
0.162192082666473   0.0539155349436256   0.0222759073316139   0.00401807477266716   0
0.166184333374073   0.0688769041697011   0.00399225070759954   0.0149613692260755   0
0.143400914061219   0.0895417778615358   -0.0227834193128542   0.0206648736918347   0
0.166241089264653   0.0914630402736083   0.0228401752034341   0.00192126241207249   0
0.134527047890785   0.0993252395472099   -0.0317140413738676   0.0078621992736016   0
0.141766461106788   0.0923046986761483   0.00723941321600297   -0.00702054087106159   0
0.124813013441007   0.086037881259095   -0.0169534476657814   -0.0062668174170533   0
0.129676510761826   0.10972673668506   0.00486349732081942   0.0236888554259652   0
0.128732315900597   0.0924343517233593   -0.000944194861228681   -0.0172923849617009   0
0.126144949896806   0.0970442726271182   -0.00258736600379114   0.00460992090375895   0
0.135392333505186   0.0889814438311647   0.00924738360837973   -0.00806282879595351   0
0.135732267349639   0.123540416779302   0.000339933844452522   0.0345589729481371   0
0.1175675895102   0.0967754654891528   -0.0181646778394389   -0.0267649512901491   0
0.123155314411331   0.0944920610369571   0.00558772490113187   -0.00228340445219563   0
0.127217723673171   0.0839545844541288   0.00406240926183993   -0.0105374765828283   0
0.121744497651001   0.0884980021139346   -0.0054732260221709   0.0045434176598058   0
0.166352180367979   0.108459444797811   0.044607682716978   0.0199614426838761   0
0.158852059695253   0.116156453634777   -0.00750012067272579   0.00769700883696633   0
0.137851268065623   0.126359303551772   -0.0210007916296302   0.0102028499169952   0
0.167974667937947   0.11165794912837   0.0301233998723246   -0.0147013544234022   0
0.161340415197195   0.12818112995373   -0.00663425274075188   0.0165231808253602   0
0.166960812396368   0.112915353811535   0.00562039719917257   -0.0152657761421954   0
0.181210873646171   0.120827607193958   0.0142500612498035   0.00791225338242359   0
0.18810486095314   0.135698082901855   0.00689398730696872   0.0148704757078964   0
0.178630099205744   0.130770176628011   -0.00947476174739581   -0.00492790627384418   0
0.160794674428509   0.136181235790439   -0.0178354247772348   0.00541105916242823   0
0.149282965574737   0.146390081961321   -0.0115117088537728   0.0102088461708817   0
0.191308968585511   0.131526874025913   0.0420260030107742   -0.0148632079354081   0
0.219056923133892   0.137465940702464   0.0277479545483808   0.00593906667655161   0
0.220586581732329   0.121678501696599   0.00152965859843712   -0.0157874390058647   0
0.214092215265585   0.138222465091706   -0.00649436646674398   0.0165439633951067   0
0.210742669693809   0.140832598628864   -0.00334954557177528   0.0026101335371575   0
0.258759122811505   0.162146690377931   0.0480164531176961   0.0213140917490674   0
0.270181190494342   0.151287835788946   0.0114220676828368   -0.0108588545889848   0
0.280819734949923   0.160491605122632   0.0106385444555805   0.00920376933368586   0
0.264131828548918   0.149753554611879   -0.016687906401005   -0.0107380505107534   0
0.235442279115217   0.160836958556043   -0.0286895494337008   0.0110834039441647   0
0.232083641777874   0.149090122228395   -0.00335863733734279   -0.0117468363276484   0
0.23177890170585   0.145211324493437   -0.000304740072024329   -0.00387879773495844   0
0.256726055285867   0.148700018086572   0.0249471535800169   0.0034886935931355   0
0.278153598536603   0.155322859949701   0.0214275432507362   0.00662284186312848   0
0.286239911091772   0.153841566892278   0.00808631255516917   -0.00148129305742226   0
0.286118746514776   0.165909664120189   -0.000121164576995736   0.0120680972279112   0
0.326659340769998   0.162409972114302   0.0405405942552218   -0.00349969200588784   0
0.320779766035063   0.153941912492199   -0.00587957473493517   -0.00846805962210312   0
0.340187199761511   0.163512424426948   0.0194074337264482   0.009570511934749   0
0.35920796297249   0.191488996241244   0.0190207632109789   0.0279765718142964   0
0.353274955959524   0.193711195420826   -0.00593300701296617   0.00222219917958186   0
0.378267349569503   0.202664184792886   0.0249923936099788   0.00895298937205977   0
0.390347005715454   0.209361406021628   0.0120796561459514   0.00669722122874269   0
0.3965020256089   0.221021765940531   0.00615501989344558   0.0116603599189032   0
0.344689590553485   0.226236627561583   -0.0518124350554147   0.0052148616210512   0
0.367005584775456   0.22530136801827   0.0223159942219713   -0.000935259543312111   0
0.390272343571489   0.227142565102272   0.0232667587960323   0.00184119708400121   0
0.329869653859972   0.207055456683711   -0.0604026897115167   -0.0200871084185609   0
0.328190401070071   0.262622667777181   -0.00167925278990061   0.0555672110934702   0
0.331494665646721   0.348738674787418   0.00330426457664984   0.086116007010237   0
0.313443233395616   0.294238546283305   -0.0180514322511049   -0.0545001285041128   0
0.259130334326512   0.277685803323985   -0.0543128990691044   -0.0165527429593205   0
0.294849739139108   0.249768008661773   0.0357194048125963   -0.0279177946622121   0
0.324006937825894   0.294414254548484   0.0291571986867861   0.044646245886711   0
0.329469291834373   0.320674083154329   0.00546235400847872   0.0262598286058452   0
