0   0   0   0   0
0.0619675485344139   0.0505382938849162   0.0619675485344139   0.0505382938849162   0
0.275339810477489   0.0906559998952367   0.213372261943075   0.0401177060103205   0
0.380590801705488   0.107068447245371   0.105250991227999   0.0164124473501344   0
0.286800383190519   0.145166869448726   -0.0937904185149691   0.0380984222033549   0
0.272736552061206   0.181942916642574   -0.0140638311293127   0.0367760471938477   0
0.299775086726676   0.214698608950712   0.0270385346654697   0.0327556923081386   0
0.354298761550429   0.240893460519948   0.0545236748237535   0.0261948515692356   0
0.389756859429934   0.361343978730982   0.035458097879505   0.120450518211034   0
0.464817754870586   0.440799332581277   0.0750608954406524   0.0794553538502952   0
0.458125291677772   0.461650514233264   -0.00669246319281397   0.0208511816519867   0
0.458750233579612   0.482181271867145   0.000624941901839982   0.0205307576338811   0
0.479276213207468   0.495941024994065   0.0205259796278557   0.0137597531269202   0
0.445701415386886   0.516788576940373   -0.0335747978205817   0.0208475519463076   0
0.595517925972851   0.463582340565059   0.149816510585965   -0.0532062363753135   0
0.598522440575209   0.465898419566561   0.00300451460235784   0.00231607900150127   0
0.639609824390158   0.450520767359615   0.0410873838149488   -0.0153776522069458   0
0.729550678163425   0.44512061805838   0.089940853773267   -0.00540014930123445   0
0.826239063745515   0.506233942837062   0.09668838558209   0.0611133247786814   0
0.772113504855251   0.504372882957608   -0.0541255588902638   -0.00186105987945417   0
0.813415489216479   0.518101530417785   0.0413019843612276   0.0137286474601778   0
0.82059325895621   0.529898542821705   0.00717776973973117   0.0117970124039195   0
0.735429544612096   0.458631378147911   -0.0851637143441135   -0.0712671646737941   0
0.713021596422193   0.441352454237381   -0.0224079481899037   -0.0172789239105301   0
0.786375708634488   0.460163845633218   0.0733541122122948   0.0188113913958379   0
0.821141251579177   0.490662995206771   0.034765542944689   0.0304991495735521   0
0.811799965812498   0.464009732170555   -0.00934128576667892   -0.0266532630362158   0
0.852214825347104   0.490594259754193   0.0404148595346064   0.0265845275836379   0
0.796820310219803   0.468708814313772   -0.0553945151273006   -0.021885445440421   0
0.866453532545217   0.462838680705124   0.0696332223254134   -0.00587013360864769   0
0.803200933524834   0.426113793974511   -0.0632525990203833   -0.0367248867306127   0
0.810498672438304   0.388961360816671   0.00729773891347085   -0.0371524331578404   0
0.808280584850478   0.412713209603   -0.00221808758782671   0.0237518487863297   0
0.883223496958135   0.471873862085061   0.0749429121076577   0.0591606524820605   0
0.909824611495216   0.44176663943932   0.0266011145370801   -0.030107222645741   0
0.920904636465003   0.427376759590047   0.0110800249697878   -0.0143898798492725   0
0.882418883715687   0.380903273137561   -0.0384857527493163   -0.0464734864524866   0
0.925933884396746   0.473679967058753   0.0435150006810588   0.0927766939211921   0
0.97906981810048   0.462882465067615   0.0531359337037344   -0.0107975019911377   0
0.961698002052633   0.415851933797962   -0.0173718160478471   -0.0470305312696529   0
0.886812114533068   0.373398527276594   -0.0748858875195653   -0.0424534065213687   0
0.920610844740596   0.383136792662526   0.0337987302075282   0.00973826538593264   0
0.907252803796446   0.389648481560835   -0.0133580409441498   0.00651168889830867   0
0.910209487110185   0.388435435234198   0.00295668331373899   -0.00121304632663743   0
0.886333172573981   0.372719873723032   -0.0238763145362043   -0.0157155615111653   0
0.916370180859891   0.383326607895383   0.0300370082859099   0.0106067341723506   0
0.995087424596103   0.412300258003436   0.0787172437362121   0.0289736501080531   0
0.885753312012757   0.381527620023721   -0.109334112583346   -0.0307726379797147   0
0.853684302867414   0.346969975960797   -0.0320690091453427   -0.0345576440629237   0
0.933606170092524   0.340798311896135   0.0799218672251095   -0.00617166406466296   0
0.891938289110775   0.331467138443791   -0.0416678809817487   -0.00933117345234347   0
0.92710391041897   0.325690348693452   0.0351656213081953   -0.00577678975033935   0
1.01528830104867   0.535214472366736   0.0881843906297026   0.209524123673285   0
1.10246693657135   0.659713479788108   0.0871786355226762   0.124499007421371   0
1.03917934188333   0.495659496417868   -0.0632875946880174   -0.164053983370239   0
0.94848961699227   0.383873700430956   -0.0906897248910616   -0.111785795986913   0
0.974327395365615   0.406081925402999   0.0258377783733447   0.0222082249720435   0
1.0143128624084   0.366740164281978   0.0399854670427812   -0.0393417611210207   0
0.918969925424155   0.280519122614499   -0.0953429369842411   -0.0862210416674792   0
0.976048706240347   0.318176044596928   0.0570787808161919   0.0376569219824285   0
0.944612301333649   0.323769303429974   -0.0314364049066977   0.00559325883304607   0
0.869579994704353   0.225487150118275   -0.0750323066292959   -0.098282153311699   0
0.952104698500061   0.328700604628439   0.0825247037957081   0.103213454510164   0
0.949671790267341   0.328550242676541   -0.0024329082327198   -0.00015036195189827   0
0.914483278484875   0.29122669492068   -0.0351885117824664   -0.0373235477558603   0
0.891134465893828   0.299885747904097   -0.023348812591047   0.00865905298341685   0
1.03352433793904   0.378956244934842   0.142389872045209   0.0790704970307448   0
0.987710261443135   0.346531776809296   -0.0458140764959017   -0.0324244681255463   0
0.986850039931777   0.322927626132237   -0.000860221511357451   -0.0236041506770588   0
0.986501983788858   0.29587256536204   -0.00034805614291944   -0.0270550607701973   0
1.01813809468192   0.318383741144989   0.0316361108930661   0.022511175782949   0
0.748878330331835   0.226315863329367   -0.269259764350089   -0.0920678778156213   0
0.838435337514258   0.591454887286175   0.0895570071824234   0.365139023956808   0
1.33321836248058   0.861592903130378   0.494783024966318   0.270138015844202   0
1.11776017987808   1.15491253528704   -0.215458182602495   0.293319632156664   0
0.914354362786952   0.960793109383491   -0.203405817091129   -0.194119425903551   0
0.880582015391907   0.91579690202948   -0.0337723473950454   -0.0449962073540112   0
0.774767930954239   0.945905409982403   -0.105814084437667   0.0301085079529227   0
