0   0   0   0   0
0.0378589991511144   0.0281877907259919   0.0378589991511144   0.0281877907259919   0
0.0295078965629948   0.0365150373995585   -0.00835110258811959   0.00832724667356668   0
0.0243054017701178   0.05804199008104   -0.00520249479287698   0.0215269526814815   0
0.023219874638491   0.0783649838117779   -0.00108552713162685   0.0203229937307379   0
0.0393689085143275   0.0918140774751771   0.0161490338758365   0.0134490936633992   0
0.0530271468536949   0.103318480429764   0.0136582383393674   0.0115044029545866   0
0.0371763917667131   0.0965059694712227   -0.0158507550869818   -0.00681251095854109   0
0.0593043094537929   0.134396323306707   0.0221279176870798   0.0378903538354843   0
0.0333095300351694   0.129421958958881   -0.0259947794186234   -0.00497436434782567   0
0.0365533309311089   0.124635088525963   0.00324380089593942   -0.00478687043291792   0
0.0469244449402301   0.134993736783573   0.0103711140091212   0.01035864825761   0
0.0652437820509517   0.117754726945007   0.0183193371107216   -0.0172390098385664   0
0.0337852437110546   0.123763851685896   -0.0314585383398971   0.00600912474088924   0
0.0176283184733248   0.131312741258891   -0.0161569252377298   0.00754888957299492   0
0.0495187723583379   0.143138925315974   0.0318904538850131   0.0118261840570832   0
0.0403424796260496   0.126962910219376   -0.00917629273228834   -0.0161760150965979   0
0.0673555664519424   0.151599533579802   0.0270130868258928   0.0246366233604259   0
0.0657435947272144   0.151966631216791   -0.00161197172472799   0.000367097636989083   0
0.0591639096850403   0.168479328483903   -0.00657968504217404   0.0165126972671118   0
0.0507150207318723   0.170897444536041   -0.00844888895316798   0.00241811605213765   0
0.0622632875432226   0.174673511267771   0.0115482668113502   0.00377606673173009   0
0.0688638843599935   0.185689978337963   0.00660059681677094   0.0110164670701925   0
0.0522995708923724   0.166629353467193   -0.0165643134676211   -0.01906062487077   0
0.0476415703328465   0.175497356063135   -0.00465800055952591   0.00886800259594214   0
0.0354374291767132   0.199828121558125   -0.0122041411561333   0.0243307654949896   0
0.0487905915189649   0.185732534127753   0.0133531623422517   -0.014095587430372   0
0.0612242666649759   0.196197073431182   0.012433675146011   0.0104645393034289   0
0.046428805616481   0.198641570672426   -0.0147954610484948   0.00244449724124399   0
0.0548240240558052   0.201143338168949   0.0083952184393242   0.0025017674965232   0
0.0420677590228574   0.203169776858741   -0.0127562650329478   0.00202643868979138   0
0.0747228556176171   0.222322672609749   0.0326550965947597   0.0191528957510086   0
0.0428609661926493   0.218835100277515   -0.0318618894249678   -0.00348757233223435   0
0.0551014504846312   0.22297456675042   0.0122404842919819   0.00413946647290536   0
0.0631173707568615   0.223976323495836   0.00801592027223027   0.00100175674541542   0
0.0488487605326847   0.230208246302546   -0.0142686102241768   0.00623192280670998   0
0.0490758001150842   0.23362697923945   0.000227039582399564   0.00341873293690392   0
0.102616259089864   0.253332091843055   0.0535404589747796   0.0197051126036054   0
0.0858418246381486   0.258616952629403   -0.0167744344517152   0.00528486078634816   0
0.0463090864878966   0.243303624560274   -0.039532738150252   -0.0153133280691294   0
0.100128967192955   0.26137591070832   0.0538198807050588   0.018072286148046   0
0.0757733606083983   0.275009488626829   -0.024355606584557   0.0136335779185091   0
0.0872246891993573   0.284108039819048   0.011451328590959   0.00909855119221886   0
0.0422992111681536   0.288071083728688   -0.0449254780312038   0.00396304390964025   0
0.103566519295201   0.279563436390063   0.0612673081270477   -0.00850764733862458   0
0.173063543751266   0.30817403819792   0.069497024456065   0.0286106018078564   0
0.152562369271708   0.300054652408468   -0.020501174479558   -0.00811938578945154   0
0.188022455289608   0.340855632337497   0.0354600860179002   0.0408009799290288   0
0.185801208466018   0.33338847394407   -0.00222124682359034   -0.0074671583934266   0
0.171459437687032   0.32691754525939   -0.014341770778986   -0.00647092868468035   0
0.214995271689147   0.368744895733251   0.0435358340021151   0.0418273504738608   0
0.177811012360302   0.326929386351868   -0.037184259328845   -0.0418155093813829   0
0.177875989994162   0.331386950338073   6.49776338600416e-05   0.00445756398620478   0
0.1903005562193   0.376568320982521   0.012424566225138   0.0451813706444484   0
0.211150735511507   0.392867374706015   0.0208501792922068   0.0162990537234935   0
0.242929689829385   0.419540809845989   0.0317789543178783   0.0266734351399747   0
0.258453782139602   0.381530084656459   0.0155240923102171   -0.0380107251895307   0
0.241802786730391   0.382069494306072   -0.0166509954092111   0.000539409649613576   0
0.25085237028534   0.424660239853405   0.00904958355494878   0.0425907455473332   0
0.192292037641366   0.410165036604639   -0.0585603326439738   -0.0144952032487661   0
0.250331831784809   0.455439451416198   0.0580397941434429   0.0452744148115585   0
0.239075548980472   0.417259666445441   -0.0112562828043369   -0.0381797849707567   0
0.213652751836763   0.4253639482073   -0.0254227971437092   0.00810428176185879   0
0.204633219830361   0.440051050096474   -0.00901953200640179   0.0146871018891744   0
0.19783208051438   0.449236901132399   -0.00680113931598095   0.00918585103592484   0
0.182841700306209   0.445889896128946   -0.0149903802081716   -0.00334700500345281   0
0.213493267103013   0.43783113218086   0.0306515667968041   -0.00805876394808663   0
0.21681222392946   0.444840992767716   0.00331895682644703   0.00700986058685676   0
0.200481292966708   0.443727476072283   -0.0163309309627517   -0.00111351669543314   0
0.120377167224161   0.427171697360271   -0.080104125742547   -0.016555778712012   0
0.167537600817652   0.432969973208501   0.047160433593491   0.00579827584822945   0
0.152827429944633   0.438877504135158   -0.0147101708730191   0.00590753092665719   0
0.134846091420796   0.454858280542707   -0.0179813385238368   0.0159807764075492   0
0.162581642332528   0.494269696749148   0.0277355509117318   0.039411416206441   0
