4.0798689e-16   0   0   0   0
0.0681605765665916   0.096323184620642   0.0681605765665912   0.096323184620642   0
0.0543884396632346   0.0520958002406592   -0.013772136903357   -0.0442273843799829   0
0.0475430563639797   0.0417090594371646   -0.00684538329925492   -0.0103867408034946   0
0.0339412165014341   0.123481571073325   -0.0136018398625456   0.0817725116361604   0
0.0896980727365374   0.166787199701207   0.0557568562351033   0.043305628627882   0
0.0863219427914954   0.179468588663455   -0.00337612994504195   0.0126813889622477   0
0.133329945259135   0.194157501648183   0.0470080024676399   0.0146889129847283   0
0.117413746683641   0.184937254298956   -0.0159161985754948   -0.00922024734922647   0
0.0944129883000789   0.196024412187327   -0.0230007583835617   0.0110871578883709   0
0.151271852800762   0.271180787265626   0.0568588645006833   0.0751563750782984   0
0.141855884555231   0.265746189133155   -0.00941596824553159   -0.00543459813247082   0
0.181718303251447   0.261698602407441   0.0398624186962164   -0.00404758672571404   0
0.182364889988159   0.291020135603375   0.000646586736712113   0.0293215331959337   0
0.181983573995452   0.286165060888807   -0.00038131599270666   -0.00485507471456798   0
0.20119126202985   0.283773655313365   0.0192076880343973   -0.00239140557544154   0
0.0877139724418048   0.177558669291472   -0.113477289588045   -0.106214986021893   0
0.103548563610881   0.182232385316871   0.0158345911690763   0.00467371602539962   0
0.145853752407499   0.201853914907197   0.0423051887966177   0.0196215295903259   0
0.151576964075739   0.19404456449535   0.00572321166823986   -0.00780935041184716   0
0.164766694090006   0.220872234620116   0.0131897300142671   0.0268276701247658   0
0.170732271342205   0.241365548666986   0.00596557725219976   0.0204933140468698   0
0.155107400578365   0.253998645044887   -0.0156248707638409   0.0126330963779009   0
0.145524777760225   0.231885710371078   -0.00958262281813962   -0.0221129346738085   0
0.173089974547119   0.198850552407317   0.0275651967868946   -0.0330351579637611   0
0.104288263079804   0.128099966031905   -0.0688017114673153   -0.0707505863754118   0
0.105770847316137   0.100471099106046   0.00148258423633314   -0.0276288669258593   0
0.124404013350142   0.159335581235356   0.018633166034005   0.0588644821293098   0
0.0984926954839704   0.211461785901217   -0.0259113178661719   0.0521262046658615   0
0.117569036592963   0.181021237558907   0.0190763411089925   -0.0304405483423104   0
0.0987431384976922   0.168391070184454   -0.0188258980952707   -0.0126301673744532   0
0.123941748229502   0.190915312004555   0.0251986097318098   0.0225242418201011   0
0.234201348062501   0.245455980481008   0.110259599832999   0.0545406684764534   0
0.12640392559948   0.142915372829212   -0.107797422463021   -0.102540607651796   0
0.128404029509774   0.0950312114096126   0.00200010391029332   -0.0478841614195993   0
0.185965023309324   0.0576345084778557   0.05756099379955   -0.0373967029317569   0
0.116150894227718   0.0576556592758825   -0.0698141290816052   2.11507980268089e-05   0
0.169557860801377   0.0953935623627912   0.0534069665736584   0.0377379030869087   0
0.191674904943836   0.0965580413190645   0.0221170441424595   0.00116447895627338   0
0.190378810099649   0.116322464000244   -0.00129609484418711   0.0197644226811799   0
0.135597815870473   0.110945540241608   -0.0547809942291763   -0.00537692375863641   0
0.0910210028261821   0.0800869881923239   -0.0445768130442907   -0.0308585520492841   0
0.703197760032776   0.876273180422705   0.612176757206594   0.796186192230381   0
0.788279372651799   0.790931376614713   0.0850816126190229   -0.0853418038079927   0
0.774770706328855   0.752676112859647   -0.0135086663229442   -0.0382552637550659   0
0.714997123937405   0.738626009177032   -0.0597735823914498   -0.0140501036826148   0
0.6668855561207   0.709943095479598   -0.0481115678167051   -0.028682913697434   0
0.607167936777061   0.709266093081997   -0.0597176193436386   -0.000677002397600934   0
0.657667500728684   0.705335539678007   0.0504995639516234   -0.00393055340398962   0
0.674366626044106   0.704067994482008   0.0166991253154212   -0.00126754519599903   0
0.660499077128122   0.712208217056754   -0.0138675489159833   0.00814022257474567   0
0.64462339178398   0.682056435512311   -0.0158756853441426   -0.0301517815444433   0
0.62301775977506   0.591107009159668   -0.02160563200892   -0.0909494263526422   0
0.635498484302467   0.574143445065097   0.0124807245274069   -0.0169635640945712   0
0.607419010861763   0.578572373634003   -0.0280794734407035   0.00442892856890542   0
0.644693311625179   0.585203512546449   0.0372743007634161   0.00663113891244671   0
0.644300092445911   0.577814175508943   -0.000393219179267712   -0.00738933703750644   0
0.619352472954801   0.57199763940274   -0.0249476194911105   -0.00581653610620281   0
0.615377374575806   0.522084712528341   -0.00397509837899546   -0.0499129268743986   0
0.63789820376993   0.519704982653887   0.022520829194124   -0.00237972987445401   0
0.654306587782883   0.502269962475429   0.016408384012953   -0.0174350201784581   0
0.627037869007646   0.517154082470951   -0.0272687187752365   0.0148841199955217   0
0.654011474688403   0.520594818982643   0.0269736056807572   0.00344073651169174   0
0.67071474319438   0.51527678819569   0.0167032685059768   -0.00531803078695292   0
1.24629992605182   1.46916450762522   0.575585182857439   0.953887719429533   0
1.31517922220876   1.60778766968157   0.0688792961569413   0.13862316205635   0
1.26730095937441   1.50850914706724   -0.0478782628343497   -0.0992785226143318   0
1.27206783053195   1.51625019777115   0.00476687115754348   0.00774105070390929   0
1.25646596574749   1.48679701354444   -0.0156018647844638   -0.0294531842267058   0
1.23864715554906   1.47039726686279   -0.017818810198426   -0.0163997466816539   0
1.18632454722039   1.5771935661128   -0.0523226083286734   0.106796299250013   0
1.80901500294646   1.79074086788807   0.62269045572607   0.213547301775263   0
2.53503360937655   1.86597483112565   0.726018606430093   0.0752339632375849   0
1.79453991836991   1.42119644282853   -0.740493691006642   -0.444778388297124   0
0.868150675543013   0.6996460369637   -0.926389242826899   -0.721550405864827   0
0.62663488968711   0.674220847650242   -0.241515785855903   -0.0254251893134583   0
