1.31885226893659e-14   3.8518599e-32   0   0   0
0.0295799640965674   0.0101878448046935   0.0295799640965542   0.0101878448046935   0
0.050258859464645   0.0552972150801875   0.0206788953680776   0.0451093702754941   0
0.158169204674297   0.0779456742548273   0.107910345209652   0.0226484591746398   0
0.183644190988842   0.11053057088791   0.0254749863145453   0.0325848966330826   0
0.0578848232371189   0.105044288748875   -0.125759367751723   -0.00548628213903489   0
0.0786507112951646   0.0901885988098136   0.0207658880580456   -0.0148556899390614   0
0.129018419558173   0.114567195904021   0.0503677082630084   0.0243785970942072   0
0.0383349091437282   0.0711315966938142   -0.0906835104144447   -0.0434355992102066   0
0.0634155423318147   0.059125443489744   0.0250806331880865   -0.0120061532040702   0
0.113414831598435   0.100011748765742   0.0499992892666207   0.0408863052759977   0
0.0580157534706521   0.0884640450941221   -0.0553990781277834   -0.0115477036716196   0
0.0496018257383697   0.0765567899766907   -0.00841392773228244   -0.0119072551174314   0
0.087263585829648   0.121560470602387   0.0376617600912783   0.0450036806256961   0
0.0764769327736165   0.105638279868886   -0.0107866530560315   -0.015922190733501   0
0.0304719377575416   0.0880169189464039   -0.0460049950160749   -0.0176213609224818   0
0.0412382832403249   0.100990484822644   0.0107663454827832   0.0129735658762397   0
0.327635715098428   0.331846144930986   0.286397431858103   0.230855660108342   0
0.143743014296849   0.242326962844782   -0.183892700801579   -0.0895191820862036   0
0.0246017873571675   0.179384752559314   -0.119141226939682   -0.0629422102854682   0
0.0635541007371744   0.152243493295425   0.0389523133800069   -0.0271412592638888   0
0.0712818586917931   0.16142278392459   0.00772775795461875   0.00917929062916478   0
0.0510947154995806   0.160553693548013   -0.0201871431922125   -0.000869090376576537   0
0.0447242279604595   0.162179873690372   -0.00637048753912114   0.0016261801423581   0
0.0431278592463586   0.201094248929689   -0.0015963687141009   0.0389143752393176   0
0.0694980764331158   0.158541338113656   0.0263702171867572   -0.0425529108160327   0
0.0261093201321971   0.200177698096643   -0.0433887563009187   0.0416363599829869   0
0.0169389011311053   0.196626408417687   -0.00917041900109179   -0.00355128967895593   0
0.0707466750778707   0.188039314814684   0.0538077739467655   -0.00858709360300394   0
0.0420747637433651   0.194979051330021   -0.0286719113345056   0.00693973651533758   0
0.0202083356725087   0.170915530935377   -0.0218664280708565   -0.0240635203946438   0
0.015904426992059   0.166656490133078   -0.00430390868044965   -0.00425904080229969   0
0.0447200634609256   0.192042203738345   0.0288156364688666   0.0253857136052675   0
0.0728580860812197   0.173838137367873   0.0281380226202941   -0.018204066370472   0
0.0313073932614389   0.180254822567779   -0.0415506928197808   0.00641668519990546   0
0.0638717390286543   0.173998135789364   0.0325643457672154   -0.00625668677841446   0
0.0344640589741807   0.177087579015249   -0.0294076800544736   0.00308944322588467   0
0.0282906739532461   0.181043425197256   -0.00617338502093467   0.00395584618200692   0
0.111857033176159   0.152741555721479   0.0835663592229133   -0.0283018694757765   0
0.0805563150140124   0.156863949846122   -0.031300718162147   0.00412239412464283   0
0.0495500253805963   0.158862405974476   -0.0310062896334161   0.00199845612835384   0
0.0254667336230007   0.155372855726802   -0.0240832917575956   -0.00348955024767422   0
0.0499039283435902   0.182559599142019   0.0244371947205895   0.027186743415217   0
0.0909521275425981   0.169220134722203   0.0410481991990079   -0.0133394644198157   0
0.0457769349557258   0.18152145024518   -0.0451751925868723   0.012301315522977   0
0.0547642555203474   0.182919903819459   0.0089873205646216   0.00139845357427884   0
0.0563220184529508   0.206418590309057   0.00155776293260339   0.0234986864895985   0
0.027489259005742   0.214070432495686   -0.0288327594472088   0.0076518421866284   0
0.0383105073526247   0.196558159360542   0.0108212483468827   -0.0175122731351435   0
0.118689188137626   0.186990964686331   0.0803786807850016   -0.00956719467421133   0
0.0862685288191287   0.208642875105326   -0.0324206593184976   0.0216519104189946   0
0.0450681606395672   0.20074847192718   -0.0412003681795615   -0.00789440317814541   0
0.0981883510546493   0.21536491116347   0.0531201904150821   0.0146164392362898   0
0.0532946361004414   0.220060580402048   -0.0448937149542079   0.00469566923857836   0
0.019258276969815   0.187032082429966   -0.0340363591306264   -0.0330284979720825   0
0.0836896010859506   0.153969723865754   0.0644313241161356   -0.0330623585642116   0
0.0478131168134228   0.188344062209862   -0.0358764842725278   0.0343743383441077   0
0.0811501855565104   0.207748833623014   0.0333370687430875   0.0194047714131523   0
0.0389761916054709   0.201116001176445   -0.0421739939510395   -0.00663283244656901   0
0.0918687846261312   0.19050124033259   0.0528925930206603   -0.010614760843855   0
0.0336711050383323   0.206423265333127   -0.0581976795877989   0.0159220250005366   0
0.05022803207024   0.22059888485623   0.0165569270319077   0.0141756195231035   0
0.105552867992861   0.280672428018741   0.0553248359226208   0.0600735431625112   0
0.0682339090505541   0.283583287230781   -0.0373189589423067   0.00291085921203976   0
0.0335247471813608   0.231856667882515   -0.0347091618691933   -0.0517266193482664   0
0.0402097831718897   0.241497100839074   0.00668503599052896   0.00964043295655909   0
0.049097378629064   0.251333849351389   0.00888759545717424   0.00983674851231478   0
0.100858462987328   0.291733729981722   0.0517610843582639   0.0403998806303332   0
0.0707266758721844   0.34722778740897   -0.0301317871151434   0.0554940574272478   0
0.0585283862081685   0.34378817515882   -0.0121982896640159   -0.0034396122501496   0
0.0717403497415326   0.31441956764149   0.0132119635333641   -0.0293686075173302   0
0.043722409845727   0.330073246073289   -0.0280179398958056   0.0156536784317985   0
0.207439355750766   0.303164196495585   0.163716945905039   -0.0269090495777038   0
0.517023640694133   1.11895057843978   0.309584284943367   0.815786381944194   0
0.994073136144209   1.0552651427545   0.477049495450076   -0.0636854356852834   0
0.850278281391248   1.73667565224993   -0.143794854752961   0.681410509495439   0
0.657469915214113   2.88949257957706   -0.192808366177135   1.15281692732713   1
