0   0   0   0   0
0.0210193094862711   0.0213812522491989   0.0210193094862711   0.0213812522491989   0
0.0830887245164151   0.0347015575635166   0.0620694150301439   0.0133203053143177   0
0.111512309370468   0.0626946382758079   0.0284235848540533   0.0279930807122913   0
0.0985080310183912   0.0472590524489613   -0.0130042783520771   -0.0154355858268466   0
0.0854907129059302   0.0466198753754196   -0.013017318112461   -0.000639177073541643   0
0.0838038578656468   0.0746657739095015   -0.0016868550402834   0.0280458985340819   0
0.103719258931258   0.0793997648509727   0.0199154010656112   0.00473399094147121   0
0.124012789678214   0.0693749903100352   0.0202935307469562   -0.0100247745409375   0
0.104444880322252   0.0724774604199633   -0.0195679093559626   0.0031024701099281   0
0.131504700048479   0.0721860526734911   0.0270598197262275   -0.000291407746472183   0
0.138589889650477   0.0776444478977382   0.00708518960199825   0.00545839522424708   0
0.145444894361332   0.0694739270147908   0.00685500471085468   -0.00817052088294738   0
0.167574489259641   0.0782343116665114   0.0221295948983091   0.00876038465172065   0
0.161136964704062   0.062185861435629   -0.00643752455557933   -0.0160484502308824   0
0.150130711084095   0.0767921879441201   -0.0110062536199666   0.014606326508491   0
0.134248324784403   0.0691812934291369   -0.0158823862996922   -0.00761089451498317   0
0.126333244483578   0.07544008422995   -0.00791508030082441   0.0062587908008131   0
0.142510283369257   0.0588554347476651   0.0161770388856789   -0.0165846494822848   0
0.118580425370344   0.0737344471928576   -0.0239298579989132   0.0148790124451925   0
0.122099274922314   0.0644305892792792   0.00351884955196984   -0.00930385791357841   0
0.134934518427591   0.108280431122622   0.0128352435052774   0.0438498418433426   0
0.102803176967917   0.104768710637635   -0.0321313414596744   -0.00351172048498637   0
0.117841719747092   0.0737938823843919   0.0150385427791745   -0.0309748282532436   0
0.122556239910384   0.091992219808526   0.00471452016329224   0.0181983374241341   0
0.126551084692158   0.102549297998777   0.00399484478177389   0.0105570781902511   0
0.134534857473727   0.0906705784576308   0.00798377278156942   -0.0118787195411463   0
0.116491091248397   0.100893327406129   -0.0180437662253302   0.0102227489484979   0
0.122169470545522   0.10529644416136   0.00567837929712468   0.00440311675523083   0
0.129895520689273   0.0992958030297203   0.00772605014375111   -0.00600064113163923   0
0.127865146011782   0.0938551845651875   -0.00203037467749115   -0.00544061846453277   0
0.13708172272357   0.102857426657101   0.00921657671178838   0.00900224209191307   0
0.142329169282072   0.10273369628412   0.00524744655850215   -0.000123730372980968   0
0.149615663024832   0.121388935000318   0.00728649374275964   0.0186552387161979   0
0.158667042172051   0.121201807984455   0.00905137914721973   -0.000187127015862681   0
0.168569575132018   0.122119179754931   0.0099025329599666   0.000917371770476003   0
0.0720347434729855   0.216596552834682   -0.0965348316590326   0.0944773730797516   0
0.087958822740344   0.234858654243337   0.0159240792673585   0.0182621014086548   0
0.130909778103495   0.213458457012159   0.0429509553631506   -0.0214001972311781   0
0.14575669333186   0.202593369119625   0.0148469152283655   -0.010865087892534   0
0.107151666207956   0.243092340483311   -0.0386050271239038   0.0404989713636855   0
0.135693223008801   0.241790350078128   0.0285415568008447   -0.00130199040518233   0
0.119794519057889   0.223148698110221   -0.0158987039509117   -0.0186416519679069   0
0.104283469937753   0.225037625694493   -0.015511049120136   0.00188892758427173   0
0.111213251928336   0.206141001254086   0.00692978199058306   -0.0188966244404075   0
0.117467173795495   0.215036570476669   0.00625392186715835   0.00889556922258347   0
0.135930206388216   0.220930574506334   0.0184630325927216   0.00589400402966514   0
0.154154910542241   0.197782785497579   0.018224704154025   -0.0231477890087552   0
0.201075543869328   0.210567752568238   0.0469206333270867   0.0127849670706585   0
0.201716130193191   0.199241786836411   0.000640586323862713   -0.0113259657318269   0
0.145750177359147   0.223808589852889   -0.0559659528340439   0.0245668030164788   0
0.185422880187191   0.184174847081306   0.0396727028280445   -0.0396337427715831   0
0.170270146656475   0.206067122513257   -0.0151527335307164   0.0218922754319509   0
0.177559939703337   0.191785856344405   0.00728979304686173   -0.0142812661688523   0
0.152071558981778   0.205961124165329   -0.0254883807215591   0.014175267820924   0
0.194393326875746   0.169041850969016   0.0423217678939683   -0.0369192731963129   0
0.192453160436551   0.202528443756387   -0.00194016643919459   0.0334865927873708   0
0.165345948490819   0.223945371958157   -0.0271072119457319   0.0214169282017702   0
0.162667660320558   0.221910102695274   -0.00267828817026142   -0.00203526926288328   0
0.137701690141672   0.239766378398119   -0.0249659701788865   0.0178562757028455   0
0.176077318725478   0.253375536736938   0.0383756285838066   0.0136091583388189   0
0.187471731219744   0.231171241154531   0.0113944124942658   -0.0222042955824071   0
0.175526294224538   0.246174768574345   -0.0119454369952063   0.0150035274198143   0
0.152775850685378   0.23780567200483   -0.0227504435391593   -0.00836909656951523   0
0.160836982310839   0.235455970442007   0.00806113162546054   -0.00234970156282346   0
0.116767834455647   0.276444579611834   -0.0440691478551917   0.0409886091698278   0
0.190225459854364   0.239266634932395   0.0734576253987168   -0.0371779446794395   0
0.142710173944188   0.291581080150838   -0.0475152859101758   0.0523144452184432   0
0.132672012224379   0.297173461396704   -0.010038161719809   0.00559238124586581   0
0.121172789887011   0.260373034679755   -0.0114992223373686   -0.0368004267169492   0
0.0889609342650065   0.25290080765998   -0.0322118556220042   -0.00747222701977429   0
0.0714849204942685   0.276590361794893   -0.017476013770738   0.0236895541349129   0
0.0820419969180018   0.269969617537248   0.0105570764237333   -0.00662074425764564   0
0.0671127685730676   0.27058712430106   -0.0149292283449342   0.00061750676381217   0
