0   0   0   0   0
0.0598787195698764   0.079196338307887   0.0598787195698764   0.079196338307887   0
0.0899190645353179   0.053363143094259   0.0300403449654414   -0.025833195213628   0
0.110921263089916   0.116759059071219   0.0210021985545986   0.0633959159769601   0
0.159922445755319   0.10357128588221   0.0490011826654023   -0.013187773189009   0
0.17191149795442   0.131948971183577   0.0119890521991018   0.0283776853013669   0
0.256437476119119   0.140738474749043   0.0845259781646989   0.00878950356546587   0
0.317652311200135   0.225437897015447   0.0612148350810155   0.0846994222664037   0
0.38591044076274   0.290485576359589   0.0682581295626056   0.0650476793441422   0
0.440504485190951   0.361957765456643   0.0545940444282109   0.0714721890970546   0
0.464561318504566   0.393770692096193   0.0240568333136148   0.0318129266395499   0
0.506050394571263   0.444602870664532   0.0414890760666968   0.0508321785683383   0
0.533978754195602   0.388723394000723   0.0279283596243388   -0.0558794766638086   0
0.548569709985731   0.434101703238703   0.0145909557901294   0.0453783092379797   0
0.593807410657162   0.478575251340226   0.0452377006714306   0.0444735481015229   0
0.629338880188269   0.49356033421629   0.0355314695311073   0.0149850828760648   0
0.557313307115957   0.488748040932578   -0.0720255730723124   -0.00481229328371235   0
0.55105969840409   0.518746492866393   -0.00625360871186642   0.0299984519338153   0
0.529697096116218   0.529356414403584   -0.0213626022878723   0.0106099215371909   0
0.544442695192047   0.562674854825586   0.0147455990758294   0.0333184404220022   0
0.68368869728503   0.603032668417288   0.139246002092983   0.0403578135917017   0
0.658332640924759   0.646539443253746   -0.0253560563602711   0.0435067748364582   0
0.760838886643658   0.694539678688305   0.102506245718898   0.0480002354345583   0
0.700997278100366   0.687961511118791   -0.0598416085432915   -0.00657816756951335   0
0.777174660684257   0.765151853888499   0.0761773825838914   0.0771903427697076   0
0.789280393357118   0.765920158520935   0.0121057326728601   0.000768304632436267   0
0.853627279519689   0.780894790228463   0.0643468861625714   0.0149746317075278   0
0.937316364455814   0.847175810654746   0.0836890849361255   0.0662810204262833   0
0.977026500966001   0.839951172477718   0.0397101365101862   -0.00722463817702834   0
1.00230264584931   0.807234038388312   0.0252761448833079   -0.0327171340894058   0
0.953815361861898   0.778335513882557   -0.048487283987411   -0.0288985245057554   0
0.943276051628491   0.820408789530676   -0.0105393102334066   0.0420732756481196   0
1.05119954035555   0.804258670560011   0.107923488727061   -0.0161501189706651   0
1.09036520930681   0.83827609770371   0.0391656689512609   0.0340174271436987   0
1.01569292028091   0.834236275607797   -0.0746722890259064   -0.0040398220959128   0
1.09680349288412   0.864193679834   0.0811105726032098   0.0299574042262026   0
1.09402971598953   0.811669670213486   -0.00277377689458613   -0.0525240096205134   0
1.07223259675515   0.834274243307468   -0.0217971192343758   0.0226045730939818   0
1.17439858897826   0.83613738299371   0.102165992223107   0.00186313968624208   0
1.15637181143587   0.83729831068663   -0.0180267775423864   0.0011609276929202   0
1.04263932390013   0.820427757480475   -0.113732487535748   -0.0168705532061552   0
1.07036727399906   0.832109168829976   0.0277279500989338   0.0116814113495006   0
1.00614704242639   0.841035510615225   -0.0642202315726721   0.00892634178524909   0
1.03813929729282   0.831598242172184   0.0319922548664282   -0.00943726844304094   0
1.03201269812167   0.799005112730922   -0.006126599171147   -0.0325931294412618   0
1.00425289956634   0.712887473758927   -0.0277597985553295   -0.086117638971995   0
0.988690786769867   0.860483322361026   -0.0155621127964736   0.147595848602099   0
1.01526561594456   0.838631654066525   0.0265748291746888   -0.0218516682945011   0
1.03778096373974   0.823624901527078   0.0225153477951867   -0.0150067525394476   0
1.04359691700461   0.834973707713574   0.00581595326486939   0.0113488061864968   0
1.02217773623447   0.833203020939638   -0.0214191807701387   -0.00177068677393588   0
1.03401833936824   0.819798878110279   0.011840603133765   -0.0134041428293598   0
1.00663148797571   0.852978885738639   -0.0273868513925235   0.0331800076283606   0
1.07453052650818   0.790290116868408   0.0678990385324689   -0.0626887688702311   0
0.93829486313974   0.795529490587929   -0.136235663368444   0.00523937371952099   0
1.01105965328283   0.79722849201928   0.0727647901430869   0.00169900143135071   0
1.00094564731279   0.847243002604779   -0.0101140059700355   0.0500145105854993   0
1.00714050923525   0.810524705035577   0.00619486192246121   -0.0367182975692018   0
1.13383644247848   0.837953695861008   0.126695933243226   0.0274289908254303   0
1.00174822383149   0.796759372718102   -0.13208821864699   -0.0411943231429061   0
0.315223469658712   0.333045754867208   -0.686524754172776   -0.463713617850894   0
0.494400669113672   0.510679509779125   0.17917719945496   0.177633754911917   0
0.614415470844706   0.594815409629496   0.120014801731034   0.0841358998503713   0
0.612202867869615   0.635890193664748   -0.00221260297509129   0.0410747840352522   0
0.578359948595651   0.633002390602275   -0.0338429192739633   -0.00288780306247349   0
0.708000302713347   0.700503452264975   0.129640354117696   0.0675010616627001   0
0.68969321943484   0.800766291877433   -0.0183070832785078   0.100262839612459   0
0.744528868149223   0.855547631351657   0.0548356487143833   0.054781339474224   0
0.768800647139193   0.732133300895918   0.0242717789899705   -0.12341433045574   0
0.74655324868156   0.783212324366707   -0.0222473984576332   0.0510790234707897   0
0.75868511343668   0.798882398628901   0.0121318647551203   0.015670074262194   0
0.764935053210186   0.813512008482381   0.00624993977350563   0.0146296098534801   0
0.778395610675595   0.798784832116212   0.0134605574654093   -0.0147271763661697   0
0.871632129186486   0.817524636500818   0.0932365185108905   0.0187398043846059   0
0.881081003089981   0.908268055249451   0.00944887390349503   0.090743418748633   0
0.540254014970231   0.993191870518871   -0.34082698811975   0.0849238152694201   0
