7.1054274e-15   0   0   0   0
0.0371433726102734   0.0338743575657188   0.0371433726102663   0.0338743575657188   0
0.0794291971696983   0.114779098692541   0.042285824559425   0.0809047411268226   0
0.0769557325717794   0.0975708540610737   -0.00247346459791893   -0.0172082446314677   0
0.0480785898014553   0.0541012174857702   -0.0288771427703241   -0.0434696365753035   0
0.0595758327226264   0.0636203583269904   0.0114972429211711   0.00951914084122014   0
0.0379882157122335   0.0624003883305079   -0.0215876170103929   -0.0012199699964825   0
0.0515154396251033   0.0528633317757108   0.0135272239128698   -0.00953705655479708   0
0.038355273996499   0.0560398834278521   -0.0131601656286043   0.00317655165214132   0
0.0176777533319682   0.0810815359603916   -0.0206775206645308   0.0250416525325395   0
0.0721539062560619   0.129411904368095   0.0544761529240937   0.048330368407703   0
0.0900973300536006   0.157331665637027   0.0179434237975387   0.027919761268932   0
0.105314165447278   0.175664213289354   0.0152168353936772   0.0183325476523274   0
0.121806398434395   0.187502452041493   0.0164922329871169   0.0118382387521391   0
0.131172773790216   0.171909466604592   0.00936637535582113   -0.0155929854369008   0
0.169975074868299   0.188614638845262   0.0388023010780834   0.0167051722406692   0
0.112847799998673   0.188856219782694   -0.0571272748696258   0.000241580937432317   0
0.149219494672041   0.190264600959094   0.0363716946733679   0.00140838117640055   0
0.199231804090972   0.192969455040106   0.0500123094189307   0.00270485408101165   0
0.123904501556256   0.192483472883083   -0.0753273025347162   -0.000485982157023251   0
0.16755050812932   0.22088963363816   0.0436460065730637   0.028406160755077   0
0.177260337611431   0.202158661187032   0.00970982948211174   -0.0187309724511276   0
0.167623861449182   0.221938148724294   -0.00963647616224894   0.019779487537262   0
0.156034529385926   0.236878122727371   -0.0115893320632565   0.0149399740030768   0
0.196659869970523   0.1941852862826   0.0406253405845967   -0.0426928364447708   0
0.186845542260467   0.213383639257155   -0.00981432771005603   0.0191983529745552   0
0.175492349471473   0.245353030854195   -0.011353192788994   0.0319693915970396   0
0.162164753660046   0.2406360059942   -0.0133275958114266   -0.00471702485999467   0
0.222529031456752   0.21590621179451   0.0603642777967064   -0.0247297941996904   0
0.227168026613683   0.232766043515316   0.00463899515693106   0.0168598317208065   0
0.212303441773825   0.24845567321097   -0.0148645848398583   0.0156896296956534   0
0.242191941064597   0.247196457136613   0.0298884992907715   -0.00125921607435636   0
0.239816217655503   0.293481682323549   -0.00237572340909331   0.0462852251869358   0
0.255197960428662   0.320129432226808   0.0153817427731587   0.0266477499032591   0
0.263690566801665   0.327170476068549   0.00849260637300281   0.00704104384174081   0
0.221182206624575   0.345574433880199   -0.0425083601770894   0.0184039578116504   0
0.182994487180039   0.410810766455633   -0.0381877194445367   0.0652363325754333   0
0.183789675588971   0.394789099779206   0.000795188408932279   -0.0160216666764268   0
0.205545458748004   0.406943401945506   0.0217557831590334   0.0121543021663005   0
0.22256873747866   0.388843181197087   0.0170232787306552   -0.0181002207484195   0
0.198512281331463   0.384277940513846   -0.0240564561471971   -0.00456524068324032   0
0.223733237600262   0.299169930514322   0.0252209562687991   -0.0851080099995247   0
0.259499155382153   0.298449414179599   0.0357659177818909   -0.000720516334722421   0
0.236489077110118   0.310228016447354   -0.0230100782720345   0.0117786022677542   0
0.193057144241194   0.349926522687044   -0.0434319328689237   0.0396985062396902   0
0.233358099752141   0.368249973940129   0.0403009555109465   0.0183234512530849   0
0.200640476981367   0.389587098735099   -0.0327176227707734   0.02133712479497   0
0.188909536121162   0.428721673903721   -0.0117309408602054   0.0391345751686221   0
0.200709684974816   0.431347127844221   0.0118001488536536   0.00262545394050029   0
0.198274176811833   0.45647084961802   -0.00243550816298302   0.0251237217737985   0
0.127352776712909   0.539233254564697   -0.0709214000989232   0.0827624049466776   0
0.148562338705111   0.558762940618587   0.021209561992202   0.0195296860538895   0
0.141995472754978   0.560030537071888   -0.00656686595013314   0.00126759645330099   0
0.209009579545746   0.523959526653824   0.0670141067907678   -0.0360710104180636   0
0.199033970816695   0.525232769195908   -0.00997560872905068   0.00127324254208394   0
0.220120823042878   0.493039769135366   0.0210868522261822   -0.0321930000605417   0
0.212221495207919   0.520924587956522   -0.00789932783495875   0.0278848188211559   0
0.268830645372676   0.48686518604463   0.0566091501647577   -0.0340594019118923   0
0.283612186487513   0.496405943983216   0.0147815411148365   0.0095407579385865   0
0.228235732689363   0.525755496951237   -0.0553764537981496   0.0293495529680206   0
0.232032803767154   0.513155338420605   0.00379707107779115   -0.0126001585306319   0
