7.1054274e-15   0   0   0   0
0.0284623110139535   0.0502470858142849   0.0284623110139464   0.0502470858142849   0
0.0178323521640287   0.0572408202327689   -0.0106299588499248   0.00699373441848399   0
0.0442096233120549   0.0747723396249988   0.0263772711480262   0.0175315193922299   0
0.0628233138097831   0.0869049290201489   0.0186136904977282   0.0121325893951501   0
0.0721963184817957   0.0771638775906621   0.00937300467201256   -0.00974105142948674   0
0.0235680958207098   0.0874673842217388   -0.0486282226610859   0.0103035066310766   0
0.0377926025385285   0.0919663364266193   0.0142245067178187   0.00449895220488059   0
0.0333334302093458   0.0786674971086677   -0.00445917232918269   -0.0132988393179516   0
0.0536072597618067   0.0888282424085911   0.0202738295524609   0.0101607452999234   0
0.0287966403760493   0.124509640782438   -0.0248106193857574   0.0356813983738464   0
0.0260364458692856   0.127523091225866   -0.00276019450676367   0.00301345044342867   0
0.0314959387306778   0.150468139069752   0.00545949286139219   0.022945047843886   0
0.0311486362621415   0.167868642136201   -0.000347302468536283   0.0174005030664489   0
0.0516258323881072   0.192464400817433   0.0204771961259657   0.0245957586812319   0
0.00892818026048707   0.171500149034051   -0.0426976521276201   -0.0209642517833823   0
0.0453662174453906   0.110808957336204   0.0364380371849035   -0.0606911916978462   0
0.0742323488032664   0.0960801739867255   0.0288661313578758   -0.0147287833494789   0
0.0122411080183383   0.159318917393626   -0.0619912407849281   0.0632387434069006   0
0.0636799792230333   0.145347927940177   0.051438871204695   -0.013970989453449   0
0.0481764175330689   0.132353934234378   -0.0155035616899644   -0.0129939937057989   0
0.0544078713340961   0.120058590468918   0.00623145380102714   -0.01229534376546   0
0.0868070155072268   0.0926760354515678   0.0323991441731307   -0.0273825550173503   0
0.0187039214984785   0.0724320217259928   -0.0681030940087483   -0.020244013725575   0
0.0593652127609975   0.0807993177036526   0.040661291262519   0.00836729597765971   0
0.0387794103051811   0.106827310865878   -0.0205858024558164   0.0260279931622256   0
0.0213703038743565   0.093923871868905   -0.0174091064308245   -0.0129034389969731   0
0.033871555274154   0.0906236737587201   0.0125012513997975   -0.00330019811018495   0
0.165926915988441   0.125544210286083   0.132055360714287   0.0349205365273629   0
0.0378393645481085   0.0702246216889938   -0.128087551440333   -0.0553195885970892   0
0.059437523437541   0.0509974958644678   0.0215981588894325   -0.019227125824526   0
0.070721280509344   0.0520294647717117   0.011283757071803   0.00103196890724395   0
0.068053770384059   0.0725550947101996   -0.00266751012528504   0.0205256299384879   0
0.0751710956958158   0.0644066649899059   0.00711732531175685   -0.00814842972029364   0
0.0697822105917101   0.0462651453041472   -0.00538888510410571   -0.0181415196857588   0
0.0749463728834075   0.0458236570653441   0.00516416229169739   -0.000441488238803057   0
0.0775930509568114   0.0688819181601271   0.00264667807340394   0.023058261094783   0
0.137685410481743   0.084674351820083   0.0600923595249316   0.0157924336599559   0
0.0696476537276065   0.0993131511823645   -0.0680377567541365   0.0146387993622815   0
0.0987836641443658   0.0735350877687491   0.0291360104167592   -0.0257780634136154   0
0.0948548146512804   0.0596341003783418   -0.00392884949308539   -0.0139009873904073   0
0.106022292165921   0.0561395460588128   0.0111674775146404   -0.00349455431952896   0
0.123825670301593   0.0755616856186673   0.0178033781356717   0.0194221395598544   0
0.172045613790538   0.102608114456155   0.0482199434889456   0.0270464288374874   0
0.129750597484596   0.0773536521779408   -0.0422950163059424   -0.0252544622782139   0
0.218877149850947   0.137571132563225   0.0891265523663511   0.0602174803852839   0
0.240600986598606   0.187487993455747   0.0217238367476589   0.0499168608925226   0
0.225426316830172   0.233922735453286   -0.0151746697684335   0.0464347419975391   0
0.238878914391545   0.274205030835264   0.0134525975613725   0.0402822953819775   0
0.145166626138888   0.116950517852182   -0.0937122882526568   -0.157254512983082   0
0.139138315947716   0.151580838720083   -0.0060283101911725   0.0346303208679017   0
0.129053457386378   0.171279956697969   -0.0100848585613379   0.0196991179778853   0
0.17867314362159   0.194878503880631   0.0496196862352123   0.023598547182662   0
0.126314505755938   0.198904519832378   -0.0523586378656523   0.00402601595174701   0
0.118363814805182   0.2127167400256   -0.00795069095075548   0.0138122201932219   0
0.163957771130884   0.21444964607188   0.0455939563257013   0.00173290604628065   0
0.184597903032277   0.181430492463575   0.020640131901393   -0.0330191536083053   0
0.215210755103889   0.290557026563871   0.0306128520716122   0.109126534100296   0
0.301098641039318   0.337096206274716   0.0858878859354288   0.0465391797108443   0
0.220799865144451   0.256647980722739   -0.0802987758948669   -0.0804482255519766   0
0.226875859897549   0.279353041469677   0.00607599475309781   0.0227050607469378   0
0.460652878495591   1.21484726802709   0.233777018598042   0.935494226557417   0
0.672696750577555   1.72001885028495   0.212043872081964   0.505171582257858   0
0.568977442780234   1.38005531190327   -0.103719307797321   -0.339963538381678   0
0.383080270725244   0.997965383193694   -0.18589717205499   -0.38208992870958   0
0.393819209966106   0.966343759784578   0.0107389392408617   -0.0316216234091156   0
0.445842180241806   1.00455430225311   0.0520229702757005   0.038210542468531   0
0.365332502543623   0.949482576427793   -0.0805096776981832   -0.0550717258253156   0
0.335240038393891   0.906960861851445   -0.0300924641497317   -0.0425217145763479   0
0.310994508775539   0.824882576394498   -0.0242455296183522   -0.082078285456947   0
0.199038362402209   0.796582357710306   -0.11195614637333   -0.0283002186841927   0
0.18186292745756   0.728051172250488   -0.0171754349446489   -0.0685311854598177   0
0.241561580142017   0.694104690396572   0.0596986526844567   -0.0339464818539161   0
0.103315275952743   0.664807980540148   -0.138246304189274   -0.0292967098564234   0
0.496568764238715   0.768093773845755   0.393253488285972   0.103285793305606   0
0.522141142114157   0.753447007400506   0.0255723778754419   -0.0146467664452485   0
0.478914675490005   0.127579336312893   -0.0432264666241523   -0.625867671087613   0
0.533321940037635   0.863984275150928   0.0544072645476301   0.736404938838035   0
0.50933251408117   0.84235911135983   -0.023989425956465   -0.0216251637910971   0
