7.1054274e-15   0   0   0   0
0.0321837338240554   0.0230350067799003   0.0321837338240483   0.0230350067799003   0
0.0500346229830303   0.0155541913120775   0.0178508891589749   -0.00748081546782286   0
0.110915785595793   0.060267933565063   0.0608811626127623   0.0447137422529855   0
0.182774489140956   0.126647481465043   0.0718587035451631   0.0663795478999804   0
0.175321611198923   0.114797129128303   -0.007452877942033   -0.0118503523367408   0
0.223760389551792   0.153981018977555   0.048438778352869   0.039183889849252   0
0.187048600895696   0.123998836392644   -0.036711788656096   -0.0299821825849108   0
0.212358452802219   0.148498078790858   0.0253098519065232   0.0244992423982143   0
0.240953446271847   0.188412289954989   0.0285949934696279   0.039914211164131   0
0.283197846851796   0.221142050657899   0.042244400579949   0.0327297607029097   0
0.248993194908164   0.185934903410242   -0.0342046519436324   -0.0352071472476566   0
0.297180562749524   0.226721242226399   0.0481873678413601   0.0407863388161572   0
0.298181260201776   0.227457175913465   0.00100069745225195   0.000735933687065593   0
0.350966808760738   0.27383823198793   0.0527855485589622   0.0463810560744646   0
0.324996198246994   0.224770328090515   -0.0259706105137437   -0.0490679038974146   0
0.355604264877599   0.267113351135341   0.030608066630605   0.0423430230448259   0
0.32650317773936   0.240847073635355   -0.0291010871382395   -0.0262662774999864   0
0.374797345612548   0.285512529584738   0.0482941678731886   0.0446654559493837   0
0.358658418245324   0.258903353344697   -0.0161389273672244   -0.0266091762400408   0
0.415916889637722   0.317037879623324   0.0572584713923985   0.0581345262786265   0
0.394430273579328   0.281774573263586   -0.0214866160583945   -0.0352633063597381   0
0.442427935768971   0.341281337307867   0.0479976621896435   0.0595067640442808   0
0.377783490214692   0.302292213709775   -0.064644445554279   -0.0389891235980918   0
0.470287020749733   0.386272299494723   0.0925035305350403   0.083980085784948   0
0.419297761672825   0.332651609140645   -0.050989259076908   -0.0536206903540777   0
0.481404466612409   0.31813501672559   0.0621067049395841   -0.0145165924150554   0
0.431741726854324   0.268608114661379   -0.0496627397580844   -0.0495269020642106   0
0.451826484637685   0.275630232200183   0.0200847577833607   0.0070221175388035   0
0.461529390391467   0.301731369887301   0.0097029057537818   0.0261011376871183   0
0.47880851500382   0.333490324750609   0.0172791246123529   0.0317589548633083   0
0.455217001672265   0.32416328166923   -0.0235915133315547   -0.00932704308137938   0
0.512743312716124   0.373090758383379   0.0575263110438592   0.0489274767141489   0
0.52108703467779   0.371002143961467   0.00834372196166588   -0.00208861442191155   0
0.608461759991089   0.450864137386096   0.0873747253132993   0.0798619934246284   0
0.553443572257811   0.394019483396477   -0.0550181877332782   -0.0568446539896191   0
0.56776787532126   0.411788909595759   0.014324303063449   0.0177694261992821   0
0.545249121434615   0.389627588260524   -0.0225187538866448   -0.0221613213352342   0
0.580834263458122   0.417394873725742   0.0355851420235065   0.0277672854652178   0
0.521330388034566   0.370787606337233   -0.0595038754235557   -0.0466072673885096   0
0.580337287930379   0.424272522594824   0.059006899895813   0.0534849162575915   0
0.559665496170852   0.392643492943913   -0.0206717917595274   -0.0316290296509116   0
0.597752225551613   0.423238295457231   0.0380867293807615   0.0305948025133186   0
0.553741712424656   0.393655636750708   -0.0440105131269574   -0.0295826587065236   0
0.589273313438439   0.42119015310003   0.0355316010137832   0.0275345163493229   0
0.553856232443724   0.389116945263712   -0.035417080994715   -0.0320732078363182   0
0.578577943972521   0.420016122777617   0.024721711528797   0.030899177513905   0
0.526312044623732   0.379507953030783   -0.0522658993487892   -0.0405081697468343   0
0.554805671257191   0.43418390687541   0.0284936266334588   0.0546759538446275   0
0.515810049236422   0.377682613985209   -0.0389956220207691   -0.0565012928902018   0
0.58750327288079   0.42367790055543   0.0716932236443686   0.0459952865702209   0
0.546305438131694   0.376826244534591   -0.0411978347490966   -0.0468516560208389   0
0.562402506187455   0.405433040474888   0.0160970680557612   0.0286067959402975   0
0.534472903088263   0.364211644414621   -0.0279296030991917   -0.0412213960602668   0
0.576635450146306   0.408421174673735   0.0421625470580425   0.0442095302591141   0
0.561099886300752   0.411356560932113   -0.0155355638455535   0.00293538625837753   0
0.580468314498698   0.428055162736203   0.0193684281979459   0.0166986018040899   0
0.570482723884795   0.407504750740253   -0.00998559061390336   -0.0205504119959502   0
0.586013615780564   0.422730285920636   0.0155308918957693   0.015225535180383   0
0.543952922706979   0.390199039979948   -0.0420606930735851   -0.0325312459406881   0
0.581542792585025   0.432097625852074   0.0375898698780459   0.0418985858721263   0
0.516091067870473   0.365736864415668   -0.0654517247145521   -0.0663607614364056   0
0.559654635316274   0.396848565245858   0.043563567445801   0.0311117008301899   0
