0   0   0   0   0
0.0286999217514096   0.0178936284742516   0.0286999217514096   0.0178936284742516   0
0.0251302223893978   0.0261850948923373   -0.00356969936201183   0.00829146641808563   0
0.0583071333841565   0.032702799793883   0.0331769109947587   0.00651770490154569   0
0.0390663353947198   0.030725875101098   -0.0192407979894367   -0.00197692469278499   0
0.0290522441236552   0.0289251263228754   -0.0100140912710646   -0.00180074877822258   0
0.0388272262057484   0.0249318615073915   0.00977498208209322   -0.00399326481548389   0
0.0837710951675995   0.0731218093514267   0.044943868961851   0.0481899478440352   0
0.0587076194905778   0.0427837998564611   -0.0250634756770217   -0.0303380094949656   0
0.0771818765155071   0.0482725234909918   0.0184742570249294   0.0054887236345307   0
0.0800824299823564   0.0395404258042431   0.00290055346684925   -0.00873209768674865   0
0.0820538759471933   0.0389585223827935   0.00197144596483691   -0.000581903421449564   0
0.0360335406012268   0.0288334591230628   -0.0460203353459665   -0.0101250632597308   0
0.0125399931920281   0.0246636117098103   -0.0234935474091986   -0.00416984741325247   0
0.0320589209744352   0.0290323314452175   0.0195189277824071   0.0043687197354072   0
0.0392910268907821   0.0306240394841212   0.00723210591634682   0.00159170803890366   0
0.0295753371404016   0.0227218940157395   -0.00971568975038045   -0.00790214546838164   0
0.039933718499063   0.0190791929881264   0.0103583813586614   -0.00364270102761315   0
0.0138322180324874   0.0352857123942841   -0.0261015004665756   0.0162065194061577   0
0.0183132944429619   0.0605508475308074   0.00448107641047454   0.0252651351365233   0
0.0370518217841715   0.0587209501961733   0.0187385273412096   -0.00182989733463412   0
0.0916568924252386   0.0836449004274729   0.0546050706410671   0.0249239502312996   0
0.0342449371393169   0.051694638361796   -0.0574119552859218   -0.0319502620656769   0
0.0462303323506863   0.0767846060121979   0.0119853952113694   0.0250899676504019   0
0.0278103000307884   0.0527939888546545   -0.0184200323198979   -0.0239906171575434   0
0.03174980711247   0.0593928833323658   0.00393950708168157   0.00659889447771126   0
0.0379643025625154   0.0515134852020663   0.00621449545004549   -0.00787939813029948   0
0.0702794751643799   0.0878819145647698   0.0323151726018644   0.0363684293627035   0
0.0198748750856567   0.0841283357833459   -0.0504046000787232   -0.00375357878142382   0
0.0413962151045424   0.074064676236622   0.0215213400188856   -0.0100636595467239   0
0.065456738549412   0.0826355197288066   0.0240605234448696   0.00857084349218461   0
0.0624282801765602   0.101213432820564   -0.00302845837285176   0.018577913091757   0
0.0574560327976877   0.0859820413664072   -0.00497224737887253   -0.0152313914541565   0
0.0749049396164599   0.122260711150562   0.0174489068187722   0.0362786697841549   0
0.0991158786516908   0.128641926958948   0.0242109390352309   0.00638121580838562   0
0.0871138355410736   0.104751699767226   -0.0120020431106172   -0.0238902271917212   0
0.0521232463578824   0.0909775465235628   -0.0349905891831911   -0.0137741532436637   0
0.0524548185056553   0.0942479887180811   0.000331572147772838   0.00327044219451836   0
0.0861451684760771   0.114444398838475   0.0336903499704218   0.0201964101203943   0
0.0762019875756284   0.0952388566374949   -0.00994318090044867   -0.0192055422009806   0
0.067865624010523   0.100709928845313   -0.00833636356510539   0.00547107220781815   0
0.0583818517400806   0.102387139092796   -0.00948377227044239   0.00167721024748343   0
0.077698322928898   0.0927178643311339   0.0193164711888174   -0.00966927476166256   0
0.116676339543189   0.103344249351899   0.0389780166142909   0.0106263850207647   0
0.0736015564716614   0.0744231139739156   -0.0430747830715274   -0.028921135377983   0
0.0592250201343076   0.0686336110376538   -0.0143765363373538   -0.00578950293626181   0
0.0598722965957395   0.0827571210416966   0.000647276461431895   0.0141235100040428   0
0.0679473267779906   0.0940233378659377   0.00807503018225102   0.0112662168242411   0
0.0705204227168313   0.102582699628003   0.00257309593884075   0.00855936176206504   0
0.100718792117397   0.109482809530694   0.0301983694005653   0.0069001099026908   0
0.0819502062366838   0.0981000336822275   -0.0187685858807127   -0.0113827758484661   0
0.0894760937097397   0.119951071543883   0.0075258874730559   0.0218510378616554   0
0.0859685837319931   0.114688998719127   -0.00350750997774663   -0.00526207282475542   0
0.14739626506376   0.136788665243588   0.061427681331767   0.0220996665244611   0
0.145744114717862   0.158661306240989   -0.00165215034589813   0.0218726409974003   0
0.127134104623497   0.167604224025577   -0.0186100100943648   0.00894291778458847   0
0.140569032650566   0.171631886300123   0.0134349280270691   0.0040276622745459   0
0.144631350730253   0.170324111465432   0.00406231807968702   -0.00130777483469119   0
0.165469216289204   0.148084507855912   0.0208378655589508   -0.0222396036095196   0
0.177256315414024   0.167247189843974   0.0117870991248197   0.0191626819880619   0
0.173947732311152   0.187709505066931   -0.00330858310287141   0.0204623152229567   0
0.208596695091332   0.189029606112165   0.0346489627801798   0.00132010104523406   0
0.250723452697003   0.174778281142088   0.0421267576056706   -0.0142513249700767   0
0.200550989669447   0.167782480653375   -0.0501724630275555   -0.00699580048871332   0
0.275087904339817   0.175214604032958   0.0745369146703696   0.00743212337958335   0
0.244817751342885   0.173127722461376   -0.0302701529969316   -0.00208688157158191   0
