0   0   0   0   0
0.0443270629674797   0.0174883340467743   0.0443270629674797   0.0174883340467743   0
0.0206333476302947   0.0127757251493365   -0.023693715337185   -0.00471260889743781   0
0.0677705751737527   0.0781178177888042   0.047137227543458   0.0653420926394677   0
0.0621683039611179   0.0767470038294181   -0.00560227121263478   -0.00137081395938608   0
0.030300824529564   0.067912301539572   -0.0318674794315539   -0.00883470228984613   0
0.0926667381351202   0.101303865457729   0.0623659136055562   0.0333915639181568   0
0.0722106825395157   0.151376078786494   -0.0204560555956045   0.0500722133287653   0
0.058766634132912   0.182087230767453   -0.0134440484066037   0.0307111519809591   0
0.11035964606483   0.19655296407475   0.0515930119319183   0.0144657333072972   0
0.0847867667330902   0.189443677449499   -0.0255728793317401   -0.00710928662525137   0
0.0818977355603995   0.195392737253545   -0.00288903117269068   0.0059490598040457   0
0.0840388829998121   0.171825430650877   0.00214114743941261   -0.0235673066026675   0
0.112607258728003   0.154583160396863   0.0285683757281909   -0.0172422702540145   0
0.09787590254789   0.159174864019709   -0.0147313561801131   0.004591703622846   0
0.0713376445860241   0.170165927748073   -0.0265382579618659   0.0109910637283646   0
0.110348350774485   0.179728045387637   0.0390107061884605   0.00956211763956327   0
0.0831094098700955   0.169877664582647   -0.0272389409043891   -0.00985038080498971   0
0.129674881931645   0.200496964725475   0.0465654720615491   0.0306193001428277   0
0.0680739726189836   0.195053843308507   -0.061600909312661   -0.00544312141696793   0
0.0543621401127269   0.181941291612414   -0.0137118325062568   -0.0131125516960931   0
0.0638374460269812   0.167210429204278   0.00947530591425437   -0.0147308624081358   0
0.0628311574914156   0.153709357924953   -0.00100628853556567   -0.0135010712793248   0
0.0871626391951087   0.212582905979062   0.0243314817036931   0.0588735480541087   0
0.09018214086007   0.249184526380013   0.00301950166496134   0.0366016204009517   0
0.0903785640767812   0.273125650112186   0.000196423216711164   0.0239411237321722   0
0.101397549898912   0.303543155601224   0.011018985822131   0.0304175054890382   0
0.0808546032776152   0.285974040028122   -0.020542946621297   -0.0175691155731022   0
0.100523801200956   0.274860980268849   0.0196691979233405   -0.0111130597592729   0
0.0882672998818772   0.297874788923846   -0.0122565013190785   0.0230138086549972   0
0.0873924476514415   0.311646088918191   -0.000874852230435735   0.0137712999943451   0
0.111802005799938   0.293625125744128   0.0244095581484961   -0.0180209631740633   0
0.120562964220258   0.285447777081608   0.00876095842032087   -0.00817734866252023   0
0.0986288366596798   0.285328136070322   -0.0219341275605787   -0.000119641011285421   0
0.0747542191203947   0.27329858691519   -0.023874617539285   -0.012029549155132   0
0.0735819562448849   0.270637152219417   -0.00117226287550987   -0.00266143469577279   0
0.0857069355454237   0.269676556094609   0.0121249793005388   -0.000960596124808533   0
0.0821433049123241   0.289426029997653   -0.00356363063309961   0.0197494739030444   0
0.0720642818982965   0.274755144017372   -0.0100790230140276   -0.0146708859802814   0
0.0624223416061024   0.259990410459221   -0.00964194029219408   -0.0147647335581511   0
0.0987445084668703   0.270329680373029   0.0363221668607679   0.0103392699138083   0
0.0769135028559221   0.272035910414445   -0.0218310056109482   0.00170623004141607   0
0.0675899005067537   0.261763823508285   -0.00932360234916843   -0.0102720869061603   0
0.0674867470841774   0.251115178477419   -0.00010315342257626   -0.0106486450308662   0
0.0662588290449674   0.267519750401175   -0.00122791803921005   0.0164045719237562   0
0.0679530863768914   0.251959787610208   0.00169425733192405   -0.0155599627909668   0
0.108805612959663   0.260436019367169   0.0408525265827721   0.00847623175696144   0
0.08533616669398   0.280799167022545   -0.0234694462656835   0.0203631476553758   0
0.0828938337819417   0.266009393062965   -0.00244233291203827   -0.0147897739595805   0
0.119215679598735   0.28573183507404   0.0363218458167935   0.0197224420110751   0
0.121819555842917   0.315162612872742   0.00260387624418135   0.0294307777987023   0
0.114587960780241   0.318085015092023   -0.0072315950626754   0.00292240221928053   0
0.104583860669766   0.303851208016549   -0.0100041001104753   -0.0142338070754738   0
0.130707071120578   0.301021527278195   0.0261232104508118   -0.00282968073835371   0
0.120087442375443   0.306577532980003   -0.0106196287451343   0.00555600570180825   0
0.0951209367411568   0.316461402781633   -0.0249665056342865   0.00988386980162959   0
0.104684439291136   0.298983125620697   0.00956350254997877   -0.0174782771609359   0
0.11887161280115   0.293981676850647   0.0141871735100148   -0.00500144877005054   0
0.108037597723271   0.316849072578031   -0.010834015077879   0.0228673957273848   0
0.0995216987630687   0.310820221184332   -0.00851589896020273   -0.00602885139369963   0
0.108707833761169   0.308104720992607   0.00918613499810061   -0.00271550019172512   0
0.1401753541323   0.314746692149728   0.0314675203711305   0.00664197115712106   0
0.0853512501973938   0.315710164570459   -0.054824103934906   0.000963472420731526   0
0.117131881988077   0.318364283738651   0.0317806317906832   0.00265411916819203   0
0.153718173361015   0.323700892522001   0.0365862913729377   0.00533660878335018   0
0.100207127759206   0.324824062585801   -0.0535110456018092   0.00112317006379919   0
0.150732942152833   0.321670660857694   0.0505258143936279   -0.0031534017281068   0
0.133549443880493   0.338170909795522   -0.0171834982723402   0.0165002489378277   0
0.0923515985984082   0.315897701860051   -0.0411978452820851   -0.0222732079354706   0
0.0887982574220678   0.308530010025448   -0.00355334117634044   -0.00736769183460245   0
0.094916236239334   0.309854314356852   0.0061179788172662   0.00132430433140396   0
0.100944633152253   0.357856656199548   0.0060283969129187   0.0480023418426957   0
0.120983930210118   0.336502391260584   0.0200392970578656   -0.0213542649389638   0
0.107193919900946   0.337991176487319   -0.013790010309172   0.00148878522673457   0
0.108841421408194   0.35206576144426   0.00164750150724817   0.0140745849569411   0
0.111168656047115   0.328928989267178   0.00232723463892053   -0.0231367721770824   0
0.0766128781982055   0.297986730301052   -0.0345557778489095   -0.0309422589661258   0
0.0933976814667149   0.324472341395369   0.0167848032685094   0.0264856110943175   0
0.102585972460691   0.336425314853745   0.00918829099397631   0.0119529734583752   0
0.10748088353113   0.346889043983786   0.00489491107043853   0.0104637291300414   0
0.182609249169629   0.484123219310552   0.0751283656384998   0.137234175326766   0
0.190910799113607   0.444089463961754   0.00830154994397794   -0.040033755348798   0
0.162701413713366   0.365804493231512   -0.0282093854002417   -0.0782849707302413   0
