1.4210855e-14   0   0   0   0
0.0906886141906756   0.0308417167039903   0.0906886141906614   0.0308417167039903   0
0.127197972803591   0.0309654074585813   0.0365093586129154   0.000123690754591021   0
0.0847770566965587   0.073647071183786   -0.0424209161070323   0.0426816637252047   0
0.106310194165187   0.0652504616702546   0.0215331374686285   -0.00839660951353145   0
0.104087030773478   0.0926324314844313   -0.00222316339170925   0.0273819698141767   0
0.092452824587404   0.102022090924573   -0.0116342061860739   0.009389659440142   0
0.085319297723877   0.113023487456766   -0.00713352686352707   0.0110013965321931   0
0.102200500298995   0.137912869527934   0.0168812025751176   0.0248893820711671   0
0.141476096947846   0.131108487854378   0.0392755966488513   -0.00680438167355543   0
0.110740876380333   0.161513240050906   -0.0307352205675133   0.0304047521965277   0
0.126701848884531   0.169718605286749   0.0159609725041987   0.00820536523584348   0
0.124333867755817   0.194873364302332   -0.00236798112871379   0.0251547590155822   0
0.184049036598385   0.217968685535285   0.0597151688425672   0.0230953212329535   0
0.199077171568052   0.24980808402689   0.0150281349696679   0.0318393984916051   0
0.194201176609982   0.272445070060007   -0.00487599495807067   0.0226369860331163   0
0.228047781509488   0.299662451971552   0.0338466048995065   0.0272173819115454   0
0.211505012216144   0.314315013328526   -0.0165427692933445   0.014652561356974   0
0.170742766652421   0.311787828287668   -0.0407622455637229   -0.00252718504085747   0
0.119955643337988   0.303275579141668   -0.0507871233144331   -0.00851224914600096   0
0.130816793510629   0.309810473576146   0.010861150172641   0.00653489443447852   0
0.211579895405752   0.310457439303232   0.0807631018951236   0.000646965727085724   0
0.240932126578423   0.280258190366644   0.0293522311726706   -0.0301992489365874   0
0.236923294622127   0.300195776916159   -0.00400883195629603   0.0199375865495142   0
0.265046293472292   0.318425939979558   0.028122998850165   0.0182301630633994   0
0.28753197533603   0.35711285367803   0.0224856818637382   0.0386869136984715   0
0.269273298333   0.361201456546481   -0.0182586770030305   0.00408860286845142   0
0.294062344841968   0.368984611817205   0.0247890465089687   0.00778315527072393   0
0.301811370183616   0.359252045404932   0.0077490253416474   -0.00973256641227321   0
0.246722816944377   0.327138074522844   -0.0550885532392392   -0.0321139708820881   0
0.331183303266926   0.354217772310056   0.0844604863225492   0.0270796977872124   0
0.313816239892567   0.324334888028617   -0.0173670633743591   -0.029882884281439   0
0.317203822554302   0.328529564492448   0.00338758266173583   0.00419467646383148   0
0.331215821185841   0.338826070197394   0.0140119986315383   0.0102965057049451   0
0.326928388066033   0.353721901033152   -0.00428743311980823   0.0148958308357585   0
0.346647800043289   0.374085825260586   0.0197194119772565   0.0203639242274344   0
0.293054266451352   0.335771939794622   -0.0535935335919366   -0.0383138854659648   0
0.294355403876407   0.348969845876799   0.001301137425055   0.0131979060821768   0
0.325526829661442   0.363160973420312   0.0311714257850349   0.0141911275435133   0
0.328954651851312   0.379442788483184   0.00342782218986953   0.016281815062872   0
0.32076964147607   0.380340181432911   -0.00818501037524166   0.000897392949726905   0
0.323780399829849   0.380005562663978   0.00301075835377895   -0.000334618768932426   0
0.359543727369435   0.407847861798134   0.0357633275395859   0.0278422991341559   0
0.368378637504583   0.456612167075381   0.00883491013514809   0.0487643052772467   0
0.322624088016012   0.426587534916053   -0.0457545494885715   -0.0300246321593279   0
0.359977970966786   0.455813181996414   0.0373538829507741   0.0292256470803613   0
0.380084778949252   0.458778090333948   0.0201068079824668   0.00296490833753332   0
0.369408526447297   0.461127456578855   -0.0106762525019552   0.00234936624490772   0
0.359040351117696   0.45616170588353   -0.0103681753296017   -0.0049657506953249   0
0.339736987781014   0.447497871536885   -0.0193033633366815   -0.00866383434664514   0
0.365315481040593   0.457659804171103   0.0255784932595787   0.0101619326342173   0
0.327218967834579   0.429039334320692   -0.0380965132060136   -0.0286204698504101   0
0.25481309409754   0.386202248705945   -0.0724058737370393   -0.0428370856147473   0
0.277523149473144   0.394786947199437   0.0227100553756043   0.00858469849349131   0
0.263852322445774   0.384854082157057   -0.01367082702737   -0.00993286504237911   0
0.262004913765582   0.368883599610656   -0.00184740868019251   -0.015970482546401   0
0.297689584846978   0.383158760912946   0.0356846710813964   0.0142751613022893   0
0.330737085534945   0.385546712671843   0.0330475006879673   0.00238795175889706   0
0.32494047539787   0.335066888082175   -0.00579661013707528   -0.0504798245896675   0
0.285366904007416   0.314259200932546   -0.0395735713904545   -0.0208076871496296   0
0.336277740117197   0.329377032663907   0.0509108361097815   0.015117831731361   0
0.362809866567718   0.344199449671917   0.0265321264505214   0.0148224170080105   0
0.369612493795492   0.367745218916453   0.00680262722777319   0.0235457692445361   0
0.389673284280583   0.387715092390291   0.0200607904850914   0.0199698734738381   0
0.366408587297987   0.393016438417161   -0.0232646969825959   0.00530134602686971   0
0.372595093414875   0.407206945768928   0.00618650611688798   0.0141905073517668   0
0.365330745034413   0.393310907944655   -0.00726434838046219   -0.0138960378242733   0
0.351830112553171   0.393089405583317   -0.0135006324812416   -0.0002215023613375   0
0.267786226759692   0.365616259383017   -0.0840438857934796   -0.0274731462002997   0
0.243867384565744   0.356854138518806   -0.0239188421939475   -0.00876212086421146   0
0.264785532791891   0.388092199515772   0.0209181482261472   0.0312380609969659   0
0.268413170318072   0.383479086122811   0.00362763752618017   -0.00461311339296067   0
0.301423497220849   0.410048937479407   0.0330103269027773   0.0265698513565958   0
