5.3908303e-16   0   0   0   0
0.0879580982549011   0.0387150618029819   0.0879580982549006   0.0387150618029819   0
0.079415018483956   0.0665980464095475   -0.00854307977094509   0.0278829846065657   0
0.0882866873208882   0.0981190055339603   0.00887166883693216   0.0315209591244127   0
0.119271498031798   0.0691805598236469   0.0309848107109098   -0.0289384457103134   0
0.0658585809092043   0.124433535910893   -0.0534129171225937   0.0552529760872458   0
0.13930955002107   0.0857046968139287   0.0734509691118662   -0.038728839096964   0
0.0739323461952145   0.0899662460061843   -0.065377203825856   0.00426154919225563   0
0.209548516129547   0.0262484066262567   0.135616169934332   -0.0637178393799276   0
0.180530562102784   0.0463313527280655   -0.0290179540267629   0.0200829461018088   0
0.122385415719949   0.0324887576083477   -0.0581451463828352   -0.0138425951197178   0
0.314939821068588   0.118092493918956   0.192554405348639   0.0856037363106081   0
0.246426062870855   0.0923646102297897   -0.0685137581977334   -0.0257278836891661   0
0.234387192010319   0.0537017646178517   -0.012038870860535   -0.038662845611938   0
0.132069472550187   0.0335429001618781   -0.102317719460133   -0.0201588644559735   0
0.284063766355407   0.164211315358312   0.15199429380522   0.130668415196433   0
0.157833558813355   0.122166599085209   -0.126230207542052   -0.0420447162731024   0
0.0853053785455966   0.136242948325073   -0.0725281802677582   0.0140763492398639   0
0.0530393597527722   0.116650245989722   -0.0322660187928243   -0.0195927023353513   0
0.100809315713644   0.08974600957093   0.0477699559608719   -0.0269042364187918   0
0.0541683407168044   0.121951193525974   -0.0466409749968397   0.0322051839550445   0
0.0766525641690592   0.104866906085697   0.0224842234522547   -0.0170842874402775   0
0.0726603990810149   0.102291553498808   -0.00399216508804426   -0.00257535258688946   0
0.0891046211748704   0.0830349960849551   0.0164442220938554   -0.0192565574138524   0
0.0210036872035779   0.10446515042642   -0.0681009339712925   0.0214301543414647   0
0.123851274330563   0.0598801685660599   0.102847587126985   -0.0445849818603599   0
0.0786603011421652   0.062689639563939   -0.045190973188398   0.00280947099787917   0
0.0581371270147847   0.0677208782996969   -0.0205231741273805   0.00503123873575784   0
0.114408583677111   0.0525726380038201   0.0562714566623267   -0.0151482402958767   0
0.0650583645917827   0.0746147209071828   -0.0493502190853287   0.0220420829033627   0
0.0629029429721991   0.0839795297094599   -0.00215542161958354   0.00936480880227711   0
0.104947664110611   0.0501960498814719   0.0420447211384123   -0.0337834798279881   0
0.0741007785783709   0.0639700431859022   -0.0308468855322406   0.0137739933044303   0
0.120607073551585   0.0420492319847076   0.0465062949732139   -0.0219208112011946   0
0.0985042977777023   0.175866177687661   -0.0221027757738825   0.133816945702953   0
0.109989551195643   0.119626752941771   0.0114852534179406   -0.0562394247458897   0
0.0649872534195137   0.121857517415652   -0.0450022977761292   0.00223076447388144   0
0.0955207002640239   0.133650552938819   0.0305334468445102   0.0117930355231661   0
0.123993804692075   0.074595734947998   0.0284731044280511   -0.0590548179908206   0
0.0677779995190404   0.0907955512422431   -0.0562158051730346   0.0161998162942451   0
0.119374249321619   0.0728293282750858   0.0515962498025783   -0.0179662229671573   0
0.0738418692805373   0.0886275507181438   -0.0455323800410813   0.0157982224430581   0
0.0876652711530022   0.0751558755501004   0.0138234018724649   -0.0134716751680435   0
0.0773609177619816   0.0468196813046749   -0.0103043533910206   -0.0283361942454255   0
0.0375598861199256   0.0843149123754519   -0.039801031642056   0.037495231070777   0
0.115447272527612   0.0540010107747296   0.077887386407686   -0.0303139016007223   0
0.0740774195031612   0.0477327451330664   -0.0413698530244504   -0.00626826564166322   0
0.137886860160249   0.0456656408490581   0.0638094406570873   -0.00206710428400825   0
0.0811268715192634   0.0434503745131168   -0.0567599886409852   -0.00221526633594139   0
0.14060158722101   0.0112363197419948   0.0594747157017464   -0.0322140547711219   0
0.163817783911482   0.0333236607045205   0.0232161966904723   0.0220873409625257   0
0.114069588566166   0.0339313960536237   -0.0497481953453158   0.000607735349103238   0
0.176190730526718   0.0237512618816798   0.062121141960552   -0.010180134171944   0
0.154283933381863   0.00798097539638037   -0.0219067971448549   -0.0157702864852994   0
0.187319953992289   0.0533974227161118   0.0330360206104255   0.0454164473197314   0
0.180458329857484   0.0405859576112696   -0.00686162413480496   -0.0128114651048422   0
0.146886192692359   0.0204222373894196   -0.0335721371651252   -0.02016372022185   0
0.159511464639449   0.0117908425801426   0.0126252719470905   -0.00863139480927708   0
0.118661294286453   0.0254584095270804   -0.0408501703529959   0.0136675669469379   0
0.170952814675736   0.036764447161286   0.0522915203892823   0.0113060376342056   0
0.123394728061269   0.0630847742659781   -0.0475580866144666   0.026320327104692   0
0.0750633996642029   0.0234883385249939   -0.0483313283970663   -0.0395964357409842   0
0.121940008101886   0.051910821915853   0.0468766084376827   0.0284224833908592   0
