1.4210855e-14   0   0   0   0
0.0379144183691233   0.060941615217557   0.0379144183691091   0.060941615217557   0
0.0361663635881755   0.0603436564058466   -0.00174805478094778   -0.000597958811710354   0
0.014213101141331   0.0506132213229034   -0.0219532624468445   -0.00973043508294325   0
0.0670472963941346   0.0546373325593698   0.0528341952528035   0.00402411123646639   0
0.150787899519878   0.0922408784562084   0.0837406031257433   0.0376035458968387   0
0.124452400298084   0.0746185305095193   -0.0263354992217939   -0.0176223479466891   0
0.128379393784472   0.11006942431047   0.003926993486388   0.0354508938009504   0
0.126688271118072   0.117398407976609   -0.00169112266639954   0.00732898366613891   0
0.122622561496327   0.105560144715003   -0.00406570962174582   -0.0118382632616059   0
0.128295413592134   0.0906971926950343   0.0056728520958077   -0.0148629520199684   0
0.132378991133456   0.0730223494142754   0.00408357754132185   -0.0176748432807589   0
0.12019040499767   0.103240432032406   -0.0121885861357863   0.0302180826181302   0
0.12956250706612   0.147076067562422   0.00937210206845022   0.0438356355300159   0
0.143041770319731   0.146934179167654   0.013479263253611   -0.000141888394767142   0
0.131938937339589   0.147833156235934   -0.0111028329801423   0.000898977068279627   0
0.12920397977365   0.157012376274338   -0.00273495756593919   0.00917922003840391   0
0.139274807208638   0.179537514360372   0.0100708274349882   0.0225251380860339   0
0.197464193528396   0.246433336358309   0.0581893863197584   0.0668958219979373   0
0.208855874161087   0.254453228618209   0.0113916806326907   0.00801989225989971   0
0.220673900132142   0.241892520124009   0.0118180259710549   -0.0125607084942   0
0.178370582198979   0.22852814991873   -0.0423033179331626   -0.0133643702052786   0
0.17837926380197   0.256359727128821   8.68160299108411e-06   0.0278315772100903   0
0.158343131128532   0.224699738362202   -0.0200361326734378   -0.0316599887666187   0
0.0973136270603477   0.22418132193804   -0.0610295040681848   -0.000518416424161672   0
0.130879233986726   0.248780211931046   0.0335656069263781   0.0245988899930061   0
0.112417111498091   0.252314606353587   -0.0184621224886351   0.00353439442254047   0
0.162492626458194   0.258706654953597   0.0500755149601037   0.00639204860001014   0
0.196543828740141   0.278046880929326   0.0340512022819466   0.0193402259757296   0
0.18573516981097   0.28984377493001   -0.0108086589291712   0.0117968940006831   0
0.203397729546534   0.308280700607299   0.0176625597355643   0.0184369256772894   0
0.152998953422743   0.308167329918872   -0.0503987761237906   -0.000113370688427039   0
0.145971035211069   0.331267542897569   -0.00702791821167423   0.0231002129786969   0
0.145989215586673   0.338529760138971   1.81803756042209e-05   0.00726221724140247   0
0.125607868453633   0.372709267672772   -0.0203813471330409   0.0341795075338007   0
0.137644917343863   0.413740682623635   0.0120370488902306   0.0410314149508632   0
0.17333381538236   0.430667441592418   0.0356888980384973   0.0169267589687824   0
0.150348831390939   0.424378598875662   -0.0229849839914215   -0.00628884271675578   0
0.147997363393858   0.417656576569546   -0.00235146799708102   -0.00672202230611546   0
0.145863430021442   0.406110769257934   -0.00213393337241563   -0.0115458073116124   0
0.164019588030232   0.415820624752185   0.0181561580087902   0.00970985549425069   0
0.0897766841685737   0.422092468231075   -0.0742429038616587   0.00627184347888987   0
0.123986780011591   0.441331564980543   0.0342100958430174   0.0192390967494683   0
0.148981495751997   0.451697782244166   0.0249947157404062   0.0103662172636235   0
0.156495632535234   0.45443928087399   0.00751413678323673   0.00274149862982354   0
0.160568062565047   0.473283269354457   0.00407243002981292   0.0188439884804669   0
0.161394108965945   0.449803746542466   0.000826046400898117   -0.0234795228119906   0
0.176089882796632   0.462897647590179   0.0146957738306868   0.0130939010477129   0
0.189127781784031   0.473626003826626   0.0130378989873995   0.0107283562364466   0
0.165929564343748   0.484994518787533   -0.0231982174402834   0.0113685149609076   0
0.196996997214842   0.502913617444869   0.0310674328710944   0.0179190986573354   0
0.165296708982927   0.480616089413168   -0.0317002882319155   -0.0222975280317009   0
0.167264150781587   0.458989142446921   0.00196744179866032   -0.0216269469662463   0
0.156749602231186   0.426225691961698   -0.0105145485504008   -0.0327634504852237   0
0.167443432170474   0.440725272893667   0.0106938299392874   0.0144995809319693   0
0.163976979368361   0.460343766175646   -0.00346645280211319   0.0196184932819791   0
0.136525412389985   0.464454030833111   -0.0274515669783754   0.00411026465746495   0
0.187614274265751   0.486122733795868   0.0510888618757656   0.0216687029627571   0
0.16086405918015   0.468350581337757   -0.0267502150856007   -0.0177721524581116   0
0.145052375523162   0.44739188497766   -0.0158116836569885   -0.0209586963600966   0
0.133909550651623   0.438170895684824   -0.0111428248715387   -0.00922098929283632   0
0.101680424110207   0.449368406875465   -0.0322291265414162   0.0111975111906411   0
0.0487585046664189   0.410230591796168   -0.0529219194437879   -0.0391378150792965   0
0.0934302047012834   0.456899807412186   0.0446717000348645   0.0466692156160174   0
0.0884067382760243   0.446878852301542   -0.00502346642525903   -0.0100209551106437   0
0.0900788622739423   0.431545099240019   0.00167212399791794   -0.0153337530615228   0
0.0984872728000563   0.432124714593282   0.00840841052611406   0.000579615353262952   0
