0   0   0   0   0
0.0524946994811898   0.0226759468570513   0.0524946994811898   0.0226759468570513   0
0.0406626020601326   0.00867018762617217   -0.0118320974210571   -0.0140057592308791   0
0.133675699818013   0.104676417021422   0.09301309775788   0.0960062293952497   0
0.149462965915288   0.137269444831113   0.0157872660972758   0.0325930278096907   0
0.175594109769161   0.147554853865742   0.0261311438538721   0.0102854090346297   0
0.192873926778762   0.141176487281316   0.0172798170096011   -0.006378366584426   0
0.180917305411731   0.125878773359031   -0.0119566213670302   -0.0152977139222856   0
0.183057404957932   0.120767016865071   0.00214009954620006   -0.00511175649396013   0
0.215080572390593   0.121992429487985   0.0320231674326616   0.00122541262291402   0
0.250840623851659   0.118981717874915   0.0357600514610655   -0.00301071161307001   0
0.24227761292739   0.105332328383854   -0.00856301092426834   -0.0136493894910604   0
0.273146656382645   0.101278273178622   0.0308690434552551   -0.00405405520523167   0
0.297470739726175   0.118380130767389   0.0243240833435299   0.0171018575887663   0
0.323042867278805   0.12249384778454   0.0255721275526298   0.00411371701715087   0
0.311949767951186   0.123305872434376   -0.0110930993276189   0.000812024649836485   0
0.300817647990705   0.136868668646343   -0.0111321199604815   0.0135627962119664   0
0.339677638408377   0.157293502324985   0.0388599904176721   0.0204248336786426   0
0.343947258911949   0.161746744923564   0.0042696205035721   0.00445324259857871   0
0.362865269679217   0.196382327428453   0.0189180107672676   0.0346355825048891   0
0.383303640147551   0.194737268557529   0.0204383704683345   -0.00164505887092442   0
0.352728440393865   0.159245048936158   -0.0305751997536857   -0.0354922196213705   0
0.386255319453408   0.190886658422264   0.0335268790595429   0.031641609486106   0
0.393038748345808   0.241845971399889   0.00678342889239947   0.0509593129776248   0
0.363278062492382   0.232072309827227   -0.0297606858534261   -0.00977366157266235   0
0.360630442341475   0.264639968195873   -0.00264762015090614   0.0325676583686462   0
0.385164554664136   0.260437130451049   0.0245341123226607   -0.00420283774482383   0
0.39631794909561   0.262806342333888   0.0111533944314737   0.00236921188283901   0
0.414915544820932   0.252553153594808   0.0185975957253217   -0.0102531887390797   0
0.448662515445421   0.260152480205972   0.0337469706244898   0.0075993266111643   0
0.452219703630918   0.264941879216184   0.00355718818549622   0.00478939901021175   0
0.449706882734752   0.265824118364225   -0.00251282089616517   0.000882239148040753   0
0.438127909125131   0.290139870566652   -0.0115789736096209   0.0243157522024275   0
0.515490152095069   0.308143443023971   0.0773622429699375   0.0180035724573187   0
0.5301115783673   0.333424720772516   0.0146214262722311   0.025281277748545   0
0.49478635864686   0.333227798986197   -0.0353252197204405   -0.000196921786318638   0
0.505480069577202   0.347060790838348   0.0106937109303424   0.0138329918521501   0
0.489774425594318   0.357729777057538   -0.015705643982884   0.0106689862191907   0
0.463875867690288   0.333522922901747   -0.0258985579040297   -0.0242068541557918   0
0.394964112172746   0.290285045788598   -0.068911755517542   -0.0432378771131482   0
0.440673137323041   0.307982196797407   0.0457090251502952   0.0176971510088085   0
0.475278973145569   0.33861360524817   0.0346058358225273   0.0306314084507627   0
0.480367527927257   0.377103996563509   0.00508855478168846   0.0384903913153397   0
0.463422174714695   0.387900949195669   -0.0169453532125618   0.0107969526321603   0
0.407503838566985   0.381747830532321   -0.0559183361477103   -0.00615311866334883   0
0.461822475491661   0.376949990395137   0.054318636924676   -0.00479784013718387   0
0.424352326266903   0.354460007327807   -0.0374701492247578   -0.0224899830673296   0
0.461659806779528   0.37424866997184   0.0373074805126246   0.0197886626440326   0
0.49019211120761   0.405425755779661   0.028532304428082   0.0311770858078217   0
0.48621739087332   0.411208977117464   -0.00397472033429019   0.00578322133780235   0
0.480812015716338   0.422912335046605   -0.00540537515698186   0.0117033579291415   0
0.50217369327242   0.436711087337134   0.0213616775560823   0.0137987522905283   0
0.517954964957181   0.446661297053396   0.015781271684761   0.00995020971626243   0
0.517035734338303   0.448382059302899   -0.000919230618877664   0.00172076224950302   0
0.535184481738643   0.427767022319812   0.0181487474003399   -0.0206150369830871   0
0.538701799605792   0.452213314719455   0.00351731786714859   0.0244462923996431   0
0.553887802707793   0.452956919829964   0.0151860031020015   0.000743605110508916   0
0.571333959103894   0.481766607781731   0.0174461563961006   0.0288096879517674   0
0.533459054843481   0.526273006583339   -0.0378749042604132   0.0445063988016076   0
0.508305096738805   0.545619038265769   -0.0251539581046759   0.0193460316824299   0
0.495642469753903   0.531549290818789   -0.0126626269849013   -0.0140697474469796   0
0.540279517764641   0.533771612171289   0.0446370480107375   0.00222232135250011   0
0.572516976255311   0.567610975762188   0.0322374584906702   0.0338393635908988   0
0.550286977797308   0.539642705941279   -0.0222299984580032   -0.0279682698209093   0
0.551837509767029   0.572883104054266   0.00155053196972144   0.0332403981129876   0
0.563378047621941   0.577233982328636   0.0115405378549113   0.00435087827436986   0
0.580613084783379   0.575716373561331   0.0172350371614384   -0.00151760876730533   0
0.624174137203691   0.5882633015585   0.0435610524203115   0.0125469279971691   0
0.597409083814746   0.567210252205687   -0.0267650533889442   -0.0210530493528133   0
0.6423778015267   0.597717929436179   0.0449687177119539   0.0305076772304917   0
0.664701548321512   0.614794684950153   0.0223237467948116   0.0170767555139745   0
0.569640789278305   0.549920520205069   -0.0950607590432068   -0.0648741647450839   0
0.486133555373461   0.52545517265035   -0.0835072339048445   -0.0244653475547194   0
0.45301324258214   0.515372727609912   -0.0331203127913206   -0.0100824450404375   0
0.39395888521407   0.506507607810386   -0.0590543573680695   -0.00886511979952609   0
0.420305896685754   0.500898885662822   0.0263470114716838   -0.00560872214756425   0
0.471963799032957   0.519649828830466   0.0516579023472032   0.0187509431676446   0
0.456927170247835   0.512607805408188   -0.0150366287851221   -0.007042023422278   0
0.433240327244561   0.504358464440863   -0.0236868430032747   -0.00824934096732566   0
