0   0   0   0   0
0.0250016119049074   0.0192225403125164   0.0250016119049074   0.0192225403125164   0
0.0535980587035878   0.0339934594248306   0.0285964467986804   0.0147709191123143   0
0.0352375288981211   0.0423526332243844   -0.0183605298054667   0.00835917379955374   0
0.0365199847331088   0.0331020954030078   0.00128245583498768   -0.00925053782137659   0
0.0592007441449903   0.0163430655043828   0.0226807594118816   -0.0167590298986249   0
0.094744010028653   0.0316260818528004   0.0355432658836627   0.0152830163484176   0
0.0309500770205947   0.0360050379212197   -0.0637939330080582   0.00437895606841929   0
0.0242595404552789   0.0443323664113141   -0.00669053656531584   0.0083273284900944   0
0.0342360030756187   0.0466658642347739   0.00997646262033978   0.00233349782345981   0
0.0474640685984446   0.0612335804624076   0.0132280655228259   0.0145677162276337   0
0.0476712751422976   0.0733547303888663   0.000207206543853082   0.0121211499264588   0
0.0741157537381351   0.0957988343849947   0.0264444785958375   0.0224441039961283   0
0.0757077885295655   0.0887758524054078   0.0015920347914304   -0.00702298197958688   0
0.0573787778998084   0.0903310808592551   -0.0183290106297572   0.00155522845384731   0
0.0693756398282878   0.0830143152219571   0.0119968619284794   -0.00731676563729804   0
0.0529304469158118   0.0755597820833027   -0.016445192912476   -0.00745453313865435   0
0.0865744005585719   0.113369082967098   0.0336439536427601   0.0378093008837953   0
0.0874648932560693   0.105249464277404   0.000890492697497428   -0.00811961868969367   0
0.102791630795246   0.116628351374846   0.015326737539177   0.0113788870974419   0
0.132386569187365   0.1439628168168   0.0295949383921192   0.0273344654419537   0
0.111384940446198   0.125054491816357   -0.0210016287411678   -0.018908325000443   0
0.141642771068159   0.149359047325304   0.030257830621961   0.0243045555089468   0
0.210492961070083   0.17516049937885   0.0688501900019242   0.0258014520535463   0
0.250766274793309   0.172927935463713   0.0402733137232258   -0.00223256391513654   0
0.277294952605904   0.187169233668693   0.0265286778125957   0.0142412982049795   0
0.240228562718234   0.181380623941568   -0.0370663898876699   -0.00578860972712497   0
0.271839454917208   0.183309722465645   0.031610892198974   0.0019290985240773   0
0.3086161079225   0.203779214555577   0.0367766530052916   0.0204694920899318   0
0.308743818297785   0.211202725617987   0.000127710375284584   0.00742351106241004   0
0.306008393526721   0.204111940643894   -0.00273542477106337   -0.00709078497409352   0
0.316298076830782   0.225896863992803   0.0102896833040609   0.0217849233489097   0
0.344748579385341   0.228882289230155   0.0284505025545592   0.00298542523735218   0
0.35693729953242   0.234612364068032   0.0121887201470787   0.00573007483787685   0
0.357006818801478   0.24221638571141   6.95192690577939e-05   0.00760402164337723   0
0.375907337649144   0.262257336969242   0.018900518847666   0.0200409512578321   0
0.370449647103367   0.252896136969056   -0.00545769054577694   -0.00936120000018531   0
0.346253853633367   0.248473836197282   -0.0241957934700001   -0.00442230077177436   0
0.107447791885715   0.14711753099917   -0.238806061747651   -0.101356305198112   0
0.309556413196368   0.212552850031218   0.202108621310652   0.065435319032048   0
0.290561377428507   0.202866488328687   -0.0189950357678609   -0.0096863617025304   0
0.342729812738486   0.231476315748736   0.0521684353099791   0.0286098274200482   0
0.336821699459354   0.221535027132414   -0.00590811327913238   -0.00994128861632193   0
0.307912301557819   0.202551966468497   -0.0289093979015346   -0.0189830606639172   0
0.284539978622142   0.18823634161235   -0.0233723229356765   -0.0143156248561469   0
0.294080713443305   0.172585098912497   0.00954073482116302   -0.0156512426998529   0
0.310474134655653   0.186077201105663   0.0163934212123474   0.0134921021931661   0
0.324332032175479   0.182673306306568   0.0138578975198264   -0.00340389479909486   0
0.347740601973565   0.193451662484884   0.0234085697980853   0.0107783561783156   0
0.38304938645768   0.222462452603554   0.0353087844841156   0.0290107901186704   0
0.390600685455056   0.23540905655431   0.00755129899737567   0.0129466039507559   0
0.410062161220036   0.251067983424822   0.0194614757649798   0.0156589268705115   0
0.428994066219571   0.265928621698948   0.0189319049995349   0.0148606382741268   0
0.478974048344301   0.299841406474178   0.0499799821247301   0.0339127847752296   0
0.504006267207082   0.317691333078278   0.0250322188627808   0.0178499266041   0
0.554527785627527   0.336952053555352   0.0505215184204457   0.0192607204770741   0
0.549237061203476   0.338827785955659   -0.00529072442405154   0.00187573240030708   0
0.561260410164507   0.347239810294576   0.0120233489610314   0.00841202433891691   0
0.547985729267202   0.35150669065228   -0.0132746808973047   0.00426688035770417   0
0.562035398728439   0.345481140218362   0.0140496694612369   -0.00602555043391795   0
0.670393332121094   0.359565822799884   0.108357933392654   0.0140846825815216   0
0.65353295521361   0.372786147902825   -0.0168603769074841   0.0132203251029412   0
0.637367392151862   0.376257742912243   -0.0161655630617478   0.00347159500941757   0
0.635580775982803   0.363524150871175   -0.00178661616905873   -0.0127335920410673   0
0.663372247588448   0.362813138142841   0.0277914716056453   -0.000711012728334737   0
0.675843662260814   0.379685836020904   0.0124714146723657   0.0168726978780638   0
0.651529808977962   0.368482469403799   -0.0243138532828522   -0.0112033666171055   0
0.698696317093023   0.402574807322551   0.0471665081150607   0.034092337918752   0
0.717618844309313   0.386724766726185   0.0189225272162901   -0.015850040596366   0
0.656552814718923   0.376663548684092   -0.0610660295903893   -0.010061218042093   0
0.701205688338265   0.385216243879178   0.0446528736193412   0.00855269519508628   0
0.751358969998573   0.410374994591947   0.0501532816603081   0.025158750712769   0
0.725663656517318   0.400993549283008   -0.0256953134812552   -0.00938144530893875   0
0.700131812755782   0.392650371703371   -0.0255318437615354   -0.00834317757963754   0
0.357370314610259   0.260608525167672   -0.342761498145523   -0.132041846535698   0
0.404310786466344   0.321553328166422   0.046940471856085   0.06094480299875   0
0.550156974844323   0.384982036513211   0.145846188377979   0.0634287083467888   0
0.650644281801191   0.415971519901519   0.100487306956867   0.0309894833883075   0
0.629454723394238   0.414959670974667   -0.021189558406953   -0.00101184892685147   0
0.62896961879934   0.415354288882393   -0.000485104594897479   0.000394617907725714   0
0.648015863017626   0.430436605754197   0.0190462442182854   0.0150823168718036   0
0.66026792179381   0.425647971071895   0.0122520587761843   -0.0047886346823019   0
0.58922298450548   0.429453020478665   -0.0710449372883303   0.0038050494067699   0
0.640826067013894   0.407194523777146   0.0516030825084141   -0.0222584967015181   0
