7.8898105e-15   3.1004498e-17   0   0   0
0.0847673746019607   0.031221978153988   0.0847673746019528   0.031221978153988   0
0.0270641119647587   0.0134301434353067   -0.057703262637202   -0.0177918347186813   0
0.0492586291793363   0.0249794239699176   0.0221945172145776   0.0115492805346109   0
0.193267200279296   0.0619832256162069   0.14400857109996   0.0370038016462893   0
0.06084754597965   0.0254647681520326   -0.132419654299646   -0.0365184574641743   0
0.0943251295577455   0.0550869805245552   0.0334775835780955   0.0296222123725226   0
0.103222769617543   0.0587190661029359   0.00889764005979719   0.00363208557838069   0
0.0411250567639368   0.0412622524815006   -0.0620977128536058   -0.0174568136214354   0
0.118705079101834   0.036560906720517   0.0775800223378969   -0.00470134576098351   0
0.0485315381634122   0.0646693538422758   -0.0701735409384215   0.0281084471217587   0
0.118539341880785   0.0585731245077096   0.0700078037173724   -0.00609622933456613   0
0.065581492579907   0.0995288095351473   -0.0529578493008776   0.0409556850274376   0
0.09055925782336   0.0694909650455042   0.024977765243453   -0.030037844489643   0
0.0657869811568499   0.072951036024941   -0.0247722766665101   0.00346007097943679   0
0.118160252950136   0.126119722895091   0.0523732717932857   0.0531686868701504   0
0.0987460619813207   0.13762114037203   -0.019414190968815   0.0115014174769385   0
0.138328987754392   0.141089133097423   0.0395829257730712   0.0034679927253933   0
0.127730969044052   0.199310553134197   -0.0105980187103402   0.0582214200367734   0
0.13976654797778   0.171188275836697   0.0120355789337282   -0.0281222772974995   0
0.142431596704774   0.210758729233293   0.00266504872699416   0.0395704533965961   0
0.171949866843351   0.189717046704613   0.0295182701385771   -0.0210416825286801   0
0.143987910491292   0.196184512351599   -0.0279619563520593   0.00646746564698605   0
0.155280723485131   0.227264339285863   0.0112928129938395   0.0310798269342639   0
0.180250197288262   0.197122188729924   0.0249694738031309   -0.0301421505559391   0
0.143054977737825   0.231546218979513   -0.0371952195504374   0.0344240302495888   0
0.19099384167169   0.257091390458664   0.0479388639338651   0.0255451714791513   0
0.178011430537084   0.266966547194255   -0.0129824111346065   0.00987515673559108   0
0.184659900821907   0.28071962766653   0.00664847028482332   0.0137530804722751   0
0.198085999671259   0.276310786352933   0.013426098849352   -0.00440884131359687   0
0.215298407167227   0.227303086281705   0.0172124074959682   -0.0490077000712283   0
0.16187809202949   0.28031163095186   -0.0534203151377373   0.0530085446701547   0
0.20302448451495   0.283233614888397   0.0411463924854606   0.00292198393653675   0
0.199745465231295   0.292826541631528   -0.00327901928365532   0.00959292674313139   0
0.196294330963861   0.299701801730727   -0.00345113426743385   0.00687526009919898   0
0.224926767382602   0.303508725627746   0.0286324364187409   0.00380692389701898   0
0.23921421953424   0.369716286670829   0.0142874521516376   0.0662075610430828   0
0.442137251889684   0.583267573993961   0.202923032355444   0.213551287323132   0
0.792023596623822   0.385375031794312   0.349886344734139   -0.197892542199649   0
1.33446343302076   0.605162860351701   0.542439836396933   0.219787828557389   0
1.56465954132378   0.555828561239438   0.230196108303023   -0.0493342991122624   0
1.37844422182825   0.309017879299869   -0.186215319495524   -0.246810681939569   0
1.3763716731913   0.330865551669993   -0.00207254863695328   0.0218476723701245   0
1.32534127364852   0.323220398438604   -0.0510303995427834   -0.00764515323138903   0
1.33608192207083   0.338974754258975   0.0107406484223105   0.0157543558203713   0
1.3204800747473   0.344513311965506   -0.0156018473235242   0.00553855770653061   0
1.28953341847833   0.331290012099208   -0.0309466562689689   -0.013223299866298   0
1.31963538215486   0.359547859025739   0.030101963676527   0.0282578469265304   0
1.27730109053614   0.341542502275209   -0.0423342916187244   -0.0180053567505299   0
1.2899768322202   0.365296414852167   0.0126757416840642   0.0237539125769585   0
1.32778322410197   0.424733483425097   0.037806391881765   0.0594370685729296   0
1.26083602870079   0.401486380996323   -0.0669471954011787   -0.0232471024287739   0
1.28002825885193   0.448826373769997   0.0191922301511398   0.0473399927736745   0
1.26034898521869   0.410102842499832   -0.0196792736332354   -0.0387235312701655   0
1.2104917250951   0.442866193246276   -0.049857260123594   0.0327633507464444   0
1.30291416436002   0.529812483308369   0.0924224392649213   0.0869462900620927   0
1.32248920765397   0.538753796177276   0.0195750432939534   0.00894131286890765   0
1.3778911242562   0.585750897538736   0.0554019166022248   0.0469971013614594   0
1.36704367156399   0.618493872611833   -0.0108474526922067   0.0327429750730969   0
1.36690518210123   0.653455328463146   -0.000138489462757407   0.0349614558513136   0
1.42002518063732   0.708724812665251   0.0531199985360824   0.0552694842021049   0
1.42195609772821   0.747598842693697   0.00193091709089255   0.0388740300284459   0
1.4054172442975   0.704380215213668   -0.016538853430712   -0.0432186274800295   0
1.34090324650328   0.606238766301208   -0.0645139977942144   -0.0981414489124595   0
1.31698263859726   0.590741548355223   -0.0239206079060215   -0.0154972179459854   0
1.30348394629962   0.560529036663662   -0.013498692297637   -0.0302125116915607   0
1.32202542975339   0.576078536335847   0.0185414834537641   0.0155494996721846   0
1.26719427043171   0.487990462349707   -0.0548311593216766   -0.0880880739861401   0
1.22689452592974   0.440858345932868   -0.0402997445019728   -0.0471321164168388   0
1.24907734281779   0.441996740469989   0.0221828168880536   0.00113839453712156   0
1.19887528673675   0.37534276134574   -0.0502020560810459   -0.0666539791242494   0
1.25166042496625   0.430770421872039   0.0527851382294988   0.0554276605262987   0
1.21127426000737   0.388081164072337   -0.0403861649588755   -0.0426892577997022   0
