1.3881188634628e-14   4.31706335e-16   0   0   0
0.076765219598833   0.0298293262536147   0.0767652195988191   0.0298293262536143   0
0.0216711834628082   0.0277765941690393   -0.0550940361360248   -0.00205273208457545   0
0.112757572208876   0.0832537172664878   0.0910863887460682   0.0554771230974485   0
0.176177968789501   0.105963908932523   0.0634203965806246   0.022710191666035   0
0.142551445967578   0.110377411163996   -0.0336265228219233   0.00441350223147342   0
0.182927934153117   0.0982620561186808   0.0403764881855395   -0.0121153550453154   0
0.196482612826394   0.114308528071286   0.0135546786732772   0.0160464719526048   0
0.195335565137318   0.120033905666566   -0.00114704768907611   0.00572537759528023   0
0.218819758464713   0.111618840477246   0.0234841933273945   -0.00841506518931956   0
0.205628986060757   0.0710388657728681   -0.0131907724039554   -0.0405799747043781   0
0.15750391766038   0.079999542542261   -0.0481250684003767   0.00896067676939283   0
0.143095638552044   0.0890172498116755   -0.0144082791083368   0.00901770726941455   0
0.209496863605916   0.111375482867714   0.066401225053872   0.0223582330560381   0
0.210702396544908   0.0967388999583225   0.00120553293899253   -0.0146365829093911   0
0.175473669524419   0.107493160538548   -0.0352287270204891   0.0107542605802259   0
0.196341093157277   0.121943249499386   0.0208674236328584   0.0144500889608372   0
0.223783763011178   0.140493185219271   0.0274426698539008   0.0185499357198854   0
0.253469154521101   0.181034349205462   0.0296853915099228   0.0405411639861911   0
0.281658134704679   0.207091771689686   0.0281889801835776   0.0260574224842235   0
0.25314972855998   0.179415253430524   -0.0285084061446989   -0.0276765182591615   0
0.25334897763286   0.183994161801799   0.000199249072880658   0.00457890837127489   0
0.28038863654147   0.18726585861755   0.0270396589086093   0.00327169681575146   0
0.298822020384757   0.186057978824663   0.0184333838432873   -0.00120787979288747   0
0.276993932195863   0.193423751058734   -0.0218280881888936   0.00736577223407156   0
0.27414816379087   0.190962072846533   -0.00284576840499301   -0.00246167821220122   0
0.283284915585804   0.192884707548482   0.00913675179493345   0.00192263470194853   0
0.296359085639922   0.201989280229335   0.0130741700541186   0.00910457268085327   0
0.282526457257802   0.176149058916365   -0.0138326283821206   -0.0258402213129705   0
0.276359763237604   0.169813002638216   -0.00616669402019832   -0.00633605627814821   0
0.306891176080654   0.210858796613825   0.03053141284305   0.0410457939756082   0
0.334872315842468   0.195876023708302   0.027981139761814   -0.0149827729055226   0
0.34787720075018   0.205496939645324   0.0130048849077129   0.00962091593702247   0
0.33736221016526   0.218456772055241   -0.0105149905849205   0.0129598324099163   0
0.286139764019277   0.196338691905101   -0.0512224461459833   -0.0221180801501394   0
0.363022672442236   0.211220544974695   0.0768829084229593   0.014881853069594   0
0.369283684605862   0.221914955518301   0.00626101216362585   0.0106944105436059   0
0.396648516582193   0.261085335396415   0.0273648319763309   0.0391703798781141   0
0.345134435818178   0.239682606869375   -0.0515140807640148   -0.0214027285270404   0
0.297116972968611   0.217948074286907   -0.0480174628495665   -0.0217345325824674   0
0.271897311320122   0.204124889103651   -0.0252196616484895   -0.0138231851832562   0
0.291008349643696   0.212275859889706   0.0191110383235744   0.00815097078605459   0
0.334293780930517   0.210138166526215   0.0432854312868208   -0.0021376933634909   0
0.331894243171963   0.224114485914119   -0.00239953775855412   0.0139763193879041   0
0.300311914126496   0.198530667757738   -0.0315823290454664   -0.0255838181563811   0
0.291775674780737   0.201564344324455   -0.00853623934575953   0.00303367656671719   0
0.246392837219384   0.2157305396029   -0.0453828375613529   0.0141661952784446   0
0.277528177821171   0.235569923650008   0.0311353406017866   0.0198393840471082   0
0.264092281243986   0.22631824730419   -0.0134358965771844   -0.00925167634581811   0
0.240777593630563   0.22825018235324   -0.0233146876134233   0.00193193504904968   0
0.256003369146598   0.249954300733757   0.0152257755160354   0.0217041183805179   0
0.297160578227585   0.278221127177971   0.0411572090809866   0.0282668264442135   0
0.265385744884248   0.264269515370761   -0.0317748333433364   -0.01395161180721   0
0.254505262022543   0.274613778355951   -0.0108804828617053   0.0103442629851896   0
0.226430498556929   0.278491821809438   -0.0280747634656144   0.00387804345348786   0
0.230475464566277   0.286441073851637   0.00404496600934842   0.00794925204219843   0
0.298079652613155   0.308733117608808   0.0676041880468784   0.0222920437571714   0
0.336767706879226   0.304329283269818   0.0386880542660708   -0.00440383433899061   0
0.262877735795729   0.292452541143765   -0.073889971083497   -0.0118767421260523   0
0.213384980749665   0.326554101270686   -0.0494927550460641   0.0341015601269209   0
0.257716909261741   0.289412161637222   0.0443319285120757   -0.0371419396334639   0
0.29109095697007   0.300497119179371   0.0333740477083289   0.0110849575421482   0
0.269415687730883   0.286871303131573   -0.0216752692391872   -0.0136258160477979   0
0.257331896584579   0.289565068861403   -0.0120837911463038   0.00269376572983049   0
0.268751396465015   0.291706587153707   0.0114194998804364   0.00214151829230363   0
0.276837420514437   0.276325285925768   0.00808602404942227   -0.0153813012279385   0
0.331057433438943   0.300395779904937   0.0542200129245058   0.0240704939791689   0
0.326005458754008   0.298451480929715   -0.00505197468493557   -0.00194429897522269   0
0.281606655408633   0.326238590085196   -0.0443988033453746   0.0277871091554813   0
0.345389937470487   0.333427675772102   0.0637832820618538   0.00718908568690657   0
0.334576642890796   0.32708979548941   -0.0108132945796909   -0.00633788028269228   0
0.32717033936743   0.340381669159513   -0.00740630352336563   0.0132918736701027   0
0.311693387883726   0.326345845780131   -0.0154769514837043   -0.0140358233793822   0
0.309899184302894   0.334272665126763   -0.00179420358083204   0.00792681934663186   0
0.273184655942243   0.324292911190183   -0.0367145283606511   -0.00997975393657941   0
0.281957721071812   0.339621354290088   0.00877306512956866   0.0153284430999048   0
0.288383278274179   0.318187401680628   0.00642555720236748   -0.0214339526094598   0
0.261350807183071   0.330393367435222   -0.0270324710911083   0.0122059657545939   0
0.216669864362247   0.321743994812692   -0.0446809428208236   -0.00864937262252968   0
0.178056762680721   0.321712113045875   -0.0386131016815258   -3.18817668170657e-05   0
