0   0   0   0   0
0.0212833353692127   0.014735515947959   0.0212833353692127   0.014735515947959   0
0.0778917680324725   0.0367810502465041   0.0566084326632598   0.0220455342985451   0
0.239762273691023   0.122710080602961   0.161870505658551   0.0859290303564567   0
0.146724716276637   0.0565341822045852   -0.0930375574143855   -0.0661758983983756   0
0.150944086306294   0.0697127411853839   0.00421937002965667   0.0131785589807987   0
0.175611484631065   0.084419915019459   0.0246673983247706   0.014707173834075   0
0.179785203228609   0.0988691504452294   0.00417371859754417   0.0144492354257704   0
0.0639185676654939   0.08634182733788   -0.115866635563115   -0.0125273231073494   0
0.0831649179960638   0.0869872837040812   0.01924635033057   0.000645456366201225   0
0.0968752393976994   0.101282159745621   0.0137103214016356   0.0142948760415396   0
0.080322646371784   0.0754344937370795   -0.0165525930259154   -0.0258476660085412   0
0.0955402277367299   0.0991692616059835   0.0152175813649459   0.023734767868904   0
0.0906687902691186   0.101234174422892   -0.0048714374676113   0.0020649128169084   0
0.0735091883819347   0.112811904919155   -0.0171596018871839   0.0115777304962635   0
0.0624176547492089   0.0883600132380223   -0.0110915336327258   -0.0244518916811331   0
0.0796128780036243   0.119445247987192   0.0171952232544154   0.03108523474917   0
0.085624520578006   0.0857014873104039   0.00601164257438162   -0.0337437606767883   0
0.0505529765544576   0.0679010870789998   -0.0350715440235484   -0.0178004002314041   0
0.0575955061645611   0.0972178944203195   0.00704252961010345   0.0293168073413197   0
0.077087170892258   0.112336460124536   0.0194916647276969   0.0151185657042167   0
0.0762567151885848   0.12359572395096   -0.000830455703673169   0.0112592638264241   0
0.0691700473672416   0.127135183017656   -0.00708666782134323   0.00353945906669562   0
0.0692530988008675   0.128863692042552   8.30514336258859e-05   0.00172850902489557   0
0.0740369114387452   0.144497329612186   0.00478381263787778   0.0156336375696349   0
0.0532508727890536   0.139333875326547   -0.0207860386496916   -0.00516345428563991   0
0.055859431841853   0.146389454030144   0.00260855905279936   0.00705557870359697   0
0.146449774562299   0.181074977275077   0.090590342720446   0.034685523244933   0
0.079324735123337   0.179698604609146   -0.067125039438962   -0.00137637266593096   0
0.0745618605666691   0.168627666018089   -0.00476287455666786   -0.0110709385910562   0
0.0873365521192798   0.182053318247739   0.0127746915526106   0.0134256522296501   0
0.0558522731154924   0.174149193867712   -0.0314842790037874   -0.00790412438002783   0
0.0639391769524965   0.175287327698841   0.00808690383700406   0.00113813383112976   0
0.0456431090446575   0.172774780826025   -0.018296067907839   -0.00251254687281607   0
0.0382279396931231   0.158916277548341   -0.00741516935153443   -0.0138585032776842   0
0.0271850558643819   0.178561301412237   -0.0110428838287412   0.0196450238638959   0
0.0425879557281891   0.176913977755044   0.0154028998638072   -0.00164732365719328   0
0.146497739139839   0.187722255397968   0.103909783411649   0.0108082776429243   0
0.0684166600154066   0.188266988363616   -0.078081079124432   0.000544732965647748   0
0.0589909019956148   0.191030744578538   -0.00942575801979179   0.00276375621492181   0
0.0411830743894024   0.207388798820405   -0.0178078276062124   0.016358054241867   0
0.0653789935813731   0.183750560585306   0.0241959191919707   -0.0236382382350982   0
0.0958201006026232   0.175645474596612   0.0304411070212502   -0.00810508598869394   0
0.035947441192578   0.192725505219305   -0.0598726594100453   0.0170800306226926   0
0.0479247650281685   0.187799950199436   0.0119773238355905   -0.00492555501986858   0
0.0733603974443481   0.224388725361986   0.0254356324161796   0.0365887751625494   0
0.0626777202705995   0.227147925502132   -0.0106826771737486   0.00275920014014619   0
0.0490232349800155   0.219380657714557   -0.0136544852905839   -0.00776726778757458   0
0.066127006310963   0.240943241536039   0.0171037713309474   0.0215625838214814   0
0.0661083538305111   0.235576928208918   -1.86524804519222e-05   -0.00536631332712115   0
0.0809601983166197   0.21386498009692   0.0148518444861087   -0.0217119481119973   0
0.0646071983041358   0.226681487349488   -0.016353000012484   0.0128165072525672   0
0.106471391182942   0.231056411645735   0.0418641928788063   0.00437492429624689   0
0.0969857367002693   0.238224052368893   -0.00948565448267272   0.00716764072315892   0
0.0948777934147414   0.264008555402774   -0.00210794328552792   0.0257845030338804   0
0.129173971956641   0.279981526627157   0.0342961785418994   0.015972971224383   0
0.0434898466213593   0.290010453789325   -0.0856841253352815   0.0100289271621686   0
0.149605687944664   0.253339855737462   0.106115841323305   -0.0366705980518638   0
0.148988925709558   0.27019618887224   -0.000616762235105872   0.016856333134778   0
0.159618540536693   0.267090793100135   0.0106296148271354   -0.00310539577210445   0
0.104518968500767   0.272460356165553   -0.0550995720359267   0.00536956306541791   0
0.128987849890571   0.263986705503219   0.0244688813898049   -0.0084736506623343   0
0.129812418260528   0.2661649935503   0.000824568369956591   0.00217828804708109   0
0.15533385207821   0.284397861889172   0.0255214338176815   0.0182328683388724   0
0.16901255128754   0.272457541165448   0.0136786992093309   -0.0119403207237241   0
0.176485485383003   0.271620441458351   0.00747293409546262   -0.000837099707097222   0
0.199190146468636   0.274264832604473   0.0227046610856329   0.00264439114612203   0
0.22995841324101   0.265540679570061   0.030768266772374   -0.00872415303441171   0
0.204304476492517   0.251437923836005   -0.0256539367484932   -0.0141027557340559   0
0.234871673621697   0.279950632972758   0.0305671971291798   0.0285127091367527   0
0.249187508072585   0.28321320740708   0.014315834450888   0.00326257443432215   0
0.230844590974901   0.269054592092818   -0.0183429170976837   -0.0141586153142621   0
0.224476754461533   0.339936994408818   -0.00636783651336786   0.0708824023159998   0
0.17413517434961   0.328081882918181   -0.0503415801119231   -0.0118551114906369   0
0.190040823510497   0.318295408622066   0.0159056491608872   -0.00978647429611496   0
0.201734024719657   0.288468323634649   0.0116932012091601   -0.0298270849874168   0
0.166998708883691   0.281106102263067   -0.0347353158359667   -0.00736222137158182   0
0.21621468417875   0.306881009219599   0.0492159752950592   0.0257749069565313   0
