0   0   0   0   0
0.0189228698212729   0.00885791928981132   0.0189228698212729   0.00885791928981132   0
0.0357623953738368   0.0254083093521664   0.0168395255525639   0.0165503900623551   0
0.0421993398851546   0.100139532791981   0.00643694451131785   0.0747312234398143   0
0.0220844884650465   0.0679744694607205   -0.0201148514201081   -0.0321650633312602   0
0.0273988733600327   0.0678358606926927   0.00531438489498625   -0.000138608768027737   0
0.00711061102579005   0.0614130087176831   -0.0202882623342427   -0.00642285197500962   0
0.0186648864790374   0.10290465013048   0.0115542754532474   0.0414916414127966   0
0.0575676622837351   0.0842723935218698   0.0389027758046976   -0.0186322566086099   0
0.0381833082397974   0.108781401379025   -0.0193843540439377   0.0245090078571557   0
0.0552792834920783   0.101574914888779   0.0170959752522809   -0.00720648649024684   0
0.0539618289871551   0.113369731458918   -0.00131745450492313   0.0117948165701389   0
0.0635996173276856   0.10494662757139   0.00963778834053046   -0.00842310388752734   0
0.055517947880982   0.120741200993453   -0.00808166944670358   0.0157945734220629   0
0.0777643259124456   0.129410955798934   0.0222463780314636   0.00866975480548099   0
0.0912810248979566   0.136464019808874   0.013516698985511   0.00705306400993996   0
0.0953954844865528   0.142713834608029   0.0041144595885962   0.00624981479915498   0
0.135529007948576   0.133935776160169   0.0401335234620228   -0.00877805844786   0
0.0994299887850115   0.133271209355336   -0.0360990191635641   -0.000664566804833538   0
0.10561879424278   0.137990527685784   0.00618880545776825   0.00471931833044856   0
0.152987082398223   0.147231187568472   0.0473682881554436   0.00924065988268796   0
0.14900066107407   0.141211354994992   -0.00398642132415314   -0.00601983257347957   0
0.142583995267803   0.157915762637282   -0.00641666580626724   0.0167044076422894   0
0.161593465688167   0.146873933751744   0.0190094704203642   -0.0110418288855381   0
0.173331880172926   0.167275823241974   0.0117384144847586   0.02040188949023   0
0.283001993131585   0.173062057412669   0.109670112958659   0.00578623417069565   0
0.136519741798601   0.163287696979815   -0.146482251332983   -0.00977436043285485   0
0.15978153750779   0.147482110144025   0.0232617957091892   -0.0158055868357898   0
0.145654438146591   0.163990969078778   -0.0141270993611991   0.016508858934753   0
0.121496551878523   0.140518630364743   -0.024157886268068   -0.023472338714035   0
0.117987179998855   0.141095004906121   -0.00350937187966785   0.000576374541378599   0
0.146048057743506   0.139262857580853   0.0280608777446501   -0.00183214732526862   0
0.172288752201487   0.141499378188973   0.026240694457982   0.00223652060812043   0
0.154947630573728   0.161548733206527   -0.0173411216277592   0.0200493550175543   0
0.115800277590491   0.133900345424568   -0.0391473529832369   -0.0276483877819594   0
0.144582402380829   0.149977121757171   0.0287821247903381   0.0160767763326033   0
0.20681030620449   0.150846985383884   0.0622279038236609   0.00086986362671243   0
0.209815821872328   0.118400414673062   0.00300551566783791   -0.0324465707108217   0
0.239884332387037   0.124936827148005   0.0300685105147091   0.00653641247494323   0
0.257636876276221   0.148261966148206   0.0177525438891841   0.0233251390002002   0
0.211591878557635   0.136724054424441   -0.0460449977185866   -0.0115379117237648   0
0.223291475692824   0.171539175378227   0.0116995971351896   0.0348151209537866   0
0.231731823666561   0.176391308033317   0.00844034797373674   0.00485213265508982   0
0.233126453919336   0.179095874928287   0.00139463025277531   0.00270456689496967   0
0.225877147117117   0.184557414819623   -0.00724930680221955   0.00546153989133596   0
0.186618516698695   0.169431665639542   -0.0392586304184224   -0.0151257491800809   0
0.215938221206053   0.191567686781178   0.0293197045073587   0.0221360211416362   0
0.232884927267291   0.190247311592435   0.0169467060612381   -0.00132037518874328   0
0.180738948547832   0.17725396830639   -0.0521459787194598   -0.0129933432860445   0
0.175106196248948   0.195135573784945   -0.00563275229888324   0.0178816054785551   0
0.196486561414119   0.201831179813078   0.021380365165171   0.00669560602813224   0
0.185173896353291   0.199608353459738   -0.011312665060828   -0.00222282635333926   0
0.125597215556745   0.190694831561969   -0.0595766807965459   -0.00891352189776995   0
0.143179344880014   0.171820250960264   0.017582129323269   -0.0188745806017047   0
0.153208888528037   0.192233235229815   0.010029543648023   0.0204129842695515   0
0.138452433367625   0.181476843623708   -0.0147564551604127   -0.010756391606107   0
0.13569209194231   0.163453007366774   -0.00276034142531464   -0.0180238362569343   0
0.127059658089404   0.170423124033438   -0.00863243385290635   0.00697011666666356   0
0.16366381447797   0.140417346132309   0.036604156388566   -0.0300057779011291   0
0.0453691400633034   0.157676924401639   -0.118294674414666   0.0172595782693306   0
