7.8263307e-15   1.5164052e-16   0   0   0
0.605987066026494   0.152904393202686   0.605987066026486   0.152904393202686   0
0.922785929017411   0.260447942555691   0.316798862990917   0.107543549353005   0
1.11553886947264   0.47067615217822   0.192752940455225   0.21022820962253   0
1.14295808891032   0.534322111142235   0.0274192194376799   0.0636459589640149   0
1.15658617855611   0.550071224476103   0.0136280896457961   0.0157491133338673   0
1.39460577229215   0.642796508825584   0.238019593736037   0.0927252843494809   0
1.32747663548406   0.662325002401115   -0.0671291368080909   0.0195284935755315   0
1.33834596093552   0.731816427702641   0.0108693254514576   0.0694914253015263   0
1.26320676536237   0.71484550649397   -0.0751391955731411   -0.0169709212086717   0
1.2760350441505   0.725021115208756   0.0128282787881231   0.0101756087147863   0
1.33713304278204   0.79334293188542   0.0610979986315421   0.0683218166766645   0
1.42588769582444   0.833813677962082   0.0887546530424055   0.0404707460766613   0
1.42928484804084   0.864331307199453   0.00339715221639958   0.0305176292373711   0
1.48543976625989   0.893180669101331   0.0561549182190479   0.0288493619018779   0
1.45941502254279   0.883740901674998   -0.0260247437171002   -0.00943976742633301   0
1.44237982240146   0.906797244672384   -0.0170352001413365   0.0230563429973866   0
1.45423399728783   0.957602999873411   0.0118541748863703   0.0508057552010268   0
1.5832456235323   1.00738477467709   0.129011626244474   0.0497817748036762   0
1.61717535805386   1.03159345023997   0.0339297345215639   0.0242086755628781   0
1.58760373502091   1.01583125203046   -0.0295716230329512   -0.0157621982095102   0
1.53662941738635   0.972836803295225   -0.0509743176345594   -0.0429944487352306   0
1.56562374504584   1.0117448063856   0.0289943276594882   0.0389080030903727   0
1.60648779275779   1.05766703477691   0.0408640477119497   0.0459222283913148   0
1.56959621967806   1.01497600460979   -0.036891573079727   -0.0426910301671211   0
1.53761675681113   0.985675772300834   -0.0319794628669308   -0.0293002323089567   0
1.58986128528391   1.02847759758779   0.0522445284727733   0.0428018252869534   0
1.59852894437971   1.03414798220806   0.0086676590958048   0.00567038462026836   0
1.54468846413638   1.05499355926857   -0.0538404802433354   0.0208455770605152   0
1.56065896457882   1.05542163504174   0.015970500442448   0.000428075773166281   0
1.55251789587565   1.05730316620366   -0.00814106870317133   0.00188153116192602   0
1.58470377762177   1.0873987054567   0.032185881746122   0.0300955392530378   0
1.57155687856543   1.09588554290452   -0.0131468990563472   0.00848683744781842   0
1.61276758617304   1.12841567090001   0.0412107076076123   0.0325301279954868   0
1.5828054575646   1.14303041131922   -0.0299621286084366   0.0146147404192152   0
1.59925136466258   1.14808535603258   0.0164459070979741   0.00505494471335366   0
1.64766242652342   1.15874363408965   0.0484110618608415   0.0106582780570756   0
1.64081721118203   1.18591931760287   -0.00684521534139315   0.0271756835132224   0
1.60279170117156   1.15378869112038   -0.0380255100104667   -0.0321306264824921   0
1.61907107466886   1.17480562988727   0.0162793734972999   0.0210169387668933   0
1.64090893512398   1.17643396175087   0.021837860455119   0.00162833186359235   0
1.66338497217088   1.22543442027361   0.0224760370468977   0.049000458522747   0
1.68384153762443   1.2357301842473   0.0204565654535511   0.0102957639736896   0
1.66457126787252   1.25371311449978   -0.0192702697519043   0.0179829302524757   0
1.67900196611351   1.2933093054894   0.014430698240991   0.0395961909896252   0
1.57580323598521   1.21311230607649   -0.103198730128303   -0.0801969994129121   0
1.61670113322291   1.25223916553477   0.0408978972377025   0.0391268594582752   0
1.64979825358265   1.35247412336064   0.0330971203597383   0.100234957825869   0
1.55302716923419   1.36329464709539   -0.0967710843484624   0.0108205237347521   0
1.58267116711018   1.40028388976324   0.0296439978759864   0.0369892426678535   0
1.61464160280596   1.4339162664597   0.0319704356957868   0.0336323766964606   0
1.60426163531129   1.41331253416005   -0.0103799674946734   -0.0206037322996537   0
1.8470631415886   1.40034714096879   0.242801506277308   -0.0129653931912619   0
1.78712638567232   1.4709682484957   -0.0599367559162778   0.0706211075269134   0
1.75914324600327   1.49416370379508   -0.0279831396690453   0.0231954552993774   0
2.22064512533795   1.35982713117907   0.461501879334677   -0.134336572616006   0
1.73388257747025   1.54573021472101   -0.486762547867701   0.185903083541934   0
1.64360001948744   1.50821588163796   -0.0902825579828115   -0.0375143330830434   0
1.82644729977299   1.55979943306533   0.182847280285555   0.0515835514273681   0
1.85847066641828   1.62690525443603   0.0320233666452889   0.0671058213706976   0
1.90679347074327   1.66724498553621   0.0483228043249917   0.0403397311001807   0
1.8909933540366   1.71806445524757   -0.0158001167066744   0.050819469711362   0
1.24695859721373   1.08077810122218   -0.644034756822871   -0.637286354025395   0
1.04739235354082   0.572602331968686   -0.199566243672904   -0.508175769253489   0
0.623150232954678   0.292279558531701   -0.424242120586146   -0.280322773436985   0
0.763430361220558   0.259044101500784   0.14028012826588   -0.0332354570309168   0
0.876465198473954   0.302647054882286   0.113034837253395   0.0436029533815016   0
0.927288348545965   0.371833343867305   0.0508231500720114   0.0691862889850188   0
0.987540953233896   0.434732550555282   0.0602526046879309   0.062899206687977   0
1.07461858117055   0.442743558613045   0.087077627936658   0.00801100805776306   0
1.10161641699617   0.438302156437183   0.0269978358256142   -0.00444140217586164   0
1.13429981260608   0.476378377625674   0.0326833956099122   0.0380762211884904   0
1.3211973267469   0.496119879589039   0.186897514140817   0.0197415019633658   0
1.36612757675376   0.547473132854095   0.0449302500068662   0.0513532532650555   0
1.41146910448587   0.672877120895333   0.0453415277321025   0.125403988041238   0
