0   0   0   0   0
0.130042594796363   0.126620361741145   0.130042594796363   0.126620361741145   0
0.0390737396590608   0.0513480360431684   -0.0909688551373022   -0.0752723256979765   0
0.0904216054917265   0.0901031173152701   0.0513478658326657   0.0387550812721017   0
0.0483867988080872   0.0456253001690216   -0.0420348066836393   -0.0444778171462484   0
0.0870021777541049   0.0974957955887776   0.0386153789460177   0.051870495419756   0
0.0615042456039646   0.0991772190694393   -0.0254979321501403   0.00168142348066169   0
0.113248732083311   0.134645399951949   0.0517444864793462   0.0354681808825098   0
0.0815555589737476   0.0982730523711361   -0.0316931731095632   -0.0363723475808131   0
0.101180912929036   0.124459801253166   0.019625353955288   0.0261867488820301   0
0.0550198561462666   0.0820235587725007   -0.046161056782769   -0.0424362424806654   0
0.1421333852257   0.161068827886126   0.087113529079433   0.0790452691136257   0
0.0590682397727831   0.0954488999222691   -0.0830651454529165   -0.0656199279638573   0
0.123171127330062   0.151517205900318   0.0641028875572787   0.0560683059780491   0
0.0877262932483625   0.114105287076667   -0.0354448340816993   -0.0374119188236516   0
0.140675906768825   0.182061858656672   0.052949613520462   0.0679565715800054   0
0.114126144574902   0.146589598679019   -0.0265497621939221   -0.035472259977653   0
0.103160183685643   0.14596626589931   -0.0109659608892596   -0.000623332779709218   0
0.0842209868319202   0.112248127150211   -0.0189391968537227   -0.0337181387490992   0
0.147790358054382   0.178813453583322   0.0635693712224619   0.0665653264331118   0
0.0732330190661742   0.101799978191467   -0.0745573389882078   -0.0770134753918556   0
0.120300903474496   0.152616620344796   0.0470678844083213   0.0508166421533292   0
0.0311652053426708   0.105785806780111   -0.0891356981318248   -0.0468308135646853   0
0.153586966991706   0.188261020858423   0.122421761649035   0.0824752140783126   0
0.0979359688627454   0.136376955712016   -0.0556509981289602   -0.0518840651464076   0
0.122031004838771   0.167643956405554   0.0240950359760252   0.0312670006935383   0
0.0881143259212247   0.127036759777787   -0.0339166789175459   -0.0406071966277669   0
0.112163450314901   0.167641513859775   0.0240491243936766   0.0406047540819879   0
0.0786519449380002   0.147156901556242   -0.0335115053769011   -0.0204846123035331   0
0.0958283847546351   0.158241480569044   0.0171764398166349   0.0110845790128022   0
0.0564491651780639   0.119223160203619   -0.0393792195765712   -0.0390183203654248   0
0.106662927355323   0.170574035752332   0.0502137621772588   0.0513508755487123   0
0.0319348030507502   0.108221886558962   -0.0747281243045725   -0.0623521491933695   0
0.122892630685564   0.155277308893888   0.090957827634814   0.0470554223349256   0
0.12722726637917   0.19523216580759   0.00433463569360616   0.0399548569137027   0
0.135162229613656   0.184960997020809   0.0079349632344857   -0.0102711687867813   0
0.108763360183156   0.191336252872357   -0.0263988694305   0.00637525585154811   0
0.122054729729624   0.185703563604519   0.0132913695464682   -0.00563268926783789   0
0.0797356925032075   0.16089378738989   -0.0423190372264168   -0.0248097762146296   0
0.104528321234183   0.176398730508061   0.0247926287309754   0.0155049431181714   0
0.0666378861398171   0.157180188567763   -0.0378904350943658   -0.0192185419402984   0
0.117126701976361   0.197426130054224   0.0504888158365439   0.0402459414864612   0
0.0342299750671525   0.138868851034162   -0.0828967269092085   -0.0585572790200618   0
0.127207647206944   0.206428717085269   0.0929776721397916   0.0675598660511071   0
0.0569618734575328   0.164642037512969   -0.0702457737494113   -0.0417866795723003   0
0.128114040190614   0.206529987937121   0.0711521667330812   0.0418879504241518   0
0.0390185348913249   0.150883868190017   -0.0890955052992891   -0.0556461197471037   0
0.160571905834822   0.221889377141617   0.121553370943498   0.0710055089515997   0
0.112329435661349   0.206503616312825   -0.0482424701734733   -0.0153857608287913   0
0.115005793870594   0.221439261830239   0.00267635820924458   0.0149356455174134   0
0.123685090284712   0.228452541998739   0.00867929641411813   0.00701328016850064   0
0.109939193876976   0.225955872486191   -0.0137458964077361   -0.00249666951254895   0
0.0943687861005678   0.19383128602883   -0.0155704077764079   -0.0321245864573601   0
0.194477935892271   0.248129327114839   0.100109149791703   0.0542980410860086   0
0.079976862483223   0.182329644732496   -0.114501073409048   -0.065799682382343   0
0.2015230347982   0.271948454921547   0.121546172314977   0.0896188101890512   0
0.106192556588509   0.191549246972699   -0.0953304782096905   -0.0803992079488481   0
0.217206052354023   0.262898462031473   0.111013495765513   0.0713492150587744   0
0.165508429170828   0.238525114305543   -0.0516976231831941   -0.0243733477259306   0
0.174350961460886   0.245263012587849   0.00884253229005755   0.00673789828230648   0
0.144930413454181   0.240840506660689   -0.0294205480067049   -0.00442250592716034   0
0.163728258565718   0.251051127139959   0.0187978451115369   0.0102106204792701   0
0.131392783707871   0.23575131285052   -0.0323354748578467   -0.0152998142894388   0
0.170290202224281   0.255389774573118   0.0388974185164097   0.0196384617225982   0
0.117060757379461   0.201985399784479   -0.0532294448448198   -0.053404374788639   0
0.189880612215479   0.274981389016799   0.0728198548360175   0.0729959892323194   0
0.137333696594875   0.225755942360332   -0.0525469156206037   -0.0492254466564667   0
0.203423439378533   0.28868281292828   0.0660897427836586   0.0629268705679477   0
0.162427941184763   0.244784366800065   -0.0409954981937705   -0.0438984461282151   0
0.184848897197653   0.24665681024297   0.0224209560128896   0.00187244344290516   0
0.207590333829002   0.272172243039014   0.0227414366313494   0.025515432796044   0
0.14328937625729   0.217789766364658   -0.0643009575717123   -0.0543824766743556   0
0.236698649450041   0.244991949342434   0.0934092731927517   0.0272021829777753   0
0.193304884008004   0.248885582489437   -0.0433937654420372   0.00389363314700356   0
