1.1168431e-14   1.94091795791351e-32   0   0   0
0.0339913837976761   0.030995619253977   0.0339913837976649   0.030995619253977   0
0.0274856621872532   0.0570333563981704   -0.00650572161042292   0.0260377371441934   0
0.0206913059335879   0.0762986037003321   -0.00679435625366529   0.0192652473021617   0
0.0279356464545641   0.0642365329800202   0.0072443405209762   -0.0120620707203119   0
0.0250475888038698   0.0821332242104837   -0.00288805765069422   0.0178966912304634   0
0.0530370740782207   0.0813056041906046   0.0279894852743509   -0.000827620019879086   0
0.0485066336466097   0.0877923576241089   -0.00453044043161105   0.00648675343350433   0
0.0706757644566542   0.0769868169260893   0.0221691308100445   -0.0108055406980196   0
0.155393401156758   0.0656232997813735   0.0847176367001033   -0.0113635171447158   0
0.112188788633465   0.0593726478011484   -0.0432046125232927   -0.00625065198022506   0
0.11243376652916   0.0700240934899703   0.000244977895695581   0.0106514456888219   0
0.13703649333995   0.00867018009027596   0.0246027268107892   -0.0613539133996944   0
0.528174599639752   0.0388082288549996   0.391138106299803   0.0301380487647237   0
0.669084881372206   0.0900347026452105   0.140910281732453   0.0512264737902109   0
0.61853591839722   0.126038652422172   -0.0505489629749856   0.0360039497769619   0
0.567855711521721   0.139639085416639   -0.0506802068754989   0.0136004329944671   0
0.519537862811216   0.155837467980923   -0.0483178487105052   0.0161983825642833   0
0.336652160439023   0.11222463098967   -0.182885702372193   -0.0436128369912529   0
0.112929041077594   0.0684122167192512   -0.223723119361429   -0.0438124142704188   0
0.0624668446670448   0.0666676426164415   -0.050462196410549   -0.00174457410280962   0
0.113858077712215   0.0596046117163364   0.0513912330451703   -0.00706303090010518   0
0.111419883804837   0.0595249093893445   -0.00243819390737761   -7.97023269918234e-05   0
0.0901957759205489   0.0407441596133406   -0.0212241078842886   -0.0187807497760039   0
0.0734213949729433   0.060610774057227   -0.0167743809476056   0.0198666144438863   0
0.0688721529086747   0.0530300051310131   -0.00454924206426854   -0.00758076892621386   0
0.049594162478929   0.0440648684010988   -0.0192779904297458   -0.00896513672991434   0
0.0356349635464706   0.0128872390647018   -0.0139591989324584   -0.0311776293363969   0
0.047881732373036   0.0266571016859064   0.0122467688265653   0.0137698626212046   0
0.0652096034310427   0.0243475054737196   0.0173278710580068   -0.00230959621218675   0
0.0498336892958838   0.0237721650893998   -0.0153759141351589   -0.00057534038431983   0
0.0739733574865427   0.0350114981719416   0.0241396681906589   0.0112393330825418   0
0.0534248671082868   0.0567477859761211   -0.0205484903782559   0.0217362878041795   0
0.0728185800296145   0.07544643448486   0.0193937129213277   0.0186986485087389   0
0.0944866472720111   0.0735242467323745   0.0216680672423966   -0.00192218775248547   0
0.0723089601901423   0.0512691552200965   -0.0221776870818688   -0.0222550915122781   0
0.0559791797979555   0.0928177272409345   -0.0163297803921868   0.041548572020838   0
0.0590364361031297   0.0563981719995097   0.00305725630517425   -0.0364195552414247   0
0.0727406319691204   0.0590918264132739   0.0137041958659907   0.00269365441376419   0
0.0989454697966721   0.0633212705707086   0.0262048378275517   0.00422944415743464   0
0.0445927001067964   0.0829810798459261   -0.0543527696898758   0.0196598092752176   0
0.0372342807764045   0.0816696303820218   -0.00735841933039182   -0.00131144946390438   0
0.0364532489279143   0.0793341770606963   -0.000781031848490203   -0.00233545332132548   0
0.0643420694951412   0.0781977534092339   0.0278888205672268   -0.00113642365146235   0
0.101781267282699   0.0873947506596746   0.0374391977875574   0.00919699725044065   0
0.090690920811266   0.0941196695443179   -0.0110903464714326   0.00672491888464337   0
0.0816413423315621   0.0988105933511056   -0.00904957847970393   0.00469092380678765   0
0.0743473740644874   0.0798306247442236   -0.00729396826707469   -0.018979968606882   0
0.106615788990426   0.0916115506570063   0.0322684149259386   0.0117809259127827   0
0.0660717377255246   0.0845835465909142   -0.0405440512649014   -0.00702800406609207   0
0.0593912513628615   0.109966725658248   -0.00668048636266307   0.0253831790673337   0
0.0453255338597735   0.0970481980356991   -0.014065717503088   -0.0129185276225488   0
0.0921406216392293   0.0977637569147279   0.0468150877794559   0.000715558879028758   0
0.122273515426701   0.108588576931709   0.0301328937874716   0.0108248200169816   0
0.154401731635657   0.11032980896143   0.0321282162089565   0.00174123202972085   0
0.113726163277963   0.111856053817529   -0.0406755683576941   0.00152624485609855   0
0.144698624038181   0.12955961918817   0.0309724607602178   0.0177035653706412   0
0.135911751111374   0.155916166753245   -0.00878687292680722   0.0263565475650754   0
0.0866793642957915   0.191529324369279   -0.0492323868155823   0.0356131576160332   0
0.0546875710760655   0.19380975775472   -0.0319917932197261   0.00228043338544176   0
0.0388408530575382   0.203531646520166   -0.0158467180185273   0.00972188876544577   0
0.0590504385912695   0.232261503908249   0.0202095855337313   0.0287298573880828   0
0.0536027339330614   0.219970633819068   -0.00544770465820812   -0.0122908700891808   0
0.0803553363222708   0.201404056574449   0.0267526023892095   -0.0185665772446195   0
0.0783296927118283   0.194946588646288   -0.00202564361044258   -0.0064574679281601   0
0.0833904151317564   0.223915897096131   0.00506072241992811   0.0289693084498431   0
0.0854058528511018   0.262003435080053   0.00201543771934541   0.0380875379839213   0
0.0875347630653714   0.246840434452813   0.00212891021426964   -0.0151630006272401   0
0.070401953757969   0.226780930968156   -0.0171328093074024   -0.020059503484657   0
0.083953471242189   0.244513003792129   0.01355151748422   0.0177320728239737   0
0.0773223777733736   0.228184686114836   -0.00663109346881537   -0.0163283176772932   0
0.0571660145155713   0.234698317688638   -0.0201563632578024   0.00651363157380155   0
0.0635320002835413   0.250696030239395   0.00636598576797007   0.0159977125507573   0
