7.1054274e-15   0   0   0   0
0.0553426685441917   0.0309796966875169   0.0553426685441846   0.0309796966875169   0
0.0357517620034162   0.0261097034929165   -0.0195909065407755   -0.00486999319460047   0
0.01594403289127   0.015420190697094   -0.0198077291121462   -0.0106895127958225   0
0.0515952049921043   0.0331612505061017   0.0356511721008343   0.0177410598090077   0
0.0624145011132853   0.0419205112792102   0.010819296121181   0.00875926077310849   0
0.0311174719444799   0.00338006913210074   -0.0312970291688055   -0.0385404421471095   0
0.0752396844626886   0.0419661548121422   0.0441222125182087   0.0385860856800414   0
0.0195586037687523   0.024353286691606   -0.0556810806939364   -0.0176128681205362   0
0.021729727358986   0.0154523214002102   0.00217112359023375   -0.00890096529139586   0
0.0750208041513796   0.0435410017993009   0.0532910767923935   0.0280886803990907   0
0.0304587847250584   0.0206070794893333   -0.0445620194263212   -0.0229339223099676   0
0.0823700737732014   0.0540497709379016   0.051911289048143   0.0334426914485683   0
0.0488666268540947   0.0166073605308593   -0.0335034469191067   -0.0374424104070423   0
0.0405598715191959   0.0288873694944456   -0.00830675533489881   0.0122800089635864   0
0.0444991576447367   0.0389483477697321   0.00393928612554079   0.0100609782752865   0
0.027860004752985   0.0188944540609638   -0.0166391528917517   -0.0200538937087683   0
0.0756900239054332   0.0425488172134118   0.0478300191524482   0.023654363152448   0
0.0475966205601575   0.0120436932980682   -0.0280934033452756   -0.0305051239153436   0
0.0431800633634597   0.035719041938952   -0.00441655719669781   0.0236753486408838   0
0.0415997031672291   0.038183819577794   -0.00158036019623058   0.00246477763884201   0
0.0277677376468667   0.0218845720057728   -0.0138319655203625   -0.0162992475720211   0
0.0607024574291851   0.0403151675320324   0.0329347197823184   0.0184305955262596   0
0.0509882306857131   0.0417656864845743   -0.00971422674347198   0.00145051895254186   0
0.0404237866672672   0.0503856196721645   -0.0105644440184459   0.00861993318759016   0
0.0552467911164251   0.056861835528597   0.0148230044491579   0.00647621585643253   0
0.0336815840108203   0.035934758790151   -0.0215652071056048   -0.020927076738446   0
0.079245692755332   0.0529040059049457   0.0455641087445117   0.0169692471147947   0
0.047594705408209   0.0290516165119984   -0.031650987347123   -0.0238523893929474   0
0.0252577335588529   0.0332868973910284   -0.0223369718493561   0.00423528087903   0
0.0744721969789257   0.0530505253987639   0.0492144634200728   0.0197636280077355   0
0.0546701305194545   0.0246077826899988   -0.0198020664594712   -0.0284427427087651   0
0.0756098637055935   0.0547652017636607   0.0209397331861391   0.0301574190736619   0
0.0440127332430217   0.0343463740027697   -0.0315971304625719   -0.0204188277608909   0
0.0328204512966709   0.0362357350262333   -0.0111922819463508   0.00188936102346356   0
0.0633701561234847   0.0559141332006271   0.0305497048268139   0.0196783981743938   0
0.0497209720329028   0.0273134962300144   -0.0136491840905819   -0.0286006369706128   0
0.0368683935667609   0.0383931871915135   -0.012852578466142   0.0110796909614991   0
0.0371804974281314   0.0399503134440174   0.000312103861370518   0.00155712625250389   0
0.035744164053132   0.0279737853000201   -0.00143633337499939   -0.0119765281439972   0
0.0659284529415335   0.0509269028736899   0.0301842888884015   0.0229531175736697   0
0.0313993592651774   0.029142097745111   -0.0345290936763561   -0.0217848051285788   0
0.025082739080074   0.0261456672107607   -0.0063166201851034   -0.00299643053435038   0
0.0223447296731477   0.0331886229299528   -0.00273800940692633   0.0070429557191921   0
0.0345864051423081   0.0366047013246606   0.0122416754691604   0.00341607839470781   0
0.0591498133794735   0.0531204265259565   0.0245634082371654   0.016515725201296   0
0.0719877731774417   0.0261227379404812   0.0128379597979682   -0.0269976885854753   0
0.0794335084296356   0.0606517124522568   0.00744573525219389   0.0345289745117756   0
0.0365931106162352   0.0501260603221658   -0.0428403978134003   -0.0105256521300911   0
0.0504859934063804   0.0485292335113448   0.0138928827901451   -0.00159682681082098   0
0.0543193535746186   0.0553132494834812   0.00383336016823828   0.00678401597213645   0
0.0521699840131603   0.0422761314539726   -0.00214936956145834   -0.0130371180295087   0
0.067809195681703   0.0661406309735891   0.0156392116685427   0.0238644995196165   0
0.0504620584424009   0.0555037599501841   -0.0173471372393021   -0.010636871023405   0
0.054340557679479   0.0437221946840415   0.00387849923707816   -0.0117815652661426   0
0.0738001992726251   0.0700676805785048   0.019459641593146   0.0263454858944632   0
0.0612126824136791   0.0445236155698232   -0.012587516858946   -0.0255440650086815   0
0.0631358653448659   0.0596806134597569   0.00192318293118682   0.0151569978899337   0
0.0507261972096617   0.050815871753631   -0.0124096681352042   -0.00886474170612586   0
0.0764632654593407   0.0418695508064081   0.0257370682496789   -0.00894632094722295   0
0.0779976908919354   0.0739982539425546   0.00153442543259472   0.0321287031361465   0
0.0934140714993402   0.0455147243300109   0.0154163806074048   -0.0284835296125437   0
0.0871803371032208   0.0821499445033931   -0.00623373439611936   0.0366352201733822   0
0.107689655887033   0.0561586968618491   0.0205093187838119   -0.025991247641544   0
0.154921176433176   0.0546353623289865   0.0472315205461432   -0.00152333453286268   0
0.123895424857486   0.0857946422209398   -0.0310257515756902   0.0311592798919533   0
0.109626876748611   0.0701510456366223   -0.0142685481088743   -0.0156435965843175   0
0.178191616467213   0.0836498041595166   0.0685647397186012   0.0134987585228943   0
0.14344605744587   0.0804933089956993   -0.0347455590213423   -0.00315649516381727   0
0.179797284313353   0.087734388079727   0.036351226867483   0.00724107908402775   0
0.150638971435495   0.0900475148847347   -0.0291583128778585   0.0023131268050077   0
0.182247456864854   0.096752927161471   0.0316084854293591   0.00670541227673631   0
0.186194574140813   0.0928598480074666   0.00394711727595934   -0.00389307915400448   0
0.145683432705228   0.0849663643059023   -0.0405111414355854   -0.00789348370156427   0
0.220572255687021   0.0953398647490037   0.0748888229817931   0.0103735004431014   0
0.170606560745589   0.0927960896712961   -0.0499656949414324   -0.00254377507770755   0
0.186657282773959   0.104136216032946   0.01605072202837   0.0113401263616503   0
0.167593685752427   0.0958956492010839   -0.019063597021532   -0.00824056683186246   0
