0   0   0   0   0
0.0516961808071952   0.0188035227085564   0.0516961808071952   0.0188035227085564   0
0.0604311620311282   0.0208108198094969   0.00873498122393303   0.00200729710094053   0
0.0607176965838918   0.0396684479963984   0.000286534552763514   0.0188576281869015   0
0.0341742075911833   0.0393747354731609   -0.0265434889927085   -0.00029371252323749   0
0.022231753255356   0.0407103157720662   -0.0119424543358273   0.00133558029890525   0
0.0220704346224822   0.0341656789509271   -0.000161318632873803   -0.00654463682113905   0
0.0542165243417711   0.0235970099793218   0.0321460897192889   -0.0105686689716053   0
0.0414432280463064   0.0385037958249033   -0.0127732962954647   0.0149067858455815   0
0.0455204526347999   0.0310016011128659   0.00407722458849356   -0.00750219471203742   0
0.057905591346076   0.0203035350990279   0.0123851387112761   -0.010698066013838   0
0.0534578771159405   0.0369578830238526   -0.00444771423013553   0.0166543479248247   0
0.053441120966455   0.0602569341505577   -1.67561494854931e-05   0.0232990511267051   0
0.0844090154038297   0.0483596340952428   0.0309678944373747   -0.0118973000553149   0
0.0941123997238393   0.0622069118208181   0.00970338432000963   0.0138472777255753   0
0.0975875212074444   0.0800829449832915   0.00347512148360508   0.0178760331624734   0
0.100984501887703   0.0799908753449741   0.00339698068025836   -9.20696383174269e-05   0
0.12177186025055   0.096222914498262   0.0207873583628469   0.016232039153288   0
0.115515115166279   0.0848342785118156   -0.00625674508427054   -0.0113886359864464   0
0.133838297560345   0.0981228050842643   0.0183231823940663   0.0132885265724486   0
0.177015607044972   0.146019683852805   0.0431773094846265   0.0478968787685411   0
0.165009461323251   0.118593186125636   -0.0120061457217213   -0.0274264977271693   0
0.183686264514746   0.13938268578073   0.0186768031914957   0.0207894996550935   0
0.207763133205023   0.158503819193071   0.0240768686902763   0.0191211334123417   0
0.232059154295586   0.137101085660133   0.024296021090563   -0.0214027335329378   0
0.253419162151462   0.193027438264484   0.0213600078558761   0.0559263526043507   0
0.254630734848204   0.204736079698105   0.00121157269674182   0.0117086414336213   0
0.23598690425995   0.164380193004912   -0.0186438305882533   -0.0403558866931929   0
0.256819195837269   0.197117207475693   0.0208322915773191   0.0327370144707801   0
0.263493093500558   0.215703581272194   0.0066738976632888   0.0185863737965016   0
0.244824473768765   0.196040014824295   -0.0186686197317935   -0.0196635664478988   0
0.246104906133533   0.203321274520978   0.0012804323647688   0.0072812596966825   0
0.248495444888353   0.20682696447632   0.0023905387548197   0.00350568995534162   0
0.246918213015829   0.198933613027537   -0.00157723187252379   -0.00789335144878239   0
0.242370406781932   0.20671812001387   -0.00454780623389739   0.00778450698633235   0
0.224741871206994   0.191672210235081   -0.0176285355749377   -0.0150459097787882   0
0.226540524596263   0.191035386002299   0.00179865338926882   -0.000636824232782524   0
0.250187291652934   0.212276446843239   0.0236467670566706   0.0212410608409405   0
0.233395254831434   0.194148320198298   -0.0167920368215   -0.0181281266449412   0
0.229600788681663   0.182347743919912   -0.00379446614977066   -0.0118005762783857   0
0.260662937568799   0.130924898612996   0.0310621488871358   -0.0514228453069167   0
0.26052932222305   0.216984571903093   -0.000133615345748961   0.0860596732900971   0
0.250433461855706   0.212770596991766   -0.0100958603673442   -0.00421397491132647   0
0.272490964538421   0.255384354024563   0.0220575026827152   0.0426137570327969   0
0.273360853755147   0.247827276999099   0.000869889216725928   -0.00755707702546399   0
0.270652758692903   0.224313778913281   -0.00270809506224423   -0.0235134980858181   0
0.278092192972921   0.248441083370589   0.00743943428001809   0.0241273044573078   0
0.270573582627803   0.250261594191592   -0.00751861034511814   0.00182051082100262   0
0.275158931606011   0.23493120351517   0.004585348978208   -0.0153303906764219   0
0.281007938181664   0.25713156410183   0.00584900657565318   0.02220036058666   0
0.294015893937148   0.261171921600998   0.0130079557554842   0.00404035749916865   0
0.294507360900042   0.264965397222491   0.000491466962893705   0.00379347562149307   0
0.286808628392896   0.266319040894884   -0.0076987325071452   0.00135364367239216   0
0.279589986856918   0.247240896465697   -0.00721864153597801   -0.0190781444291861   0
0.286503189001032   0.251998736322554   0.00691320214411384   0.00475783985685682   0
0.315888295259914   0.290301169492569   0.0293851062588814   0.0383024331700151   0
0.314626955615534   0.277905238730493   -0.00126133964437997   -0.0123959307620767   0
0.349391952765611   0.295757014640933   0.0347649971500772   0.0178517759104399   0
0.318575997337982   0.294859340781791   -0.0308159554276289   -0.00089767385914169   0
0.321901965304481   0.288030261344065   0.0033259679664987   -0.00682907943772626   0
0.328950947565794   0.300493054448904   0.00704898226131312   0.0124627931048396   0
0.341685652351684   0.31252189878711   0.0127347047858905   0.0120288443382062   0
0.335407853989882   0.306667273490732   -0.00627779836180248   -0.00585462529637859   0
0.343925813777944   0.301584294749203   0.00851795978806175   -0.00508297874152885   0
0.352191269485754   0.332854735066543   0.00826545570781057   0.0312704403173398   0
0.344667283696351   0.312723902633415   -0.00752398578940333   -0.0201308324331274   0
0.346553538145896   0.323303886198747   0.00188625444954543   0.0105799835653314   0
0.346270416429934   0.350556833585593   -0.000283121715961732   0.0272529473868461   0
0.317619464542447   0.319989759999448   -0.0286509518874875   -0.0305670735861453   0
0.319576585787571   0.358722870392574   0.00195712124512393   0.0387331103931265   0
0.600662005639384   0.540290182679673   0.281085419851813   0.181567312287099   0
0.450404437721629   0.401190999230216   -0.150257567917755   -0.139099183449457   0
0.378459490702765   0.367401839471551   -0.0719449470188633   -0.0337891597586655   0
