1.062605e-14   3.8518599e-32   0   0   0
0.0640928101788118   0.0371276345873504   0.0640928101788012   0.0371276345873504   0
0.0399718164255706   0.0342391989243852   -0.0241209937532412   -0.00288843566296518   0
0.0228294333446662   0.0345334827703103   -0.0171423830809044   0.0002942838459251   0
0.06162759537271   0.047174085331298   0.0387981620280438   0.0126406025609876   0
0.0585047320887024   0.0539211909747695   -0.00312286328400763   0.00674710564347149   0
0.0499875803828462   0.0637689896022476   -0.0085171517058562   0.00984779862747816   0
0.081831377872327   0.0770152562678758   0.0318437974894808   0.0132462666656282   0
0.0891389362126696   0.0829739071877164   0.00730755834034254   0.00595865091984063   0
0.092324816198582   0.0707233428652449   0.00318587998591248   -0.0122505643224716   0
0.111628130872684   0.0895922033735337   0.0193033146741016   0.0188688605082889   0
0.137239264823871   0.109762655852366   0.0256111339511876   0.0201704524788319   0
0.183400130339301   0.130890961670665   0.0461608655154302   0.0211283058182991   0
0.170422443321605   0.127879226145652   -0.0129776870176965   -0.00301173552501291   0
0.157146311377957   0.127297454141409   -0.0132761319436484   -0.00058177200424317   0
0.144176329922311   0.120658432222311   -0.0129699814556455   -0.00663902191909739   0
0.158309020785465   0.135148658944647   0.0141326908631536   0.0144902267223354   0
0.143450914327865   0.129303558266362   -0.0148581064575992   -0.00584510067828437   0
0.14521425271095   0.130764264729028   0.00176333838308435   0.00146070646266616   0
0.151188786128368   0.140428562141987   0.00597453341741785   0.00966429741295821   0
0.163402735795958   0.163233248763466   0.0122139496675908   0.0228046866214793   0
0.16934237059463   0.159524767268776   0.00593963479867163   -0.00370848149468986   0
0.158088793223648   0.133849445819181   -0.0112535773709817   -0.0256753214495953   0
0.157551911870453   0.150171799967202   -0.000536881353195406   0.0163223541480215   0
0.178312841590894   0.175804789049522   0.0207609297204406   0.0256329890823197   0
0.210262792835459   0.187738242536265   0.0319499512445659   0.0119334534867427   0
0.218440606400136   0.207786727923957   0.00817781356467695   0.0200484853876917   0
0.22062762651678   0.217181310730046   0.00218702011664387   0.00939458280608937   0
0.207466535982563   0.193513927407499   -0.013161090534217   -0.0236673833225469   0
0.184743735855296   0.188411929618061   -0.0227228001272678   -0.00510199778943787   0
0.191202888426405   0.186967043595181   0.00645915257110952   -0.00144488602288048   0
0.212102872387623   0.209700589025255   0.0208999839612184   0.0227335454300746   0
0.183005816333473   0.192689872255461   -0.0290970560541501   -0.0170107167697944   0
0.179639411150822   0.193186489661765   -0.00336640518265105   0.000496617406304078   0
0.212618724765063   0.199781152825435   0.0329793136142406   0.00659466316367002   0
0.207331056529596   0.222383687283485   -0.00528766823546703   0.0226025344580502   0
0.19745329772727   0.221525808068564   -0.00987775880232578   -0.000857879214921059   0
0.225401180444598   0.237359658506116   0.0279478827173278   0.0158338504375515   0
0.215735280813518   0.233957701118839   -0.00966589963107967   -0.00340195738727692   0
0.232975865507329   0.257930097622867   0.0172405846938104   0.0239723965040286   0
0.267353850730534   0.287821073330608   0.034377985223205   0.0298909757077405   0
0.26673176007311   0.291650401607539   -0.000622090657423691   0.00382932827693089   0
0.268156683419109   0.289199756818807   0.00142492334599864   -0.00245064478873219   0
0.281260739320748   0.289751894205612   0.0131040559016394   0.000552137386805429   0
0.274173636652784   0.289354771140377   -0.00708710266796447   -0.000397123065235205   0
0.282962814264249   0.28302737810962   0.00878917761146586   -0.00632739303075636   0
0.273146957369024   0.294325612092141   -0.00981585689522552   0.0112982339825206   0
0.279429011285642   0.301265659427565   0.00628205391661812   0.00694004733542414   0
0.297907383349545   0.312893316147725   0.0184783720639026   0.0116276567201599   0
0.300763032504609   0.313377757530865   0.00285564915506442   0.000484441383140022   0
0.28424829147705   0.301113803001167   -0.0165147410275587   -0.0122639545296984   0
0.302159079174431   0.323672760730435   0.0179107876973801   0.022558957729268   0
0.294281238341602   0.331293661536424   -0.00787784083282828   0.00762090080598932   0
0.281117511718835   0.338903304361358   -0.0131637266227675   0.00760964282493409   0
0.305951098293453   0.360913540429558   0.0248335865746179   0.0220102360682002   0
0.282127341579743   0.339929735468864   -0.0238237567137096   -0.0209838049606946   0
0.275885709506664   0.343460185647562   -0.00624163207307887   0.00353045017869835   0
0.304060661381186   0.349593086077595   0.028174951874522   0.00613290043003256   0
0.331130134742235   0.376058578932277   0.027069473361049   0.0264654928546826   0
0.345634318824175   0.380215142791749   0.01450418408194   0.00415656385947155   0
0.375319832557064   0.385189108821575   0.029685513732889   0.00497396602982625   0
0.352670725721738   0.387656063362925   -0.0226491068353264   0.00246695454134976   0
0.303970113239921   0.362716977190869   -0.0487006124818165   -0.0249390861720562   0
0.315870254870092   0.37224608594113   0.0119001416301709   0.00952910875026142   0
0.339381952917666   0.389225229363955   0.023511698047574   0.0169791434228249   0
0.323012996202121   0.360586870902588   -0.0163689567155449   -0.0286383584613674   0
0.347597076168454   0.387979859124983   0.024584079966333   0.0273929882223955   0
0.352427666833136   0.379133662596645   0.00483059066468178   -0.0088461965283384   0
0.356659917847454   0.378877685644343   0.00423225101431812   -0.000255976952301284   0
0.382798942748211   0.379939277828837   0.0261390249007573   0.00106159218449392   0
0.344212649688022   0.371354001045812   -0.0385862930601889   -0.00858527678302501   0
