0   0   0   0   0
0.0368230827087051   0.0471549238053073   0.0368230827087051   0.0471549238053073   0
0.0536760498326869   0.0517830415333845   0.0168529671239818   0.00462811772807725   0
0.0760222154547814   0.0593021735174622   0.0223461656220945   0.00751913198407769   0
0.0483443284915962   0.0553408455234042   -0.0276778869631852   -0.00396132799405802   0
0.0695637316511276   0.0599068998370921   0.0212194031595313   0.00456605431368793   0
0.0973796793226619   0.0638833679948113   0.0278159476715343   0.00397646815771922   0
0.115036626964195   0.0765711058101124   0.0176569476415329   0.0126877378153011   0
0.103739207393332   0.0938507388518287   -0.0112974195708632   0.0172796330417162   0
0.123773379423901   0.0923299141182026   0.020034172030569   -0.00152082473362608   0
0.192931954429598   0.108390157338137   0.0691585750056974   0.016060243219934   0
0.198715616561832   0.129949853523738   0.00578366213223405   0.0215596961856016   0
0.198634870111459   0.143420039514616   -8.07464503734534e-05   0.0134701859908781   0
0.19914441677133   0.155866207575575   0.000509546659871574   0.0124461680609582   0
0.203673880832632   0.159431709617793   0.00452946406130145   0.00356550204221867   0
0.258698316616358   0.15047574221663   0.055024435783726   -0.008955967401163   0
0.246200602114987   0.146239580030095   -0.0124977145013709   -0.00423616218653522   0
0.233445802198474   0.17900796417648   -0.0127547999165131   0.0327683841463855   0
0.269571624727005   0.165599726802477   0.0361258225285315   -0.013408237374003   0
0.229936420219731   0.190418299395482   -0.0396352045072745   0.0248185725930048   0
0.274302886899012   0.209413237717593   0.0443664666792809   0.0189949383221104   0
0.307342301140575   0.222051343584737   0.0330394142415635   0.0126381058671446   0
0.278249585513638   0.232094065142572   -0.0290927156269368   0.0100427215578351   0
0.305885768276071   0.230704151868854   0.0276361827624327   -0.00138991327371843   0
0.319850714659673   0.233977191712959   0.0139649463836016   0.00327303984410471   0
0.32935740319383   0.239333736987101   0.00950668853415709   0.00535654527414192   0
0.347761487356235   0.242510576994566   0.0184040841624056   0.00317684000746543   0
0.357299385058811   0.248550393558413   0.00953789770257574   0.00603981656384736   0
0.396926858754995   0.248894174329598   0.039627473696184   0.000343780771184382   0
0.400001792529196   0.264182225011327   0.00307493377420137   0.0152880506817296   0
0.378447786467802   0.265605983559911   -0.021554006061394   0.00142375854858356   0
0.407965246073681   0.257053146282487   0.029517459605879   -0.00855283727742395   0
0.420975888404969   0.263562418001548   0.0130106423312875   0.00650927171906057   0
0.421986003234774   0.267689171844175   0.0010101148298054   0.0041267538426269   0
0.431007747859868   0.259584922741429   0.0090217446250937   -0.00810424910274532   0
0.420360019054036   0.265495987694771   -0.0106477288058323   0.00591106495334187   0
0.432489423333727   0.261967950416029   0.0121294042796917   -0.00352803727874201   0
0.412240446530641   0.245944914922076   -0.0202489768030862   -0.0160230354939531   0
0.397524161599255   0.246622907216192   -0.0147162849313865   0.000677992294116303   0
0.384450346183719   0.245715377759203   -0.0130738154155359   -0.000907529456989159   0
0.398986673866026   0.270072328813967   0.0145363276823077   0.0243569510547638   0
0.42387008987505   0.264355992956941   0.0248834160090231   -0.00571633585702613   0
0.429492476848251   0.270344394001418   0.00562238697320133   0.00598840104447768   0
0.419028676463366   0.284834033657944   -0.0104638003848849   0.0144896396565259   0
0.426122190381365   0.285125284818424   0.00709351391799873   0.0002912511604799   0
0.442191433625844   0.278901670979796   0.0160692432444796   -0.00622361383862846   0
0.469927840390789   0.254111187747084   0.0277364067649449   -0.0247904832327116   0
0.445319254723937   0.278835897425977   -0.0246085856668521   0.0247247096788928   0
0.4331929075586   0.285973588627363   -0.0121263471653372   0.00713769120138641   0
0.432945721935964   0.298446416592291   -0.000247185622636259   0.012472827964928   0
0.448623639056192   0.303338957629361   0.0156779171202283   0.0048925410370691   0
0.459919787002977   0.313874409267593   0.011296147946785   0.0105354516382321   0
0.467193091471359   0.304387278169199   0.00727330446838176   -0.00948713109839383   0
0.437177449321881   0.331642181622339   -0.0300156421494772   0.0272549034531401   0
0.431997721378327   0.351183196265311   -0.00517972794355481   0.0195410146429722   0
0.404131064062326   0.329252334892093   -0.027866657316001   -0.0219308613732178   0
0.420796936948309   0.3335677701322   0.0166658728859836   0.00431543524010708   0
0.434771263152754   0.346991147233007   0.013974326204445   0.0134233771008063   0
0.467260713620932   0.337482547766586   0.0324894504681774   -0.00950859946642035   0
0.45956013864788   0.368634793795955   -0.00770057497305204   0.0311522460293684   0
0.428016581049542   0.37817616755509   -0.0315435575983372   0.00954137375913539   0
0.457945259926646   0.364165082531543   0.0299286788771042   -0.0140110850235471   0
0.471817732960418   0.367891408090104   0.0138724730337713   0.00372632555856101   0
0.473702057843805   0.360727361627745   0.00188432488338752   -0.00716404646235913   0
0.499821772074281   0.37227358006091   0.0261197142304754   0.0115462184331647   0
0.489757343053388   0.395554108083108   -0.0100644290208928   0.0232805280221979   0
