1.4210855e-14   0   0   0   0
0.776429413912318   0.383172125239608   0.776429413912303   0.383172125239608   0
0.260203962158578   0.669820658619528   -0.51622545175374   0.286648533379919   0
0.137335969216925   0.607161295070845   -0.122867992941653   -0.0626593635486823   0
0.299345293504091   0.692586051255613   0.162009324287166   0.0854247561847675   0
0.206247418109063   0.575895871529679   -0.093097875395028   -0.116690179725934   0
0.181183502196731   0.468598361610269   -0.0250639159123321   -0.10729750991941   0
0.171625164286884   0.416305544624303   -0.00955833790984709   -0.0522928169859664   0
0.161622246533622   0.340021482589299   -0.0100029177532618   -0.076284062035003   0
0.141517113339938   0.25736366219527   -0.0201051331936847   -0.0826578203940295   0
0.122784925396769   0.249088300513441   -0.0187321879431689   -0.00827536168182905   0
0.157449816190227   0.197905950631635   0.0346648907934586   -0.0511823498818062   0
0.0706119640645922   0.173771122554592   -0.086837852125635   -0.0241348280770431   0
0.085014693336612   0.10574928040926   0.0144027292720198   -0.0680218421453317   0
0.0893126332792923   0.0943919517484349   0.00429793994268028   -0.0113573286608251   0
0.0788558020201943   0.0992178079879   -0.010456831259098   0.00482585623946516   0
0.0911069738727967   0.10249548074122   0.0122511718526024   0.00327767275332021   0
0.111119856609468   0.0976944125553332   0.0200128827366712   -0.00480106818588705   0
0.115238548946629   0.0972842124669812   0.00411869233716129   -0.00041020008835202   0
0.0621507032156405   0.0985689992475843   -0.0530878457309887   0.00128478678060311   0
0.096918188181564   0.10196545967382   0.0347674849659235   0.00339646042623527   0
0.12743703233558   0.130097606673855   0.0305188441540162   0.0281321470000354   0
0.110461766294562   0.113606117381533   -0.0169752660410181   -0.016491489292322   0
0.164256915062844   0.147608655328433   0.0537951487682819   0.0340025379469004   0
0.170223189198064   0.166119034027217   0.00596627413521991   0.0185103786987835   0
0.167222312985605   0.161635180921312   -0.00300087621245854   -0.00448385310590471   0
0.184523052314549   0.205709511759635   0.0173007393289432   0.044074330838323   0
0.200480381182231   0.212659707027644   0.0159573288676829   0.00695019526800908   0
0.161729220775007   0.219073063818924   -0.038751160407225   0.00641335679127944   0
0.161862740242353   0.247771689560004   0.000133519467346743   0.0286986257410808   0
0.165913208725625   0.248196377124896   0.00405046848327159   0.000424687564891668   0
0.174267371089929   0.282552066274959   0.00835416236430411   0.0343556891500627   0
0.156863129612514   0.286568552715552   -0.017404241477415   0.00401648644059271   0
0.09403832255146   0.287617146603195   -0.062824807061054   0.00104859388764383   0
0.132987273972243   0.329935148951004   0.0389489514207833   0.042318002347809   0
0.156053663029885   0.357025621718047   0.0230663890576413   0.0270904727670427   0
0.0756396176217464   0.322558276146706   -0.0804140454081382   -0.0344673455713407   0
0.0971654641661779   0.341185283360868   0.0215258465444315   0.0186270072141617   0
0.105321130765553   0.346956687745694   0.00815566659937528   0.00577140438482587   0
0.0950290524619791   0.380356812764048   -0.0102920783035741   0.0334001250183539   0
0.096384709816782   0.372317417014376   0.00135565735480288   -0.00803939574967172   0
0.120341604412642   0.393195767680377   0.0239568945958596   0.0208783506660007   0
0.140758513850994   0.377907662028474   0.0204169094383527   -0.0152881056519027   0
0.139762310279647   0.407601529641323   -0.000996203571347165   0.0296938676128491   0
0.120607371056608   0.398938725831301   -0.0191549392230395   -0.00866280381002199   0
0.130144562168268   0.443094208386553   0.00953719111166032   0.044155482555252   0
0.148125956147216   0.447479661445112   0.0179813939789485   0.00438545305855881   0
0.108066616114516   0.412632322583203   -0.0400593400327001   -0.0348473388619093   0
0.145869753158984   0.463475637869915   0.0378031370444677   0.0508433152867118   0
0.162242459744597   0.457987436456021   0.0163727065856131   -0.00548820141389411   0
0.137978129810593   0.456107565621568   -0.0242643299340038   -0.0018798708344524   0
0.12297069957342   0.470004741498793   -0.0150074302371731   0.0138971758772247   0
0.139223289743482   0.469253062987434   0.0162525901700618   -0.000751678511359322   0
0.147423735998765   0.466831596520596   0.00820044625528246   -0.002421466466838   0
0.140307788854552   0.437366848758848   -0.00711594714421296   -0.0294647477617477   0
0.142282353763146   0.473126653937317   0.00197456490859466   0.035759805178469   0
0.132183300736177   0.442074108860301   -0.010099053026969   -0.0310525450770157   0
0.118265140182992   0.452827941076913   -0.013918160553185   0.0107538322166121   0
0.10342736476301   0.436663420930022   -0.0148377754199826   -0.0161645201468916   0
0.133152001249298   0.455733367668346   0.0297246364862884   0.0190699467383242   0
0.163751917691291   0.45872323420343   0.0305999164419929   0.00298986653508421   0
0.177138172451284   0.486536707675588   0.0133862547599929   0.0278134734721573   0
0.0869645490550722   0.459747542202706   -0.0901736233962118   -0.0267891654728815   0
0.106927994404699   0.472537539540025   0.019963445349627   0.0127899973373191   0
0.129614573870799   0.462082473444062   0.0226865794660996   -0.0104550660959635   0
0.113259873222126   0.438461518890067   -0.0163547006486731   -0.0236209545539944   0
0.892060033162122   1.07372881955945   0.778800159939997   0.635267300669385   0
1.32440330767613   1.90130053379686   0.432343274514013   0.827571714237407   0
0.562074190677258   1.1796067339811   -0.762329116998877   -0.721693799815756   0
0.681028696711217   0.975174534021122   0.11895450603396   -0.204432199959981   0
