1.1520137e-14   1.53155875e-50   0   0   0
0.0284146772762705   0.0357524502753714   0.028414677276259   0.0357524502753714   0
0.0347872837823473   0.0590061768826582   0.00637260650607685   0.0232537266072868   0
0.0223103579396   0.0390806286393402   -0.0124769258427474   -0.0199255482433181   0
0.01957519484517   0.0429123125055307   -0.00273516309442999   0.00383168386619057   0
0.0215330881542498   0.0739217732793657   0.00195789330907977   0.031009460773835   0
0.0432012018191906   0.0664877404902657   0.0216681136649408   -0.00743403278910004   0
0.0362610277960719   0.0803584734827295   -0.00694017402311869   0.0138707329924638   0
0.0415984781893553   0.121243218911757   0.00533745039328339   0.0408847454290272   0
0.0334094881946082   0.112283439110667   -0.00818898999474711   -0.00895977980108922   0
0.0434745165995638   0.109892596034718   0.0100650284049557   -0.00239084307594978   0
0.0642831457550931   0.140487389075532   0.0208086291555293   0.0305947930408145   0
0.0813868701494336   0.134320072168889   0.0171037243943405   -0.00616731690664285   0
0.0830969940767692   0.130640296157191   0.00171012392733563   -0.00367977601169805   0
0.082942701937808   0.146659035341595   -0.000154292138961204   0.016018739184404   0
0.0715202020892982   0.133076594349249   -0.0114224998485099   -0.0135824409923464   0
0.11323897004587   0.116129267699452   0.0417187679565723   -0.0169473266497971   0
0.106487820556059   0.114161434490857   -0.00675114948981183   -0.00196783320859489   0
0.0851604592226949   0.148392237610532   -0.0213273613333638   0.0342308031196749   0
0.0807212438554057   0.161797804694939   -0.00443921536728915   0.0134055670844071   0
0.0680113210082312   0.158772959233336   -0.0127099228471745   -0.00302484546160275   0
0.0888924525014017   0.164358915450859   0.0208811314931704   0.00558595621752234   0
0.0731145104739925   0.158049061234118   -0.0157779420274092   -0.00630985421674027   0
0.0611282989450828   0.192255543887264   -0.0119862115289097   0.034206482653146   0
0.0874559294079143   0.221377141404361   0.0263276304628315   0.0291215975170963   0
0.110134188855988   0.219243310384597   0.0226782594480735   -0.00213383101976325   0
0.168257039429151   0.198774686824258   0.0581228505731628   -0.0204686235603389   0
0.217123016768882   0.222387274898134   0.048865977339731   0.0236125880738759   0
0.225514222997557   0.240971308298774   0.00839120622867526   0.0185840334006394   0
0.181822035990641   0.224657956148636   -0.0436921870069154   -0.0163133521501377   0
0.233044270431031   0.226864975016402   0.0512222344403898   0.00220701886776639   0
0.190597531660209   0.219020645263838   -0.0424467387708221   -0.00784432975256449   0
0.209738471780567   0.221780993287309   0.0191409401203582   0.00276034802347069   0
0.154372833860724   0.210722106772462   -0.055365637919843   -0.0110588865148464   0
0.13242628403195   0.220306245490072   -0.0219465498287744   0.00958413871760996   0
0.1901299881406   0.21721963399409   0.0577037041086502   -0.00308661149598222   0
0.187051419877685   0.224964423603787   -0.00307856826291505   0.00774478960969738   0
0.174095101410126   0.235332280366968   -0.0129563184675594   0.0103678567631811   0
0.184248001150327   0.244445156700847   0.0101528997402018   0.009112876333879   0
0.17021392275045   0.26215978042559   -0.0140340783998777   0.0177146237247423   0
0.135437870096089   0.279732315145243   -0.0347760526543604   0.0175725347196532   0
0.115083546404896   0.321055656874844   -0.0203543236911935   0.0413233417296007   0
0.15204374569964   0.314777345848079   0.0369601992947442   -0.00627831102676463   0
0.17819980868854   0.34316902339904   0.0261560629889004   0.0283916775509606   0
0.139179325059114   0.364735233982163   -0.0390204836294265   0.0215662105831233   0
0.139493268460622   0.380000227516002   0.000313943401508587   0.015264993533839   0
0.138267122160489   0.393755471175536   -0.0012261463001336   0.0137552436595336   0
0.137222735188867   0.392114445573463   -0.00104438697162199   -0.00164102560207291   0
0.127611642270571   0.433349643854223   -0.00961109291829604   0.0412351982807601   0
0.129648481745142   0.428456381158966   0.00203683947457092   -0.00489326269525697   0
0.13123454440681   0.42531198590282   0.00158606266166783   -0.00314439525614607   0
0.143458529468435   0.402694426062968   0.0122239850616251   -0.022617559839852   0
0.142257144482727   0.429126086217528   -0.00120138498570749   0.0264316601545601   0
0.175821243759604   0.387083898795962   0.0335640992768765   -0.0420421874215653   0
0.134417802050546   0.419443756886677   -0.041403441709058   0.0323598580907148   0
0.0614086981241214   0.463515441835544   -0.0730091039264243   0.0440716849488672   0
0.0902547498255391   0.480226429720197   0.0288460517014177   0.0167109878846523   0
0.104692505802611   0.478421522888834   0.0144377559770719   -0.0018049068313627   0
0.118289205615447   0.455521343374023   0.013596699812836   -0.0229001795148112   0
0.138870528623025   0.449297581731721   0.0205813230075784   -0.00622376164230187   0
0.119834429234967   0.435650812014136   -0.0190360993880582   -0.0136467697175846   0
0.131420243017668   0.411344695328942   0.011585813782701   -0.0243061166851942   0
0.143946880876079   0.411407046394186   0.0125266378584112   6.2351065244215e-05   0
