7.5542578e-15   2.28715415e-16   0   0   0
0.0637904037562904   0.0378890037653496   0.0637904037562828   0.0378890037653494   0
0.0377760424259343   0.0126579989619655   -0.0260143613303561   -0.0252310048033841   0
0.0303341222149084   0.0332025847954242   -0.00744192021102595   0.0205445858334587   0
0.0594614915060438   0.0367026099987357   0.0291273692911354   0.00350002520331145   0
0.0472443135795622   0.0348895971263912   -0.0122171779264815   -0.00181301287234451   0
0.0927950198325057   0.0742098792647161   0.0455507062529434   0.0393202821383249   0
0.0953951043621742   0.0611351718144762   0.00260008452966849   -0.0130747074502399   0
0.107386529817515   0.0854039954336194   0.0119914254553404   0.0242688236191432   0
0.121378339463427   0.0699317166821241   0.013991809645912   -0.0154722787514953   0
0.132913537854554   0.0727222353821312   0.0115351983911277   0.00279051870000711   0
0.154339050212573   0.129038292542432   0.0214255123580184   0.0563160571603009   0
0.153682912665784   0.0999248474373557   -0.000656137546789087   -0.0291134451050764   0
0.118445550079318   0.0485552324032821   -0.0352373625864654   -0.0513696150340736   0
0.112857421669148   0.0622101147419533   -0.00558812841016978   0.0136548823386713   0
0.112619632045815   0.0483941533021905   -0.000237789623333692   -0.0138159614397628   0
0.110975754390652   0.0674018895510118   -0.00164387765516236   0.0190077362488213   0
0.144400425465525   0.0580065237101948   0.0334246710748729   -0.00939536584081696   0
0.130060059624492   0.0576504798558884   -0.014340365841033   -0.000356043854306473   0
0.140952460673485   0.080239457625107   0.0108924010489924   0.0225889777692186   0
0.151656707887324   0.0653174950219003   0.010704247213839   -0.0149219626032067   0
0.11771613130816   0.0863970313129999   -0.0339405765791637   0.0210795362910995   0
0.146272289448413   0.0731328175535026   0.0285561581402531   -0.0132642137594973   0
0.150364921210893   0.0819789152640382   0.00409263176247956   0.00884609771053563   0
0.117964850815597   0.0755633194851588   -0.0324000703952952   -0.00641559577887943   0
0.164706673489503   0.0720539379133176   0.0467418226739059   -0.00350938157184118   0
0.154242612314591   0.0892448707384737   -0.0104640611749127   0.0171909328251561   0
0.161187540493495   0.103620069213263   0.0069449281789043   0.0143751984747891   0
0.191382904502253   0.106467481836901   0.0301953640087578   0.00284741262363827   0
0.178285109289956   0.083630214364684   -0.0130977952122968   -0.0228372674722171   0
0.189151364965346   0.0739258422259663   0.0108662556753902   -0.00970437213871775   0
0.21799616273279   0.0701998964743909   0.028844797767444   -0.00372594575157537   0
0.197879160874677   0.0698320898399527   -0.0201170018581133   -0.000367806634438167   0
0.155260056910661   0.0836870182212766   -0.0426191039640161   0.0138549283813239   0
0.197022257998525   0.0964779480693085   0.041762201087864   0.0127909298480318   0
0.174136375472566   0.0807357149627445   -0.0228858825259585   -0.015742233106564   0
0.142488679745926   0.113167537921866   -0.0316476957266406   0.0324318229591214   0
0.185812600008752   0.111493294734312   0.0433239202628263   -0.0016742431875538   0
0.205453362012746   0.122231601703328   0.0196407620039944   0.0107383069690157   0
0.165697712367019   0.0955453952830876   -0.0397556496457269   -0.0266862064202402   0
0.209838117415587   0.109084064623205   0.0441404050485677   0.0135386693401173   0
0.206327657617122   0.114259868337287   -0.00351045979846473   0.00517580371408202   0
0.155698760198977   0.110867485634731   -0.0506288974181455   -0.00339238270255578   0
0.218832225444297   0.121269208576601   0.0631334652453199   0.0104017229418703   0
0.171619064261702   0.12140254291303   -0.0472131611825944   0.000133334336428953   0
0.173956743399007   0.119869720221344   0.00233767913730482   -0.00153282269168685   0
0.196293271682434   0.113568371152108   0.0223365282834268   -0.00630134906923553   0
0.158710245149178   0.107530053857167   -0.0375830265332562   -0.006038317294941   0
0.180513580821505   0.129863629948001   0.0218033356723271   0.0223335760908336   0
0.197084863690819   0.124719347768458   0.0165712828693143   -0.00514428217954221   0
0.16000415711847   0.117568252925201   -0.0370807065723489   -0.0071510948432571   0
0.206903701399847   0.123978769457419   0.0468995442813768   0.00641051653221807   0
0.197678307695917   0.135035127875773   -0.00922539370393041   0.011056358418354   0
0.154667891350812   0.133578485754785   -0.0430104163451047   -0.00145664212098845   0
0.206698818900778   0.137095811220103   0.0520309275499663   0.0035173254653183   0
0.191038649454038   0.133981973476642   -0.0156601694467403   -0.00311383774346138   0
0.170511749028649   0.141302767780397   -0.0205269004253888   0.00732079430375551   0
0.187697109397586   0.159652243770178   0.017185360368937   0.0183494759897802   0
0.220854830122656   0.164025648177641   0.0331577207250703   0.00437340440746373   0
0.18316554758032   0.141957828210194   -0.0376892825423362   -0.0220678199674472   0
0.194162820107684   0.161714855234233   0.0109972725273635   0.0197570270240386   0
0.202037353389457   0.160247962041272   0.00787453328177307   -0.00146689319296067   0
0.151905573586806   0.151922689454775   -0.0501317798026511   -0.00832527258649654   0
0.22661656611822   0.132175291713692   0.0747109925314138   -0.019747397741083   0
0.162359824505956   0.142275502626737   -0.0642567416122634   0.0101002109130446   0
0.197671906983464   0.161685529993451   0.0353120824775074   0.019410027366714   0
0.170643085776036   0.128950233755231   -0.0270288212074272   -0.0327352962382196   0
0.16629470940477   0.12196898417846   -0.00434837637126653   -0.00698124957677106   0
0.222821277247286   0.14873798075538   0.056526567842516   0.0267689965769194   0
0.159547817644528   0.136180338712789   -0.0632734596027578   -0.0125576420425908   0
0.23397896267701   0.138257970683692   0.0744311450324817   0.00207763197090272   0
0.16655625251289   0.135392239264862   -0.06742271016412   -0.00286573141882959   0
