7.8543234e-15   6.1073885e-16   0   0   0
0.0481038853533281   0.0386064176141164   0.0481038853533203   0.0386064176141158   0
0.0307536260033506   0.0220169934683807   -0.0173502593499775   -0.0165894241457356   0
0.0597357703420387   0.0238911979377385   0.0289821443386882   0.00187420446935777   0
0.0621230175948955   0.0407162622020571   0.00238724725285678   0.0168250642643186   0
0.0436742429614277   0.0435898411719308   -0.0184487746334678   0.00287357896987376   0
0.0395053472042002   0.0248444631113774   -0.00416889575722756   -0.0187453780605534   0
0.0433285178542257   0.0293302156014125   0.00382317065002552   0.00448575249003513   0
0.0458694849369559   0.0307624982276343   0.00254096708273023   0.00143228262622181   0
0.0422201050100378   0.0282277900516281   -0.00364937992691815   -0.00253470817600626   0
0.0300041331915527   0.02564834967115   -0.0122159718184851   -0.00257944038047807   0
0.048297853851857   0.0221012559768505   0.0182937206603043   -0.00354709369429952   0
0.0336958313282806   0.0469444649764673   -0.0146020225235764   0.0248432089996168   0
0.0425102124390995   0.0398566049772069   0.00881438111081893   -0.00708785999926044   0
0.0476882306964872   0.045177441545817   0.00517801825738763   0.00532083656861008   0
0.0272601974759474   0.0568335181321027   -0.0204280332205398   0.0116560765862857   0
0.0185176288705444   0.0613609568840676   -0.00874256860540298   0.00452743875196499   0
0.0451757407401412   0.0517035597908578   0.0266581118695968   -0.00965739709320981   0
0.0267993820923561   0.0632689631516587   -0.018376358647785   0.0115654033608009   0
0.0417412803824177   0.0491030644252796   0.0149418982900615   -0.0141658987263791   0
0.0316359534986862   0.0598087493921054   -0.0101053268837315   0.0107056849668258   0
0.0462737536701757   0.0454441675715502   0.0146378001714895   -0.0143645818205552   0
0.0346708727315238   0.0493118840728368   -0.0116028809386519   0.00386771650128661   0
0.0451262697792854   0.0340418013765209   0.0104553970477616   -0.0152700826963159   0
0.0364082898694409   0.0508925545597715   -0.00871797990984447   0.0168507531832505   0
0.0528135386170213   0.0380586893389418   0.0164052487475804   -0.0128338652208296   0
0.021742240085392   0.0624015616446971   -0.0310712985316293   0.0243428723057553   0
0.0186034809748263   0.0700791340511923   -0.00313875911056571   0.00767757240649525   0
0.0409346636568072   0.0701352129897874   0.0223311826819809   5.60789385951194e-05   0
0.023263516426496   0.0567483999364362   -0.0176711472303112   -0.0133868130533512   0
0.0462709963774455   0.0688993355939458   0.0230074799509495   0.0121509356575095   0
0.0333971806431709   0.0795468229198501   -0.0128738157342746   0.0106474873259044   0
0.0252821546385757   0.062947787312173   -0.00811502600459526   -0.0165990356076771   0
0.0523713498868984   0.0663127961328214   0.0270891952483227   0.00336500882064832   0
0.0431392915074196   0.078039133649697   -0.00923205837947871   0.0117263375168756   0
0.0246797732438777   0.0840039311189293   -0.018459518263542   0.00596479746923231   0
0.0212348643031237   0.0743993346618452   -0.00344490894075397   -0.00960459645708406   0
0.0363421766881642   0.0795414398919351   0.0151073123850405   0.0051421052300899   0
0.029013466097499   0.0754999363104424   -0.00732871059066519   -0.00404150358149272   0
0.0502339954742039   0.0615804199442637   0.0212205293767048   -0.0139195163661787   0
0.0347867808368666   0.0799329475631871   -0.0154472146373372   0.0183525276189234   0
0.0473909029078719   0.0719000340398124   0.0126041220710053   -0.00803291352337472   0
0.0406115810759022   0.0624735065696651   -0.00677932183196969   -0.0094265274701473   0
0.0307003678501106   0.0669693983827205   -0.00991121322579162   0.00449589181305539   0
0.0547626335410741   0.0689648548078821   0.0240622656909634   0.00199545642516158   0
0.0507526785836295   0.0589870308342988   -0.00400995495744452   -0.0099778239735833   0
0.0385907573655325   0.0865380611677211   -0.012161921218097   0.0275510303334223   0
0.0367005048050894   0.0995626845684983   -0.00189025256044307   0.0130246234007773   0
0.0334972770852027   0.100027634969612   -0.00320322771988673   0.000464950401113537   0
0.0361545684700517   0.0894348775419695   0.00265729138484901   -0.0105927574276424   0
0.0545008555546665   0.0820644742426193   0.0183462870846148   -0.00737040329935017   0
0.0380944016593881   0.0841930482884252   -0.0164064538952785   0.00212857404580592   0
0.0425383334948077   0.0755864110558696   0.00444393183541966   -0.00860663723255568   0
0.0586729764751722   0.0738786619408223   0.0161346429803645   -0.0017077491150472   0
0.0281521176012356   0.0961183183522426   -0.0305208588739366   0.0222396564114203   0
0.0293923887918711   0.0751135358507637   0.00124027119063552   -0.021004782501479   0
0.0515480579967001   0.0737913870825693   0.0221556692048289   -0.00132214876819435   0
0.0330882512326248   0.0840662977521259   -0.0184598067640752   0.0102749106695566   0
0.0245298465950529   0.0874006832829625   -0.00855840463757197   0.00333438553083659   0
0.0341419885602163   0.081517289553824   0.00961214196516344   -0.00588339372913853   0
0.0527599481149781   0.0742800004347591   0.0186179595547618   -0.00723728911906489   0
0.0381058712800896   0.0860097383477375   -0.0146540768348884   0.0117297379129784   0
0.0341177357021145   0.0994982182789793   -0.00398813557797511   0.0134884799312418   0
0.0457257713645246   0.0818216287032335   0.01160803566241   -0.0176765895757458   0
0.0608207219795228   0.080145149347151   0.0150949506149983   -0.00167647935608251   0
0.0553123992344113   0.0807152701748869   -0.00550832274511154   0.000570120827735929   0
0.0326135385958323   0.0824330632631537   -0.022698860638579   0.00171779308826678   0
0.0537599847811867   0.0756772344338045   0.0211464461853543   -0.00675582882934916   0
0.0585779245888138   0.0751363284419669   0.0048179398076271   -0.00054090599183769   0
0.0373763257840229   0.0787319778260174   -0.0212015988047909   0.00359564938405059   0
0.0294257940351454   0.091289881990365   -0.00795053174887746   0.0125579041643476   0
0.0493084456770908   0.0871478802117591   0.0198826516419454   -0.00414200177860588   0
0.064025432963259   0.0938629969697511   0.0147169872861682   0.00671511675799198   0
0.0639205504649048   0.083084242090103   -0.00010488249835422   -0.0107787548796481   0
0.0579722721727871   0.109976691286129   -0.00594827829211764   0.0268924491960258   0
0.09063493352967   0.162545309449077   0.0326626613568828   0.0525686181629481   0
