0   0   0   0   0
0.0802439127326849   0.0742484413734181   0.0802439127326849   0.0742484413734181   0
0.0178321350848016   0.0100231068371434   -0.0624117776478833   -0.0642253345362746   0
0.0365235266237291   0.0339737250262942   0.0186913915389275   0.0239506181891508   0
0.0238896999946035   0.0417059423998416   -0.0126338266291256   0.00773221737354741   0
0.0551635137467957   0.0746868737345718   0.0312738137521922   0.0329809313347302   0
0.0579937404902172   0.0722371115029998   0.00283022674342145   -0.00244976223157208   0
0.040542932409285   0.0404053555763165   -0.0174508080809321   -0.0318317559266832   0
0.0477680763281256   0.052426979505381   0.0072251439188406   0.0120216239290645   0
0.0596786570755986   0.0446993230394359   0.011910580747473   -0.00772765646594508   0
0.0713222696669947   0.061934853364897   0.0116436125913961   0.0172355303254611   0
0.0958129265588049   0.0787979796436296   0.0244906568918102   0.0168631262787326   0
0.101389898201683   0.0671391855004866   0.00557697164287815   -0.011658794143143   0
0.0940584439796835   0.101278156677094   -0.00733145422199956   0.0341389711766074   0
0.0936609170476271   0.0892697271513156   -0.000397526932056469   -0.0120084295257784   0
0.0956022831685139   0.080341105502407   0.00194136612088681   -0.00892862164890866   0
0.0989709104004059   0.0824581862559187   0.00336862723189202   0.00211708075351173   0
0.102914263379398   0.0908700328599099   0.00394335297899222   0.00841184660399123   0
0.122397586021527   0.0886930373865558   0.0194833226421288   -0.00217699547335411   0
0.106659267065798   0.0888731199869464   -0.0157383189557292   0.000180082600390555   0
0.111589493095084   0.087111619241137   0.0049302260292861   -0.00176150074580939   0
0.100700835408006   0.0882557359090875   -0.0108886576870783   0.00114411666795054   0
0.100482798390147   0.0767533340194532   -0.000218037017858608   -0.0115024018896344   0
0.107592862854006   0.107962377848449   0.00711006446385944   0.0312090438289955   0
0.116677235217797   0.085042668972913   0.00908437236379099   -0.0229197088755356   0
0.11710671077415   0.110522167869181   0.00042947555635213   0.025479498896268   0
0.0965277515175001   0.0944597641637833   -0.0205789592566494   -0.0160624037053977   0
0.111641458133529   0.0931207637773662   0.0151137066160288   -0.00133900038641704   0
0.124661959150209   0.118899628489829   0.0130205010166796   0.0257788647124627   0
0.133455942370447   0.106092425993692   0.00879398322023807   -0.0128072024961371   0
0.103028710920593   0.110298333848373   -0.030427231449854   0.00420590785468106   0
0.145684641944108   0.109704567828447   0.0426559310235153   -0.000593766019925626   0
0.131117430316057   0.124070575385596   -0.0145672116280507   0.014366007557149   0
0.123772012359031   0.0969242636663659   -0.00734541795702666   -0.0271463117192304   0
0.140415844678286   0.13990852214279   0.016643832319256   0.0429842584764246   0
0.14300581535286   0.123223661402476   0.00258997067457328   -0.0166848607403141   0
0.140834864339866   0.134244779897577   -0.00217095101299428   0.0110211184951002   0
0.139982411464923   0.108554979437554   -0.000852452874942261   -0.0256898004600228   0
0.124296221663984   0.127678259028627   -0.0156861898009393   0.0191232795910728   0
0.156305417284759   0.13624620627703   0.0320091956207754   0.00856794724840318   0
0.143868227180391   0.138477041641012   -0.0124371901043681   0.00223083536398222   0
0.152244988053983   0.107141498860472   0.00837676087359185   -0.0313355427805404   0
0.138526994673124   0.149660498515026   -0.0137179933808595   0.0425189996545539   0
0.173466404723172   0.1361704538684   0.0349394100500481   -0.013490044646626   0
0.144586805436767   0.137693967527359   -0.0288795992864052   0.00152351365895984   0
0.15221600612132   0.107477627064928   0.00762920068455394   -0.0302163404624317   0
0.150739990564616   0.149542962861889   -0.0014760155567046   0.0420653357969611   0
0.144337792446964   0.131606209374328   -0.00640219811765189   -0.0179367534875605   0
0.155453022115737   0.137234294902842   0.0111152296687731   0.00562808552851404   0
0.162709977038989   0.158178124088161   0.00725695492325232   0.0209438291853186   0
0.21809602561802   0.141936748637653   0.0553860485790304   -0.0162413754505082   0
0.193030883388784   0.160548433502804   -0.0250651422292354   0.0186116848651513   0
0.202170608567877   0.147655040831033   0.00913972517909273   -0.0128933926717711   0
0.184591587742849   0.147550912002472   -0.0175790208250277   -0.000104128828561229   0
0.221538588287869   0.152864196927781   0.0369470005450199   0.00531328492530914   0
0.218631490076052   0.156295210428216   -0.00290709821181781   0.0034310135004347   0
0.209390086898992   0.15853604465636   -0.00924140317705968   0.00224083422814406   0
0.203040755015415   0.146974064018044   -0.00634933188357653   -0.0115619806383153   0
0.17505708063972   0.158753593425565   -0.0279836743756952   0.0117795294075203   0
0.210266903821746   0.132316337933129   0.0352098231820255   -0.0264372554924357   0
0.205619705007989   0.163860888747061   -0.0046471988137565   0.0315445508139322   0
0.210427179395844   0.144968173989726   0.00480747438785489   -0.0188927147573349   0
0.210048466970116   0.159311524800332   -0.000378712425728095   0.0143433508106061   0
0.210557033138251   0.148456316853527   0.000508566168135466   -0.0108552079468057   0
0.219698472743655   0.169105911030543   0.00914143960540301   0.0206495941770163   0
0.233878709697884   0.14461472535393   0.0141802369542295   -0.0244911856766125   0
0.236054880763997   0.155783990663991   0.00217617106611318   0.0111692653100603   0
0.255407316317562   0.172437625857074   0.0193524355535647   0.0166536351930836   0
0.266206991067975   0.15045393606182   0.0107996747504127   -0.0219836897952539   0
0.233301968864929   0.164865767495885   -0.0329050222030459   0.0144118314340644   0
0.234660732734695   0.147173272517633   0.00135876386976641   -0.017692494978252   0
0.238816037215356   0.164824984716419   0.00415530448066131   0.0176517121987864   0
0.285456135405812   0.155404028191937   0.0466400981904554   -0.00942095652448274   0
0.267369776291995   0.175621738609345   -0.0180863591138172   0.0202177104174085   0
0.252360362221157   0.15657991940292   -0.0150094140708373   -0.0190418192064253   0
0.252937860526754   0.156608896402295   0.000577498305596891   2.89769993749578e-05   0
