0   0   0   0   0
0.0465142039451865   0.00523923560151484   0.0465142039451865   0.00523923560151484   0
0.0151027915581401   0.0381973577602502   -0.0314114123870464   0.0329581221587354   0
0.012581950915254   0.03355503943004   -0.00252084064288603   -0.00464231833021023   0
0.0405797328654826   0.0458655229796224   0.0279977819502286   0.0123104835495824   0
0.0506043374130672   0.0581280118295846   0.0100246045475846   0.0122624888499623   0
0.0387350560989598   0.087208955223058   -0.0118692813141074   0.0290809433934734   0
0.0282205272972593   0.0890454660356968   -0.0105145288017005   0.00183651081263878   0
0.0653770904171595   0.0908420299292828   0.0371565631199002   0.001796563893586   0
0.0410097556896798   0.10572570536088   -0.0243673347274797   0.0148836754315975   0
0.0220993140991503   0.124807981862658   -0.0189104415905295   0.0190822765017782   0
0.0882744290952216   0.11786736139664   0.0661751149960714   -0.00694062046601844   0
0.0679719106083012   0.128289776455121   -0.0203025184869204   0.0104224150584807   0
0.0435157980328007   0.145121781143143   -0.0244561125755005   0.0168320046880227   0
0.0700474203592732   0.199754670419991   0.0265316223264725   0.0546328892768472   0
0.0378365343271336   0.212017139938663   -0.0322108860321396   0.0122624695186727   0
0.0470867143024669   0.197521331616632   0.00925017997533328   -0.0144958083220317   0
0.0832640209482958   0.187474606392796   0.0361773066458289   -0.0100467252238351   0
0.0539253466610622   0.186827043036178   -0.0293386742872335   -0.000647563356618003   0
0.0829945707787112   0.147036709236432   0.029069224117649   -0.0397903337997462   0
0.0950024470715233   0.212677941085157   0.0120078762928121   0.065641231848725   0
0.0704717240078095   0.265376199514466   -0.0245307230637138   0.0526982584293085   0
0.0668083408111825   0.240805795802769   -0.00366338319662704   -0.0245704037116969   0
0.0706120903545757   0.231164078200552   0.00380374954339326   -0.00964171760221663   0
0.0691049737559709   0.229083733745739   -0.00150711659860486   -0.00208034445481309   0
0.0729173387598667   0.203464640863832   0.00381236500389584   -0.0256190928819071   0
0.0585854234465398   0.208267089820595   -0.0143319153133269   0.00480244895676299   0
0.0440637198225819   0.20225213707046   -0.0145217036239579   -0.00601495275013539   0
0.0579411634882333   0.187328474064608   0.0138774436656514   -0.0149236630058511   0
0.100000891884076   0.214556297162306   0.0420597283958429   0.0272278230976972   0
0.105947323517197   0.246787936033339   0.0059464316331206   0.032231638871033   0
0.0855949727887828   0.27475141107755   -0.020352350728414   0.0279634750442118   0
0.0949109842873361   0.32788470713644   0.00931601149855324   0.0531332960588892   0
0.091842823836642   0.332941534443992   -0.00306816045069405   0.00505682730755236   0
0.123738759369967   0.376464448344652   0.0318959355333247   0.0435229139006597   0
0.114284579063472   0.383609278076038   -0.00945418030649438   0.00714482973138575   0
0.145951211958673   0.367059906629657   0.0316666328952008   -0.0165493714463802   0
0.122423601364988   0.364957747541506   -0.0235276105936848   -0.00210215908815087   0
0.119484279928696   0.388227903191753   -0.00293932143629258   0.0232701556502469   0
0.116283021060075   0.357960458091998   -0.00320125886862123   -0.030267445099755   0
0.107682292811803   0.322233031010801   -0.00860072824827184   -0.0357274270811974   0
0.103037982407325   0.299073532524243   -0.0046443104044777   -0.0231594984865584   0
0.0954551941975093   0.315081764137177   -0.00758278820981576   0.0160082316129347   0
0.121109699294032   0.31005622194429   0.0256545050965224   -0.00502554219288698   0
0.138160334245468   0.322342164472813   0.0170506349514357   0.0122859425285229   0
0.130308941548827   0.34327216841757   -0.00785139269664031   0.0209300039447572   0
0.133038927540881   0.302410046257713   0.00272998599205407   -0.0408621221598571   0
0.133154595916404   0.30753473000766   0.000115668375522932   0.0051246837499464   0
0.128169819803729   0.302900832144221   -0.00498477611267531   -0.00463389786343876   0
0.133675358440314   0.317295517645696   0.00550553863658551   0.0143946855014753   0
0.130039764733586   0.309910256488638   -0.00363559370672858   -0.00738526115705862   0
0.125714880163424   0.301069700411042   -0.00432488457016206   -0.00884055607759526   0
0.141495114795358   0.303316122190106   0.015780234631934   0.00224642177906315   0
0.157406602732239   0.303265919295733   0.0159114879368816   -5.02028943720756e-05   0
0.140958865954417   0.309898843773319   -0.0164477367778228   0.00663292447758557   0
0.148162006820706   0.296252396613457   0.00720314086628976   -0.0136464471598624   0
0.135072773079485   0.307722198848981   -0.0130892337412213   0.0114698022355248   0
0.157590322506782   0.328135230342981   0.022517549427297   0.0204130314939995   0
0.192238812193485   0.268436345688101   0.0346484896867033   -0.05969888465488   0
0.202439875373641   0.252519592605835   0.0102010631801555   -0.0159167530822656   0
0.21319027495805   0.216845671065431   0.0107503995844092   -0.0356739215404039   0
0.185729457603335   0.273538642879453   -0.0274608173547149   0.0566929718140214   0
0.194889663891575   0.303517392876927   0.00916020628823958   0.0299787499974745   0
