0   0   0   0   0
0.0345234584127671   0.0115377795288046   0.0345234584127671   0.0115377795288046   0
0.0615877212435595   0.0100069958563901   0.0270642628307924   -0.0015307836724145   0
0.111237915430902   0.0404625131483972   0.0496501941873423   0.0304555172920071   0
0.124533648018644   0.09243699108784   0.0132957325877417   0.0519744779394428   0
0.127799534664859   0.117835291830259   0.00326588664621566   0.025398300742419   0
0.119452953306864   0.10985618804247   -0.00834658135799556   -0.00797910378778925   0
0.122657027408725   0.106649843671313   0.00320407410186148   -0.00320634437115701   0
0.147511227195603   0.140335058079692   0.0248541997868776   0.0336852144083792   0
0.145566054269001   0.142455865034703   -0.00194517292660146   0.0021208069550111   0
0.0951061025221729   0.125803196337712   -0.0504599517468284   -0.0166526686969909   0
0.129527190728137   0.160197874414278   0.0344210882059639   0.0343946780765655   0
0.0920811670720393   0.141246121807732   -0.0374460236560975   -0.0189517526065461   0
0.0602551809200569   0.138769072863907   -0.0318259861519824   -0.00247704894382506   0
0.0626057806742322   0.153671164481476   0.00235059975417534   0.0149020916175691   0
0.0871209076358681   0.202754076429897   0.0245151269616359   0.049082911948421   0
0.0716673055023258   0.198202118902324   -0.0154536021335423   -0.00455195752757243   0
0.0841478657266163   0.215520038159888   0.0124805602242905   0.017317919257564   0
0.104515722583118   0.220328344405388   0.0203678568565016   0.00480830624549936   0
0.113514167485828   0.207583306251345   0.00899844490271051   -0.0127450381540429   0
0.0879227415669991   0.194649212828284   -0.0255914259188294   -0.0129340934230602   0
0.0975990911599163   0.201829919291857   0.00967634959291722   0.00718070646357227   0
0.0658939015857068   0.209055599584089   -0.0317051895742095   0.00722568029223219   0
0.0985231501702375   0.219588612298884   0.0326292485845307   0.0105330127147949   0
0.0950879742131558   0.194366616252681   -0.00343517595708162   -0.0252219960462027   0
0.111785396688237   0.182860334193389   0.0166974224750813   -0.0115062820592925   0
0.144536021228268   0.215133319055572   0.0327506245400308   0.0322729848621829   0
0.167579016201114   0.235192164777394   0.0230429949728456   0.0200588457218222   0
0.20746194159752   0.269941845031929   0.0398829253964063   0.0347496802545355   0
0.165042130221894   0.220183009892835   -0.0424198113756257   -0.0497588351390941   0
0.181574557418234   0.182281879122466   0.01653242719634   -0.0379011307703692   0
0.14656130558829   0.138212591350711   -0.0350132518299446   -0.0440692877717553   0
0.187672863292183   0.18030355706156   0.0411115577038932   0.0420909657108497   0
0.200591041211648   0.175397457201336   0.0129181779194652   -0.00490609986022469   0
0.231041548067596   0.191992856984345   0.0304505068559477   0.0165953997830091   0
0.242326683044753   0.200345830468601   0.0112851349771572   0.00835297348425662   0
0.239257803825843   0.190155529253421   -0.00306887921891028   -0.0101903012151807   0
0.226775003766395   0.222662420387511   -0.0124828000594474   0.0325068911340904   0
0.261256743616904   0.217656929586712   0.0344817398505085   -0.00500549080079929   0
0.233233238512179   0.204994723489071   -0.0280235051047243   -0.0126622060976406   0
0.290852892873886   0.260577221085255   0.0576196543617072   0.0555824975961841   0
0.300161620488632   0.262145821876202   0.0093087276147451   0.00156860079094634   0
0.290247815455689   0.250534531597393   -0.00991380503294265   -0.0116112902788086   0
0.300938381539173   0.232709966564208   0.0106905660834842   -0.0178245650331854   0
0.286395848159221   0.272937847371178   -0.0145425333799524   0.0402278808069704   0
0.258027563313105   0.253241779795491   -0.0283682848461154   -0.0196960675756874   0
0.287876666673071   0.249275776248393   0.0298491033599659   -0.00396600354709742   0
0.312042024253114   0.259987832575586   0.0241653575800428   0.0107120563271923   0
0.311273589830255   0.255238064485289   -0.000768434422858844   -0.00474976809029665   0
0.300957011371363   0.239716920760403   -0.0103165784588918   -0.0155211437248855   0
0.323447610711603   0.264671492244637   0.02249059934024   0.0249545714842335   0
0.339371610138421   0.280348531439127   0.0159239994268179   0.0156770391944905   0
0.33178466579819   0.270127705837627   -0.00758694434023149   -0.0102208256015008   0
0.335327474645931   0.274045572385713   0.00354280884774077   0.0039178665480859   0
0.395401001611046   0.369004560700096   0.0600735269651156   0.0949589883143836   0
0.391698249647613   0.367244686761393   -0.003702751963433   -0.00175987393870308   0
0.358796313268466   0.318303171218475   -0.0329019363791472   -0.0489415155429176   0
0.351373575562121   0.312130284265993   -0.00742273770634511   -0.00617288695248253   0
0.34686372745126   0.30901891411772   -0.00450984811086075   -0.00311137014827301   0
0.342221720048185   0.311075965163748   -0.00464200740307508   0.00205705104602805   0
0.32681186740374   0.294374464732515   -0.0154098526444446   -0.0167015004312333   0
0.345391741508564   0.298462942380281   0.0185798741048238   0.00408847764776676   0
0.352937503082192   0.313861237715025   0.00754576157362757   0.0153982953347439   0
0.34022571467087   0.307422450565745   -0.0127117884113213   -0.00643878714928026   0
0.341177248135141   0.302629201210027   0.000951533464270238   -0.00479324935571807   0
0.327108790965263   0.302857082135795   -0.0140684571698779   0.000227880925768476   0
0.339052327998261   0.293891881736578   0.0119435370329986   -0.00896520039921783   0
0.329595688716971   0.285621111899806   -0.00945663928129065   -0.00827076983677172   0
0.364820329145532   0.308299177625097   0.0352246404285614   0.0226780657252907   0
0.369467651133001   0.315573331359694   0.00464732198746909   0.00727415373459694   0
0.353318489327901   0.286777736992531   -0.0161491618051002   -0.0287955943671624   0
0.35640335774697   0.307704309147428   0.00308486841906891   0.0209265721548968   0
0.374664313616111   0.309338941646355   0.0182609558691406   0.00163463249892715   0
0.378123661839666   0.327031244534472   0.0034593482235557   0.017692302888117   0
0.384630089711471   0.311424587873421   0.00650642787180483   -0.0156066566610515   0
0.391851267170258   0.338721941992106   0.00722117745878742   0.0272973541186857   0
0.389904463986184   0.328875420510598   -0.00194680318407481   -0.00984652148150833   0
0.370742965323515   0.315854069282897   -0.0191614986626691   -0.0130213512277012   0
0.342788547526885   0.296466500924415   -0.0279544177966294   -0.0193875683584822   0
0.308626147826076   0.262447470129185   -0.0341623997008093   -0.0340190307952292   0
0.351108277216518   0.302407858718967   0.0424821293904425   0.0399603885897819   0
0.313662953231118   0.239829866949304   -0.0374453239854008   -0.0625779917696632   0
