8.4233458e-15   1.03906505e-16   0   0   0
0.117597868792381   0.029348796703973   0.117597868792372   0.0293487967039729   0
0.11560748158681   0.0393686726490997   -0.00199038720557061   0.0100198759451267   0
0.0594836914135405   0.0510582053990811   -0.0561237901732695   0.0116895327499814   0
0.0423186128509353   0.0412349443083753   -0.0171650785626052   -0.00982326109070588   0
0.0404502454147017   0.0535024078601112   -0.00186836743623361   0.012267463551736   0
0.143498784375247   0.0191036055030666   0.103048538960545   -0.0343988023570446   0
0.0605388814766123   0.0137103583688159   -0.0829599028986348   -0.00539324713425067   0
0.124731674660459   0.0329138308680967   0.0641927931838463   0.0192034724992807   0
0.134630486371416   0.0280056234359157   0.00989881171095772   -0.004908207432181   0
0.065707692406447   0.0241382876121276   -0.0689227939649694   -0.00386733582378809   0
0.168090789121105   0.00536380105163789   0.102383096714658   -0.0187744865604897   0
0.235604826507596   0.0366763176363638   0.0675140373864911   0.0313125165847259   0
0.169791239310169   0.034224479481939   -0.065813587197427   -0.0024518381544248   0
0.0464175073414385   0.0619542838589286   -0.12337373196873   0.0277298043769896   0
0.0171153085417484   0.0148591657774609   -0.0293021987996901   -0.0470951180814677   0
0.0138521997568434   0.0399410819398844   -0.00326310878490495   0.0250819161624234   0
0.0645731498732835   0.0250334693816706   0.0507209501164401   -0.0149076125582138   0
0.058329120234844   0.0279660014669031   -0.00624402963843954   0.00293253208523258   0
0.0380108190045666   0.0154243491230394   -0.0203183012302774   -0.0125416523438637   0
0.114707836362421   0.0471483533795468   0.0766970173578541   0.0317240042565074   0
0.0713255676606022   0.0469971939746737   -0.0433822687018184   -0.000151159404873119   0
0.160555804584268   0.091894430037459   0.0892302369236655   0.0448972360627852   0
0.0965993325500332   0.0879172755565926   -0.0639564720342345   -0.00397715448086641   0
0.0857431470901601   0.0672097825509159   -0.010856185459873   -0.0207074930056766   0
0.0580041191734776   0.0441566980812   -0.0277390279166826   -0.0230530844697159   0
0.0444789606327968   0.0510044724397529   -0.0135251585406808   0.00684777435855292   0
0.177567605940781   0.0962896195709363   0.133088645307985   0.0452851471311834   0
0.114669983778922   0.126037813220956   -0.0628976221618598   0.0297481936500197   0
0.190048034362846   0.141667459445983   0.0753780505839248   0.0156296462250266   0
0.357724565713718   0.135056473755574   0.167676531350871   -0.0066109856904083   0
0.826539852266355   0.265290639548005   0.468815286552638   0.130234165792431   0
0.655357182425957   0.325610285341377   -0.171182669840398   0.060319645793372   0
0.49859537474979   0.291548024027951   -0.156761807676167   -0.0340622613134267   0
0.734312922214095   0.784075061036774   0.235717547464305   0.492527037008823   0
2.31251917726328   2.26940576125783   1.57820625504919   1.48533070022105   1
1.69020518847465   1.70618624125741   -0.622313988788629   -0.563219520000418   0
1.26367282494664   1.06704396326277   -0.426532363528012   -0.639142277994642   0
1.0474765553742   0.823544390473226   -0.216196269572437   -0.243499572789541   0
0.923874288495918   0.74705016002763   -0.123602266878285   -0.0764942304455959   0
0.860135737984142   0.673962442952925   -0.0637385505117756   -0.0730877170747052   0
0.892913148729102   0.654564448346789   0.0327774107449598   -0.019397994606136   0
0.861314832907057   0.614919986499533   -0.0315983158220453   -0.0396444618472567   0
0.748747628530737   0.520734690341915   -0.11256720437632   -0.0941852961576177   0
0.6009641819632   0.506869602645528   -0.147783446567536   -0.0138650876963868   0
0.558755917259404   0.427855381107729   -0.0422082647037961   -0.0790142215377986   0
0.559354982654858   0.424628816371459   0.000599065395454179   -0.00322656473627042   0
0.5361131874639   0.438070945280393   -0.0232417951909579   0.0134421289089345   0
0.468281683306756   0.397895459126544   -0.0678315041571449   -0.0401754861538495   0
0.396989477029672   0.321240376319352   -0.0712922062770831   -0.0766550828071921   0
0.360283022404322   0.291951319907207   -0.0367064546253506   -0.0292890564121451   0
0.353767482866265   0.243251690586082   -0.0065155395380565   -0.0486996293211247   0
0.341325015251251   0.293892891026509   -0.0124424676150141   0.0506412004404273   0
0.469219130359208   0.345113255344837   0.127894115107956   0.0512203643183277   0
0.597834833711681   0.371306885690169   0.128615703352474   0.0261936303453317   0
0.542968782028218   0.366265248539518   -0.0548660516834638   -0.00504163715065037   0
0.44403697302444   0.309538955729264   -0.0989318090037773   -0.0567262928102542   0
0.326947239785396   0.283950540684518   -0.117089733239044   -0.0255884150447462   0
0.399459689337233   0.313180365806659   0.0725124495518362   0.0292298251221408   0
0.413223322399765   0.315999835668097   0.0137636330625323   0.00281946986143861   0
0.431273620395255   0.330233867343086   0.01805029799549   0.014234031674989   0
0.431985422510613   0.338882170071347   0.000711802115357929   0.00864830272826023   0
0.43353339830135   0.298072078116492   0.00154797579073723   -0.0408100919548546   0
0.397120153832523   0.276857685829141   -0.0364132444688268   -0.0212143922873509   0
0.380333853570097   0.261605826495835   -0.0167863002624259   -0.0152518593333066   0
0.325720101342258   0.247410388283465   -0.0546137522278394   -0.0141954382123692   0
0.411172828042714   0.288314761773855   0.0854527267004557   0.0409043734903896   0
0.437864835853431   0.34258670847141   0.026692007810717   0.0542719466975554   0
0.439157856660481   0.320945465918381   0.00129302080705007   -0.0216412425530288   0
0.416848429328544   0.319603445829892   -0.0223094273319364   -0.00134202008848988   0
0.395610442832692   0.294106863893103   -0.021237986495852   -0.0254965819367884   0
0.412290067895592   0.283472629207875   0.0166796250629002   -0.0106342346852279   0
0.271345607889153   0.27313289463141   -0.140944460006439   -0.0103397345764653   0
0.309107582379469   0.275264838582147   0.0377619744903154   0.00213194395073679   0
0.377630991611698   0.297937722378875   0.0685234092322293   0.0226728837967285   0
0.404525857892824   0.345688084908794   0.026894866281126   0.0477503625299185   0
0.413935172530949   0.343255324974009   0.00940931463812517   -0.00243275993478498   0
0.404271860241726   0.307654398342658   -0.00966331228922357   -0.0356009266313506   0
