0   0   0   0   0
0.0352674447929985   0.00846214819411675   0.0352674447929985   0.00846214819411675   0
0.039678303690531   0.016973052502069   0.00441085889753249   0.00851090430795228   0
0.0966783619706943   0.057963699299218   0.0570000582801633   0.040990646797149   0
0.0717654335167952   0.0364326199857794   -0.024912928453899   -0.0215310793134386   0
0.0979350485154667   0.0391211441920125   0.0261696149986714   0.00268852420623314   0
0.0418334104019147   0.0502886651936333   -0.056101638113552   0.0111675210016208   0
0.0801250002400664   0.0433884000154701   0.0382915898381517   -0.00690026517816322   0
0.0807296528516547   0.0477085660165267   0.000604652611588333   0.00432016600105659   0
0.0823018036651274   0.0547838744237365   0.00157215081347273   0.00707530840720982   0
0.0598357797103747   0.0635733665947391   -0.0224660239547528   0.0087894921710026   0
0.20098114348063   0.0741883188676274   0.141145363770256   0.0106149522728883   0
0.120383505063756   0.0673798161656442   -0.0805976384168744   -0.00680850270198323   0
0.137107569708324   0.068506654546781   0.0167240646445679   0.00112683838113685   0
0.806115900081396   0.128317750822469   0.669008330373073   0.0598110962756879   0
1.02239899515626   0.172484532158245   0.216283095074861   0.0441667813357756   0
1.06700546667257   0.186752817665316   0.0446064715163135   0.0142682855070716   0
1.08311750599099   0.184525110953122   0.0161120393184224   -0.0022277067121943   0
1.11307201632561   0.186250075053772   0.0299545103346184   0.00172496410064996   0
1.10252130336584   0.192148849634088   -0.0105507129597679   0.0058987745803161   0
1.12162409401464   0.208389272452574   0.0191027906487953   0.0162404228184857   0
1.12352467360983   0.213623961055356   0.00190057959519208   0.00523468860278223   0
1.11527060991417   0.202495170589658   -0.00825406369565718   -0.0111287904656981   0
1.09582821307061   0.19434212399838   -0.0194423968435666   -0.00815304659127739   0
1.10836333628894   0.205345740703672   0.0125351232183286   0.0110036167052914   0
1.10096829572366   0.200963007667726   -0.00739504056527118   -0.00438273303594613   0
1.1041641471154   0.197005070941191   0.00319585139173784   -0.00395793672653469   0
1.10937830601222   0.196795298920259   0.00521415889681887   -0.000209772020932003   0
1.0862194987382   0.182226618908465   -0.0231588072740163   -0.0145686800117939   0
1.11174096714835   0.189114693854103   0.0255214684101486   0.00688807494563809   0
1.11422506731608   0.193605138913282   0.00248410016773137   0.00449044505917875   0
1.16679027582746   0.195987605693506   0.0525652085113775   0.00238246678022438   0
1.15478310658766   0.202020015637223   -0.0120071692397996   0.0060324099437169   0
1.15593362233281   0.2128933106104   0.00115051574515168   0.0108732949731773   0
1.14400635248241   0.209034203387471   -0.0119272698504049   -0.00385910722292915   0
1.12199694141108   0.199023739498013   -0.0220094110713311   -0.0100104638894581   0
1.16840443798206   0.220968352178619   0.046407496570984   0.0219446126806057   0
1.14092646028678   0.208955549342441   -0.0274779776952812   -0.0120128028361779   0
1.17705072288638   0.221166506081075   0.0361242625996028   0.0122109567386342   0
1.20009529818679   0.243159006035641   0.0230445753004074   0.0219924999545661   0
1.25289096688571   0.268297075460319   0.0527956686989177   0.0251380694246776   0
1.32650058481169   0.271389072184973   0.0736096179259782   0.00309199672465388   0
1.29934110110561   0.277150002205764   -0.027159483706076   0.00576093002079131   0
1.27746512281172   0.281489911186226   -0.0218759782938889   0.00433990898046194   0
1.29213957949035   0.272121652301977   0.0146744566786239   -0.00936825888424886   0
1.26009461502761   0.276743609475297   -0.0320449644627359   0.00462195717332009   0
1.25707445022862   0.281935796674016   -0.00302016479898626   0.00519218719871828   0
1.24487864603095   0.288889429043591   -0.0121958041976764   0.00695363236957519   0
1.23297983183185   0.298037198146702   -0.011898814199099   0.00914776910311094   0
1.26089476562362   0.299103396178546   0.0279149337917672   0.00106619803184449   0
1.18596004359892   0.265333046403297   -0.0749347220246988   -0.0337703497752489   0
1.16732661598563   0.271369551045128   -0.0186334276132829   0.00603650464183125   0
1.22585178069644   0.289743727408105   0.0585251647108052   0.0183741763629761   0
1.23598821898425   0.296460996484608   0.0101364382878117   0.00671726907650361   0
1.23324661616695   0.298832404694698   -0.0027416028173024   0.00237140821009019   0
1.20959530928644   0.289484007260089   -0.0236513068805042   -0.0093483974346098   0
1.21109133093241   0.300457412853246   0.00149602164596341   0.0109734055931577   0
1.27285300813758   0.318482010872612   0.0617616772051768   0.0180245980193656   0
1.23180626413419   0.301734035426348   -0.0410467440033941   -0.0167479754462639   0
1.24695407341618   0.293469329867524   0.015147809281993   -0.00826470555882436   0
1.23045204989278   0.304075926902091   -0.0165020235234083   0.0106065970345676   0
1.2194912061093   0.306643901918765   -0.0109608437834787   0.00256797501667383   0
1.23904572502121   0.313620876437324   0.0195545189119142   0.00697697451855905   0
1.23603520785703   0.316686106395267   -0.00301051716417899   0.00306522995794312   0
1.28861194369179   0.319815522990307   0.0525767358347589   0.00312941659504001   0
1.27036161014248   0.316993520289528   -0.018250333549314   -0.00282200270077909   0
1.27574704642835   0.322893260185745   0.00538543628587451   0.00589973989621717   0
1.26308358418387   0.324247202511829   -0.012663462244485   0.00135394232608393   0
1.26325960062421   0.330141162748877   0.000176016440345039   0.00589396023704764   0
1.26012759578206   0.321858747000698   -0.00313200484214948   -0.0082824157481784   0
1.25700227963818   0.327681560012745   -0.00312531614387868   0.00582281301204601   0
1.25773700087511   0.337412441759613   0.000734721236929303   0.0097308817468682   0
1.26710149581986   0.346444185873654   0.00936449494474734   0.00903174411404117   0
