0   0   0   0   0
0.253080774080083   0.170258692235978   0.253080774080083   0.170258692235978   0
0.219582222246509   0.136940672043838   -0.0334985518335741   -0.0333180201921394   0
0.172797999629567   0.133496504933326   -0.0467842226169417   -0.00344416711051268   0
0.184543056319994   0.148897227591722   0.0117450566904266   0.0154007226583961   0
0.189052856583276   0.137450915426085   0.00450980026328246   -0.0114463121656367   0
0.156712900154601   0.104790257432504   -0.0323399564286751   -0.0326606579935814   0
0.177093922498575   0.113302432342397   0.0203810223439742   0.00851217490989364   0
0.188387650109172   0.118584700792823   0.0112937276105965   0.00528226845042594   0
0.225401164126819   0.152003160583113   0.0370135140176475   0.0334184597902902   0
0.227624062938477   0.134583771809492   0.00222289881165799   -0.0174193887736216   0
0.184544651429604   0.107503276189779   -0.0430794115088728   -0.0270804956197125   0
0.218879507684241   0.10809461903284   0.0343348562546362   0.000591342843060408   0
0.213752372953394   0.11866717660754   -0.00512713473084622   0.0105725575747003   0
0.199472886368986   0.108329256722894   -0.0142794865844083   -0.0103379198846462   0
0.206846857643984   0.116910700834156   0.00737397127499811   0.00858144411126234   0
0.219403860460734   0.114023706027868   0.0125570028167502   -0.00288699480628812   0
0.224675157819481   0.113154946161907   0.00527129735874665   -0.000868759865961216   0
0.2214712449651   0.109039172312733   -0.00320391285438146   -0.00411577384917361   0
0.215339227762104   0.109633674567449   -0.00613201720299533   0.000594502254715926   0
0.206270440572351   0.106317730881594   -0.00906878718975346   -0.00331594368585472   0
0.199805269691274   0.100475984765238   -0.00646517088107698   -0.00584174611635604   0
0.191688902811066   0.0999835264007619   -0.00811636688020811   -0.000492458364476561   0
0.172021813504198   0.0935913295250084   -0.0196670893068672   -0.00639219687575349   0
0.168433227191069   0.0944709268975401   -0.00358858631312969   0.000879597372531668   0
0.167691540746056   0.122347236207756   -0.000741686445013184   0.0278763093102157   0
0.161872054369965   0.123311342380888   -0.00581948637609012   0.000964106173132515   0
0.16354168945276   0.127757060695488   0.00166963508279475   0.00444571831459999   0
0.151867774685115   0.114920868588769   -0.0116739147676453   -0.012836192106719   0
0.152712184335007   0.111545326306874   0.000844409649891714   -0.00337554228189546   0
0.162329994847025   0.126748895615651   0.00961781051201807   0.0152035693087773   0
0.178352971612035   0.132846106172751   0.01602297676501   0.00609721055710005   0
0.173049204645142   0.110033672443977   -0.005303766966893   -0.0228124337287739   0
0.167024720868372   0.109687678186688   -0.00602448377676978   -0.000345994257289553   0
0.161727486159178   0.103767990008486   -0.0052972347091938   -0.00591968817820149   0
0.190928816548825   0.126089135585908   0.0292013303896467   0.0223211455774215   0
0.183775782858985   0.134736423591901   -0.00715303368983988   0.00864728800599318   0
0.179947162035051   0.119023785168589   -0.00382862082393362   -0.015712638423312   0
0.223386209420846   0.160885341028794   0.0434390473857945   0.0418615558602053   0
0.265648705107009   0.150409688674556   0.0422624956861634   -0.0104756523542382   0
0.115240788525323   0.112719691957295   -0.150407916581686   -0.0376899967172607   0
0.134427717916834   0.0994755651655174   0.0191869293915111   -0.0132441267917779   0
0.263893688361102   0.18922075025682   0.129465970444267   0.0897451850913023   0
0.249864971014836   0.160606024533435   -0.0140287173462657   -0.0286147257233843   0
0.296257034440493   0.197150141597897   0.0463920634256573   0.0365441170644611   0
0.345586370522936   0.255746020208306   0.0493293360824432   0.058595878610409   0
0.332159299002912   0.236470561294594   -0.0134270715200241   -0.0192754589137117   0
0.273091490450133   0.199440928906628   -0.0590678085527797   -0.0370296323879659   0
0.183866761440057   0.164631438306006   -0.0892247290100761   -0.0348094906006224   0
0.199734854243727   0.160610196222535   0.0158680928036705   -0.00402124208347049   0
0.221207725625446   0.161874442946187   0.0214728713817189   0.0012642467236523   0
0.237015740646337   0.182951985823029   0.0158080150208907   0.0210775428768414   0
0.241126742041258   0.167099900175592   0.00411100139492154   -0.0158520856474366   0
0.227496545525105   0.17119789337002   -0.0136301965161535   0.00409799319442827   0
0.219496844053179   0.170570465777678   -0.00799970147192533   -0.000627427592342383   0
0.231720742110205   0.168383002304969   0.0122238980570254   -0.00218746347270893   0
0.243055447519592   0.177123622743123   0.0113347054093869   0.00874062043815407   0
0.223070342769792   0.16502116535644   -0.0199851047497996   -0.0121024573866834   0
0.252985289859515   0.179190392929158   0.0299149470897233   0.0141692275727181   0
0.233430105350467   0.185848191621883   -0.0195551845090479   0.00665779869272468   0
0.273937589504505   0.209064005412066   0.0405074841540377   0.0232158137901831   0
0.243511896697403   0.194333969657143   -0.0304256928071024   -0.0147300357549227   0
0.251114706650523   0.200131953837319   0.00760280995312024   0.00579798418017644   0
0.229784918843862   0.200704527910595   -0.0213297878066607   0.0005725740732756   0
0.238665219905912   0.207199006847914   0.00888030106204979   0.00649447893731911   0
0.278620503280909   0.204799007427199   0.0399552833749968   -0.00239999942071475   0
0.200221116395364   0.170344556551443   -0.0783993868855452   -0.0344544508757566   0
0.175606279300921   0.170635498427028   -0.0246148370944432   0.000290941875584677   0
0.179708635854543   0.173637123983888   0.00410235655362298   0.00300162555686012   0
0.20506734636195   0.178244879496154   0.0253587105074065   0.00460775551226586   0
0.212343105293106   0.188766602418909   0.00727575893115645   0.0105217229227559   0
0.202900298668671   0.180349243690149   -0.00944280662443567   -0.00841735872876076   0
0.191686812362481   0.197766596462012   -0.0112134863061894   0.0174173527718635   0
0.190211275687442   0.187389799420415   -0.0014755366750393   -0.0103767970415972   0
0.201868787171502   0.190052532612667   0.0116575114840597   0.00266273319225235   0
0.133039647726293   0.162650406254354   -0.0688291394452084   -0.0274021263583131   0
0.192971637714937   0.187652525969392   0.0599319899886439   0.0250021197150374   0
0.156092327079474   0.167723797275949   -0.0368793106354632   -0.0199287286934428   0
0.123701043503142   0.142279108935852   -0.0323912835763325   -0.0254446883400971   0
0.124741351841733   0.161785734862831   0.00104030833859092   0.0195066259269794   0
0.131824312033893   0.18191495808727   0.00708296019216008   0.0201292232244393   0
0.0841475793707597   0.131764030610472   -0.0476767326631329   -0.0501509274767978   0
