7.1054274e-15   0   0   0   0
0.0323024090541479   0.0205330509077354   0.0323024090541408   0.0205330509077354   0
0.115990708175194   0.101343796720272   0.0836882991210464   0.0808107458125364   0
0.227508750995132   0.206974004765766   0.111518042819937   0.105630208045494   0
0.222815910746807   0.158123043898731   -0.00469284024832448   -0.0488509608670344   0
0.190595706654649   0.125001149021619   -0.0322202040921586   -0.0331218948771121   0
0.165279446614964   0.12716359256239   -0.0253162600396847   0.00216244354077069   0
0.181359417014902   0.22317220735701   0.0160799703999385   0.0960086147946199   0
0.234999417077847   0.190327194213235   0.0536400000629445   -0.0328450131437754   0
0.203252690372799   0.1624968390976   -0.0317467267050476   -0.0278303551156349   0
0.200941692564319   0.210117793238571   -0.00231099780848015   0.0476209541409711   0
0.30758164176755   0.226993594827214   0.106639949203231   0.0168758015886435   0
0.314360345400841   0.212320312529309   0.00677870363329081   -0.014673282297905   0
0.307495755304405   0.21946682091479   -0.00686459009643609   0.00714650838548048   0
0.286362034893971   0.264177038106752   -0.0211337204104336   0.0447102171919621   0
0.334586343369406   0.220931075087123   0.0482243084754351   -0.0432459630196283   0
0.259532601469528   0.174893150880654   -0.0750537418998784   -0.0460379242064692   0
0.248999198205186   0.169999801186502   -0.0105334032643417   -0.00489334969415209   0
0.275002242414142   0.288781698823852   0.0260030442089553   0.11878189763735   0
0.304964624717314   0.301705693117617   0.0299623823031723   0.0129239942937651   0
0.325806503769864   0.226125138422873   0.0208418790525497   -0.0755805546947442   0
0.300948876126358   0.234185502645359   -0.0248576276435054   0.0080603642224864   0
0.342292618254216   0.298762323268609   0.0413437421278574   0.0645768206232494   0
0.334310227817212   0.284238270124831   -0.00798239043700388   -0.0145240531437772   0
0.330591916120342   0.282026841401789   -0.0037183116968697   -0.00221142872304292   0
0.318868507184407   0.332571225470359   -0.0117234089359353   0.0505443840685701   0
0.322011898214793   0.336776972399366   0.00314339103038619   0.00420574692900755   0
0.350488040367132   0.319818011609004   0.0284761421523391   -0.0169589607903621   0
0.469204820838718   0.321766841652777   0.118716780471586   0.00194883004377278   0
0.475674776390064   0.317124398168497   0.00646995555134605   -0.00464244348428017   0
0.41817887435623   0.337509076162368   -0.0574959020338335   0.0203846779938709   0
0.380072309960644   0.377290338633809   -0.0381065643955862   0.0397812624714413   0
0.404365890379692   0.349415158078079   0.0242935804190473   -0.0278751805557294   0
0.417795901644481   0.352947002898088   0.0134300112647898   0.00353184482000835   0
0.432084043231786   0.342125868678094   0.0142881415873042   -0.0108211342199936   0
0.398111011242919   0.332036762681764   -0.0339730319888664   -0.0100891059963304   0
0.366569082694191   0.354365806394924   -0.0315419285487286   0.0223290437131599   0
0.405265488791131   0.342137050010273   0.0386964060969409   -0.0122287563846507   0
0.459567027257785   0.323024028739208   0.054301538466654   -0.0191130212710652   0
0.449037060658664   0.343772969746536   -0.0105299665991211   0.0207489410073278   0
0.430193611513743   0.363051213169136   -0.018843449144921   0.0192782434226005   0
0.382714344439136   0.40091072271378   -0.0474792670746073   0.0378595095446437   0
0.400357593725626   0.374835308588309   0.0176432492864901   -0.0260754141254705   0
0.433027847847031   0.345749759934955   0.0326702541214046   -0.0290855486533539   0
0.423468651720208   0.34935136454144   -0.00955919612682271   0.00360160460648468   0
0.406740394240264   0.338910400569042   -0.0167282574799441   -0.0104409639723985   0
0.415218589855696   0.336140804930234   0.00847819561543156   -0.00276959563880758   0
0.406000872594097   0.436396863551573   -0.00921771726159865   0.100256058621339   0
0.396813537350722   0.430630149982936   -0.00918733524337462   -0.00576671356863756   0
0.355933315882096   0.436264213008633   -0.0408802214686265   0.00563406302569741   0
0.335655035281311   0.471532587617743   -0.0202782806007847   0.0352683746091095   0
0.348731454302214   0.484058767265166   0.0130764190209031   0.0125261796474235   0
0.364360745544397   0.453345378756954   0.0156292912421831   -0.030713388508212   0
0.357040602518331   0.454218175058943   -0.00732014302606615   0.000872796301988776   0
0.398383537737708   0.525059990828852   0.0413429352193769   0.0708418157699087   0
0.381879050234214   0.491699435957102   -0.0165044875034935   -0.03336055487175   0
0.423002959097734   0.486912493090894   0.0411239088635198   -0.00478694286620773   0
0.401879818663987   0.454539621149221   -0.0211231404337469   -0.0323728719416731   0
0.336185777715153   0.465008605953823   -0.0656940409488341   0.0104689848046022   0
0.333951817432448   0.429284513242308   -0.00223396028270512   -0.0357240927115152   0
0.337806751709667   0.444474972417204   0.00385493427721884   0.015190459174896   0
0.33639776597377   0.453256503715979   -0.00140898573589709   0.00878153129877557   0
0.363060010880267   0.486675927778225   0.0266622449064972   0.0334194240622459   0
0.36462465173854   0.475860870128848   0.0015646408582724   -0.0108150576493771   0
0.366617345935839   0.482005547324848   0.00199269419729919   0.00614467719599998   0
0.352293983302324   0.463190809445828   -0.0143233626335151   -0.0188147378790205   0
0.371247935545432   0.483343277483507   0.0189539522431084   0.020152468037679   0
0.365460406484433   0.514593514139221   -0.00578752906099927   0.0312502366557145   0
0.345147823098859   0.472743655292449   -0.0203125833855738   -0.0418498588467723   0
0.36265929359758   0.435786559960114   0.017511470498721   -0.0369570953323349   0
0.372821639979556   0.41471500516307   0.0101623463819763   -0.0210715547970444   0
0.354326730586896   0.435471441512921   -0.0184949093926604   0.0207564363498517   0
0.263380892430083   0.42122600121806   -0.0909458381568126   -0.0142454402948612   0
