0   0   0   0   0
0.0666598147071981   0.0125446111270532   0.0666598147071981   0.0125446111270532   0
0.0392809832821367   0.019290600823195   -0.0273788314250614   0.00674598969614188   0
0.0642775523786267   0.030967057438531   0.02499656909649   0.0116764566153359   0
0.0540821036113802   0.0301741858575837   -0.0101954487672464   -0.000792871580947242   0
0.0646529836459979   0.0343152337913797   0.0105708800346177   0.00414104793379598   0
0.081558690614803   0.0239249049135577   0.016905706968805   -0.010390328877822   0
0.113304046387264   0.0367921768319091   0.0317453557724608   0.0128672719183514   0
0.0900570419116939   0.0485789266732028   -0.0232470044755699   0.0117867498412937   0
0.0639925164573305   0.0429452954426953   -0.0260645254543634   -0.00563363123050755   0
0.114631454005301   0.0393025681437452   0.0506389375479702   -0.00364272729895007   0
0.0833446981509681   0.0475843748015437   -0.0312867558543325   0.00828180665779849   0
0.0555081063109882   0.019576572136629   -0.0278365918399799   -0.0280078026649147   0
0.0502583721584929   0.0356978394330404   -0.00524973415249534   0.0161212672964114   0
0.0293823157468535   0.0458391244958753   -0.0208760564116393   0.0101412850628348   0
0.0666673799270187   0.0612058193494398   0.0372850641801651   0.0153666948535646   0
0.0492890346322224   0.0546625572113767   -0.0173783452947963   -0.00654326213806312   0
0.0436947297936137   0.0673323091303658   -0.00559430483860873   0.0126697519189891   0
0.0329902527236045   0.0501144802947585   -0.0107044770700092   -0.0172178288356073   0
0.0821179780634749   0.0710091978872863   0.0491277253398704   0.0208947175925278   0
0.0556064214505864   0.0701215246555398   -0.0265115566128885   -0.000887673231746489   0
0.0514004428989539   0.0716520140681448   -0.0042059785516325   0.00153048941260496   0
0.11284060888108   0.0898640386175247   0.0614401659821261   0.01821202454938   0
0.125925445765502   0.127459028865274   0.0130848368844217   0.0375949902477497   0
0.114833938933066   0.114053433412367   -0.0110915068324355   -0.0134055954529072   0
0.126862767412667   0.101484317363345   0.0120288284796009   -0.0125691160490225   0
0.128557982399794   0.0813479693742578   0.00169521498712696   -0.020136347989087   0
0.11565487409957   0.103609425369929   -0.0129031083002242   0.0222614559956713   0
0.144293573711955   0.116506920280064   0.0286386996123856   0.0128974949101347   0
0.120225532238704   0.115490539643338   -0.0240680414732513   -0.00101638063672596   0
0.0395841511777389   0.064561595471122   -0.0806413810609653   -0.0509289441722157   0
0.0558253677973376   0.0661319297432608   0.0162412166195988   0.0015703342721388   0
0.0727663862779568   0.0749738339658292   0.0169410184806191   0.00884190422256835   0
0.0673049987157142   0.0751452459768016   -0.00546138756224254   0.000171412010972441   0
0.0701192914167653   0.0866366283926975   0.00281429270105105   0.0114913824158959   0
0.122852511253325   0.0983768796193566   0.0527332198365593   0.011740251226659   0
0.111388857774695   0.138930210419048   -0.0114636534786297   0.040553330799691   0
0.146253324496695   0.155796494612388   0.0348644667220004   0.0168662841933404   0
0.149912808461183   0.186897746835734   0.0036594839644882   0.0311012522233456   0
0.131871762668778   0.193847445516282   -0.0180410457924055   0.00694969868054873   0
0.168541194174544   0.214856112343595   0.0366694315057656   0.0210086668273123   0
0.160113227209042   0.230081187180344   -0.00842796696550147   0.0152250748367491   0
0.147041530433812   0.251787407902179   -0.0130716967752301   0.0217062207218356   0
0.164975343741347   0.251986705222832   0.0179338133075347   0.000199297320652714   0
0.104450870296434   0.235549887531756   -0.0605244734449128   -0.0164368176910762   0
0.0911167747899816   0.178564787416564   -0.0133340955064523   -0.0569851001151924   0
0.101801943299285   0.217947097999201   0.0106851685093036   0.0393823105826374   0
0.170396796746407   0.233124843227775   0.0685948534471214   0.0151777452285745   0
0.152433922551016   0.244546114656912   -0.0179628741953901   0.0114212714291369   0
0.108008212210853   0.234975704862175   -0.0444257103401632   -0.00957040979473767   0
0.173928525714053   0.253291644647481   0.0659203135031995   0.0183159397853061   0
0.204322558464145   0.288536413501725   0.0303940327500919   0.0352447688542437   0
0.192422844057608   0.301130674380824   -0.0118997144065371   0.0125942608790995   0
0.223851782885105   0.305293592359926   0.0314289388274976   0.00416291797910179   0
0.232030421562477   0.333132960906584   0.00817863867737165   0.0278393685466585   0
0.203676012731785   0.339106736796859   -0.0283544088306917   0.00597377589027437   0
0.224958058399948   0.336047208030798   0.0212820456681624   -0.00305952876606069   0
0.223705260650486   0.362526445835603   -0.00125279774946158   0.0264792378048045   0
0.211903018474147   0.372611623247837   -0.0118022421763394   0.0100851774122347   0
0.202959293844308   0.39548796540554   -0.00894372462983889   0.0228763421577026   0
0.165214655193485   0.372460036746209   -0.0377446386508232   -0.0230279286593305   0
0.151158653206322   0.380662304439958   -0.0140560019871622   0.00820226769374854   0
0.19691021012349   0.394538371773651   0.0457515569171679   0.0138760673336928   0
0.15978494844647   0.383371242203754   -0.0371252616770203   -0.0111671295698962   0
