0   0   0   0   0
0.0198258714720513   0.0201777326730773   0.0198258714720513   0.0201777326730773   0
0.0378745058100117   0.00354119908902591   0.0180486343379603   -0.0166365335840514   0
0.0191387907429762   0.0108604192899927   -0.0187357150670355   0.00731922020096679   0
0.0248655494762985   0.00803136607959369   0.00572675873332232   -0.00282905321039901   0
0.0276946344628749   0.0157618341604968   0.00282908498657639   0.00773046808090308   0
0.019947993148784   0.00956121065967504   -0.00774664131409089   -0.00620062350082173   0
0.0226443104412274   0.010390528972406   0.00269631729244344   0.000829318312730932   0
0.0215710655898264   0.0103537593571762   -0.00107324485140104   -3.67696152297654e-05   0
0.00614416043790505   0.00731508751501284   -0.0154269051519213   -0.00303867184216336   0
0.0345588583527905   0.0159902396645805   0.0284146979148855   0.00867515214956769   0
0.0374844300428243   0.0294037388480017   0.00292557169003375   0.0134134991834212   0
0.0259528862051035   0.0326246631027762   -0.0115315438377208   0.00322092425477452   0
0.0567336379276544   0.0433819931505259   0.030780751722551   0.0107573300477497   0
0.044127204875239   0.0399728260180015   -0.0126064330524154   -0.00340916713252445   0
0.0148695826165559   0.0183816592507228   -0.0292576222586832   -0.0215911667672787   0
0.0459149945630549   0.0333110011888769   0.031045411946499   0.0149293419381541   0
0.0221266557258972   0.0268365386364221   -0.0237883388371577   -0.00647446255245482   0
0.0362606788566104   0.0313254722439629   0.0141340231307132   0.00448893360754085   0
0.0550594247595661   0.0585796566720612   0.0187987459029557   0.0272541844280983   0
0.0693893777852419   0.0684908501299939   0.0143299530256758   0.00991119345793262   0
0.131282694943404   0.0961921572988324   0.0618933171581623   0.0277013071688386   0
0.122759965291399   0.114036633366561   -0.00852272965200498   0.0178444760677285   0
0.102622321394683   0.0960686667179817   -0.0201376438967164   -0.0179679666485792   0
0.113612309081877   0.1004814565237   0.0109899876871943   0.00441278980571876   0
0.104258139947319   0.0965105255494725   -0.00935416913455787   -0.003970930974228   0
0.105649222012178   0.0973460652249595   0.00139108206485869   0.000835539675487038   0
0.122060421756076   0.104590726621299   0.0164111997438982   0.00724466139633921   0
0.0943033373920526   0.0987528200198445   -0.0277570843640236   -0.00583790660145427   0
0.10095081804912   0.0913636883558684   0.00664748065706737   -0.00738913166397605   0
0.101014544685186   0.102033187375532   6.37266360663385e-05   0.0106694990196632   0
0.119218329774523   0.111327614209491   0.0182037850893368   0.00929442683395908   0
0.120402759213943   0.121367465143614   0.00118442943941947   0.0100398509341235   0
0.0836965105526928   0.102216644445032   -0.0367062486612498   -0.0191508206985823   0
0.115780098083281   0.101064101950032   0.0320835875305877   -0.00115254249500002   0
0.0831671338391293   0.0863275495747142   -0.0326129642441513   -0.0147365523753176   0
0.135993455321515   0.114317494457696   0.0528263214823855   0.0279899448829814   0
0.0936695804407821   0.097387750373409   -0.0423238748807327   -0.0169297440842866   0
0.107468200552578   0.0946726158570173   0.0137986201117959   -0.00271513451639169   0
0.08347404186293   0.0932009975233772   -0.023994158689648   -0.00147161833364012   0
0.128923636360901   0.110317349917472   0.0454495944979708   0.0171163523940947   0
0.0783351031351697   0.090899933934038   -0.0505885332257311   -0.019417415983434   0
0.105078780466625   0.102474035329866   0.0267436773314549   0.0115741013958283   0
0.112659345107882   0.110901530900956   0.00758056464125692   0.00842749557108956   0
0.0765712269067727   0.0911218402262812   -0.0360881182011089   -0.0197796906746746   0
0.113971313125187   0.106253941892265   0.0374000862184146   0.015132101665984   0
0.0722634774692861   0.0987499127004836   -0.0417078356559011   -0.0075040291917815   0
0.108343953171111   0.118932962475354   0.0360804757018253   0.0201830497748706   0
0.114065719925393   0.135636804643822   0.00572176675428131   0.0167038421684675   0
0.0877180948912144   0.133317017558453   -0.0263476250341783   -0.00231978708536817   0
0.129625128378974   0.141788495859828   0.0419070334877597   0.00847147830137421   0
0.0902583410068923   0.121974880962541   -0.0393667873720818   -0.0198136148972864   0
0.0994971464949309   0.112722129506353   0.00923880548803864   -0.0092527514561886   0
0.117419604781514   0.121569943184174   0.0179224582865835   0.00884781367782089   0
0.0941683659637958   0.111679189187103   -0.0232512388177186   -0.00989075399707076   0
0.0948285172836206   0.104789748200914   0.000660151319824831   -0.00688944098618899   0
0.111038884690077   0.11367518476482   0.0162103674064562   0.00888543656390635   0
0.0970270266703109   0.112029549740819   -0.0140118580197659   -0.00164563502400106   0
0.0884401606199784   0.107519906548788   -0.00858686605033243   -0.00450964319203073   0
0.126253133007041   0.113916420654705   0.0378129723870627   0.00639651410591692   0
0.0847767105913325   0.0966914295700803   -0.0414764224157087   -0.0172249910846249   0
0.0723865451613491   0.0941458690464626   -0.0123901654299833   -0.00254556052361776   0
0.118736759088018   0.115408762034364   0.046350213926669   0.0212628929879016   0
0.075448687248929   0.0996044800952697   -0.0432880718390891   -0.0158042819390945   0
0.0994052148792801   0.104097455949858   0.0239565276303511   0.00449297585458791   0
0.0724283224983271   0.102527280670809   -0.0269768923809531   -0.00157017527904894   0
0.0742808515081518   0.0917997407788533   0.00185252900982474   -0.0107275398919554   0
0.0930559695184636   0.0985138441256296   0.0187751180103118   0.00671410334677627   0
0.0896522951267657   0.102948831767497   -0.00340367439169788   0.00443498764186775   0
0.092933540182836   0.103522903588132   0.00328124505607029   0.000574071820634695   0
0.0699601342378979   0.0919461043051999   -0.0229734059449381   -0.0115767992829321   0
0.0450605281757294   0.0753834005841782   -0.0248996060621684   -0.0165627037210218   0
0.0982439451272939   0.0967774797653987   0.0531834169515645   0.0213940791812205   0
0.0770994034609973   0.096017620229504   -0.0211445416662966   -0.00075985953589465   0
0.0805873623564015   0.0939189902640426   0.00348795889540418   -0.00209862996546142   0
0.102112344857455   0.109935057564962   0.0215249825010534   0.0160160673009199   0
0.081907924895274   0.102313153547552   -0.0202044199621809   -0.00762190401741039   0
0.115081622238554   0.125919229428258   0.0331736973432802   0.023606075880706   0
