0   0   0   0   0
0.0297154578943208   0.0225958319718695   0.0297154578943208   0.0225958319718695   0
0.0662588850693198   0.0460717184510574   0.036543427174999   0.0234758864791879   0
0.0673704894059081   0.0503162963520057   0.0011116043365883   0.00424457790094824   0
0.0726411532295401   0.0579364551160219   0.00527066382363192   0.00762015876401623   0
0.0521549072393393   0.0550310766910743   -0.0204862459902008   -0.00290537842494757   0
0.0563589791279015   0.0603317765038956   0.00420407188856223   0.00530069981282132   0
0.0612877426972771   0.0656635594508451   0.00492876356937565   0.00533178294694943   0
0.0665416080631861   0.0670162864017391   0.00525386536590899   0.001352726950894   0
0.0715805168055373   0.065798499281732   0.00503890874235116   -0.00121778712000702   0
0.110746257631499   0.0951462113500881   0.039165740825962   0.0293477120683561   0
0.0867175434674993   0.0936490966762269   -0.0240287141639999   -0.00149711467386118   0
0.0525731564491457   0.0741326222072573   -0.0341443870183537   -0.0195164744689696   0
0.0530264293358754   0.0604226725375979   0.000453272886729736   -0.0137099496696595   0
0.0388014347415389   0.0587551824669821   -0.0142249945943365   -0.00166749007061576   0
0.047706930345386   0.0677937574146798   0.00890549560384706   0.00903857494769771   0
0.0485377396381802   0.0671306068458568   0.000830809292794249   -0.000663150568823032   0
0.0702988152881348   0.069368812323667   0.0217610756499546   0.00223820547781017   0
0.0749193088353476   0.0785539070354777   0.00462049354721272   0.00918509471181068   0
0.0689640046213952   0.0726256814304913   -0.00595530421395232   -0.00592822560498636   0
0.124007930819848   0.102144257474772   0.0550439261984525   0.0295185760442807   0
0.108714324658609   0.0884798255463583   -0.0152936061612391   -0.0136644319284137   0
0.104386635088594   0.0852486251810526   -0.0043276895700142   -0.00323120036530568   0
0.12161218145342   0.0934697035652985   0.017225546364826   0.00822107838424593   0
0.11258574445886   0.0981926838742483   -0.00902643699456027   0.00472298030894978   0
0.0912788922334804   0.0835294882116479   -0.0213068522253798   -0.0146631956626005   0
0.112428287221179   0.103216192386786   0.0211493949876989   0.0196867041751385   0
0.105559486907439   0.102121655753126   -0.00686880031373986   -0.00109453663366049   0
0.101750086802422   0.104062520212285   -0.0038094001050176   0.0019408644591596   0
0.130791127879171   0.127851635061726   0.0290410410767491   0.0237891148494402   0
0.134314746420233   0.116965588078983   0.00352361854106192   -0.0108860469827423   0
0.118539168218647   0.105057645170473   -0.0157755782015856   -0.0119079429085099   0
0.126550445994674   0.119063345890015   0.00801127777602684   0.0140057007195418   0
0.130319163146521   0.123570195116522   0.0037687171518464   0.00450684922650632   0
0.101053233721532   0.108324071131959   -0.0292659294249889   -0.015246123984563   0
0.115057229421848   0.114559930288062   0.0140039957003164   0.00623585915610292   0
0.15625272375732   0.138769950174144   0.0411954943354715   0.0242100198860822   0
0.121039424696478   0.119774884204591   -0.0352132990608418   -0.0189950659695529   0
0.0575415538775309   0.108404548341448   -0.0634978708189469   -0.0113703358631425   0
0.103987959531374   0.108813136400462   0.046446405653843   0.00040858805901399   0
0.0948814246045211   0.0974822679143775   -0.00910653492685273   -0.0113308684860848   0
0.108541845269588   0.119076599751053   0.0136604206650665   0.021594331836675   0
0.102398115797321   0.108818881435074   -0.0061437294722663   -0.0102577183159782   0
0.135920588900801   0.109166148389921   0.0335224731034795   0.000347266954846701   0
0.111236634296674   0.10823639782606   -0.0246839546041272   -0.000929750563861353   0
0.0910049863163611   0.0865153539852629   -0.0202316479803126   -0.0217210438407968   0
0.108196512197559   0.0707846042364257   0.0171915258811978   -0.0157307497488372   0
0.1208935572111   0.08289118747056   0.0126970450135406   0.0121065832341343   0
0.136972106721929   0.0788368438213893   0.0160785495108296   -0.00405434364917069   0
0.116506360031335   0.0656990775519798   -0.0204657466905946   -0.0131377662694095   0
0.104944901974405   0.073970508099639   -0.0115614580569297   0.00827143054765911   0
0.172688902204644   0.103437560708935   0.0677440002302394   0.0294670526092962   0
0.147835368665545   0.0785675564245994   -0.0248535335390992   -0.0248700042843358   0
0.153360014879301   0.0875413443866285   0.00552464621375617   0.00897378796202912   0
0.166022567720897   0.109474872064925   0.0126625528415957   0.0219335276782964   0
0.187248139787356   0.114229409633548   0.0212255720664592   0.00475453756862286   0
0.184790339343772   0.101806985340745   -0.00245780044358446   -0.0124224242928024   0
0.199466384384657   0.120969444541525   0.0146760450408849   0.01916245920078   0
0.234534173090718   0.150720594784063   0.0350677887060614   0.0297511502425376   0
0.23306505762626   0.148143600549187   -0.00146911546445766   -0.00257699423487645   0
0.203271649456909   0.156081111580743   -0.0297934081693514   0.00793751103155654   0
0.180146098280694   0.142842355016399   -0.0231255511762146   -0.0132387565643446   0
0.163138219461977   0.114354118400469   -0.0170078788187176   -0.0284882366159298   0
0.18036634581035   0.109915515574669   0.0172281263483736   -0.00443860282579962   0
0.212689986713851   0.11108426260931   0.0323236409035009   0.00116874703464077   0
0.249517226804284   0.14129829743733   0.036827240090433   0.0302140348280201   0
0.292281506312965   0.176635769936084   0.0427642795086808   0.0353374724987541   0
0.296819794315153   0.187195997583853   0.00453828800218775   0.0105602276477687   0
0.32241321668409   0.200850972648562   0.0255934223689374   0.0136549750647091   0
0.301048262332215   0.147259195254094   -0.0213649543518756   -0.0535917773944683   0
0.315184065768066   0.189864773457768   0.0141358034358512   0.0426055782036744   0
0.365171690388655   0.226520758017356   0.0499876246205889   0.0366559845595882   0
0.344261051407522   0.194937857958202   -0.0209106389811325   -0.0315829000591544   0
