0   0   0   0   0
0.0716216752992831   0.0686813545397207   0.0716216752992831   0.0686813545397207   0
0.0650973615242196   0.0717086977797052   -0.00652431377506349   0.00302734323998446   0
0.0542401562318901   0.0467942606880541   -0.0108572052923295   -0.0249144370916511   0
0.0414575836490148   0.0953320034085122   -0.0127825725828753   0.0485377427204581   0
0.15519521662172   0.0547517593391732   0.113737632972705   -0.040580244069339   0
0.107662417849387   0.0775502413722416   -0.0475327987723327   0.0227984820330684   0
0.14804310335184   0.110231730128336   0.0403806855024528   0.0326814887560946   0
0.114058814264832   0.0896297456889167   -0.0339842890870083   -0.0206019844394195   0
0.0763829628285333   0.131041130982886   -0.0376758514362983   0.0414113852939693   0
0.110749511675261   0.160368280696952   0.034366548846728   0.0293271497140657   0
0.130271228348837   0.274231333180185   0.0195217166735752   0.113863052483234   0
0.115081279444558   0.229000472570678   -0.0151899489042784   -0.0452308606095072   0
0.142311003578775   0.25654758004408   0.0272297241342167   0.0275471074734015   0
0.201839399776815   0.252164300516233   0.0595283961980398   -0.00438327952784712   0
0.279076287562683   0.295313798330755   0.0772368877858681   0.0431494978145221   0
0.403820285731349   0.312550570972348   0.124743998168667   0.0172367726415936   0
0.285693296277246   0.266497171312504   -0.118126989454104   -0.0460533996598441   0
0.364646964266681   0.34360009714682   0.0789536679894352   0.0771029258343155   0
0.267122505754621   0.324664253821561   -0.09752445851206   -0.018935843325259   0
0.297883016895782   0.348792782757896   0.0307605111411614   0.0241285289363351   0
0.349320724286557   0.446114645754017   0.0514377073907749   0.0973218629961217   0
0.558141913757429   0.612071451385526   0.208821189470872   0.165956805631509   0
0.472615831696163   0.515493076101807   -0.0855260820612661   -0.0965783752837192   0
0.336177698852403   0.518861872829521   -0.13643813284376   0.00336879672771417   0
0.206113177103993   0.397864925672673   -0.13006452174841   -0.120996947156848   0
0.19074807208878   0.420205275518096   -0.0153651050152132   0.0223403498454226   0
0.296164331768351   0.468524816827996   0.105416259679571   0.0483195413099003   0
0.31414274847922   0.468017110644847   0.0179784167108694   -0.000507706183149048   0
0.244735749274479   0.416462802503341   -0.0694069992047408   -0.0515543081415055   0
0.291402591408532   0.448865805470239   0.0466668421340529   0.0324030029668977   0
0.324191290683276   0.451570093383974   0.0327886992747441   0.00270428791373462   0
0.377888667466066   0.419846848282545   0.0536973767827899   -0.0317232451014289   0
0.310363968082531   0.343095238805549   -0.0675246993835353   -0.0767516094769958   0
0.3270657274166   0.352752873018049   0.0167017593340698   0.00965763421249971   0
0.293390707751425   0.306691066917974   -0.0336750196651751   -0.0460618061000742   0
0.293027916955216   0.357344559381506   -0.000362790796209655   0.0506534924635316   0
0.22729735975284   0.295159904415196   -0.0657305572023755   -0.06218465496631   0
0.262952313244404   0.342094655796849   0.0356549534915641   0.0469347513816531   0
0.246959965288976   0.320998289340673   -0.015992347955428   -0.0210963664561765   0
0.223213193355715   0.287018650902866   -0.0237467719332612   -0.033979638437807   0
0.17335106575744   0.297339867535593   -0.0498621275982751   0.0103212166327274   0
0.207828433812643   0.308225334668723   0.0344773680552027   0.0108854671331305   0
0.214042914601209   0.270841208487417   0.00621448078856643   -0.0373841261813067   0
0.278560443821726   0.347859982539037   0.0645175292205168   0.0770187740516207   0
0.219833917889301   0.296810915809482   -0.0587265259324249   -0.0510490667295552   0
0.186234930098487   0.221912685256513   -0.0335989877908145   -0.0748982305529696   0
0.233874011929577   0.26684154936712   0.0476390818310899   0.0449288641106076   0
0.313396553453187   0.371958755630312   0.0795225415236107   0.105117206263191   0
0.299328341819012   0.309809632732304   -0.0140682116341749   -0.0621491228980081   0
0.437670479445725   0.388257886191827   0.138342137626712   0.0784482534595237   0
0.397201139733262   0.319371115306811   -0.0404693397124623   -0.068886770885016   0
0.33569328075884   0.26768944768639   -0.0615078589744223   -0.051681667620421   0
0.376465968067506   0.27478229221222   0.040772687308666   0.00709284452582981   0
0.393796333180991   0.323261871650109   0.0173303651134846   0.0484795794378884   0
0.315945847297657   0.271111194324217   -0.0778504858833337   -0.0521506773258919   0
0.319352711379443   0.260576416913799   0.0034068640817862   -0.0105347774104183   0
0.258488510000589   0.2464836061778   -0.0608642013788543   -0.0140928107359981   0
0.257500695508496   0.243067670156291   -0.000987814492092232   -0.00341593602150914   0
0.245052822281026   0.232829870652359   -0.0124478732274701   -0.0102377995039326   0
0.276639871784844   0.246454401804832   0.0315870495038172   0.0136245311524731   0
0.256614416670143   0.241103703855822   -0.0200254551147007   -0.00535069794901008   0
0.23168239969312   0.22706877924053   -0.0249320169770229   -0.0140349246152918   0
0.309251262512191   0.262442374349945   0.0775688628190707   0.0353735951094148   0
0.33193932780386   0.275847793498845   0.0226880652916694   0.0134054191489001   0
0.401165320224032   0.385804213312268   0.0692259924201714   0.109956419813423   0
0.363279390222734   0.420227810210075   -0.0378859300012977   0.0344235968978064   0
0.465337981551658   0.436954884578199   0.102058591328924   0.0167270743681243   0
0.499211634624591   0.452375373684961   0.0338736530729333   0.0154204891067619   0
0.51602017101852   0.452909343907136   0.0168085363939292   0.000533970222175106   0
0.517998474155529   0.554372823118324   0.00197830313700875   0.101463479211188   0
