7.1054274e-15   0   0   0   0
0.0751074597867161   0.0511062223384385   0.075107459786709   0.0511062223384385   0
0.0339283351286426   0.0392425796067272   -0.0411791246580734   -0.0118636427317114   0
0.0165882375736581   0.0248840788364966   -0.0173400975549846   -0.0143585007702305   0
0.0952018509264576   0.0802819678811282   0.0786136133527996   0.0553978890446316   0
0.0542027286424383   0.0598659190203841   -0.0409991222840193   -0.0204160488607441   0
0.0350215361888436   0.0501013211480384   -0.0191811924535947   -0.00976459787234567   0
0.0928204526442535   0.0801248402018238   0.0577989164554099   0.0300235190537854   0
0.0651404350475843   0.0696058942532478   -0.0276800175966692   -0.010518945948576   0
0.0629525351072374   0.0748272185670465   -0.00218789994034685   0.00522132431379869   0
0.0855229823490626   0.0794157713226609   0.0225704472418252   0.00458855275561439   0
0.0785353006881311   0.0758775497468216   -0.00698768166093149   -0.00353822157583922   0
0.102146671118787   0.100325376921723   0.0236113704306557   0.0244478271749013   0
0.139659131658377   0.118366950708007   0.0375124605395907   0.0180415737862839   0
0.11784433070858   0.103322904342555   -0.0218148009497972   -0.0150440463654517   0
0.115705876138094   0.101593866104546   -0.00213845457048645   -0.00172903823800877   0
0.148436624565237   0.109418885223787   0.0327307484271431   0.00782501911924104   0
0.127896492670973   0.0981727227915848   -0.0205401318942642   -0.0112461624322026   0
0.120175121984566   0.101178553383648   -0.00772137068640652   0.00300583059206314   0
0.11899208850968   0.0936604241282147   -0.00118303347488591   -0.00751812925543326   0
0.104759068785654   0.077328062914409   -0.0142330197240266   -0.0163323612138057   0
0.126715803640342   0.0849211076253473   0.0219567348546883   0.00759304471093834   0
0.100767463462293   0.0584729236743903   -0.0259483401780495   -0.0264481839509571   0
0.122903619509611   0.074242611491209   0.0221361560473186   0.0157696878168187   0
0.0976844437941496   0.0479300322045399   -0.0252191757154616   -0.0263125792866691   0
0.0831229074614203   0.0574446996067138   -0.0145615363327293   0.00951466740217388   0
0.0845075064717745   0.0584303445606118   0.00138459901035429   0.000985644953898024   0
0.107908704724738   0.0723603364565911   0.0234011982529633   0.0139299918959793   0
0.116852206644545   0.110268631977758   0.00894350191980677   0.0379082955211674   0
0.126328161435272   0.118727325685218   0.00947595479072778   0.00845869370745932   0
0.112313944966374   0.114930960886227   -0.0140142164688985   -0.00379636479899077   0
0.121067862631414   0.116999230406463   0.00875391766503976   0.00206826952023603   0
0.128317437683341   0.112924299224233   0.00724957505192683   -0.00407493118222989   0
0.145101334897072   0.11937325562862   0.016783897213731   0.00644895640438654   0
0.157514730264673   0.137167973332194   0.0124133953676014   0.0177947177035747   0
0.167295866903399   0.142509650328732   0.00978113663872562   0.00534167699653768   0
0.159304150782545   0.139992389752269   -0.00799171612085317   -0.00251726057646262   0
0.157498346875987   0.143253138345375   -0.00180580390655816   0.00326074859310579   0
0.15514646123108   0.150381298296135   -0.0023518856449074   0.00712815995075938   0
0.155582040944996   0.139421266549299   0.000435579713916334   -0.0109600317468352   0
0.171508977007341   0.144834060317302   0.0159269360623447   0.00541279376800288   0
0.160911112645769   0.137920410609388   -0.0105978643615719   -0.00691364970791433   0
0.180473109202894   0.150779785819867   0.0195619965571249   0.0128593752104793   0
0.171640119951512   0.144336577899049   -0.00883298925138146   -0.00644320792081798   0
0.185459185803107   0.149210886092246   0.0138190658515943   0.00487430819319631   0
0.16553526528446   0.147432995065099   -0.0199239205186465   -0.00177789102714621   0
0.160562550205589   0.152323536151099   -0.00497271507887154   0.00489054108599982   0
0.173737117784781   0.152643844817767   0.013174567579192   0.000320308666667851   0
0.17246212778753   0.151678106976091   -0.00127498999725026   -0.000965737841675807   0
0.177823617413086   0.158232864530423   0.00536148962555583   0.00655475755433219   0
0.179805065745743   0.163997506266959   0.00198144833265707   0.00576464173653524   0
0.183539640397627   0.162848050351922   0.00373457465188384   -0.00114945591503648   0
0.190263485916848   0.167019008064019   0.00672384551922087   0.00417095771209663   0
0.170908295645224   0.169001874258922   -0.0193551902716236   0.00198286619490326   0
0.198108096015804   0.170681200524695   0.0271998003705801   0.00167932626577283   0
0.193726551399168   0.169176074055337   -0.00438154461663659   -0.00150512646935791   0
0.197650614922523   0.16957499572654   0.00392406352335542   0.000398921671203423   0
0.200349774245014   0.175713963585006   0.00269915932249043   0.00613896785846599   0
0.202089422939695   0.165313144053005   0.00173964869468171   -0.0104008195320013   0
0.225433921858179   0.182065957521984   0.0233444989184835   0.0167528134689789   0
0.214630212857265   0.173832368005936   -0.0108037090009139   -0.00823358951604847   0
0.220223112947603   0.173333641806625   0.00559290009033819   -0.000498726199310517   0
0.244911436390364   0.187123699564672   0.0246883234427605   0.0137900577580468   0
0.230023379244422   0.181980077487611   -0.0148880571459416   -0.00514362207706104   0
0.244489718465337   0.183107872847067   0.0144663392209151   0.00112779535945576   0
0.244078708210709   0.185048476166489   -0.000411010254627781   0.00194060331942211   0
0.240755901217861   0.183375158929378   -0.0033228069928487   -0.00167331723711125   0
0.247682773310903   0.184901694991056   0.00692687209304182   0.00152653606167835   0
0.235699065460305   0.180124278834666   -0.011983707850598   -0.00477741615638944   0
0.251378310362618   0.184058650061964   0.0156792449023139   0.00393437122729748   0
0.227401650252074   0.184320417903464   -0.0239766601105441   0.000261767841499921   0
0.224121057681963   0.18773286102393   -0.00328059257011171   0.00341244312046624   0
0.237964728196123   0.191378487888629   0.0138436705141604   0.00364562686469905   0
