0   0   0   0   0
0.0648880060879721   0.0320219824070124   0.0648880060879721   0.0320219824070124   0
0.0427833350326228   0.0391088749664093   -0.0221046710553493   0.00708689255939689   0
0.0915748015987962   0.0361795927869   0.0487914665661734   -0.00292928217950934   0
0.122152702215511   0.0474542445921137   0.0305779006167147   0.0112746518052137   0
0.100606331781301   0.0548537116449621   -0.0215463704342101   0.00739946705284844   0
0.0951041268827397   0.0569415039333567   -0.00550220489856103   0.00208779228839457   0
0.0950453037686066   0.0544401823062543   -5.88231141331608e-05   -0.00250132162710241   0
0.107807874218021   0.0605105770989076   0.0127625704494146   0.00607039479265331   0
0.0725481755381651   0.063479049050261   -0.0352596986798561   0.0029684719513534   0
0.116727805180181   0.0563077702627792   0.0441796296420161   -0.00717127878748178   0
0.0860743655503949   0.0443875294046258   -0.0306534396297864   -0.0119202408581534   0
0.0964190260506044   0.0666148307402174   0.0103446605002096   0.0222273013355917   0
0.163351249898093   0.0568140110397457   0.0669322238474884   -0.00980081970047174   0
0.12377171322761   0.169092865536523   -0.0395795366704829   0.112278854496777   0
0.125489202634331   0.162734225687577   0.0017174894067207   -0.00635863984894547   0
0.0732590778702586   0.16115448445494   -0.052230124764072   -0.00157974123263721   0
0.0956728407141353   0.172455322963405   0.0224137628438767   0.011300838508465   0
0.100167589828548   0.17531116665485   0.00449474911441307   0.00285584369144515   0
0.0956224621494027   0.163494401247449   -0.00454512767914564   -0.0118167654074013   0
0.075261845882978   0.169393980682867   -0.0203606162664248   0.00589957943541786   0
0.0671821896592343   0.1805107664199   -0.00807965622374371   0.0111167857370334   0
0.114334321282348   0.185624281639626   0.0471521316231139   0.00511351521972556   0
0.108157443632005   0.177593875199037   -0.00617687765034328   -0.00803040644058825   0
0.0824363065337411   0.187598084995546   -0.0257211370982638   0.0100042097965088   0
0.165321031086427   0.217438164165401   0.0828847245526855   0.0298400791698548   0
0.185422727337595   0.234151369990652   0.0201016962511689   0.0167132058252506   0
0.153962909461289   0.224443228689177   -0.0314598178763063   -0.00970814130147499   0
0.109912648055612   0.216016306216086   -0.0440502614056769   -0.00842692247309096   0
0.120201750173362   0.22201967897644   0.0102891021177495   0.00600337276035462   0
0.125220036344045   0.219971546260278   0.00501828617068335   -0.00204813271616264   0
0.135231634356903   0.224013575564114   0.0100115980128577   0.0040420293038361   0
0.15349629827304   0.236815677839455   0.0182646639161367   0.0128021022753415   0
0.210638742529426   0.272010149594901   0.0571424442563868   0.0351944717554457   0
0.190915442149687   0.264364398253652   -0.0197233003797389   -0.00764575134124862   0
0.171680753322536   0.246944326391056   -0.019234688827151   -0.0174200718625964   0
0.215953185939346   0.267624723860528   0.044272432616809   0.0206803974694722   0
0.1750202881193   0.269502299865229   -0.0409328978200457   0.00187757600470057   0
0.180918557541794   0.282513267424628   0.00589826942249419   0.0130109675593991   0
0.223758072122139   0.277555891458993   0.0428395145803446   -0.00495737596563456   0
0.232346793174508   0.287257718161877   0.00858872105236991   0.00970182670288383   0
0.244892892568255   0.309330405860779   0.0125460993937468   0.0220726876989017   0
0.237931612986044   0.326274003295869   -0.00696127958221179   0.0169435974350899   0
0.244754601262667   0.341681271169681   0.00682298827662312   0.0154072678738122   0
0.210838435976867   0.309277610979917   -0.0339161652858001   -0.0324036601897638   0
0.250950049672898   0.323111102902113   0.040111613696031   0.0138334919221959   0
0.24322240918466   0.319264065124029   -0.00772764048823724   -0.00384703777808421   0
0.221908213562414   0.300924619671024   -0.0213141956222468   -0.0183394454530046   0
0.150632948317787   0.283539690242495   -0.0712752652446268   -0.0173849294285294   0
0.224839244118023   0.347242738205525   0.0742062958002362   0.0637030479630297   0
0.327147938828414   0.381300505475583   0.102308694710391   0.0340577672700581   0
0.349851005722168   0.424000032174658   0.0227030668937542   0.0426995266990755   0
0.334345604736227   0.407213646874218   -0.0155054009859411   -0.0167863853004401   0
0.410383998365818   0.443204608451947   0.0760383936295907   0.0359909615777286   0
0.40361956641553   0.411852874470396   -0.00676443195028731   -0.0313517339815508   0
0.30961487364753   0.358314168443   -0.0940046927680005   -0.0535387060273963   0
0.346186512627877   0.415542828860294   0.0365716389803474   0.0572286604172941   0
0.599762724252817   0.599948212515463   0.25357621162494   0.18440538365517   0
0.56161932228105   0.583465504304348   -0.0381434019717677   -0.0164827082111154   0
0.556101441931302   0.571840824521554   -0.00551788034974787   -0.0116246797827945   0
0.572693207349351   0.577639626014063   0.0165917654180489   0.00579880149250955   0
0.582294583577262   0.587414253784832   0.00960137622791135   0.00977462777076932   0
0.588059111505671   0.600028361023323   0.00576452792840954   0.0126141072384907   0
0.558190117607977   0.585931418690421   -0.0298689938976943   -0.014096942332902   0
0.55813688213569   0.576347072784211   -5.32354722867501e-05   -0.00958434590621016   0
0.554797574879016   0.575112823079061   -0.00333930725667464   -0.00123424970515018   0
0.539548579180577   0.57689619928437   -0.0152489956984387   0.00178337620530955   0
0.493868880489981   0.536731028720013   -0.0456796986905962   -0.0401651705643573   0
0.544733803716328   0.558573232097944   0.0508649232263469   0.0218422033779305   0
0.546252632749016   0.567590679381604   0.00151882903268841   0.00901744728366094   0
0.521089388194835   0.552149287887709   -0.0251632445541813   -0.0154413914938951   0
0.548567075661722   0.57570346307552   0.0274776874668874   0.0235541751878102   0
0.567915911597275   0.583924363095702   0.0193488359355528   0.0082209000201825   0
0.579102794287564   0.589059968434358   0.0111868826902887   0.00513560533865587   0
0.582182929488772   0.598636998757982   0.00308013520120776   0.00957703032362378   0
0.566486715697655   0.58390219637897   -0.015696213791117   -0.0147348023790118   0
0.596016338793683   0.598944181501508   0.029529623096028   0.0150419851225377   0
0.586511160413595   0.596892792647315   -0.00950517838008769   -0.00205138885419254   0
0.529321348886266   0.577298186274006   -0.0571898115273286   -0.0195946063733088   0
0.547155796833016   0.576930159557369   0.0178344479467495   -0.000368026716637604   0
0.493233903248672   0.520172115532805   -0.0539218935843439   -0.056758044024564   0
0.497167528318851   0.532756538671678   0.00393362507017908   0.012584423138873   0
