7.1054274e-15   0   0   0   0
0.230703436724882   0.158411608811604   0.230703436724875   0.158411608811604   0
0.200989908367234   0.344122767515341   -0.0297135283576481   0.185711158703736   0
0.666718663431554   0.888369705511134   0.46572875506432   0.544246937995793   0
1.128216680811   1.13622957469531   0.461498017379442   0.247859869184178   0
1.03716359717633   1.06444201113696   -0.0910530836346677   -0.0717875635583536   0
0.868168541190989   0.969418278003187   -0.16899505598534   -0.0950237331337715   0
0.711765682194729   0.868118237313449   -0.15640285899626   -0.101300040689738   0
0.640768354813658   0.860189619554112   -0.0709973273810708   -0.00792861775933662   0
0.505612407191045   0.792338862533595   -0.135155947622613   -0.0678507570205171   0
0.441749630312216   0.805304781693429   -0.0638627768788291   0.012965919159834   0
0.587281110335073   0.747927714607862   0.145531480022856   -0.0573770670855663   0
0.685617312822436   0.799536007336322   0.0983362024873637   0.0516082927284595   0
0.566334050871827   0.765580309705674   -0.119283261950609   -0.0339556976306483   0
0.493371106874384   0.750530510158976   -0.072962943997443   -0.0150497995466972   0
0.563348996468144   0.775350539165017   0.0699778895937595   0.0248200290060405   0
0.559056790509282   0.74881988874252   -0.00429220595886193   -0.0265306504224966   0
0.465713351772289   0.647317805469884   -0.0933434387369925   -0.101502083272636   0
0.397306563956813   0.636655408266138   -0.068406787815476   -0.010662397203746   0
0.447271123065327   0.6144729906423   0.0499645591085133   -0.0221824176238387   0
0.453752833617033   0.563291160693461   0.0064817105517061   -0.0511818299488389   0
0.584003223101026   0.781606469562351   0.130250389483994   0.21831530886889   0
0.527299258235457   0.734332755835587   -0.0567039648655697   -0.0472737137267639   0
0.333335474361799   0.545215166837529   -0.193963783873658   -0.189117588998058   0
0.451621858058712   0.616637384027045   0.118286383696913   0.0714222171895161   0
0.296921507104277   0.617600308044349   -0.154700350954434   0.000962924017304023   0
0.399497249261683   0.553179165662349   0.102575742157405   -0.0644211423819996   0
0.48440420837923   0.685081207400317   0.0849069591175479   0.131902041737968   0
0.521912443902456   0.776713507500911   0.0375082355232254   0.0916323001005945   0
0.665203709232758   0.861126399764106   0.143291265330302   0.0844128922631943   0
0.653875631235547   0.882861802134886   -0.0113280779972107   0.0217354023707808   0
0.646338028480867   0.853205400194384   -0.00753760275468018   -0.0296564019405022   0
0.616134696306123   0.877870475021235   -0.0302033321747442   0.0246650748268511   0
0.574340576144596   0.851868210466133   -0.0417941201615272   -0.0260022645551018   0
0.657193828753533   0.847220831517963   0.0828532526089369   -0.00464737894817024   0
0.732918884259148   0.918210046717176   0.075725055505615   0.070989215199213   0
0.740692782547785   0.945660530215422   0.00777389828863773   0.0274504834982454   0
0.70229913497007   0.897449297135729   -0.0383936475777154   -0.0482112330796923   0
0.584562560267491   0.886764559446471   -0.117736574702579   -0.010684737689258   0
0.842275357097195   0.994542066198353   0.257712796829704   0.107777506751882   0
1.09604681153711   1.08485312700802   0.253771454439918   0.0903110608096652   0
0.751920051879486   0.91055712182044   -0.344126759657627   -0.174296005187578   0
0.744607347315232   0.914887009769438   -0.00731270456425426   0.0043298879489978   0
0.720420373354973   0.919529254080844   -0.0241869739602585   0.00464224431140603   0
0.763451127058008   0.886573611730078   0.0430307537030352   -0.0329556423507655   0
0.799378018358655   1.00725962209484   0.0359268913006465   0.120686010364757   0
0.861932081293695   1.02810881744461   0.0625540629350403   0.0208491953497747   0
0.802070580372713   0.986150761996717   -0.0598615009209827   -0.0419580554478935   0
0.744511952744067   0.941306178479405   -0.0575586276286459   -0.0448445835173121   0
0.791808963507368   0.941782097716734   0.0472970107633017   0.00047591923732937   0
0.814132763839584   0.979960339901674   0.0223238003322161   0.0381782421849399   0
0.766537637171291   0.964176585436362   -0.0475951266682932   -0.0157837544653122   0
0.834159874199506   0.979350175234932   0.0676222370282152   0.0151735897985699   0
0.752346901968001   0.939007038802095   -0.081812972231505   -0.0403431364328369   0
0.771138973498173   0.947504332805107   0.0187920715301717   0.00849729400301247   0
0.83513096879662   1.01605024141874   0.0639919952984469   0.0685459086136354   0
0.873895465194419   1.08014653015855   0.0387644963977988   0.0640962887398027   0
0.811902971573962   1.08447192920993   -0.061992493620457   0.00432539905138163   0
0.703940062596958   0.827174207321339   -0.107962908977004   -0.257297721888588   0
0.566225235893621   0.686313218026732   -0.137714826703337   -0.140860989294608   0
0.815611957459499   0.979417010253797   0.249386721565878   0.293103792227065   0
0.761278071849218   1.05562277425609   -0.0543338856102809   0.0762057640022966   0
0.88363817721945   1.07960189312875   0.122360105370232   0.0239791188726577   0
0.998608599442319   1.30081737636079   0.114970422222869   0.22121548323204   0
0.909363724353922   1.16387043550831   -0.0892448750883971   -0.136946940852481   0
0.842262350550362   1.13264693461182   -0.0671013738035596   -0.0312235008964934   0
0.93659601973348   1.1793327659367   0.0943336691831173   0.0466858313248868   0
0.923502260935912   1.17758147986882   -0.0130937587975676   -0.00175128606787989   0
0.892408009656935   1.16830885666984   -0.0310942512789766   -0.00927262319897948   0
1.02287596076762   1.24203194711821   0.130467951110686   0.0737230904483634   0
0.971415608627645   1.22820204073808   -0.051460352139976   -0.0138299063801297   0
1.03399067339989   1.20976944501969   0.0625750647722444   -0.0184325957183884   0
1.10824875684112   1.31214462308992   0.0742580834412301   0.102375178070232   0
1.11563354961125   1.34334258594319   0.00738479277013271   0.0311979628532661   0
1.11538337191652   1.31350708949361   -0.000250177694732567   -0.0298354964495735   0
0.970050703969847   1.13791254448302   -0.145332667946673   -0.175594545010597   0
0.898749512706168   1.14683796567924   -0.0713011912636787   0.00892542119622575   0
0.906832531434956   1.09470346674566   0.00808301872878758   -0.0521344989335844   0
0.825285430583738   1.08642807714412   -0.0815471008512176   -0.00827538960154306   0
0.910925448532408   1.12061883714562   0.0856400179486702   0.0341907600015037   0
