7.479274e-15   2.31432845e-16   0   0   0
0.0562367727593885   0.0134404443103924   0.056236772759381   0.0134404443103922   0
0.0146782902080325   0.0248387885902846   -0.0415584825513559   0.0113983442798922   0
0.0822412142063755   0.0450867268114627   0.067562923998343   0.0202479382211781   0
0.0245215109929396   0.0406100637730826   -0.0577197032134359   -0.00447666303838019   0
0.0644678621467634   0.0678486086050468   0.0399463511538238   0.0272385448319642   0
0.0788470771509459   0.0477589645119567   0.0143792150041825   -0.0200896440930901   0
0.0698760206634424   0.0480227848941634   -0.00897105648750357   0.000263820382206695   0
0.0936157022738507   0.0843807563909357   0.0237396816104083   0.0363579714967723   0
0.0962805076196435   0.0641935365348418   0.0026648053457928   -0.0201872198560939   0
0.0973752216132423   0.0903104948523855   0.00109471399359885   0.0261169583175437   0
0.102431427013206   0.0769324899234163   0.00505620539996408   -0.0133780049289692   0
0.118643594723753   0.100336786462316   0.016212167710547   0.0234042965388997   0
0.108205540305961   0.0807685425082679   -0.0104380544177921   -0.0195682439540481   0
0.136880238219017   0.078494870601712   0.0286746979130553   -0.00227367190655589   0
0.119545766803951   0.101138951141164   -0.0173344714150653   0.0226440805394522   0
0.13899825966332   0.0836250885595395   0.0194524928593692   -0.0175138625816247   0
0.152150785188727   0.0995345567649355   0.0131525255254069   0.015909468205396   0
0.135504174772879   0.114439032149295   -0.0166466104158488   0.0149044753843591   0
0.133647218850737   0.148105380387411   -0.00185695592214155   0.0336663482381164   0
0.137853390786529   0.147825826506039   0.0042061719357924   -0.000279553881372407   0
0.131794981188402   0.166901215740391   -0.00605840959812742   0.0190753892343526   0
0.14506939723484   0.192196870428318   0.0132744160464378   0.025295654687927   0
0.155916143040338   0.1592864325842   0.0108467458054984   -0.0329104378441179   0
0.142401540450234   0.135817727318479   -0.0135146025901044   -0.0234687052657217   0
0.185151382875171   0.156825690620723   0.0427498424249371   0.0210079633022441   0
0.171677332064784   0.178188876216218   -0.0134740508103873   0.0213631855954952   0
0.168187422593247   0.143344236207259   -0.00348990947153624   -0.0348446400089585   0
0.189140779885071   0.167427700076896   0.0209533572918235   0.0240834638696366   0
0.18315545196853   0.163598283081895   -0.00598532791654066   -0.00382941699500131   0
0.175772946311198   0.133651703920384   -0.00738250565733178   -0.0299465791615109   0
0.182542204013862   0.149788167293045   0.00676925770266323   0.0161364633726617   0
0.1644657837415   0.128619320854872   -0.0180764202723618   -0.021168846438173   0
0.21330128410531   0.148207488098388   0.0488355003638102   0.0195881672435154   0
0.201989207634421   0.157737942292291   -0.0113120764708887   0.009530454193903   0
0.202172865225439   0.182185245330984   0.000183657591017294   0.0244473030386932   0
0.229438774437577   0.188394778539513   0.0272659092121379   0.00620953320852918   0
0.222901860836287   0.195852276150149   -0.00653691360128997   0.00745749761063591   0
0.197941499649419   0.190788875098366   -0.0249603611868681   -0.00506340105178296   0
0.199941348650045   0.155305119462719   0.00199984900062627   -0.0354837556356475   0
0.213565983052675   0.151019987046748   0.0136246344026298   -0.00428513241597028   0
0.215453197443817   0.146691226506581   0.00188721439114239   -0.00432876054016765   0
0.238138351810388   0.143393450396036   0.0226851543665706   -0.0032977761105443   0
0.227777598924572   0.168534253958289   -0.0103607528858153   0.0251408035622522   0
0.215021820697882   0.15145506585537   -0.0127557782266905   -0.0170791881029191   0
0.238939360292973   0.151817439781751   0.0239175395950913   0.000362373926381471   0
0.212266862365271   0.150029462578995   -0.026672497927702   -0.00178797720275561   0
0.239967977756567   0.150878713441027   0.0277011153912962   0.000849250862031997   0
0.235920666520034   0.149413597338327   -0.00404731123653321   -0.00146511610270042   0
0.219977687434665   0.160099773699916   -0.0159429790853692   0.0106861763615887   0
0.228061636239902   0.172052327429999   0.00808394880523663   0.0119525537300831   0
0.225228175584078   0.169291758730317   -0.00283346065582391   -0.00276056869968225   0
0.217830075527126   0.16784309609493   -0.00739810005695188   -0.00144866263538623   0
0.218502561288318   0.169229680053577   0.000672485761192665   0.00138658395864624   0
0.210475875870463   0.179185131153163   -0.00802668541785503   0.0099554510995862   0
0.197933586669911   0.184972840416597   -0.0125422892005525   0.00578770926343472   0
0.229901419403   0.166463315363689   0.0319678327330894   -0.0185095250529084   0
0.220921417191796   0.183369098142531   -0.00898000221120415   0.016905782778842   0
0.2282340351072   0.190792138305845   0.00731261791540336   0.00742304016331347   0
0.252611685320642   0.186271178553431   0.0243776502134424   -0.00452095975241337   0
0.250438544247099   0.18718041698546   -0.00217314107354305   0.000909238432028642   0
0.235289200836793   0.178162837041245   -0.0151493434103054   -0.00901757994421434   0
0.287909112021369   0.199677461321223   0.0526199111845757   0.0215146242799775   0
0.238510432585045   0.206747804896843   -0.0493986794363245   0.00707034357561967   0
0.248930950410464   0.208682155193376   0.0104205178254194   0.00193435029653369   0
0.255359210996386   0.193951465135842   0.00642826058592155   -0.0147306900575344   0
0.24618413007323   0.20355086278382   -0.00917508092315605   0.00959939764797826   0
0.27550540546917   0.190951193348377   0.0293212753959405   -0.0125996694354436   0
0.2416140729928   0.189109481534047   -0.0338913324763697   -0.00184171181432938   0
0.227350574334383   0.186269336625732   -0.0142634986584177   -0.00284014490831508   0
