0   0   0   0   0
0.028613574889409   0.0129156968602481   0.028613574889409   0.0129156968602481   0
0.0133462188848816   0.0148733755470949   -0.0152673560045274   0.00195767868684688   0
0.127277199148443   0.0648855443869061   0.113930980263561   0.0500121688398112   0
0.103067161692594   0.0425099636310015   -0.024210037455849   -0.0223755807559046   0
0.0785556079362939   0.0336750814389293   -0.0245115537562996   -0.00883488219207226   0
0.0704157249229077   0.0335805897113862   -0.00813988301338618   -9.44917275430696e-05   0
0.0455208849084423   0.00995180408483216   -0.0248948400144655   -0.023628785626554   0
0.107538558331363   0.0259288329294598   0.0620176734229209   0.0159770288446276   0
0.0799261921532054   0.0209286432909617   -0.0276123661781578   -0.00500018963849811   0
0.053270441490201   0.0128377083823315   -0.0266557506630044   -0.00809093490863019   0
0.105094310498428   0.0295838653678789   0.0518238690082272   0.0167461569855474   0
0.0923974477038445   0.0381544386810679   -0.0126968627945837   0.00857057331318904   0
0.110101129393664   0.0344639110951595   0.0177036816898192   -0.00369052758590836   0
0.0639868475400334   0.0357064387406898   -0.0461142818536303   0.00124252764553024   0
0.0582375549841587   0.0362609709317157   -0.0057492925558747   0.000554532191025948   0
0.0766995304739603   0.0315104559745879   0.0184619754898016   -0.00475051495712781   0
0.0402983075485047   0.0323157985281571   -0.0364012229254556   0.000805342553569191   0
0.0329214578722494   0.0312662203759681   -0.00737684967625537   -0.00104957815218905   0
0.033561397808729   0.0175029785157483   0.000639939936479615   -0.0137632418602198   0
0.0543772969631226   0.0410602149301905   0.0208158991543937   0.0235572364144422   0
0.0615232209682349   0.0674114544639957   0.00714592400511228   0.0263512395338052   0
0.0606111383292509   0.0718609413339333   -0.000912082638983978   0.00444948686993756   0
0.0933395464137705   0.061608645975836   0.0327284080845196   -0.0102522953580973   0
0.0514231135005419   0.0388433253908055   -0.0419164329132286   -0.0227653205850304   0
0.094052704552308   0.0255268367906563   0.0426295910517661   -0.0133164886001493   0
0.0433919546284639   0.0229040283139595   -0.0506607499238441   -0.00262280847669678   0
0.0501265999680133   0.0336705684230325   0.00673464533954943   0.010766540109073   0
0.0764345014665702   0.0331676201462598   0.0263079014985569   -0.000502948276772684   0
0.0489484310385857   0.0505343187704602   -0.0274860704279845   0.0173666986242004   0
0.0606170069172316   0.0526658882750804   0.0116685758786459   0.00213156950462021   0
0.0417427958670382   0.0348536663367902   -0.0188742110501934   -0.0178122219382903   0
0.0569090734687347   0.0420732535559003   0.0151662776016965   0.00721958721911013   0
0.0480774218094229   0.039857576817705   -0.00883165165931176   -0.00221567673819532   0
0.0310080787757314   0.0435116955865088   -0.0170693430336915   0.00365411876880382   0
0.0409157485495055   0.0405916026226209   0.00990766977377407   -0.00292009296388789   0
0.0519504510698108   0.0372018842119718   0.0110347025203053   -0.0033897184106491   0
0.0608699607990551   0.0310041260555376   0.00891950972924434   -0.00619775815643421   0
0.0494873846462841   0.0358544041349706   -0.011382576152771   0.00485027807943296   0
0.0629572716046609   0.0483749839301676   0.0134698869583768   0.0125205797951971   0
0.0398135593391624   0.0401952754887908   -0.0231437122654984   -0.0081797084413768   0
0.0509043997194752   0.0436340903819496   0.0110908403803127   0.00343881489315881   0
0.0501850624531401   0.0322444812730596   -0.000719337266335059   -0.01138960910889   0
0.0242103349547911   0.0379470082581046   -0.025974727498349   0.00570252698504494   0
0.0595226253496793   0.0347142879667789   0.0353122903948881   -0.0032327202913257   0
0.0656693285380749   0.0369976346658111   0.00614670318839565   0.0022833466990322   0
0.0345926683897072   0.047475112769109   -0.0310766601483677   0.010477478103298   0
0.0307796175069459   0.0491937300452916   -0.00381305088276122   0.00171861727618254   0
0.0441893228080504   0.0450174084813781   0.0134097053011044   -0.00417632156391343   0
0.0499099081086333   0.0374782907655402   0.00572058530058292   -0.00753911771583796   0
0.0748783848015939   0.0339714190933447   0.0249684766929605   -0.00350687167219545   0
0.0352102914056144   0.0398701907207269   -0.0396680933959795   0.00589877162738214   0
0.0207513519479877   0.0501560174305671   -0.0144589394576266   0.0102858267098403   0
0.0514080238811566   0.0382314285083259   0.0306566719331689   -0.0119245889222412   0
0.0227660096085983   0.0489151321932173   -0.0286420142725584   0.0106837036848914   0
0.0893168266424164   0.0416477378009672   0.0665508170338181   -0.00726739439225011   0
0.0752576028396931   0.0478081734295758   -0.0140592238027232   0.00616043562860864   0
0.0411466229319177   0.0437763502235521   -0.0341109799077755   -0.00403182320602379   0
0.0424267241188849   0.0517281349579894   0.00128010118696723   0.00795178473443735   0
0.0464154614620756   0.0588249058195161   0.0039887373431907   0.00709677086152671   0
0.0665295427300607   0.0577512762154727   0.0201140812679851   -0.00107362960404338   0
0.0504543231756545   0.0517347549721077   -0.0160752195544062   -0.00601652124336504   0
0.167453697675949   0.0662667031641066   0.116999374500295   0.0145319481919989   0
0.0870579846426757   0.0239756341631831   -0.0803957130332733   -0.0422910690009235   0
0.0668272328144001   0.0451235738478559   -0.0202307518282755   0.0211479396846728   0
0.0319045362452568   0.050867623495673   -0.0349226965691433   0.00574404964781709   0
0.0686653185879025   0.0363478737379668   0.0367607823426457   -0.0145197497577061   0
0.0495342503800722   0.0272990317537911   -0.0191310682078304   -0.00904884198417576   0
0.0296348966879904   0.03585471322845   -0.0198993536920818   0.00855568147465892   0
0.0280168463800499   0.0558956223276401   -0.00161805030794055   0.0200409090991901   0
0.0652520880472846   0.0529969695064094   0.0372352416672348   -0.00289865282123061   0
0.0632406602860853   0.0558254579968561   -0.00201142776119939   0.00282848849044667   0
0.0866205893245798   0.0719962554228627   0.0233799290384945   0.0161707974260065   0
0.0877975744712434   0.0684480434700463   0.00117698514666367   -0.00354821195281639   0
0.0813344356271844   0.077634162908975   -0.00646313884405907   0.00918611943892872   0
0.0727892043434892   0.0634098566140552   -0.00854523128369514   -0.0142243062949198   0
