0   0   0   0   0
0.0505461544262612   0.013992596123691   0.0505461544262612   0.013992596123691   0
0.0659435552216017   0.0372358174173108   0.0153974007953405   0.0232432212936199   0
0.0553482860484425   0.0652886330076388   -0.0105952691731592   0.0280528155903279   0
0.11608494219223   0.0963006540019311   0.0607366561437874   0.0310120209942924   0
0.121498532483131   0.0982364504452589   0.0054135902909008   0.00193579644332777   0
0.107680567459526   0.084599864976018   -0.0138179650236051   -0.0136365854692409   0
0.153379891399612   0.125120735048349   0.0456993239400861   0.0405208700723314   0
0.165429084412978   0.138971298856366   0.0120491930133668   0.0138505638080162   0
0.147321036816808   0.128611182616785   -0.0181080475961704   -0.0103601162395805   0
0.176883934461002   0.177050005630017   0.0295628976441935   0.0484388230132315   0
0.182177069061954   0.1896106907979   0.00529313460095257   0.012560685167884   0
0.178920859904387   0.179926462124861   -0.00325620915756708   -0.00968422867303972   0
0.214434222433728   0.236798001244915   0.0355133625293407   0.0568715391200547   0
0.254141285594427   0.251087876742566   0.0397070631606994   0.014289875497651   0
0.285030385675481   0.299396421212976   0.0308891000810543   0.04830854447041   0
0.258706121007231   0.291548865042477   -0.0263242646682507   -0.00784755617049915   0
0.284665629607395   0.309091844247627   0.0259595086001645   0.0175429792051496   0
0.324415314323346   0.366085505736891   0.0397496847159504   0.056993661489264   0
0.338118064006544   0.38035722337997   0.0137027496831987   0.0142717176430794   0
0.294735707490473   0.349517368590433   -0.0433823565160713   -0.0308398547895375   0
0.324954323099241   0.376425723877657   0.0302186156087682   0.0269083552872247   0
0.348042490073823   0.388776298775945   0.0230881669745819   0.0123505748982878   0
0.385235543449926   0.407573618772822   0.037193053376103   0.0187973199968768   0
0.397223657347115   0.407948539641897   0.0119881138971885   0.00037492086907509   0
0.413708555233024   0.41400413185121   0.0164848978859091   0.00605559220931295   0
0.473429719086489   0.458126994397365   0.059721163853465   0.0441228625461552   0
0.511770984074459   0.515349880924302   0.03834126498797   0.0572228865269365   0
0.527146252433638   0.533559450354356   0.0153752683591788   0.0182095694300543   0
0.514187403744039   0.5138330550331   -0.0129588486895985   -0.0197263953212564   0
0.554207020173457   0.539636160296284   0.0400196164294179   0.0258031052631839   0
0.568146950320735   0.562866216277477   0.013939930147278   0.0232300559811939   0
0.572032205201164   0.559983270035063   0.00388525488042868   -0.00288294624241492   0
0.474061846077615   0.482038362563161   -0.0979703591235483   -0.0779449074719015   0
0.523273336404202   0.486696985970423   0.0492114903265869   0.00465862340726236   0
0.572108025407001   0.535856396545653   0.0488346890027986   0.0491594105752297   0
0.585444759951165   0.558069621035501   0.0133367345441643   0.022213224489848   0
0.530494086310083   0.526662193240416   -0.0549506736410824   -0.0314074277950852   0
0.522579101297677   0.534796619456183   -0.00791498501240595   0.00813442621576665   0
0.485491133972767   0.516223682957694   -0.0370879673249095   -0.0185729364984883   0
0.504085348630128   0.508489418968127   0.0185942146573607   -0.00773426398956734   0
0.555783890489857   0.583468813154391   0.0516985418597292   0.0749793941862643   0
0.542571506936378   0.580155276711913   -0.013212383553479   -0.00331353644247823   0
0.575650935683216   0.589156820917404   0.0330794287468381   0.00900154420549126   0
0.56942881208258   0.578646864045962   -0.00622212360063601   -0.0105099568714421   0
0.575535060877802   0.604050608918318   0.00610624879522159   0.0254037448723559   0
0.604895283662473   0.62532732353351   0.0293602227846713   0.0212767146151919   0
0.637273413525386   0.649562467249471   0.0323781298629126   0.0242351437159612   0
0.654633739021953   0.648063946061506   0.0173603254965669   -0.00149852118796556   0
0.70514651224229   0.702320344487938   0.0505127732203375   0.0542563984264326   0
0.729854595339356   0.827536850606503   0.0247080830970655   0.125216506118565   0
0.807355751371663   0.846187985300407   0.0775011560323072   0.018651134693904   0
0.835054842665327   0.850741810197565   0.0276990912936647   0.00455382489715717   0
0.867359715109569   0.85804591923722   0.0323048724442415   0.00730410903965584   0
0.761107202704875   0.776447325439168   -0.106252512404694   -0.0815985937980529   0
0.789487117348505   0.799281389482894   0.0283799146436303   0.0228340640437266   0
0.794576593140509   0.803648354242161   0.00508947579200336   0.0043669647592669   0
0.88643883006573   0.891324654569615   0.0918622369252212   0.087676300327454   0
0.920238238623435   0.929606562722012   0.033799408557705   0.0382819081523971   0
0.875572438538014   0.889171849996472   -0.0446658000854205   -0.0404347127255402   0
0.934013471557657   0.886359165164884   0.0584410330196431   -0.00281268483158814   0
1.12446641066023   0.919686107788903   0.19045293910257   0.0333269426240198   0
1.14512591156556   1.01653118003282   0.0206595009053281   0.0968450722439208   0
1.12352325606787   0.99214468178147   -0.0216026554976865   -0.0243864982513541   0
1.08687575654116   0.996792364474997   -0.036647499526709   0.00464768269352656   0
1.13476861869318   1.01043391395239   0.0478928621520209   0.0136415494773898   0
1.15711854511379   1.00753016187654   0.0223499264206113   -0.00290375207584259   0
1.18229408960502   1.00991429746014   0.0251755444912236   0.00238413558359607   0
1.42363167641959   1.14514166753206   0.24133758681457   0.135227370071923   0
1.5089073305876   1.23721003372468   0.0852756541680171   0.092068366192614   0
1.51631937001763   1.26141960748737   0.007412039430027   0.0242095737626906   0
1.43995048812247   1.21762953266377   -0.0763688818951589   -0.043790074823596   0
1.15228033524931   0.968844632730678   -0.287670152873164   -0.248784899933093   0
0.921270488578387   0.867382461990023   -0.23100984667092   -0.101462170740655   0
0.673021339788362   0.738090916678758   -0.248249148790025   -0.129291545311265   0
0.810768557696553   0.812885092053984   0.137747217908191   0.0747941753752258   0
0.821583535648439   0.744847543800142   0.0108149779518864   -0.0680375482538415   0
0.784444672058816   0.656032389532868   -0.0371388635896234   -0.0888151542672737   0
1.01961179649963   0.808150026164294   0.235167124440818   0.152117636631425   0
0.90967154296303   0.737615997193471   -0.109940253536604   -0.0705340289708227   0
