1.44814743787174e-14   3.2287321e-17   0   0   0
0.0483159697887305   0.0217690250033997   0.048315969788716   0.0217690250033996   0
0.0293432336269226   0.0237343443063813   -0.0189727361618079   0.00196531930298161   0
0.0300392471666302   0.0887904920535268   0.000696013539707663   0.0650561477471456   0
0.0214461117908136   0.0846656473346442   -0.00859313537581663   -0.00412484471888265   0
0.0404278985795802   0.0749941205251072   0.0189817867887666   -0.00967152680953699   0
0.0459531599721615   0.0982460839726072   0.00552526139258135   0.0232519634475   0
0.0617294392287346   0.0903164314687879   0.0157762792565731   -0.00792965250381936   0
0.0442732274265643   0.072612190445756   -0.0174562118021704   -0.0177042410230319   0
0.0383681471127478   0.0757294452754103   -0.00590508031381647   0.00311725482965436   0
0.0605796739939774   0.098989206641084   0.0222115268812296   0.0232597613656737   0
0.0598588822190428   0.0948274402321144   -0.000720791774934622   -0.00416176640896965   0
0.046385126385274   0.0889304649839466   -0.0134737558337688   -0.00589697524816774   0
0.0365334075590787   0.101957423560334   -0.0098517188261953   0.0130269585763875   0
0.0332852356280552   0.100998051517932   -0.00324817193102347   -0.000959372042402637   0
0.0530545146572741   0.107790709376659   0.0197692790292188   0.00679265785872767   0
0.0587796092268193   0.120835441935504   0.00572509456954526   0.0130447325588449   0
0.046706152124073   0.118970588455176   -0.0120734571027463   -0.00186485348032843   0
0.0807930648448815   0.118796033541659   0.0340869127208085   -0.000174554913516922   0
0.0800795919036527   0.136980423451126   -0.000713472941228865   0.0181843899094675   0
0.0871081086977709   0.14481574517577   0.00702851679411821   0.00783532172464418   0
0.0946304468068152   0.131730715945299   0.00752233810904432   -0.0130850292304715   0
0.101592798767489   0.134172621068705   0.00696235196067392   0.00244190512340597   0
0.103315601088587   0.138599952982396   0.00172280232109824   0.00442733191369099   0
0.0880916189557773   0.13175090028517   -0.01522398213281   -0.00684905269722549   0
0.0995228949045084   0.137420782589344   0.011431275948731   0.00566988230417342   0
0.120750637382874   0.154363388270168   0.0212277424783659   0.0169426056808241   0
0.133005994240011   0.166725259200023   0.0122553568571369   0.0123618709298554   0
0.131312349979158   0.158713989332344   -0.00169364426085322   -0.00801126986767975   0
0.150874610718415   0.176796381181017   0.0195622607392574   0.0180823918486733   0
0.164462234975592   0.1868006771996   0.0135876242571764   0.0100042960185831   0
0.149575691013377   0.1751416424568   -0.0148865439622145   -0.0116590347428001   0
0.170199344161209   0.195092165582102   0.0206236531478315   0.0199505231253016   0
0.186261184897771   0.218850143537262   0.0160618407365626   0.0237579779551606   0
0.180008866049269   0.214652378891887   -0.0062523188485028   -0.00419776464537541   0
0.172091119176119   0.208793971433968   -0.00791774687314964   -0.00585840745791891   0
0.196814649292948   0.229791322823992   0.0247235301168289   0.0209973513900241   0
0.220872172780039   0.241737773260437   0.0240575234870907   0.0119464504364447   0
0.250952677175199   0.262349207087929   0.0300805043951603   0.0206114338274926   0
0.269427050776241   0.280469066091446   0.018474373601042   0.0181198590035166   0
0.309729211763796   0.29553269312586   0.0403021609875548   0.0150636270344146   0
0.29937300160244   0.297236002824146   -0.0103562101613552   0.00170330969828569   0
0.30518972135852   0.305384687323784   0.00581671975607928   0.00814868449963835   0
0.324976744253599   0.325506298972986   0.0197870228950797   0.020121611649202   0
0.316219239497798   0.310781560963394   -0.00875750475580123   -0.0147247380095923   0
0.32658194336621   0.322893547855974   0.0103627038684116   0.0121119868925804   0
0.321588319043096   0.323332907608386   -0.00499362432311418   0.000439359752411217   0
0.319463204435979   0.320021667420047   -0.00212511460711667   -0.00331124018833839   0
0.288840006855755   0.287491690567233   -0.0306231975802245   -0.0325299768528146   0
0.282646724036374   0.320072457527604   -0.00619328281938064   0.0325807669603716   0
0.30143715886331   0.340894957508001   0.0187904348269362   0.0208224999803963   0
0.318920604812276   0.345506053643547   0.0174834459489656   0.00461109613554622   0
0.314776007074506   0.336768964860202   -0.00414459773776965   -0.00873708878334445   0
0.322446886902047   0.347211577612508   0.00767087982754106   0.0104426127523058   0
0.326537998004674   0.34857804878256   0.00409111110262683   0.0013664711700519   0
0.325736385546346   0.348543451828783   -0.000801612458327772   -3.45969537773883e-05   0
0.341696044406182   0.364197975561922   0.015959658859836   0.0156545237331398   0
0.355739982790268   0.367981037534544   0.0140439383840861   0.00378306197262124   0
0.381240335239199   0.367327210483155   0.0255003524489312   -0.000653827051389   0
0.349903047390653   0.339513730672268   -0.0313372878485462   -0.0278134798108864   0
0.370989530196952   0.369636009000646   0.0210864828062993   0.0301222783283779   0
0.389948478592519   0.402512146066774   0.0189589483955667   0.0328761370661277   0
0.386351499518062   0.402542927563389   -0.00359697907445755   3.07814966151176e-05   0
0.386562739919373   0.411391982100891   0.00021124040131143   0.00884905453750195   0
0.390155776226699   0.416480780120511   0.00359303630732549   0.00508879801961992   0
0.389090752164175   0.420085561788562   -0.00106502406252312   0.00360478166805078   0
0.384528546002886   0.414376293332227   -0.00456220616128955   -0.00570926845633446   0
0.387517731302579   0.431879316737898   0.00298918529969311   0.0175030234056712   0
0.408168929771661   0.423772996436153   0.0206511984690816   -0.0081063203017458   0
0.401672555934102   0.403310084669086   -0.0064963738375583   -0.020462911767067   0
0.401600566298361   0.446143876971135   -7.1989635741343e-05   0.0428337923020493   0
0.405078110576634   0.459814096796344   0.00347754427827307   0.0136702198252091   0
0.417730058231641   0.443476844105654   0.0126519476550073   -0.0163372526906899   0
0.426080758835433   0.445460557630153   0.00835070060379145   0.00198371352449944   0
0.425132435718169   0.454674884451532   -0.000948323117263672   0.00921432682137835   0
0.444322749550188   0.472132970823091   0.0191903138320193   0.0174580863715595   0
0.451889785915661   0.480321777362282   0.00756703636547273   0.00818880653919074   0
