0   0   0   0   0
0.0648330132885704   0.0310523785010258   0.0648330132885704   0.0310523785010258   0
0.0739056361849926   0.0331024489388482   0.00907262289642229   0.00205007043782242   0
0.0932227217954811   0.0508239747286585   0.0193170856104885   0.0177215257898104   0
0.0467465000021145   0.0409043991790064   -0.0464762217933666   -0.00991957554965218   0
0.05027575149176   0.0422047379510713   0.00352925148964549   0.00130033877206493   0
0.0781374571513005   0.109929984715154   0.0278617056595405   0.067725246764083   0
0.0818976153332023   0.218748385619529   0.00376015818190178   0.108818400904374   0
0.0704681074757282   0.209174392495006   -0.0114295078574741   -0.00957399312452298   0
0.111764445996981   0.299332620358748   0.0412963385212525   0.0901582278637424   0
0.137785145881283   0.168581628960171   0.0260206998843022   -0.130750991398577   0
0.141740158185575   0.178217926608661   0.00395501230429249   0.00963629764849014   0
0.0961294048821989   0.147752705557303   -0.0456107533033765   -0.0304652210513578   0
0.0935683625694803   0.124437941620608   -0.00256104231271866   -0.0233147639366956   0
0.0941534978458523   0.113166074583591   0.000585135276371981   -0.0112718670370162   0
0.292198184978117   0.67348929774441   0.198044687132264   0.560323223160818   0
0.214530547527867   0.561308183855396   -0.0776676374502493   -0.112181113889014   0
0.1803430351089   0.610224942030706   -0.0341875124189668   0.0489167581753107   0
0.213306568953924   0.534216154121921   0.0329635338450238   -0.076008787908785   0
0.152653645743203   0.503487466851466   -0.0606529232107214   -0.0307286872704556   0
0.126280059150321   0.424381702727347   -0.0263735865928815   -0.0791057641241182   0
0.0941811958793252   0.440078015545378   -0.0320988632709963   0.0156963128180309   0
1.54303985264336   4.04132408994826   1.44885865676404   3.60124607440288   1
0.609941219997057   2.26912364298196   -0.933098632646305   -1.7722004469663   1
0.378869427318915   1.86683968683445   -0.231071792678142   -0.402283956147508   0
0.302245872034245   1.79596604452375   -0.0766235552846708   -0.0708736423106995   0
0.263217328033878   1.73804387354788   -0.0390285440003666   -0.0579221709758715   0
0.197014297257417   1.65991317300822   -0.0662030307764607   -0.078130700539665   0
0.181637999065667   1.65126932632003   -0.0153762981917503   -0.00864384668818974   0
0.221584369031492   1.67678630544837   0.0399463699658246   0.0255169791283427   0
0.326863449855784   1.55831470660284   0.105279080824293   -0.118471598845532   0
0.25080259060798   1.53279194380989   -0.0760608592478046   -0.02552276279295   0
0.218203870136159   1.5400360783693   -0.0325987204718206   0.00724413455941653   0
0.193334482084313   1.54090086755488   -0.0248693880518462   0.000864789185579085   0
0.213743554047863   1.55517351519785   0.0204090719635498   0.0142726476429631   0
0.204171036209786   1.46442086433106   -0.00957251783807664   -0.090752650866786   0
0.174454044714188   1.42735005404709   -0.0297169914955983   -0.0370708102839696   0
0.172685093107487   1.4174221791689   -0.00176895160670068   -0.00992787487819013   0
0.176443744589777   1.44095778788113   0.0037586514822901   0.0235356087122318   0
0.200822708732371   1.40352085929261   0.0243789641425942   -0.0374369285885214   0
0.19902822409418   1.3808993108745   -0.0017944846381914   -0.0226215484181076   0
0.218298818806875   1.3546131025153   0.0192705947126953   -0.0262862083591997   0
0.180178818415758   1.38805614657746   -0.0381200003911177   0.0334430440621554   0
0.17701792554313   1.39594776222774   -0.0031608928726278   0.00789161565028018   0
0.138664028057655   1.36450687217472   -0.0383538974854751   -0.0314408900530134   0
0.152808755088762   1.35582229348724   0.0141447270311074   -0.00868457868748052   0
0.176757619009662   1.40533335487691   0.0239488639208996   0.0495110613896645   0
0.163822306126565   1.38040776043616   -0.0129353128830964   -0.0249255944407489   0
0.158660795536578   1.36578962941917   -0.00516151058998723   -0.0146181310169859   0
0.180258038282047   1.35718667822793   0.0215972427454695   -0.00860295119124066   0
0.15546116560403   1.35799543768376   -0.024796872678017   0.000808759455827479   0
0.1672535032043   1.3364517431118   0.0117923376002694   -0.0215436945719589   0
0.149244722873276   1.24559310161817   -0.0180087803310239   -0.090858641493635   0
0.162593212708615   1.25973639369156   0.0133484898353392   0.0141432920733884   0
0.166089874251425   1.26704563531932   0.0034966615428102   0.00730924162776292   0
0.118345152103041   1.09359222768997   -0.0477447221483844   -0.173453407629352   0
0.167571097763347   1.25569115624149   0.0492259456603064   0.162098928551529   0
0.156985656013809   1.24424494192611   -0.0105854417495384   -0.0114462143153828   0
0.152733679065345   1.2973427509825   -0.00425197694846388   0.0530978090563852   0
0.163858136726576   1.34297546585326   0.0111244576612305   0.0456327148707616   0
0.138371070532719   1.4323568689681   -0.0254870661938562   0.0893814031148399   0
0.16205183669684   1.28518694688105   0.0236807661641203   -0.147169922087046   0
0.149209825163521   1.27767779836858   -0.0128420115333191   -0.00750914851246809   0
0.16847319703996   1.29308050086211   0.019263371876439   0.0154027024935233   0
0.170983662400191   1.28520236869794   0.00251046536023142   -0.007878132164165   0
0.158002715745942   1.29682628312838   -0.0129809466542491   0.0116239144304331   0
0.17598921419007   1.30772583727897   0.0179864984441278   0.010899554150595   0
0.199489683917174   1.27224410427206   0.023500469727104   -0.0354817330069082   0
0.168879402600737   1.28225884847948   -0.0306102813164368   0.0100147442074143   0
0.151026275304453   1.25409344567874   -0.0178531272962836   -0.0281654028007394   0
0.237411501020135   1.30932308101776   0.0863852257156811   0.0552296353390178   0
0.264545394663764   1.35177201936083   0.0271338936436293   0.0424489383430713   0
0.217862481178977   1.35278443482038   -0.0466829134847869   0.00101241545955522   0
0.173754479576493   1.33807221136927   -0.0441080016024843   -0.0147122234511168   0
0.120957142165789   1.22569147324603   -0.0527973374107036   -0.112380738123238   0
0.147245369327099   1.23505450813335   0.0262882271613099   0.00936303488731949   0
0.167109055891685   1.23675147365807   0.0198636865645858   0.00169696552472542   0
0.275308025883152   1.20273051649988   0.108198969991468   -0.0340209571581886   0
