1.1493516e-14   1.60378465e-50   0   0   0
0.0510072019588669   0.0150934305504714   0.0510072019588554   0.0150934305504714   0
0.0332482758799398   0.0150070855332982   -0.0177589260789271   -8.63450171731412e-05   0
0.067974374884462   0.0233678598779848   0.0347260990045222   0.00836077434468656   0
0.14262679995909   0.0231325363175387   0.0746524250746277   -0.000235323560446123   0
0.165813343864501   0.0483139727779317   0.0231865439054116   0.0251814364603931   0
0.134359075793074   0.0310880887615117   -0.0314542680714271   -0.01722588401642   0
0.20580912310249   0.0672123207558335   0.0714500473094159   0.0361242319943218   0
0.146765693266249   0.0568223341445448   -0.0590434298362413   -0.0103899866112886   0
0.115731035530559   0.057955950371763   -0.0310346577356894   0.00113361622721814   0
0.0860700812086866   0.0645789356214799   -0.0296609543218728   0.00662298524971698   0
0.287232949843071   0.114417823350901   0.201162868634384   0.0498388877294212   0
0.349037424159345   0.239077283130516   0.0618044743162745   0.124659459779614   0
0.259109657552483   0.186665296591063   -0.0899277666068624   -0.0524119865394523   0
0.239348638935565   0.145967041313163   -0.0197610186169173   -0.0406982552779007   0
0.168666569664122   0.131174228709008   -0.0706820692714435   -0.014792812604155   0
0.175640794772746   0.117730301146849   0.006974225108624   -0.0134439275621582   0
0.187453386476389   0.113933395969289   0.0118125917036433   -0.00379690517756046   0
0.0919698180024686   0.155496495412599   -0.0954835684739206   0.0415630994433105   0
0.300084170284554   0.0695601672244482   0.208114352282086   -0.0859363281881513   0
0.183985784891591   0.123382484545134   -0.116098385392963   0.0538223173206855   0
0.233572442089181   0.122351658193293   0.0495866571975902   -0.00103082635184093   0
0.11449251267802   0.153440097243578   -0.119079929411162   0.0310884390502853   0
0.0769358014441044   0.141340786895907   -0.0375567112339151   -0.0120993103476711   0
0.0689564870685289   0.129340034372215   -0.00797931437557557   -0.0120007525236923   0
0.0756494460952228   0.143114149870248   0.00669295902669392   0.0137741154980333   0
0.293139087357079   0.234539168944441   0.217489641261856   0.091425019074193   0
0.26526034237589   0.162659284567606   -0.0278787449811885   -0.0718798843768353   0
0.191670416667579   0.181769464783019   -0.0735899257083117   0.0191101802154136   0
0.161766092263328   0.205528160395349   -0.0299043244042505   0.0237586956123297   0
0.152010853849744   0.202624945056109   -0.00975523841358478   -0.00290321533923946   0
0.112159171434177   0.248014439660033   -0.0398516824155668   0.0453894946039237   0
0.111386927579756   0.264328005355694   -0.000772243854420832   0.0163135656956609   0
0.163471112232982   0.258294842133474   0.052084184653226   -0.00603316322222003   0
0.374694567775042   0.168602463687587   0.21122345554206   -0.0896923784458865   0
0.303016293635842   0.202854163438028   -0.0716782741391997   0.0342516997504407   0
0.232402271373247   0.217087117031248   -0.0706140222625949   0.0142329535932202   0
0.178088510912446   0.239724865210117   -0.0543137604608008   0.0226377481788691   0
0.1915312976004   0.242232863150978   0.0134427866879533   0.0025079979408609   0
0.148416245599116   0.264423782196547   -0.0431150520012834   0.0221909190455692   0
0.162516301141861   0.248792640754284   0.0141000555427445   -0.0156311414422639   0
0.1428340229709   0.310521202833986   -0.0196822781709612   0.0617285620797025   0
0.146641868277825   0.315250952173606   0.00380784530692571   0.00472974933961956   0
0.135775616059228   0.313743559154469   -0.0108662522185975   -0.00150739301913622   0
0.159516073215147   0.305205113015275   0.0237404571559193   -0.00853844613919447   0
0.142414215242641   0.322460472775968   -0.0171018579725067   0.017255359760693   0
0.0879389319821114   0.352754827447855   -0.0544752832605291   0.0302943546718874   0
0.101272682678698   0.361543726888911   0.0133337506965862   0.00878889944105604   0
0.0983715881156875   0.362761653808992   -0.0029010945630101   0.00121792692008077   0
0.120447765484669   0.334731208541322   0.0220761773689812   -0.0280304452676698   0
0.112191809522645   0.378862661755394   -0.00825595596202319   0.044131453214072   0
0.113405127260927   0.351983100060429   0.00121331773828136   -0.0268795616949649   0
0.114175185762937   0.373815854376475   0.000770058502010035   0.0218327543160451   0
0.172325823609476   0.335327309101874   0.0581506378465391   -0.0384885452746005   0
0.131265514725636   0.394745399540967   -0.0410603088838395   0.0594180904390931   0
0.121404533015856   0.436980376755403   -0.0098609817097801   0.0422349772144354   0
0.11969335070074   0.4308608289938   -0.00171118231511617   -0.00611954776160262   0
0.137515517584414   0.462550572492195   0.0178221668836735   0.0316897434983948   0
0.126100880831526   0.411928817130512   -0.0114146367528876   -0.0506217553616831   0
0.126273360808919   0.431056628745521   0.000172479977392587   0.0191278116150094   0
0.133684042288843   0.421803169198096   0.00741068147992405   -0.00925345954742507   0
0.148126406611255   0.444599901551855   0.0144423643224126   0.0227967323537594   0
0.126494097545242   0.392122141192337   -0.0216323090660131   -0.0524777603595179   0
0.12557891815756   0.415208138590076   -0.000915179387682319   0.0230859973977382   0
0.115992378870989   0.443857246895181   -0.00958653928657111   0.0286491083051051   0
0.114188134902706   0.428603363594237   -0.0018042439682829   -0.0152538833009437   0
0.105774196682923   0.426816425603297   -0.00841393821978252   -0.00178693799093976   0
0.106450927000247   0.429630679167506   0.000676730317323349   0.00281425356420917   0
0.123774818310908   0.418272302543949   0.017323891310661   -0.011358376623557   0
0.129473129143375   0.420683915358751   0.00569831083246704   0.00241161281480112   0
0.127332837767056   0.437417840158603   -0.00214029137631844   0.0167339247998521   0
0.122766319715236   0.440946396435496   -0.00456651805182051   0.00352855627689336   0
0.115218319055224   0.431814578500114   -0.0075480006600117   -0.00913181793538187   0
0.117589144919095   0.463531388916324   0.00237082586387101   0.0317168104162099   0
0.11580041485953   0.409656806966354   -0.00178873005956502   -0.0538745819499699   0
0.167711439447309   0.48630287675007   0.0519110245877785   0.0766460697837156   0
0.1652126872641   0.39769422370256   -0.002498752183209   -0.0886086530475099   0
0.127766009310384   0.394914854005235   -0.0374466779537152   -0.00277936969732528   0
