7.1054274e-15   0   0   0   0
0.0771939763267807   0.0370496421556993   0.0771939763267736   0.0370496421556993   0
0.0334783286712536   0.0641543353785454   -0.0437156476555271   0.027104693222846   0
0.0791502578639285   0.0862918270121301   0.0456719291926749   0.0221374916335847   0
0.0767315759977666   0.0900575873547695   -0.00241868186616186   0.00376576034263945   0
0.0571590117626868   0.0770079317746633   -0.0195725642350799   -0.0130496555801062   0
0.0922835156273442   0.107328231503902   0.0351245038646575   0.0303202997292389   0
0.127156855391387   0.127378418160073   0.0348733397640425   0.0200501866561704   0
0.131909688125549   0.126135997577367   0.00475283273416233   -0.00124242058270596   0
0.135872822486414   0.142888226432614   0.00396313436086543   0.016752228855247   0
0.182983323318422   0.175387561504583   0.0471105008320073   0.0324993350719696   0
0.195813945908563   0.209188092817242   0.012830622590141   0.0338005313126584   0
0.192485164815561   0.176592559899034   -0.0033287810930018   -0.032595532918208   0
0.208812380129034   0.179804206386488   0.0163272153134735   0.00321164648745417   0
0.181992179980315   0.187087872293655   -0.0268202001487192   0.007283665907167   0
0.249466072057679   0.189179185623304   0.0674738920773632   0.00209131332964935   0
0.252329660009685   0.190323437045303   0.00286358795200686   0.00114425142199942   0
0.211681961412208   0.200314029687713   -0.0406476985974775   0.00999059264240906   0
0.285059977521086   0.22804094782119   0.0733780161088782   0.0277269181334773   0
0.231757393478184   0.211640097897552   -0.0533025840429024   -0.0164008499236378   0
0.209899502210861   0.192918735166893   -0.0218578912673223   -0.0187213627306593   0
0.264420366817346   0.232014898909633   0.0545208646064844   0.0390961637427402   0
0.265313385393557   0.236669754165154   0.000893018576211435   0.0046548552555212   0
0.237685469605885   0.225878908520765   -0.027627915787672   -0.0107908456443894   0
0.24523012868844   0.234440185936399   0.00754465908255492   0.00856127741563414   0
0.259839870523787   0.219123048115002   0.0146097418353464   -0.0153171378213968   0
0.258310557757472   0.216069080447523   -0.00152931276631502   -0.00305396766747873   0
0.249350822670871   0.238827417690508   -0.00895973508660047   0.0227583372429851   0
0.302267978614553   0.223603728285671   0.0529171559436823   -0.0152236894048369   0
0.277407722937121   0.198651847521477   -0.0248602556774326   -0.0249518807641941   0
0.26455740461743   0.221458699929353   -0.0128503183196912   0.022806852407876   0
0.25310224438367   0.210040409791107   -0.0114551602337593   -0.011418290138246   0
0.203626508616208   0.189317140540748   -0.049475735767462   -0.0207232692503593   0
0.324169573632829   0.186459700692006   0.12054306501662   -0.00285743984874215   0
0.357912248436572   0.249904962405941   0.033742674803743   0.0634452617139354   0
0.380855428388622   0.25446655706517   0.0229431799520505   0.00456159465922881   0
0.360354532692652   0.256856943601297   -0.02050089569597   0.00239038653612716   0
0.329774284914135   0.229689144958383   -0.0305802477785169   -0.0271677986429144   0
0.338455462192503   0.218168641444878   0.00868117727836742   -0.0115205035135053   0
0.311215754056088   0.245630717204639   -0.0272397081364145   0.027462075759761   0
0.288815573610231   0.203769273176475   -0.0224001804458572   -0.0418614440281637   0
0.293403705479041   0.17838728738305   0.00458813186881013   -0.0253819857934248   0
0.274028428918925   0.178278650957895   -0.0193752765601156   -0.000108636425154712   0
0.357607934271692   0.221404412433207   0.0835795053527661   0.0431257614753115   0
0.271574897885535   0.15681440149257   -0.0860330363861566   -0.0645900109406369   0
0.226047128083821   0.148116338984308   -0.0455277698017139   -0.00869806250826149   0
0.256126442457461   0.144173333488702   0.0300793143736402   -0.00394300549560594   0
0.29977187512492   0.167640298162959   0.0436454326674586   0.0234669646742568   0
0.278728387673995   0.166317560804386   -0.021043487450925   -0.00132273735857291   0
0.321013137878652   0.200958577049275   0.0422847502046577   0.0346410162448882   0
0.29837032177877   0.185196261799527   -0.0226428160998827   -0.0157623152497479   0
0.330951348795864   0.189463258544921   0.0325810270170946   0.00426699674539391   0
0.354108975968945   0.235706302264668   0.0231576271730807   0.0462430437197477   0
0.367643582511999   0.225043407823218   0.0135346065430537   -0.0106628944414505   0
0.410154612681417   0.278391604067572   0.0425110301694179   0.0533481962443547   0
0.384991205669984   0.272837407407151   -0.0251634070114328   -0.0055541966604214   0
0.429524630161847   0.278506686677011   0.0445334244918634   0.00566927926985944   0
0.432428299665298   0.254649461390833   0.00290366950345061   -0.0238572252861775   0
0.434491582979251   0.285279809884771   0.00206328331395361   0.030630348493938   0
0.425833624058376   0.294273576465269   -0.00865795892087495   0.00899376658049772   0
0.390532393100149   0.260167024825503   -0.0353012309582279   -0.0341065516397652   0
0.41139392549867   0.27589803398676   0.0208615323985219   0.015731009161257   0
0.447203276976995   0.301966146758788   0.0358093514783244   0.0260681127720277   0
0.407878748079893   0.247564977978129   -0.0393245288971023   -0.0544011687806595   0
0.394970512045871   0.24694625399674   -0.0129082360340219   -0.000618723981388569   0
0.413174108049467   0.228900451621679   0.0182035960035959   -0.0180458023750615   0
0.412144158815891   0.219143232627449   -0.00102994923357591   -0.00975721899422941   0
0.384633578928277   0.222231825827277   -0.0275105798876137   0.00308859319982774   0
0.43251374231927   0.253542318757618   0.0478801633909934   0.0313104929303406   0
0.401196684446795   0.227874061783174   -0.0313170578724759   -0.0256682569744438   0
0.406184873415932   0.185223346684753   0.0049881889691375   -0.0426507150984209   0
0.417738090370684   0.210346405120519   0.0115532169547515   0.0251230584357662   0
0.401842195673537   0.205237420957477   -0.0158958946971464   -0.00510898416304226   0
0.404917422094009   0.195102414184554   0.00307522642047203   -0.0101350067729228   0
0.355706113461088   0.185539499308088   -0.049211308632921   -0.0095629148764656   0
0.34113906722127   0.176305439473825   -0.0145670462398184   -0.00923405983426345   0
0.301872519610932   0.144715810604281   -0.0392665476103375   -0.0315896288695444   0
0.336492111236892   0.187199434940233   0.0346195916259599   0.0424836243359527   0
0.25724157053136   0.123018847147985   -0.0792505407055323   -0.0641805877922483   0
