0   0   0   0   0
0.0600672732237083   0.0329533920281907   0.0600672732237083   0.0329533920281907   0
0.0597072356610029   0.05010250361552   -0.000360037562705466   0.0171491115873293   0
0.0548590333001336   0.0319246259282478   -0.00484820236086925   -0.0181778776872721   0
0.0489167738043521   0.0620363624940803   -0.00594225949578148   0.0301117365658325   0
0.0394926349849344   0.0462554682190949   -0.00942413881941771   -0.0157808942749854   0
0.076806023030662   0.069403457026739   0.0373133880457276   0.0231479888076441   0
0.0518230062776606   0.0805631883251866   -0.0249830167530015   0.0111597312984476   0
0.105641135794275   0.331420267104477   0.0538181295166146   0.250857078779291   0
0.235323120666763   0.601620179019984   0.129681984872488   0.270199911915507   0
0.235697636231479   0.664112434333188   0.000374515564715794   0.0624922553132039   0
0.226793299428407   0.57003503407213   -0.00890433680307193   -0.0940774002610586   0
0.248306864426733   0.502784517767066   0.0215135649983263   -0.0672505163050635   0
0.222344764238054   0.483245493915848   -0.0259621001886796   -0.0195390238512176   0
0.258969918701933   0.49898119244543   0.0366251544638793   0.015735698529582   0
0.320023460902685   0.466964236147731   0.0610535422007513   -0.0320169562976997   0
0.254034837854647   0.43862291422635   -0.0659886230480373   -0.0283413219213808   0
0.285211819187756   0.42032207742659   0.0311769813331084   -0.0183008367997602   0
0.35853870739059   0.352986146708305   0.0733268882028347   -0.0673359307182845   0
0.247948486931837   0.321386872198927   -0.110590220458754   -0.031599274509378   0
0.327547367692027   0.327571353874957   0.0795988807601905   0.00618448167603025   0
0.333577440415578   0.353313432230172   0.00603007272355144   0.0257420783552147   0
0.322689891293183   0.364943503261325   -0.0108875491223954   0.0116300710311529   0
0.378326456769688   0.353221988991668   0.0556365654765048   -0.0117215142696566   0
0.352419912375987   0.377193698679034   -0.0259065443937011   0.0239717096873659   0
0.294049400324871   0.374158393908944   -0.0583705120511161   -0.00303530477009067   0
0.315317412777813   0.413453277605243   0.0212680124529427   0.0392948836962997   0
0.264907961747987   0.359583508415104   -0.0504094510298262   -0.0538697691901395   0
0.356622977498543   0.334763639057964   0.0917150157505562   -0.0248198693571397   0
0.260576685515575   0.378640386236798   -0.0960462919829688   0.0438767471788335   0
0.229573885234011   0.376682999125034   -0.0310028002815637   -0.00195738711176374   0
0.352987916357161   0.335018114039184   0.12341403112315   -0.0416648850858499   0
0.218036025280871   0.338413762259756   -0.13495189107629   0.00339564822057237   0
0.288065604164129   0.331810561659158   0.0700295788832581   -0.00660320060059866   0
0.239119800192   0.319259667517465   -0.0489458039721286   -0.0125508941416928   0
0.239914256442559   0.335285757173736   0.000794456250558989   0.0160260896562713   0
0.364362605077401   0.333678080853899   0.124448348634842   -0.00160767631983727   0
0.301129067960012   0.338093551940198   -0.0632335371173889   0.00441547108629914   0
0.349524427426656   0.351219681638773   0.0483953594666441   0.0131261296985752   0
0.30520525454024   0.370176345889803   -0.0443191728864163   0.0189566642510302   0
0.319761141100542   0.34495102398126   0.0145558865603026   -0.0252253219085431   0
0.35302019772955   0.335253959726635   0.0332590566290071   -0.00969706425462558   0
0.193426831579423   0.342384883857774   -0.159593366150126   0.00713092413113958   0
0.253564746771891   0.369741555311635   0.0601379151924673   0.0273566714538611   0
0.189958593787369   0.368968751787285   -0.0636061529845213   -0.000772803524350496   0
0.260612589565868   0.377035013518167   0.070653995778499   0.00806626173088254   0
0.225534796039188   0.377159671169626   -0.0350777935266807   0.000124657651458193   0
0.213066791875645   0.401507495887742   -0.0124680041635431   0.0243478247181164   0
0.275854855035978   0.418231193475928   0.0627880631603338   0.0167236975881863   0
0.227922806643214   0.398862347941321   -0.0479320483927648   -0.0193688455346076   0
0.290848892769527   0.375823453665994   0.0629260861263133   -0.023038894275327   0
0.297339030582962   0.381445016748217   0.00649013781343522   0.00562156308222356   0
0.218632666297463   0.408107109280238   -0.0787063642854988   0.0266620925320204   0
0.2863573387467   0.432371390790069   0.0677246724492365   0.0242642815098316   0
0.276039977048851   0.445588000472213   -0.0103173616978491   0.0132166096821442   0
0.262608491976345   0.400414950879441   -0.0134314850725056   -0.0451730495927724   0
0.301393990815616   0.398450494227636   0.0387854988392712   -0.00196445665180545   0
0.223515808160331   0.405221150536802   -0.0778781826552851   0.00677065630916679   0
0.286561580531703   0.432828901380967   0.0630457723713718   0.0276077508441649   0
0.209709983136973   0.476009661612188   -0.0768515973947301   0.0431807602312204   0
0.302755490852199   0.432540672908339   0.0930455077152258   -0.0434689887038487   0
0.26487191530046   0.41115917839568   -0.0378835755517388   -0.0213814945126585   0
0.293885845450867   0.439473684296042   0.0290139301504069   0.0283145059003618   0
0.270966968880865   0.438000227335544   -0.0229188765700013   -0.00147345696049811   0
0.252385162119944   0.40360999198032   -0.018581806760921   -0.0343902353552237   0
0.318693430710878   0.401541916368593   0.0663082685909341   -0.00206807561172717   0
0.22490195714833   0.391152904481134   -0.0937914735625486   -0.0103890118874594   0
0.278916379270869   0.381749836961645   0.0540144221225393   -0.00940306751948905   0
