9.3236949e-15   8.336524e-17   0   0   0
0.0613409257286079   0.0397221576960052   0.0613409257285986   0.0397221576960052   0
0.0446780489813176   0.0421211748819503   -0.0166628767472903   0.00239901718594505   0
0.0127040618738317   0.063692619001426   -0.0319739871074859   0.0215714441194757   0
0.0283306245765929   0.0531205405427389   0.0156265627027611   -0.0105720784586872   0
0.087224533150442   0.0590007456876287   0.0588939085738491   0.00588020514488988   0
0.103094991672335   0.0458070619522019   0.0158704585218929   -0.0131936837354268   0
0.077038500303846   0.0626125595429391   -0.0260564913684889   0.0168054975907371   0
0.036015037084167   0.0624234234489124   -0.0410234632196789   -0.000189136094026661   0
0.0364229939701565   0.0709567775402217   0.000407956885989456   0.00853335409130928   0
0.0625071610912444   0.0861588648752024   0.0260841671210879   0.0152020873349807   0
0.0675138924990881   0.098379982839028   0.00500673140784373   0.0122211179638256   0
0.0855721945335903   0.118385910024327   0.0180583020345022   0.0200059271852988   0
0.0856726532049077   0.116946807454364   0.000100458671317388   -0.00143910256996263   0
0.108824556649431   0.123500341471426   0.0231519034445236   0.00655353401706145   0
0.0903492797553493   0.113206711061489   -0.018475276894082   -0.0102936304099368   0
0.0975306868400317   0.119579473856854   0.00718140708468237   0.00637276279536519   0
0.0897634069102691   0.11856365994924   -0.00776727992976263   -0.00101581390761357   0
0.139013781388812   0.149183845719247   0.0492503744785431   0.0306201857700065   0
0.209461591782184   0.0660176501160692   0.0704478103933718   -0.0831661956031777   0
0.165530948859191   0.0876591333014497   -0.0439306429229932   0.0216414831853805   0
0.133246149052437   0.0360329100539718   -0.032284799806754   -0.0516262232474779   0
0.144169389279174   0.0847526403607156   0.0109232402267371   0.0487197303067438   0
0.120130020197752   0.0894659167114605   -0.0240393690814215   0.00471327635074487   0
0.139133186587784   0.0697818147536216   0.0190031663900315   -0.0196841019578389   0
0.128002259989208   0.0873130080447924   -0.0111309265985759   0.0175311932911709   0
0.194460452637419   0.0872879688696427   0.0664581926482115   -2.50391751497464e-05   0
0.188093782598858   0.0695492382775716   -0.00636667003856176   -0.0177387305920711   0
0.217166413073401   0.076438897512436   0.0290726304745429   0.00688965923486447   0
0.222005963110469   0.067606609806419   0.00483955003706829   -0.00883228770601704   0
0.227209539406102   0.057952381157794   0.00520357629563345   -0.00965422864862497   0
0.21691107817227   0.0521048489213661   -0.0102984612338319   -0.00584753223642794   0
0.212523626641357   0.0721674631260233   -0.00438745153091338   0.0200626142046572   0
0.203316393605805   0.0602683119759465   -0.00920723303555226   -0.0118991511500768   0
0.220975228969059   0.0693280311818034   0.0176588353632546   0.00905971920585692   0
0.225846658486259   0.0575676615817276   0.00487142951719979   -0.0117603696000758   0
0.206018561060352   0.0691989833072576   -0.0198280974259075   0.01163132172553   0
0.198150919650062   0.110960471623313   -0.00786764141029009   0.0417614883160556   0
0.221844311064976   0.126347749307628   0.0236933914149146   0.0153872776843146   0
0.22341396750849   0.136840868896439   0.00156965644351334   0.0104931195888109   0
0.215302599109759   0.132192562580571   -0.00811136839873103   -0.00464830631586727   0
0.203785362168721   0.137761265767379   -0.0115172369410377   0.00556870318680774   0
0.193884283032196   0.146374692372432   -0.00990107913652516   0.00861342660505285   0
0.209837544919355   0.152692471934635   0.0159532618871598   0.00631777956220328   0
0.185498212388136   0.182380455054761   -0.0243393325312194   0.0296879831201255   0
0.18224087493285   0.214380416832937   -0.00325733745528634   0.0319999617781759   0
0.171921435607787   0.208310692489954   -0.0103194393250629   -0.00606972434298314   0
0.18439942171349   0.21323050928657   0.0124779861057034   0.00491981679661668   0
0.222589190582418   0.226940145333043   0.0381897688689282   0.0137096360464724   0
0.220672404638437   0.244505787636467   -0.00191678594398151   0.0175656423034248   0
0.196444049165375   0.211653046658581   -0.0242283554730624   -0.0328527409778868   0
0.200609858709813   0.230873029771055   0.00416580954443865   0.0192199831124739   0
0.205804310384973   0.224380393155685   0.00519445167515928   -0.00649263661537   0
0.221368211014168   0.226650115270296   0.0155639006291959   0.00226972211461104   0
0.202926719595879   0.223172935344523   -0.0184414914182894   -0.00347717992577262   0
0.218166176563313   0.212569199756055   0.0152394569674338   -0.0106037355884682   0
0.247062279825848   0.179070599280258   0.0288961032625353   -0.0334986004757971   0
0.260344789507652   0.166501450699684   0.0132825096818038   -0.0125691485805739   0
0.281714037089311   0.160059315941974   0.0213692475816587   -0.00644213475770944   0
0.272725284436247   0.157035055480631   -0.0089887526530637   -0.00302426046134338   0
0.27840169285956   0.174990835728931   0.00567640842331313   0.0179557802483003   0
0.294179807215421   0.159365908709721   0.0157781143558608   -0.0156249270192108   0
0.282643915275654   0.175038822245185   -0.0115358919397666   0.0156729135354646   0
0.281182387465601   0.189907337444681   -0.00146152781005338   0.0148685151994961   0
0.260394995583444   0.1926714056953   -0.0207873918821569   0.00276406825061884   0
0.271978257934245   0.228307187628604   0.0115832623508014   0.0356357819333038   0
0.269686414959055   0.199294339985579   -0.00229184297519019   -0.0290128476430247   0
0.273778916413651   0.207057870991266   0.00409250145459583   0.00776353100568733   0
0.282113096318926   0.178621795269477   0.00833417990527469   -0.0284360757217893   0
0.269754522474377   0.185412869809922   -0.012358573844549   0.00679107454044525   0
0.293563089519768   0.214020006573194   0.0238085670453911   0.0286071367632712   0
0.291085422711564   0.217543810415701   -0.00247766680820377   0.00352380384250744   0
0.286073574420707   0.203015416328043   -0.00501184829085716   -0.0145283940876579   0
0.266371407754976   0.206840115427737   -0.0197021666657306   0.00382469909969407   0
0.26918494111974   0.233789817247798   0.00281353336476375   0.0269497018200609   0
0.265293179484027   0.253350995009933   -0.00389176163571336   0.0195611777621348   0
0.2466977564209   0.266727643619809   -0.0185954230631265   0.0133766486098758   0
0.239569967159305   0.256182298058187   -0.00712778926159491   -0.0105453455616214   0
0.201788258553842   0.258973320992969   -0.0377817086054636   0.00279102293478145   0
