1.0714586e-14   8.61302075509098e-32   0   0   0
0.0716607372485603   0.0434190915209228   0.0716607372485496   0.0434190915209228   0
0.114315604313289   0.0926252190355812   0.0426548670647292   0.0492061275146584   0
0.102724997447868   0.0409212812901112   -0.0115906068654219   -0.0517039377454701   0
0.145128021214969   0.108242765189063   0.0424030237671018   0.0673214838989519   0
0.168914542769928   0.160318797626986   0.0237865215549586   0.0520760324379228   0
0.159308639049229   0.142112309596385   -0.00960590372069883   -0.0182064880306007   0
0.188241513807375   0.131636600943796   0.0289328747581458   -0.0104757086525894   0
0.187531777130945   0.0990851277771128   -0.000709736676430178   -0.0325514731666831   0
0.178488599556025   0.124019300134399   -0.00904317757491982   0.0249341723572866   0
0.169231244821052   0.107611775737647   -0.00925735473497333   -0.0164075243967522   0
0.152182902603373   0.117282213330884   -0.0170483422176785   0.00967043759323678   0
0.172453468327962   0.142513092103319   0.0202705657245892   0.0252308787724355   0
0.237884024919925   0.177599133847427   0.0654305565919626   0.0350860417441072   0
0.204320155388027   0.197275434512714   -0.0335638695318978   0.0196763006652876   0
0.20135867925763   0.139074392347058   -0.0029614761303976   -0.0582010421656565   0
0.188417683284413   0.165251215539679   -0.0129409959732167   0.0261768231926215   0
0.150763661560522   0.203549058170076   -0.037654021723891   0.0382978426303963   0
0.191033247034297   0.213676400750133   0.0402695854737747   0.010127342580058   0
0.170898843443851   0.171830837345945   -0.0201344035904452   -0.0418455634041888   0
0.179080571416316   0.173897924012519   0.00818172797246425   0.00206708666657415   0
0.209422226437497   0.188432294493529   0.0303416550211811   0.0145343704810104   0
0.171945466132774   0.163501777146995   -0.0374767603047231   -0.0249305173465344   0
0.231561934945993   0.136297646520195   0.0596164688132192   -0.0272041306268   0
0.199036027540417   0.139488952655672   -0.0325259074055755   0.00319130613547769   0
0.186720375982404   0.125763263439715   -0.0123156515580137   -0.0137256892159577   0
0.183946475881687   0.121681974341812   -0.0027739001007164   -0.00408128909790233   0
0.160527651951569   0.140034617000631   -0.0234188239301181   0.0183526426588182   0
0.176874006434195   0.123829036296476   0.0163463544826258   -0.0162055807041551   0
0.173886890305556   0.128201449990038   -0.00298711612863917   0.00437241369356296   0
0.180827860101927   0.131231655823565   0.00694096979637165   0.00303020583352684   0
0.214567399682493   0.115486631314385   0.0337395395805661   -0.0157450245091806   0
0.233992435953492   0.140491846048617   0.019425036270999   0.0250052147342319   0
0.273392640350905   0.147830912187162   0.0394002043974126   0.00733906613854554   0
0.287323135225157   0.153294777141882   0.013930494874252   0.00546386495471982   0
0.288811863501768   0.155395520974769   0.00148872827661095   0.00210074383288694   0
0.30320743441938   0.153666838362538   0.014395570917612   -0.00172868261223094   0
0.31569990671139   0.142216880969472   0.0124924722920098   -0.0114499573930663   0
0.335052315241578   0.141429546576473   0.0193524085301886   -0.000787334392998773   0
0.363891766800294   0.158643666254172   0.0288394515587159   0.0172141196776994   0
0.326092017713478   0.183929390517139   -0.037799749086816   0.025285724262967   0
0.304143646635375   0.150339885833845   -0.0219483710781034   -0.033589504683294   0
0.363797679608254   0.159601493185054   0.0596540329728797   0.00926160735120876   0
0.348473742720803   0.16908902317999   -0.0153239368874518   0.00948752999493577   0
0.414021903130883   0.200093322296794   0.0655481604100803   0.0310042991168039   0
0.395896599789535   0.182372686168611   -0.0181253033413477   -0.0177206361281826   0
0.413671851041873   0.173367311632757   0.0177752512523373   -0.00900537453585468   0
0.384136206198859   0.16856124302759   -0.0295356448430138   -0.00480606860516641   0
0.341099448482821   0.169685249875862   -0.0430367577160378   0.00112400684827185   0
0.399636246292009   0.182121029169829   0.0585367978091882   0.0124357792939671   0
0.368425383956083   0.184834257573272   -0.0312108623359257   0.00271322840344287   0
0.419274238726529   0.19441159303109   0.0508488547704452   0.00957733545781786   0
0.519955410048976   0.182370785164532   0.100681171322448   -0.0120408078665576   0
0.419798039094227   0.175304963609909   -0.100157370954749   -0.00706582155462296   0
0.400390049811968   0.152996683957545   -0.0194079892822592   -0.0223082796523642   0
0.449490499824647   0.189463600815489   0.0491004500126788   0.0364669168579436   0
0.43733986983926   0.191535350997421   -0.0121506299853872   0.00207175018193209   0
0.484402037652454   0.20023359937452   0.0470621678131944   0.00869824837709901   0
0.49673738924428   0.168382919474368   0.0123353515918257   -0.0318506799001521   0
0.453666481634898   0.145955260860625   -0.0430709076093817   -0.0224276586137428   0
0.514987984298399   0.166944831649062   0.0613215026635011   0.020989570788437   0
0.515277067386645   0.194333986663445   0.000289083088245712   0.0273891550143832   0
0.496508091046626   0.19206098313555   -0.0187689763400189   -0.0022730035278947   0
0.510002027538599   0.188492436826655   0.013493936491973   -0.00356854630889525   0
0.526093937220046   0.197121810446107   0.0160919096814475   0.00862937361945168   0
0.457122006669107   0.212055973967485   -0.0689719305509389   0.0149341635213785   0
0.473431451874579   0.184733754885105   0.0163094452054718   -0.0273222190823804   0
0.531254629974961   0.187310560886584   0.0578231781003815   0.00257680600147889   0
0.488033986146364   0.19471180603481   -0.0432206438285968   0.00740124514822615   0
0.541155100263263   0.19140820724392   0.0531211141168993   -0.0033035987908894   0
0.479303683913988   0.189421992682463   -0.0618514163492749   -0.00198621456145764   0
0.508498484828474   0.208336118894783   0.0291948009144858   0.0189141262123199   0
0.529647558404812   0.207687029068915   0.021149073576338   -0.000649089825867255   0
0.502116059263731   0.220209925714038   -0.0275314991410816   0.012522896645123   0
0.36056699303152   0.185690865041099   -0.141549066232211   -0.0345190606729396   0
0.379590441267285   0.14195413480821   0.0190234482357655   -0.043736730232889   0
0.423570423279799   0.124319376838854   0.0439799820125141   -0.0176347579693561   0
0.461399475315321   0.0983420301892569   0.0378290520355213   -0.0259773466495969   0
0.371917470526072   0.161007663252553   -0.0894820047892484   0.0626656330632961   0
