7.1054274e-15   0   0   0   0
0.0146150970186299   0.0158049049414794   0.0146150970186228   0.0158049049414794   0
0.0294695494027435   0.0361771377101973   0.0148544523841135   0.020372232768718   0
0.0340697140508984   0.0268988623181732   0.00460016464815494   -0.00927827539202411   0
0.0287342706748901   0.0486117546076962   -0.00533544337600829   0.021712892289523   0
0.0589070695587118   0.0418144914084437   0.0301727988838217   -0.00679726319925255   0
0.0953091393092159   0.0473809962639154   0.0364020697505041   0.00556650485547171   0
0.1022447152921   0.10994155138688   0.00693557598288361   0.0625605551229646   0
0.130442580024744   0.112112660947489   0.0281978647326445   0.00217110956060916   0
0.127894074514724   0.116576334433127   -0.00254850551002023   0.00446367348563788   0
0.245694465567648   0.286592080012973   0.117800391052924   0.170015745579846   0
0.361046852048685   0.334830459225424   0.115352386481038   0.0482383792124514   0
0.392937094378895   0.338271859866125   0.0318902423302091   0.00344140064070009   0
0.36302491373667   0.374097794930359   -0.0299121806422246   0.0358259350642349   0
0.421750150452143   0.384829712645898   0.0587252367154728   0.0107319177155391   0
0.491104972568324   0.373912709721197   0.0693548221161814   -0.0109170029247015   0
0.472874848100917   0.390238744397955   -0.018230124467407   0.0163260346767581   0
0.56417223061945   0.401301562588921   0.091297382518533   0.0110628181909657   0
0.411522750568381   0.433179571791981   -0.15264948005107   0.0318780092030599   0
0.567361927806465   0.438755190192489   0.155839177238085   0.00557561840050824   0
0.484345652506076   0.430438261357216   -0.0830162753003895   -0.00831692883527241   0
0.594826208418065   0.424129280449852   0.11048055591199   -0.00630898090736437   0
0.487831582716692   0.449275795836174   -0.106994625701374   0.0251465153863218   0
0.531690490045307   0.433051055835664   0.0438589073286149   -0.0162247400005101   0
0.449166217876696   0.435503579283557   -0.0825242721686101   0.00245252344789348   0
0.491294893553557   0.445625270473893   0.0421286756768606   0.0101216911903358   0
0.473572436372177   0.453457687643628   -0.0177224571813799   0.00783241716973526   0
0.506558419287953   0.451474199822267   0.0329859829157759   -0.00198348782136154   0
0.524977737852786   0.446985552398708   0.0184193185648325   -0.00448864742355909   0
0.403084793108277   0.407909179071572   -0.121892944744508   -0.0390763733271355   0
0.506267108638038   0.487962416181473   0.103182315529761   0.0800532371099009   0
0.500572694133389   0.474857638540241   -0.00569441450464825   -0.0131047776412316   0
0.504766634191232   0.456559292903066   0.00419394005784246   -0.0182983456371751   0
0.441716073142232   0.441644155998096   -0.0630505610489998   -0.0149151369049709   0
0.60126997283194   0.444932229615671   0.159553899689708   0.00328807361757566   0
0.476397573696807   0.422445989704602   -0.124872399135133   -0.0224862399110692   0
0.722680638865038   0.544346161796014   0.246283065168231   0.121900172091412   0
0.584839165331422   0.52823065070927   -0.137841473533616   -0.0161155110867442   0
0.579174500088328   0.50091712485239   -0.00566466524309461   -0.0273135258568794   0
0.682986301388965   0.509157954764704   0.103811801300637   0.00824082991231379   0
0.639570584776371   0.509299985318316   -0.043415716612594   0.000142030553611616   0
0.626461117669057   0.497097910520555   -0.0131094671073131   -0.0122020747977609   0
0.722196940262199   0.537693941184846   0.0957358225931417   0.0405960306642908   0
0.643381631311585   0.531996945236957   -0.0788153089506142   -0.00569699594788875   0
0.643826847149154   0.523242750226982   0.000445215837569402   -0.00875419500997499   0
0.661518677530881   0.52738995602832   0.0176918303817267   0.00414720580133765   0
0.652216348602293   0.533281211090673   -0.00930232892858818   0.00589125506235333   0
0.634585925856073   0.521895134763749   -0.0176304227462196   -0.0113860763269241   0
0.409248749978391   0.259395582914212   -0.225337175877682   -0.262499551849537   0
0.305644073368716   0.18831302203101   -0.103604676609675   -0.0710825608832024   0
0.189654333315239   0.213733441310802   -0.115989740053478   0.0254204192797925   0
0.247783646203237   0.227676337372384   0.0581293128879982   0.0139428960615816   0
0.228281347926395   0.221977805658484   -0.0195022982768412   -0.00569853171389989   0
0.169367421946056   0.224549949034074   -0.0589139259803392   0.00257214337558975   0
0.175374671479751   0.260778885362924   0.0060072495336945   0.0362289363288506   0
0.1804477205245   0.253953183056043   0.00507304904474914   -0.00682570230688168   0
0.181689011915206   0.245009934899945   0.00124129139070611   -0.00894324815609784   0
0.254260803532659   0.300474049375179   0.0725717916174527   0.0554641144752346   0
0.225896857404384   0.286719557237208   -0.0283639461282746   -0.0137544921379718   0
0.234480904538095   0.301163326984106   0.0085840471337113   0.0144437697468988   0
0.252364359869038   0.315606211497691   0.0178834553309424   0.0144428845135843   0
0.224554686239977   0.304450350849609   -0.0278096736290606   -0.0111558606480814   0
0.253574809194075   0.329902953490834   0.0290201229540977   0.0254526026412248   0
0.309177520881632   0.356676060890009   0.0556027116875573   0.0267731073991752   0
0.238296561862374   0.323444156894764   -0.0708809590192578   -0.0332319039952456   0
0.252724999658141   0.354885183125545   0.0144284377957665   0.031441026230781   0
0.254748262671426   0.32988560123101   0.00202326301328482   -0.0249995818945351   0
0.291638832321631   0.355402589193254   0.036890569650205   0.0255169879622443   0
0.287025342281059   0.350410484398539   -0.00461349004057132   -0.00499210479471462   0
0.259842678828274   0.355540639247268   -0.0271826634527851   0.00513015484872875   0
0.260186419644999   0.358356410780496   0.000343740816724669   0.0028157715332276   0
0.281083335209654   0.366769205113028   0.0208969155646553   0.00841279433253217   0
0.202595943992256   0.328660992767458   -0.0784873912173979   -0.0381082123455701   0
0.277976062328671   0.365512768718038   0.0753801183364143   0.0368517759505808   0
0.379451709386298   0.379464922661175   0.101475647057627   0.0139521539431366   0
0.324084729583927   0.424285691559542   -0.055366979802371   0.0448207688983668   0
0.331066561075254   0.44455948470943   0.00698183149132725   0.0202737931498878   0
