1.4210855e-14   0   0   0   0
0.0135938931645265   0.0242940593472485   0.0135938931645122   0.0242940593472485   0
0.0503490858231683   0.0521324070118975   0.0367551926586418   0.0278383476646491   0
0.0377681331080834   0.0485600621557877   -0.0125809527150848   -0.00357234485610985   0
0.112379722101498   0.0839871238027498   0.0746115889934143   0.0354270616469621   0
0.141379803085259   0.0868724835552714   0.0290000809837612   0.00288535975252159   0
0.12836148191255   0.102603751063478   -0.0130183211727085   0.015731267508207   0
0.127910823598758   0.133172023516491   -0.000450658313792485   0.0305682724530128   0
0.13608800918053   0.164138494405296   0.00817718558177249   0.0309664708888047   0
0.112376508352364   0.154000076207069   -0.0237115008281662   -0.0101384181982271   0
0.120411170208915   0.202379351129266   0.0080346618565508   0.0483792749221971   0
0.131410513127184   0.240218992697808   0.0109993429182687   0.0378396415685425   0
0.134643711286136   0.249065741364437   0.00323319815895184   0.00884674866662899   0
0.194215557056152   0.279684359988904   0.0595718457700161   0.0306186186244667   0
0.200602778882019   0.282720825947083   0.00638722182586704   0.00303646595817869   0
0.266221328307388   0.300391823118112   0.065618549425369   0.0176709971710292   0
0.293143156306232   0.323629359243499   0.0269218279988446   0.0232375361253871   0
0.311160583227841   0.311551983460161   0.018017426921609   -0.0120773757833384   0
0.284636355994236   0.321078090247851   -0.0265242272336055   0.0095261067876905   0
0.322469963754941   0.369249063903472   0.0378336077607049   0.0481709736556208   0
0.363298366556087   0.386702864827534   0.0408284028011459   0.017453800924062   0
0.398241207199256   0.403846554802138   0.0349428406431695   0.0171436899746037   0
0.339538126897917   0.391670115737354   -0.0587030803013388   -0.0121764390647839   0
0.303086487515256   0.363713868289167   -0.0364516393826614   -0.0279562474481865   0
0.35142980044536   0.395784218838746   0.0483433129301036   0.0320703505495791   0
0.319966489455384   0.370987246884061   -0.0314633109899757   -0.0247969719546848   0
0.3104281293469   0.396263041970268   -0.00953836010848413   0.0252757950862066   0
0.323879268026429   0.407736265245098   0.0134511386795288   0.0114732232748299   0
0.285030133677139   0.383355079280519   -0.0388491343492895   -0.0243811859645793   0
0.329779248848502   0.458302849295963   0.0447491151713626   0.0749477700154443   0
0.360584198858422   0.490919240076608   0.0308049500099206   0.032616390780645   0
0.421086139778909   0.510913270224488   0.0605019409204872   0.01999403014788   0
0.46130358579941   0.536459917761474   0.040217446020501   0.0255466475369855   0
0.538016827603399   0.594755468767971   0.0767132418039886   0.058295551006498   0
0.588572703996652   0.627309857520836   0.050555876393253   0.0325543887528648   0
0.544112290932489   0.605530448987864   -0.0444604130641626   -0.0217794085329722   0
0.566518329504439   0.608072918889653   0.0224060385719492   0.00254246990178897   0
0.598589962584686   0.6124300610662   0.0320716330802477   0.00435714217654726   0
0.611846488901794   0.621206706067119   0.0132565263171076   0.0087766450009189   0
0.529203465833085   0.605457442683291   -0.0826430230687089   -0.0157492633838276   0
0.556544939889396   0.624101918127842   0.0273414740563107   0.0186444754445508   0
0.576813203154564   0.624347525430389   0.0202682632651684   0.000245607302546746   0
0.567983287253738   0.649369632969171   -0.00882991590082649   0.0250221075387818   0
0.572556271998998   0.659495314848186   0.00457298474526024   0.0101256818790156   0
0.576683768831443   0.671566982109469   0.00412749683244529   0.0120716672612824   0
0.676840189058833   0.706962345961093   0.10015642022739   0.0353953638516241   0
0.705721918663258   0.737683994315625   0.0288817296044244   0.0307216483545321   0
0.722678465140359   0.764418099714372   0.0169565464771013   0.0267341053987469   0
0.70343297093115   0.76506889353427   -0.0192454942092094   0.000650793819898188   0
0.706788712600832   0.792230993422393   0.00335574166968222   0.027162099888123   0
0.715084867122923   0.797351472170694   0.00829615452209154   0.00512047874830124   0
0.68560387094835   0.778865505891838   -0.029480996174573   -0.0184859662788568   0
0.675608247679996   0.745402516094286   -0.00999562326835479   -0.0334629897975515   0
0.752833501358431   0.797265216101641   0.0772252536784349   0.0518627000073553   0
0.748399018263746   0.778053295998808   -0.00443448309468453   -0.0192119201028331   0
0.751821362576728   0.779195125684213   0.00342234431298216   0.00114182968540488   0
0.753277050372737   0.781305257318683   0.00145568779600891   0.00211013163446994   0
0.747163647955274   0.804450947635539   -0.00611340241746283   0.0231456903168561   0
0.788889840277761   0.840828565613348   0.0417261923224865   0.0363776179778084   0
0.779008874098054   0.80672478532919   -0.00988096617970691   -0.0341037802841572   0
0.792551493853402   0.810522920358892   0.0135426197553477   0.00379813502970117   0
0.780778031087969   0.829287088519286   -0.011773462765433   0.0187641681603945   0
0.795696116268553   0.811848240625853   0.0149180851805849   -0.0174388478934334   0
0.783581336853775   0.803481527006547   -0.0121147794147785   -0.00836671361930574   0
0.83222303177192   0.842172706719747   0.0486416949181455   0.0386911797131999   0
0.861702298914152   0.872593457769257   0.0294792671422317   0.0304207510495107   0
0.839330324348113   0.87002964430968   -0.0223719745660388   -0.00256381345957746   0
0.801775135263631   0.851992679974653   -0.0375551890844822   -0.0180369643350274   0
0.787076809217814   0.838614616320034   -0.0146983260458168   -0.0133780636546187   0
0.830945630258013   0.854509761335983   0.0438688210401986   0.0158951450159488   0
0.837345128254519   0.852191869046641   0.00639949799650585   -0.00231789228934143   0
0.812636094687012   0.795953101166636   -0.0247090335675072   -0.0562387678800053   0
0.830956013880841   0.808413957024313   0.0183199191938292   0.0124608558576771   0
0.711482747890375   0.833297463498015   -0.119473265990466   0.0248835064737017   0
0.261933777048953   0.848817457322158   -0.449548970841422   0.0155199938241436   0
0.259577256819523   0.871392661340569   -0.00235652022943006   0.0225752040184105   0
0.553059726101909   0.82822625863368   0.293482469282386   -0.0431664027068885   0
