1.52112998359633e-14   6.125159e-17   0   0   0
0.0155355902511083   0.0279787007868417   0.0155355902510931   0.0279787007868416   0
0.0430509783950071   0.024040146652481   0.0275153881438988   -0.00393855413436068   0
0.0356402200575075   0.0355927601630699   -0.00741075833749966   0.0115526135105888   0
0.0181159810431008   0.0773733897691756   -0.0175242390144067   0.0417806296061057   0
0.0143798438250254   0.0718069101314525   -0.00373613721807542   -0.00556647963772311   0
0.0648907376474597   0.0498948408536191   0.0505108938224343   -0.0219120692778334   0
0.0880524345778199   0.0512179678269136   0.0231616969303602   0.00132312697329449   0
0.0859935708399387   0.060107723879111   -0.00205886373788119   0.00888975605219742   0
0.0958465424112081   0.0628135380425535   0.00985297157126942   0.00270581416344254   0
0.116877403251121   0.0576294442214864   0.0210308608399131   -0.00518409382106709   0
0.100255146675656   0.0785255115406612   -0.0166222565754656   0.0208960673191748   0
0.0935208006313431   0.087587628367727   -0.00673434604431246   0.00906211682706574   0
0.093943477492289   0.0616096913047752   0.000422676860945853   -0.0259779370629517   0
0.134304142850263   0.0569742769871969   0.0403606653579741   -0.00463541431757832   0
0.121963050416457   0.0621008218962858   -0.0123410924338059   0.00512654490908891   0
0.118895791538199   0.0644386814527891   -0.00306725887825787   0.00233785955650323   0
0.135530758347242   0.0685766325292581   0.0166349668090425   0.00413795107646908   0
0.16553928200959   0.0586512349701517   0.0300085236623479   -0.00992539755910648   0
0.157631805822304   0.0712658667596729   -0.00790747618728588   0.0126146317895213   0
0.107189923658808   0.106384750397046   -0.0504418821634957   0.035118883637373   0
0.108396838391282   0.102494002427469   0.00120691473247364   -0.0038907479695767   0
0.102612043584697   0.0735424386550914   -0.00578479480658421   -0.0289515637723779   0
0.140376727067096   0.0671785037786343   0.0377646834823988   -0.00636393487645706   0
0.140781366459054   0.108200584666648   0.000404639391957312   0.0410220808880136   0
0.131705718020028   0.101167642583054   -0.00907564843902556   -0.00703294208359379   0
0.161095765404348   0.141503638274789   0.0293900473843197   0.0403359956917349   0
0.144649272501861   0.143653850042144   -0.0164464929024872   0.00215021176735514   0
0.16212039205474   0.172751691030266   0.0174711195528799   0.0290978409881221   0
0.158560462085599   0.182492919661441   -0.0035599299691414   0.00974122863117516   0
0.118033486891784   0.149445684990886   -0.0405269751938149   -0.0330472346705554   0
0.125059233521952   0.145665293291972   0.00702574663016833   -0.00378039169891398   0
0.0972973540239294   0.191092885096534   -0.027761879498023   0.0454275918045619   0
0.0943152642239818   0.183777084272058   -0.00298208979994763   -0.00731580082447592   0
0.109011143710162   0.165600419216691   0.0146958794861806   -0.0181766650553673   0
0.0903413003122   0.17401411968942   -0.0186698433979624   0.00841370047272941   0
0.0772284065397499   0.192448507322678   -0.0131128937724501   0.0184343876332577   0
0.0590355372145996   0.224760616621142   -0.0181928693251503   0.0323121092984645   0
0.0862161156577086   0.223089105517801   0.0271805784431091   -0.00167151110334118   0
0.115596245819467   0.210660127787145   0.0293801301617583   -0.0124289777306567   0
0.0999047601536537   0.22150958079311   -0.0156914856658133   0.0108494530059651   0
0.105589999450496   0.214062851479017   0.00568523929684266   -0.00744672931409301   0
0.120584413445161   0.20573704559095   0.0149944139946652   -0.00832580588806694   0
0.106517789001285   0.21495212336944   -0.0140666244438767   0.00921507777849018   0
0.111832510191782   0.225336613478908   0.00531472119049695   0.0103844901094681   0
0.0971417664320144   0.219312423517489   -0.0146907437597674   -0.00602418996141887   0
0.137676465417803   0.206387329014279   0.0405346989857887   -0.0129250945032101   0
0.134173460542435   0.194853512184317   -0.00350300487536778   -0.0115338168299619   0
0.138431816706235   0.20913708357079   0.00425835616380021   0.0142835713864725   0
0.153296768900631   0.223164192047819   0.0148649521943952   0.0140271084770291   0
0.148255791270062   0.194753551040491   -0.00504097763056918   -0.028410641007328   0
0.165675453798177   0.191715977135355   0.0174196625281152   -0.00303757390513609   0
0.165992928177957   0.196224596443159   0.000317474379780164   0.00450861930780438   0
0.186201044208208   0.218630436611462   0.0202081160302509   0.0224058401683034   0
0.185222611494319   0.215413323207505   -0.000978432713888394   -0.00321711340395789   0
0.179694488241813   0.222056106551464   -0.00552812325250632   0.00664278334395926   0
0.171815078427866   0.202494872368529   -0.007879409813947   -0.0195612341829344   0
0.177108875688608   0.191544524796831   0.00529379726074214   -0.0109503475716987   0
0.176598175154146   0.202663282798766   -0.000510700534462727   0.0111187580019348   0
0.207224287198522   0.283787526279921   0.0306261120443759   0.081124243481155   0
0.190130861987516   0.220732609339547   -0.0170934252110051   -0.0630549169403739   0
0.214342641486348   0.224513022087981   0.0242117794988319   0.0037804127484346   0
0.243405557566662   0.241903194824054   0.0290629160803134   0.0173901727360732   0
0.245219347324104   0.245048671643393   0.0018137897574422   0.00314547681933847   0
0.230590821836522   0.229013709546945   -0.0146285254875823   -0.016034962096448   0
0.24700630485458   0.239530287171825   0.0164154830180582   0.01051657762488   0
0.242902759354185   0.249872413563877   -0.00410354550039455   0.0103421263920521   0
0.252176527557564   0.293087919807823   0.00927376820337836   0.0432155062439456   0
0.26883134301856   0.255436350492679   0.0166548154609961   -0.037651569315144   0
0.24383182236575   0.214151302693902   -0.0249995206528102   -0.0412850477987765   0
0.243274569644718   0.232005488489448   -0.000557252721031604   0.0178541857955457   0
0.229634933068011   0.244794794092383   -0.0136396365767072   0.0127893056029349   0
0.192986715220967   0.22773414946225   -0.0366482178470433   -0.0170606446301326   0
0.208131468925126   0.246105050620315   0.0151447537041587   0.0183709011580652   0
0.254009021995344   0.234399996254402   0.0458775530702182   -0.0117050543659138   0
0.234399410962563   0.2676486950553   -0.0196096110327812   0.0332486988008981   0
0.21935550158791   0.272852359635419   -0.0150439093746529   0.00520366458011967   0
