7.9362893e-15   5.4644215e-16   0   0   0
0.0679134786398553   0.0381416692140508   0.0679134786398474   0.0381416692140503   0
0.0619047507611119   0.0374956804958128   -0.00600872787874343   -0.000645988718237983   0
0.0426679188182358   0.0228450163579903   -0.0192368319428761   -0.0146506641378226   0
0.0416551198117952   0.0308435308669313   -0.00101279900644063   0.00799851450894099   0
0.0590717497072208   0.0330984065934401   0.0174166298954256   0.00225487572650882   0
0.0619786884400999   0.0257502208439729   0.00290693873287916   -0.00734818574946718   0
0.0649381515963614   0.038418735319365   0.00295946315626149   0.0126685144753921   0
0.0728248445785471   0.032397983785338   0.00788669298218568   -0.00602075153402701   0
0.0705719951808379   0.02334721235449   -0.00225284939770919   -0.00905077143084805   0
0.107221044092303   0.0432388968369513   0.0366490489114655   0.0198916844824613   0
0.108158780668245   0.0437795073734588   0.000937736575941275   0.000540610536507558   0
0.125071769245733   0.0590493753696837   0.016912988577488   0.0152698679962249   0
0.143010446525264   0.0552502097996015   0.0179386772795314   -0.00379916557008228   0
0.115074131333303   0.0510188253324609   -0.0279363151919606   -0.00423138446714059   0
0.0996699266082652   0.0482792846357031   -0.0154042047250382   -0.00273954069675773   0
0.119794633476585   0.0624490132355621   0.0201247068683199   0.014169728599859   0
0.118983866718806   0.0518317219909931   -0.000810766757779038   -0.010617291244569   0
0.104122180843529   0.0541879783252071   -0.0148616858752769   0.00235625633421407   0
0.112468017415167   0.0685044321091903   0.00834583657163772   0.0143164537839832   0
0.130069450900088   0.0869022577079878   0.0176014334849215   0.0183978255987975   0
0.138158149731826   0.0931049230163915   0.00808869883173741   0.00620266530840374   0
0.0823739874809703   0.0678087109098468   -0.0557841622508555   -0.0252962121065447   0
0.106359398972168   0.0917067793324096   0.0239854114911979   0.0238980684225628   0
0.112271237716115   0.0929825277402545   0.0059118387439472   0.00127574840784483   0
0.0993755411407327   0.0885412559177428   -0.0128956965753827   -0.00444127182251169   0
0.118068120248959   0.106994236946042   0.0186925791082265   0.0184529810282992   0
0.130917112297739   0.123200029123079   0.0128489920487801   0.0162057921770375   0
0.118901663826347   0.125056450278147   -0.0120154484713925   0.00185642115506705   0
0.0663085134452389   0.0496684590967763   -0.0525931503811079   -0.0753879911813702   0
0.0810072612642217   0.0570366929451546   0.0146987478189828   0.00736823384837828   0
0.111889033731437   0.0800382540398005   0.0308817724672157   0.023001561094646   0
0.108194377712447   0.0864613778240635   -0.00369465601899061   0.00642312378426292   0
0.134716745837597   0.0815842492738846   0.0265223681251503   -0.00487712855017884   0
0.151507963070234   0.105922271322879   0.0167912172326371   0.024338022048994   0
0.135114781781379   0.0973635951450669   -0.0163931812888556   -0.00855867617781174   0
0.141428612224211   0.104244718982067   0.00631383044283282   0.00688112383699978   0
0.143772686897446   0.128624545108773   0.00234407467323458   0.0243798261267067   0
0.129370648441114   0.115143534637011   -0.0144020384563316   -0.0134810104717619   0
0.123784533083915   0.121573106876536   -0.00558611535719933   0.00642957223952478   0
0.108327776410028   0.090465984065295   -0.0154567566738867   -0.0311071228112412   0
0.147024579857717   0.104111710983198   0.0386968034476889   0.0136457269179025   0
0.149436715902148   0.11912130603496   0.00241213604443105   0.0150095950517628   0
0.131367921041159   0.118957692679649   -0.0180687948609892   -0.000163613355311773   0
0.123235225837558   0.1082131541738   -0.0081326952036012   -0.0107445385058489   0
0.167670300508017   0.136273207386696   0.0444350746704591   0.0280600532128964   0
0.148348607700131   0.135270921319132   -0.019321692807886   -0.00100228606756414   0
0.134144839497807   0.136975452929079   -0.0142037682023242   0.00170453160994691   0
0.155303013267156   0.124328139921238   0.0211581737693494   -0.0126473130078408   0
0.140490709084172   0.125407782603552   -0.0148123041829838   0.00107964268231381   0
0.20255276609191   0.16616009968226   0.0620620570077379   0.0407523170787081   0
0.222526307162956   0.21759430382866   0.0199735410710457   0.0514342041463996   0
0.198950117590488   0.194778426587606   -0.023576189572468   -0.0228158772410538   0
0.205654181695988   0.190217565405403   0.00670406410549976   -0.00456086118220259   0
0.188492166357824   0.163655735854347   -0.0171620153381641   -0.0265618295510561   0
0.200351269680886   0.17617084814411   0.0118591033230621   0.0125151122897632   0
0.165002237161472   0.11235587424215   -0.0353490325194141   -0.0638149739019607   0
0.151464000040435   0.0780479371867531   -0.0135382371210365   -0.0343079370553965   0
0.185245736346499   0.115140947837217   0.033781736306064   0.0370930106504634   0
0.159449355575297   0.122149938882515   -0.0257963807712026   0.0070089910452982   0
0.163841335780298   0.114308711647466   0.00439198020500181   -0.00784122723504836   0
0.204393707899971   0.135663017032991   0.0405523721196729   0.021354305385525   0
0.19636533635713   0.144637597077572   -0.00802837154284125   0.00897458004458082   0
0.187167574563023   0.143087847501551   -0.00919776179410692   -0.00154974957602108   0
0.173655188497915   0.142117513638288   -0.0135123860651081   -0.000970333863263423   0
0.165585326303919   0.161838039237306   -0.0080698621939965   0.0197205255990185   0
0.147445778373268   0.137319334999808   -0.0181395479306503   -0.0245187042374985   0
0.145270229334059   0.110638249156531   -0.00217554903920933   -0.0266810858432766   0
0.179074204596918   0.126146569376044   0.0338039752628587   0.0155083202195132   0
0.184179605245034   0.141382163629859   0.00510540064811663   0.0152355942538152   0
0.167014287964493   0.132178763084475   -0.0171653172805413   -0.00920340054538391   0
0.168033994510547   0.122027056056426   0.00101970654605371   -0.0101517070280499   0
0.217575710768945   0.156633794355322   0.0495417162583979   0.034606738298896   0
0.220595080933236   0.153262490494634   0.00301937016429138   -0.00337130386068743   0
