1.94420412780331e-14   2.2878218e-51   0   0   0
0.117855449771582   0.07808225231915   0.117855449771563   0.07808225231915   0
0.134229869549334   0.0901322423636147   0.0163744197777518   0.0120499900444647   0
0.0733121357300545   0.0448514055933239   -0.0609177338192793   -0.0452808367702908   0
0.0670360145355651   0.0403454321027573   -0.00627612119448936   -0.00450597349056667   0
0.0545693314371095   0.0152685412722895   -0.0124666830984557   -0.0250768908304678   0
0.0673391649042299   0.00768769198735464   0.0127698334671205   -0.00758084928493488   0
0.162539425565615   0.128915405601024   0.0952002606613854   0.121227713613669   0
0.330222698166228   0.283189175079645   0.167683272600613   0.154273769478621   0
0.278470043503133   0.281361841263869   -0.0517526546630956   -0.00182733381577577   0
0.31594120989588   0.259902465324833   0.0374711663927475   -0.0214593759390357   0
0.279104938922057   0.254137212716351   -0.0368362709738235   -0.00576525260848182   0
0.350463174853025   0.269826702215676   0.0713582359309679   0.0156894894993249   0
0.280573767457894   0.248050556543494   -0.0698894073951309   -0.021776145672182   0
0.349352658075827   0.251665641478776   0.0687788906179329   0.00361508493528209   0
0.266901825121953   0.231550767292268   -0.0824508329538737   -0.0201148741865083   0
0.275200714358223   0.250915916597832   0.00829888923627042   0.0193651493055638   0
0.180011425504628   0.190631099168065   -0.0951892888535952   -0.0602848174297665   0
0.308784138341027   0.279060256063502   0.128772712836399   0.0884291568954369   0
0.296729462968955   0.257188075157169   -0.0120546753720723   -0.0218721809063331   0
0.32281396308272   0.267957688917194   0.0260845001137653   0.0107696137600246   0
0.299583454991946   0.257277777404834   -0.0232305080907742   -0.0106799115123598   0
0.321653019791674   0.283381198045385   0.0220695647997285   0.0261034206405514   0
0.321510209134866   0.270004441981038   -0.000142810656808379   -0.0133767560643477   0
0.314480330149266   0.271015928709704   -0.00702987898559965   0.00101148672866669   0
0.348008583892083   0.271543461856649   0.0335282537428171   0.000527533146945092   0
0.285448487436762   0.254731490445587   -0.0625600964553217   -0.0168119714110626   0
0.35603259446529   0.259969400561901   0.0705841070285285   0.00523791011631397   0
0.274805126351222   0.236636769458098   -0.0812274681140684   -0.0233326311038023   0
0.37959205753007   0.280682074949058   0.104786931178848   0.0440453054909596   0
0.274122704064187   0.234369058532615   -0.105469353465883   -0.0463130164164433   0
0.332284439672807   0.25155835497581   0.0581617356086198   0.017189296443195   0
0.223700796544012   0.215468872068027   -0.108583643128795   -0.0360894829077822   0
0.313097156706904   0.261058086187681   0.0893963601628922   0.0455892141196536   0
0.248943398075808   0.238730291203179   -0.0641537586310958   -0.0223277949845019   0
0.301065129659289   0.234359690498213   0.0521217315834806   -0.0043706007049662   0
0.182839546023497   0.170122957859556   -0.118225583635792   -0.0642367326386568   0
0.32616440249925   0.238896263833041   0.143324856475752   0.0687733059734852   0
0.241175138799906   0.230145082831052   -0.0849892636993435   -0.00875118100198952   0
0.331941155093668   0.259747932206588   0.0907660162937615   0.0296028493755361   0
0.260860305415231   0.285407894581822   -0.0710808496784371   0.0256599623752337   0
0.358923368739401   0.302844721919663   0.0980630633241701   0.0174368273378414   0
0.266249265614391   0.315076510684873   -0.0926741031250097   0.0122317887652105   0
0.345205336177571   0.330576002651232   0.0789560705631798   0.0154994919663588   0
0.271112535815997   0.308031537228034   -0.0740928003615738   -0.0225444654231986   0
0.289594542098486   0.30742026622383   0.0184820062824891   -0.000611271004203828   0
0.31216512035337   0.32034540687892   0.022570578254884   0.0129251406550902   0
0.399364083558659   0.358689226433988   0.0871989632052886   0.0383438195550677   0
0.40904075941224   0.386277270583864   0.00967667585358145   0.0275880441498766   0
0.369438143007307   0.364991276209163   -0.0396026164049335   -0.0212859943747014   0
0.480190936029189   0.412713960226973   0.110752793021882   0.0477226840178103   0
0.369817856288392   0.404069986560355   -0.110373079740797   -0.00864397366661834   0
0.408044093050729   0.39321545666055   0.0382262367623371   -0.010854529899805   0
0.411661181074108   0.407122905183208   0.00361708802337846   0.0139074485226581   0
0.458925736242061   0.426799727497187   0.0472645551679534   0.0196768223139789   0
0.448481537997144   0.411493340504924   -0.0104441982449169   -0.0153063869922626   0
0.237652602369543   0.330132702156987   -0.210828935627601   -0.0813606383479378   0
0.349696894450637   0.37953192957966   0.112044292081094   0.0493992274226739   0
0.372617380775458   0.386219423861852   0.0229204863248214   0.00668749428219134   0
0.421742206320295   0.404191673955569   0.049124825544837   0.0179722500937176   0
0.385438799650503   0.396377790495668   -0.0363034066697922   -0.00781388345990103   0
0.451714590448714   0.421907775035597   0.066275790798211   0.0255299845399286   0
0.42835581470848   0.416434238717848   -0.0233587757402342   -0.00547353631774877   0
0.412675480815254   0.397103379489384   -0.0156803338932253   -0.0193308592284639   0
0.487909799294553   0.388268453526333   0.0752343184792991   -0.00883492596305102   0
0.432936584107625   0.400717130971802   -0.0549732151869289   0.0124486774454683   0
0.503756732033223   0.419703488323508   0.0708201479255982   0.0189863573517068   0
0.489988021430414   0.434631249247649   -0.0137687106028083   0.0149277609241402   0
0.438260625903833   0.41842513207907   -0.0517273955265816   -0.0162061171685788   0
0.526133181326653   0.416500108567723   0.0878725554228199   -0.00192502351134655   0
0.413730068280129   0.393158955946178   -0.112403113046524   -0.0233411526215457   0
0.483556972655972   0.473214669842746   0.0698269043758429   0.0800557138965682   0
0.527460080833259   0.487932345052999   0.0439031081772869   0.0147176752102535   0
0.478847229736432   0.464964403362123   -0.0486128510968267   -0.0229679416908767   0
0.539292367255792   0.495615796129483   0.0604451375193604   0.0306513927673605   0
0.327369607187286   0.333906183485125   -0.211922760068507   -0.161709612644359   0
0.362410255683561   0.357024341167519   0.0350406484962756   0.0231181576823939   0
0.334582233764708   0.279602298813908   -0.0278280219188531   -0.0774220423536103   0
0.269204971813822   0.249918120111834   -0.0653772619508864   -0.0296841787020745   0
