0   0   0   0   0
0.0707904895085926   0.0291385074722327   0.0707904895085926   0.0291385074722327   0
0.0640591794429635   0.0286019168442547   -0.00673131006562908   -0.00053659062797801   0
0.054987011436392   0.0240346848998707   -0.00907216800657146   -0.00456723194438409   0
0.0664839008487055   0.0264032061130163   0.0114968894123134   0.00236852121314567   0
0.0466065898184718   0.025187477610746   -0.0198773110302336   -0.00121572850227033   0
0.0780070624172926   0.0537201034915515   0.0314004725988208   0.0285326258808055   0
0.0857370889707364   0.0653188225826689   0.00773002655344385   0.0115987190911175   0
0.0813769629205561   0.0609655530522533   -0.00436012605018028   -0.00435326953041566   0
0.065678905915488   0.0481070017328393   -0.0156980570050682   -0.012858551319414   0
0.0950494792290607   0.065298913335403   0.0293705733135728   0.0171919116025637   0
0.0831067618369651   0.0744534905889942   -0.0119427173920957   0.00915457725359123   0
0.0777138447181029   0.0673708860703711   -0.00539291711886215   -0.0070826045186231   0
0.0964713992765037   0.0798792759305378   0.0187575545584008   0.0125083898601667   0
0.0924744599213846   0.0774041094844626   -0.00399693935511916   -0.00247516644607516   0
0.078966664290325   0.0652153800448704   -0.0135077956310595   -0.0121887294395922   0
0.0735333591603749   0.0724896238776506   -0.00543330512995015   0.00727424383278014   0
0.088532245804843   0.0895785479539738   0.0149988866444681   0.0170889240763232   0
0.072207645589684   0.0755816586346106   -0.016324600215159   -0.0139968893193632   0
0.0560349166902846   0.0685042107991535   -0.0161727288993994   -0.00707744783545705   0
0.113496687657565   0.0962750701415486   0.0574617709672799   0.0277708593423951   0
0.0775156157077458   0.0885952252306001   -0.0359810719498187   -0.00767984491094853   0
0.0610876669234833   0.0654040709540661   -0.0164279487842625   -0.023191154276534   0
0.135691920536918   0.093262618243019   0.0746042536134345   0.0278585472889529   0
0.0781875711510582   0.076741523961307   -0.0575043493858595   -0.0165210942817119   0
0.0596483183184099   0.076239218828931   -0.0185392528326483   -0.000502305132376021   0
0.112670799709399   0.100340240067749   0.0530224813909896   0.0241010212388181   0
0.0905233546470454   0.0894997272521569   -0.0221474450623541   -0.0108405128155923   0
0.0555013449402105   0.0671724615798163   -0.0350220097068348   -0.0223272656723405   0
0.111122397961977   0.0922903175011408   0.0556210530217668   0.0251178559213245   0
0.0961528064253267   0.089287848025367   -0.0149695915366506   -0.00300246947577375   0
0.0537494082096891   0.0732746459325916   -0.0424033982156376   -0.0160132020927754   0
0.0891979406844025   0.0798763577265591   0.0354485324747134   0.00660171179396744   0
0.109057592233668   0.0953811320367096   0.0198596515492659   0.0155047743101505   0
0.0697030557022006   0.0779456029037818   -0.0393545365314679   -0.0174355291329278   0
0.0704910502772561   0.0790253846478398   0.000787994575055531   0.00107978174405798   0
0.114782878208632   0.0860902163269216   0.0442918279313758   0.00706483167908178   0
0.0641665780427659   0.071553938011408   -0.050616300165866   -0.0145362783155135   0
0.0799826768914251   0.0826206435347967   0.0158160988486593   0.0110667055233887   0
0.10405175010848   0.0915564816430067   0.0240690732170551   0.00893583810821   0
0.0911378597340275   0.0862090708487157   -0.0129138903744527   -0.00534741079429102   0
0.0768837190520194   0.0963223943810669   -0.014254140682008   0.0101133235323512   0
0.103231897525404   0.106507568792324   0.0263481784733842   0.010185174411257   0
0.0883852987927484   0.096994371198988   -0.0148465987326552   -0.0095131975933358   0
0.0471145710506163   0.0668872007274278   -0.0412707277421321   -0.0301071704715602   0
0.101205749238598   0.0953193747645291   0.0540911781879821   0.0284321740371013   0
0.0994951393612022   0.104843399235309   -0.0017106098773962   0.00952402447078031   0
0.0529484405574692   0.0882996165204053   -0.0465466988037331   -0.0165437827149041   0
0.127924874302935   0.11461790240648   0.0749764337454655   0.0263182858860743   0
0.11077130997053   0.105006550568286   -0.0171535643324048   -0.00961135183819378   0
0.100979763459385   0.0943379145169472   -0.00979154651114507   -0.0106686360513386   0
0.110157895061699   0.0854711464117515   0.00917813160231457   -0.00886676810519578   0
0.0799848805966511   0.0821709080669754   -0.0301730144650482   -0.00330023834477607   0
0.10582756123081   0.109193481467279   0.025842680634159   0.027022573400304   0
0.124591857976266   0.107239743935109   0.018764296745456   -0.00195373753217053   0
0.0600849948715979   0.0704919744312327   -0.0645068631046683   -0.0367477695038761   0
0.0913791861184358   0.0933240906446794   0.031294191246838   0.0228321162134466   0
0.116572358172697   0.105393429817798   0.025193172054261   0.012069339173119   0
0.095787841606378   0.0853116053930855   -0.0207845165663188   -0.0200818244247129   0
0.103289002009204   0.101000400074194   0.00750116040282646   0.015688794681109   0
0.1125973403384   0.0938744952655964   0.00930833832919521   -0.007125904808598   0
0.0922555535309983   0.0757853230734863   -0.0203417868074014   -0.0180891721921102   0
0.0905853343832016   0.0783381768229223   -0.00167021914779673   0.00255285374943602   0
0.129457665685657   0.0888987215888857   0.0388723313024554   0.0105605447659634   0
0.137227999143283   0.123165291950003   0.00777033345762651   0.0342665703611172   0
0.103802961923238   0.0995410976083537   -0.0334250372200452   -0.0236241943416491   0
0.117164478662578   0.102525589703008   0.0133615167393397   0.00298449209465465   0
0.0763524909484615   0.0927063082787743   -0.0408119877141165   -0.00981928142423411   0
0.0702173439066633   0.083339621963169   -0.00613514704179823   -0.00936668631560526   0
0.111702633529075   0.105303518520566   0.0414852896224116   0.021963896557397   0
0.0774391759544043   0.0888999726469706   -0.0342634575746705   -0.0164035458735954   0
0.123603731709793   0.115424180761306   0.0461645557553883   0.026524208114335   0
