0   0   0   0   0
0.145876421402696   0.011164053732145   0.145876421402696   0.011164053732145   0
0.313452130487489   0.0147667014265217   0.167575709084792   0.00360264769437674   0
0.329481978472184   0.016823279574806   0.0160298479846952   0.00205657814828427   0
0.341828668327214   0.0282668234444889   0.0123466898550303   0.0114435438696829   0
0.348648082405836   0.0500925690246404   0.00681941407862174   0.0218257455801515   0
0.295200402093155   0.0231843630681407   -0.0534476803126807   -0.0269082059564997   0
0.306344710444362   0.0170036726701201   0.0111443083512065   -0.00618069039802061   0
0.284458902362656   0.0129775953086008   -0.021885808081706   -0.00402607736151927   0
0.279027074594124   0.0229045417732824   -0.00543182776853174   0.00992694646468166   0
0.363953047917985   0.0343070624803914   0.0849259733238615   0.0114025207071089   0
0.355705255591041   0.0364983448120262   -0.00824779232694489   0.00219128233163487   0
0.335973437733656   0.0360013447038611   -0.019731817857385   -0.000497000108165106   0
0.293525974987526   0.0334647661044003   -0.0424474627461301   -0.00253657859946085   0
0.273092394585027   0.051098009589725   -0.0204335804024988   0.0176332434853247   0
0.306102700545952   0.041407910153449   0.0330103059609249   -0.00969009943627597   0
0.290296325855201   0.0544586471260785   -0.0158063746907507   0.0130507369726294   0
0.301500435592738   0.0549845025268414   0.0112041097375371   0.000525855400762942   0
0.279649946258773   0.0607837657512586   -0.0218504893339648   0.00579926322441715   0
0.284772479403267   0.0560082587954808   0.00512253314449362   -0.00477550695577775   0
0.275808254536864   0.0635125310738413   -0.00896422486640247   0.00750427227836051   0
0.249801534372894   0.0837874763786385   -0.02600672016397   0.0202749453047972   0
0.248851480040119   0.102676727257099   -0.000950054332775646   0.0188892508784603   0
0.246375461384552   0.111630302950939   -0.0024760186555666   0.00895357569384052   0
0.22510873211575   0.129149254021363   -0.0212667292688017   0.0175189510704239   0
0.232149503125018   0.136814019393839   0.00704077100926778   0.0076647653724756   0
0.227317793789739   0.154168567980271   -0.00483170933527882   0.0173545485864327   0
0.256441125063848   0.125456899161491   0.0291233312741087   -0.0287116688187805   0
0.313053989011601   0.108279835002471   0.0566128639477533   -0.0171770641590197   0
0.319722173315356   0.120118407414456   0.0066681843037546   0.0118385724119845   0
0.188720843105333   0.198213358331228   -0.131001330210023   0.0780949509167721   0
0.302933704894048   0.518024181717936   0.114212861788715   0.319810823386708   0
0.144998341582322   0.345340741253343   -0.157935363311726   -0.172683440464593   0
0.137112533484165   0.316245852410479   -0.00788580809815712   -0.0290948888428642   0
0.144237362954275   0.316090208599772   0.00712482947011003   -0.000155643810706985   0
0.153556613776852   0.295690887227067   0.00931925082257629   -0.0203993213727052   0
0.160848250725545   0.302586060402946   0.00729163694869395   0.0068951731758789   0
0.145909866121644   0.315214745938358   -0.0149383846039017   0.0126286855354118   0
0.144287358007551   0.327344188947585   -0.00162250811409281   0.0121294430092272   0
0.163132939789531   0.335867700524583   0.0188455817819802   0.00852351157699816   0
0.159008433748307   0.340680692736806   -0.0041245060412243   0.00481299221222337   0
0.175908607312101   0.342212866097068   0.0169001735637941   0.00153217336026212   0
0.158645923253927   0.350268317102114   -0.0172626840581735   0.00805545100504562   0
0.170620438311409   0.371241920112155   0.0119745150574813   0.0209736030100407   0
0.16711338566524   0.373671745488479   -0.00350705264616841   0.00242982537632402   0
0.173024218756149   0.34971696432364   0.00591083309090834   -0.0239547811648388   0
0.174755933050725   0.331564733635009   0.00173171429457658   -0.018152230688631   0
0.169472792780895   0.332405970343577   -0.00528314026982984   0.000841236708568505   0
0.163087761582785   0.34314406285475   -0.00638503119811049   0.0107380925111729   0
0.155385977112362   0.322895929682512   -0.00770178447042269   -0.0202481331722384   0
0.144163124156428   0.310527528779558   -0.0112228529559339   -0.0123684009029535   0
0.150379797749236   0.272948026831544   0.00621667359280778   -0.037579501948014   0
0.154601547956892   0.280372474650407   0.00422175020765575   0.00742444781886226   0
0.150546914001496   0.314068788546977   -0.00405463395539551   0.0336963138965708   0
0.149019677933102   0.329659120289645   -0.00152723606839467   0.0155903317426676   0
0.139738802194496   0.326275063872246   -0.00928087573860592   -0.00338405641739908   0
0.140239356154241   0.33100237851642   0.000500553959745575   0.00472731464417442   0
0.135746586470931   0.348248296403869   -0.00449276968331011   0.0172459178874487   0
0.131333176545225   0.355548746401607   -0.00441340992570627   0.00730044999773771   0
0.133607946226713   0.363477760318832   0.00227476968148846   0.00792901391722528   0
0.129728355534278   0.349182065661493   -0.00387959069243496   -0.0142956946573394   0
0.144222226622661   0.386850416495746   0.0144938710883828   0.037668350834253   0
0.149248038613247   0.39354335685418   0.00502581199058535   0.00669294035843404   0
0.14655081519648   0.399754005211899   -0.00269722341676679   0.00621064835771901   0
0.130954662884973   0.414946765381367   -0.015596152311507   0.0151927601694681   0
