1.1193351e-14   1.92592995e-32   0   0   0
0.0629956025567149   0.0718856146708375   0.0629956025567038   0.0718856146708375   0
0.067093374668659   0.0744617808251831   0.00409777211194404   0.00257616615434564   0
0.190950044863222   0.161184737210274   0.123856670194563   0.0867229563850907   0
0.277147005892276   0.235311367413746   0.0861969610290533   0.0741266302034721   0
0.165987444764155   0.153210750426228   -0.111159561128121   -0.0821006169875177   0
0.260483062818942   0.167335107269702   0.094495618054787   0.0141243568434739   0
0.276561616171989   0.249694542288535   0.0160785533530469   0.0823594350188329   0
0.314605906836456   0.2877154556119   0.0380442906644672   0.0380209133233648   0
0.336396384685629   0.249260500563201   0.0217904778491726   -0.0384549550486989   0
0.354326276868535   0.282444566282111   0.0179298921829066   0.03318406571891   0
0.338661281533573   0.281647416698098   -0.0156649953349622   -0.000797149584012391   0
0.311982917392009   0.240094198909316   -0.0266783641415637   -0.0415532177887821   0
0.334647173547587   0.197539395304602   0.0226642561555781   -0.0425548036047148   0
0.263378204351514   0.0623894777457958   -0.0712689691960735   -0.135149917558806   0
0.0836443654859   0.282885212802079   -0.179733838865614   0.220495735056283   0
0.22339153712115   0.0904902259299105   0.13974717163525   -0.192394986872168   0
0.28902971789936   0.0699246177565615   0.0656381807782106   -0.020565608173349   0
0.286051203658703   0.101051835094467   -0.00297851424065698   0.0311272173379056   0
0.239240286829597   0.139608027312515   -0.0468109168291066   0.0385561922180482   0
0.265911483854979   0.135077051506211   0.026671197025382   -0.00453097580630407   0
0.353379165870588   0.156165528349902   0.0874676820156092   0.0210884768436909   0
0.473523016661508   0.149264982638861   0.12014385079092   -0.00690054571104082   0
0.394263114941968   0.115503533054046   -0.0792599017195403   -0.0337614495848152   0
0.301600611841915   0.077660818294614   -0.0926625031000527   -0.0378427147594322   0
0.148658136745929   0.189904062001639   -0.152942475095986   0.112243243707025   0
0.198392369950398   0.261822308864206   0.0497342332044693   0.0719182468625663   0
0.316652128949303   0.14119747508885   0.118259758998905   -0.120624833775356   0
0.320073710310657   0.12804069806017   0.00342158136135406   -0.01315677702868   0
0.332906524245097   0.137753474490919   0.0128328139344399   0.00971277643074972   0
0.321179232556029   0.123780683414299   -0.0117272916890676   -0.0139727910766205   0
0.328906191954066   0.146133216413739   0.00772695939803703   0.0223525329994401   0
0.349583135501092   0.127580056502468   0.0206769435470253   -0.0185531599112707   0
0.377497694858571   0.126671652951362   0.0279145593574792   -0.000908403551106884   0
0.375521744427799   0.127949922240513   -0.00197595043077231   0.00127826928915162   0
0.375292453456795   0.136408583738115   -0.000229290971003271   0.00845866149760158   0
0.332474819288368   0.193231733441381   -0.042817634168427   0.0568231497032665   0
0.328545731079962   0.216283216417889   -0.00392908820840648   0.0230514829765079   0
0.270392360468923   0.310605788486713   -0.0581533706110385   0.094322572068824   0
0.274764010972383   0.255981598257235   0.00437165050345961   -0.0546241902294786   0
0.290200798863834   0.216713792292733   0.0154367878914509   -0.0392678059645011   0
0.23423823609946   0.23300881094065   -0.0559625627643737   0.0162950186479169   0
0.233205868748932   0.245244067869397   -0.0010323673505277   0.0122352569287466   0
0.295857007328863   0.203798240527213   0.062651138579931   -0.0414458273421836   0
0.206864759696036   0.330586851687466   -0.0889922476328274   0.126788611160253   0
0.167057123298066   0.328089628311592   -0.0398076363979699   -0.00249722337587444   0
0.167543840422106   0.325978259088229   0.000486717124039915   -0.00211136922336308   0
0.156987547417686   0.323937626051902   -0.0105562930044199   -0.00204063303632707   0
0.278346519058953   0.242603008879101   0.121358971641267   -0.0813346171728002   0
0.311803446718937   0.257214025683553   0.0334569276599843   0.0146110168044515   0
0.342587769430511   0.215288941034826   0.0307843227115734   -0.0419250846487271   0
0.325992134587081   0.216938666651221   -0.016595634843429   0.00164972561639526   0
0.29816682814589   0.275218521456158   -0.0278253064411918   0.0582798548049369   0
0.143469976261667   0.485607620084723   -0.154696851884222   0.210389098628565   0
0.474550093740068   1.22773831271394   0.3310801174784   0.742130692629213   0
0.709178006555026   1.15467422535255   0.234627912814958   -0.0730640873613813   0
0.627735215446978   0.833257842516097   -0.0814427911080478   -0.321416382836457   0
0.738436433855409   0.773369432025498   0.110701218408431   -0.0598884104905995   0
0.650851801269119   0.716507442625842   -0.0875846325862905   -0.0568619893996558   0
0.755715471930345   0.476736637792764   0.104863670661226   -0.239770804833078   0
0.865160974187955   0.35846138904329   0.10944550225761   -0.118275248749474   0
0.962352083687717   0.449223090439815   0.0971911094997622   0.0907617013965251   0
0.922415651441077   0.348129895564208   -0.0399364322466406   -0.101093194875607   0
0.953315055982838   0.373590817221739   0.030899404541761   0.0254609216575316   0
0.819079548924754   0.35201896434525   -0.134235507058084   -0.0215718528764887   0
0.763110572693761   0.350375673540742   -0.0559689762309928   -0.00164329080450798   0
0.842135604929463   0.241689049948396   0.0790250322357021   -0.108686623592346   0
0.90761839523494   0.151876819123011   0.0654827903054769   -0.0898122308253853   0
0.964333098634388   0.267619784778392   0.0567147033994482   0.115742965655381   0
0.797889050066739   0.378167470647883   -0.166444048567649   0.110547685869491   0
0.874517449349373   0.30184843435285   0.0766283992826344   -0.076319036295033   0
0.82879050144386   0.232511133251703   -0.0457269479055139   -0.0693373011011472   0
0.876967487217959   0.352862199433647   0.0481769857740998   0.120351066181944   0
0.781142588228548   0.188376794233879   -0.095824898989411   -0.164485405199767   0
