7.6735946e-15   4.4549526e-17   0   0   0
0.0291155221655788   0.0313480911916791   0.0291155221655711   0.031348091191679   0
0.138196754183136   0.117590602608409   0.109081232017557   0.0862425114167297   0
0.0585042708468163   0.118207998754378   -0.0796924833363198   0.000617396145968757   0
0.114921443265996   0.113707110114834   0.0564171724191792   -0.00450088863954347   0
0.13556199608562   0.196018920086386   0.0206405528196247   0.0823118099715523   0
0.0547079641226751   0.206338243776832   -0.0808540319629451   0.0103193236904454   0
0.113207490085786   0.224759828141005   0.0584995259631111   0.0184215843641735   0
0.104811957731098   0.210765417898873   -0.00839553235468814   -0.0139944102421325   0
0.122551657285063   0.232729678522805   0.0177396995539647   0.0219642606239326   0
0.166904425111112   0.328069608531046   0.0443527678260495   0.0953399300082403   0
0.145913674012549   0.313945888079408   -0.0209907510985635   -0.0141237204516375   0
0.136979103480086   0.282564860938882   -0.00893457053246302   -0.0313810271405265   0
0.147243206477449   0.281390336839467   0.010264102997363   -0.00117452409941438   0
0.121510365002677   0.361250808356497   -0.0257328414747721   0.0798604715170294   0
0.100591898659287   0.384570635059794   -0.0209184663433897   0.0233198267032971   0
0.140761149655365   0.449127354001457   0.0401692509960781   0.0645567189416629   0
0.141354176166887   0.420178948432429   0.000593026511522016   -0.0289484055690272   0
0.204421193245681   0.424761915758456   0.0630670170787938   0.00458296732602625   0
0.204111156772417   0.44190386299975   -0.000310036473263692   0.0171419472412942   0
0.247659008719847   0.382520582727133   0.0435478519474304   -0.0593832802726169   0
0.272362109400464   0.413274541537943   0.0247031006806162   0.0307539588108099   0
0.231250316665026   0.450801606031991   -0.0411117927354375   0.0375270644940477   0
0.239772334343351   0.42804010988433   0.00852201767832464   -0.0227614961476609   0
0.263865896600163   0.464629200458038   0.024093562256812   0.0365890905737081   0
0.24263775193517   0.485683761614295   -0.021228144664993   0.0210545611562575   0
0.293175316228012   0.462691671466315   0.0505375642928424   -0.0229920901479807   0
0.30042246752009   0.490897178214801   0.00724715129207781   0.0282055067484865   0
0.278389925355474   0.487692265674193   -0.0220325421646164   -0.00320491254060784   0
0.333285752877486   0.457743462683777   0.0548958275220123   -0.0299488029904167   0
0.343070070176463   0.464091084112592   0.00978431729897716   0.00634762142881562   0
0.320362769009734   0.470504300264041   -0.0227073011667289   0.00641321615144907   0
0.360722345694876   0.4533791202027   0.0403595766851417   -0.0171251800613414   0
0.372464668645519   0.439123155683594   0.0117423229506434   -0.014255964519106   0
0.344195640875333   0.452513134781292   -0.0282690277701858   0.013389979097698   0
0.353232240207392   0.426205200371783   0.00903659933205858   -0.026307934409509   0
0.33485135021202   0.432639922095951   -0.018380889995372   0.0064347217241677   0
0.334362635635807   0.440871820420521   -0.000488714576213301   0.00823189832457055   0
0.351820456557408   0.432811111607137   0.017457820921601   -0.00806070881338417   0
0.376741162667325   0.424132658634369   0.024920706109917   -0.00867845297276842   0
0.344406967139177   0.436425998642508   -0.0323341955281476   0.0122933400081395   0
0.344796894802784   0.419453210995058   0.000389927663607348   -0.0169727876474503   0
0.362946279095494   0.454323360021029   0.0181493842927101   0.0348701490259708   0
0.300574350728559   0.436983513438647   -0.0623719283669359   -0.0173398465823812   0
0.304899459234295   0.398853511788123   0.00432510850573692   -0.0381300016505246   0
0.312864088057099   0.430702021701499   0.00796462882280385   0.0318485099133761   0
0.339200767276911   0.410543179880919   0.0263366792198118   -0.0201588418205795   0
0.332772429152854   0.406445495479642   -0.00642833812405741   -0.00409768440127772   0
0.316937444863931   0.396403637044026   -0.0158349842889229   -0.0100418584356155   0
0.323838133847657   0.415275211958163   0.00690068898372648   0.0188715749141368   0
0.331062280900303   0.4297341429511   0.00722414705264623   0.0144589309929372   0
0.32344797387091   0.414344587738188   -0.00761430702939342   -0.0153895552129126   0
0.353460207336724   0.390970271493378   0.0300122334658138   -0.0233743162448096   0
0.350234045152963   0.405744301347975   -0.00322616218376126   0.0147740298545966   0
0.391817614001194   0.420361163349355   0.0415835688482311   0.0146168620013806   0
0.422117438042067   0.41710652100226   0.0302998240408737   -0.00325464234709555   0
0.399824547097849   0.443913731251784   -0.022292890944218   0.026807210249524   0
0.401215627391039   0.45237775158126   0.00139108029318957   0.0084640203294763   0
0.416491267242904   0.444089189012669   0.0152756398518649   -0.00828856256859112   0
0.394545271133504   0.456227403025231   -0.0219459961093993   0.0121382140125619   0
0.393005126419701   0.459566990810698   -0.0015401447138037   0.00333958778546678   0
0.398232844952421   0.441597153166674   0.00522771853271992   -0.0179698376440234   0
0.389702974655948   0.470419420408626   -0.00852987029647312   0.0288222672419518   0
0.386219873259374   0.453282178446111   -0.00348310139657376   -0.0171372419625146   0
0.404765662940855   0.456722206042921   0.0185457896814816   0.00344002759680956   0
0.413197579205925   0.434039145976394   0.00843191626506967   -0.0226830600665271   0
0.376738494229954   0.440373960349368   -0.0364590849759713   0.00633481437297445   0
0.398388615993473   0.42966136477926   0.0216501217635197   -0.010712595570108   0
0.438037608515257   0.432122410546492   0.0396489925217831   0.00246104576723205   0
0.369350179569015   0.426544458606222   -0.0686874289462419   -0.00557795194027005   0
0.369811165898846   0.407145295405458   0.000460986329831159   -0.0193991632007639   0
0.383817134982171   0.426758345089373   0.014005969083325   0.0196130496839146   0
0.380035625843771   0.44205706592779   -0.00378150913839942   0.0152987208384175   0
0.384132721014678   0.430952582721292   0.00409709517090634   -0.0111044832064988   0
0.39240074869109   0.434483458981036   0.00826802767641227   0.00353087625974402   0
0.379848611017176   0.446257619509751   -0.0125521376739137   0.0117741605287157   0
0.402365136642832   0.453147854331536   0.0225165256256553   0.00689023482178486   0
0.432087457811762   0.451850517286076   0.0297223211689307   -0.0012973370454602   0
0.431791577059041   0.447491200510474   -0.000295880752721245   -0.00435931677560192   0
0.448173158207236   0.442690890118456   0.0163815811481948   -0.004800310392018   0
0.440399323730977   0.438598726526759   -0.00777383447625912   -0.00409216359169706   0
0.430709322316198   0.441857678723686   -0.00969000141477916   0.00325895219692746   0
0.458020962357878   0.413442130767749   0.0273116400416801   -0.0284155479559378   0
0.452569686166183   0.411862246696838   -0.00545127619169461   -0.00157988407091042   0
