0   0   0   0   0
0.0536647417662161   0.0602934874407998   0.0536647417662161   0.0602934874407998   0
0.123196528925291   0.136036521709734   0.0695317871590744   0.0757430342689345   0
0.198446691641854   0.228324126214919   0.0752501627165636   0.0922876045051843   0
0.22438760240183   0.258794579047544   0.0259409107599757   0.030470452832625   0
0.186297808854858   0.207979559292698   -0.0380897935469716   -0.0508150197548455   0
0.0665801662090393   0.126377485608449   -0.119717642645819   -0.0816020736842492   0
0.124107450237324   0.17299484623453   0.057527284028285   0.046617360626081   0
0.239435715036545   0.251248405558398   0.115328264799221   0.0782535593238686   0
0.279500489802769   0.292651471102811   0.0400647747662234   0.0414030655444121   0
0.317789852831062   0.318177905951896   0.0382893630282936   0.0255264348490857   0
0.343341894878574   0.355538486171266   0.0255520420475122   0.0373605802193698   0
0.34100095217737   0.363915744961694   -0.00234094270120438   0.00837725879042811   0
0.306945607137706   0.358378750839714   -0.034055345039664   -0.00553699412197978   0
0.421146688517041   0.32595601317162   0.114201081379335   -0.0324227376680943   0
0.394816260919815   0.253402992379486   -0.0263304275972258   -0.0725530207921342   0
0.152105728168734   0.327651312706348   -0.242710532751082   0.0742483203268623   0
0.37407549318665   0.357912107142319   0.221969765017917   0.0302607944359704   0
0.256319109570024   0.264014548268836   -0.117756383616626   -0.0938975588734824   0
0.178322801576785   0.192952061036061   -0.0779963079932395   -0.0710624872327754   0
0.236526275639217   0.120588789040041   0.0582034740624326   -0.0723632719960194   0
1.68821380356661   0.965861566107231   1.4516875279274   0.84527277706719   1
0.677710491324723   0.763330047689022   -1.01050331224189   -0.202531518418209   1
0.167017493495261   0.249586718433514   -0.510692997829463   -0.513743329255508   0
0.227645263970925   0.200196134039323   0.0606277704756646   -0.0493905843941909   0
0.232816096055174   0.166454445728108   0.00517083208424912   -0.0337416883112145   0
0.280990679882663   0.16017934362409   0.0481745838274891   -0.00627510210401838   0
0.243481435724894   0.182924004814179   -0.0375092441577694   0.0227446611900887   0
0.238881459560027   0.174445784806527   -0.00459997616486696   -0.00847822000765136   0
0.257106238524343   0.175520049508014   0.0182247789643157   0.00107426470148622   0
0.293260744162618   0.200810719979631   0.0361545056382752   0.0252906704716175   0
0.0810614556426578   0.176394014365425   -0.21219928851996   -0.0244167056142061   0
0.263143648170822   0.190845387532755   0.182082192528164   0.0144513731673303   0
0.720258586371813   0.171978710369558   0.457114938200991   -0.0188666771631972   0
0.942434481912458   0.150518453531707   0.222175895540645   -0.0214602568378512   0
0.75585382535951   0.167036144539273   -0.186580656552948   0.0165176910075659   0
0.627756711767692   0.198529997418332   -0.128097113591819   0.0314938528790591   0
0.494581050190402   0.281715295390354   -0.13317566157729   0.0831852979720219   0
0.534214098601456   0.316999951974226   0.0396330484110538   0.0352846565838719   0
0.592426385183208   0.309016187783702   0.058212286581752   -0.00798376419052405   0
0.197459334880502   0.269265665230863   -0.394967050302706   -0.0397505225528382   0
0.237143681940187   0.207314276440384   0.0396843470596856   -0.0619513887904795   0
0.12610703923738   0.226975367610753   -0.111036642702807   0.0196610911703694   0
0.167331482439731   0.268698704330853   0.0412244432023502   0.0417233367201001   0
0.159160712486038   0.305656548498582   -0.00817076995369276   0.0369578441677287   0
0.197517591540819   0.321820630888366   0.0383568790547811   0.0161640823897834   0
0.218590360211698   0.33706062843728   0.0210727686708789   0.015239997548914   0
0.22216260608906   0.3495405138229   0.00357224587736232   0.0124798853856206   0
0.15784540009084   0.345483912077029   -0.0643172059982203   -0.00405660174587114   0
0.236692463628982   0.35112622408892   0.0788470635381422   0.00564231201189136   0
0.293267939367745   0.366461390155487   0.056575475738763   0.0153351660665666   0
0.20336287197913   0.358547603933357   -0.0899050673886146   -0.00791378622213018   0
0.278167870852644   0.416038168798583   0.0748049988735138   0.0574905648652262   0
0.199144131336078   0.414340175669781   -0.0790237395165659   -0.00169799312880164   0
0.390029631692634   0.477218257592388   0.190885500356556   0.0628780819226066   0
0.42222807173795   0.486104882574174   0.0321984400453163   0.00888662498178572   0
0.330733179830038   0.47134195117093   -0.0914948919079124   -0.0147629314032432   0
0.463661664569974   0.526919946965215   0.132928484739936   0.0555779957942846   0
0.48147351886926   0.530340770342766   0.0178118542992858   0.00342082337755101   0
0.442942452658678   0.53784943631881   -0.0385310662105825   0.00750866597604372   0
0.443066314433766   0.521323906096469   0.000123861775088441   -0.016525530222341   0
0.214854403118477   0.419560568873236   -0.228211911315289   -0.101763337223233   0
0.491258877652495   0.538099109828083   0.276404474534019   0.118538540954847   0
0.496986389652855   0.542784765600154   0.00572751200035904   0.00468565577207081   0
0.404851901367689   0.468155474202442   -0.092134488285166   -0.0746292913977114   0
0.659091357483686   0.658191309219262   0.254239456115997   0.19003583501682   0
0.855630356737181   0.848075473382379   0.196538999253495   0.189884164163117   0
0.850210308676798   0.827678427397649   -0.00542004806038299   -0.0203970459847296   0
0.850502617164389   0.84649654066063   0.000292308487590764   0.0188181132629809   0
0.809708536860705   0.841476819085417   -0.0407940803036841   -0.00501972157521291   0
0.846110886963576   0.86510475536704   0.0364023501028712   0.0236279362816225   0
0.983125279969715   0.774501996910985   0.137014393006139   -0.0906027584560545   0
1.4364467525185   0.372632584305151   0.453321472548782   -0.401869412605834   0
1.23005487903506   0.367160164283961   -0.206391873483438   -0.00547242002119003   0
1.20911522274163   0.926042458404463   -0.0209396562934336   0.558882294120502   0
1.38566107729846   1.00538709675876   0.176545854556836   0.0793446383542946   0
1.3779934727467   0.989250220936312   -0.0076676045517583   -0.0161368758224458   0
