0   0   0   0   0
0.0430514337195932   0.0263628926464647   0.0430514337195932   0.0263628926464647   0
0.0769924207110298   0.0403050943061375   0.0339409869914366   0.0139422016596727   0
0.103981635282829   0.049435444458315   0.0269892145717989   0.00913035015217754   0
0.114544104475321   0.0274595708816204   0.0105624691924918   -0.0219758735766947   0
0.0997782053774381   0.0376117291513957   -0.0147658990978824   0.0101521582697754   0
0.0690534665361923   0.0378334966839344   -0.0307247388412458   0.000221767532538678   0
0.154408459217297   0.0598039760400483   0.0853549926811045   0.0219704793561139   0
0.180025839490222   0.0913001035954478   0.0256173802729251   0.0314961275553995   0
0.104601987340222   0.0373269065230338   -0.0754238521500001   -0.053973197072414   0
0.0896653306918791   0.0389223981240274   -0.0149366566483428   0.00159549160099361   0
0.171501109890624   0.0990179695523662   0.0818357791987454   0.0600955714283388   0
0.169563295488026   0.0619470667678341   -0.00193781440259891   -0.0370709027845321   0
0.174802061486801   0.0388689880134741   0.00523876599877579   -0.02307807875436   0
0.177142960985799   0.0381442378021984   0.00234089949899749   -0.000724750211275722   0
0.166601555169597   0.0282071436595577   -0.0105414058162018   -0.00993709414264074   0
0.136855886055337   0.0353623599766383   -0.0297456691142597   0.00715521631708062   0
0.171640241442565   0.0715884897263832   0.0347843553872271   0.0362261297497449   0
0.197450752559897   0.0827518978474586   0.0258105111173322   0.0111634081210754   0
0.168918587225466   0.0550782869484367   -0.0285321653344305   -0.0276736108990219   0
0.153921824602521   0.0723925267579736   -0.014996762622945   0.0173142398095369   0
0.0978829329195357   0.0516030505768103   -0.0560388916829855   -0.0207894761811634   0
0.10144796316358   0.085095243009065   0.00356503024404428   0.0334921924322547   0
0.18330120228755   0.132091463820632   0.0818532391239697   0.0469962208115669   0
0.144210570120198   0.121295154743331   -0.0390906321673521   -0.010796309077301   0
0.165616348629727   0.117989545727512   0.0214057785095293   -0.00330560901581931   0
0.186376051531079   0.131547878153626   0.0207597029013517   0.013558332426114   0
0.190480637295923   0.130089109916685   0.00410458576484465   -0.00145876823694069   0
0.13904432532162   0.104282244590084   -0.0514363119743028   -0.0258068653266012   0
0.151963233067264   0.103756464246849   0.0129189077456434   -0.000525780343235069   0
0.136669893920534   0.103726804431634   -0.0152933391467297   -2.965981521455e-05   0
0.183672277198859   0.138413003804311   0.0470023832783252   0.0346861993726774   0
0.20539104332123   0.139353052126942   0.0217187661223703   0.000940048322631032   0
0.228638264626553   0.185290001431485   0.0232472213053235   0.0459369493045423   0
0.223677596250039   0.128699991613012   -0.00496066837651407   -0.0565900098184732   0
0.191408003517687   0.133680024137577   -0.0322695927323516   0.00498003252456511   0
0.245964409974138   0.159826970705315   0.0545564064564509   0.0261469465677387   0
0.212049440916133   0.144091957967941   -0.0339149690580051   -0.0157350127373747   0
0.165189635959559   0.111850234176953   -0.0468598049565746   -0.0322417237909873   0
0.253529928793778   0.156540491895123   0.0883402928342192   0.04469025771817   0
0.280281791446533   0.215843534292769   0.0267518626527548   0.0593030423976456   0
0.269588798751022   0.237227450160918   -0.0106929926955104   0.0213839158681494   0
0.205950622320086   0.146588342449978   -0.0636381764309363   -0.0906391077109404   0
0.205488436702676   0.146988803887525   -0.00046218561741021   0.000400461437547156   0
0.199935513692476   0.137850397310955   -0.00555292301019988   -0.00913840657657   0
0.227869241849995   0.120409927151035   0.0279337281575192   -0.0174404701599205   0
0.246005801003324   0.12470638270698   0.0181365591533286   0.0042964555559456   0
0.284750757914906   0.153284884199021   0.0387449569115826   0.0285785014920406   0
0.286365786638736   0.18623321974603   0.00161502872383024   0.0329483355470092   0
0.250192028721725   0.125065932956152   -0.0361737579170118   -0.0611672867898787   0
0.300776987306062   0.114366652318689   0.0505849585843376   -0.010699280637463   0
0.332894434490479   0.0483958278032074   0.032117447184417   -0.0659708245154812   0
0.388293524609108   0.111046669472849   0.0553990901186287   0.0626508416696414   0
0.379141326013049   0.0915772372045267   -0.00915219859605859   -0.019469432268322   0
0.310914348332775   0.0625012620684917   -0.0682269776802745   -0.0290759751360351   0
0.286842518484516   0.0649169717858939   -0.0240718298482591   0.00241570971740225   0
0.360500849259783   0.0991010808801592   0.0736583307752675   0.0341841090942653   0
0.373603470366446   0.0852826753581258   0.0131026211066626   -0.0138184055220334   0
0.398363505155738   0.0989485704238154   0.0247600347892925   0.0136658950656897   0
0.448292817493129   0.132286118290301   0.0499293123373907   0.0333375478664857   0
0.452900229986583   0.0856377525160679   0.00460741249345387   -0.0466483657742332   0
0.662429704295536   0.117535344926593   0.209529474308953   0.0318975924105252   0
0.750961424780016   0.133424881872948   0.0885317204844804   0.0158895369463552   0
0.74375505844158   0.117665991162814   -0.00720636633843685   -0.0157588907101342   0
0.656789026735507   0.131741586679782   -0.086966031706073   0.0140755955169674   0
0.741616377176137   0.145884746674733   0.0848273504406301   0.0141431599949516   0
0.744727881241973   0.141750211966189   0.00311150406583649   -0.00413453470854439   0
0.807130962192674   0.144241914810121   0.0624030809507005   0.00249170284393235   0
0.784817350953917   0.129016173301719   -0.0223136112387562   -0.0152257415084023   0
0.870466502429887   0.152333544350906   0.0856491514759694   0.0233173710491871   0
0.694083083753426   0.0950473367537984   -0.176383418676461   -0.0572862075971074   0
0.235738889899115   0.128448806402074   -0.458344193854311   0.0334014696482751   0
0.316479082483977   0.311837331536643   0.080740192584862   0.18338852513457   0
0.136651681833817   0.300838244581253   -0.17982740065016   -0.01099908695539   0
0.0814032807654348   0.358675690657004   -0.0552484010683819   0.0578374460757503   0
0.153073176942738   0.373122163691398   0.0716698961773034   0.014446473034394   0
0.482901229173075   0.533463378339438   0.329828052230337   0.16034121464804   0
0.59828917260713   0.462350394646933   0.115387943434055   -0.071112983692505   0
