0   0   0   0   0
0.0866183212195032   0.0339384836845624   0.0866183212195032   0.0339384836845624   0
0.0556845904284982   0.0398427043781106   -0.030933730791005   0.00590422069354817   0
0.0685137584150873   0.0467912817291379   0.012829167986589   0.00694857735102729   0
0.0818106207791354   0.0421817652063164   0.0132968623640481   -0.00460951652282153   0
0.0517340149272341   0.0263289501727701   -0.0300766058519012   -0.0158528150335463   0
0.081532443670858   0.0242312405495533   0.0297984287436239   -0.0020977096232168   0
0.0777785459140378   0.0294131941997812   -0.00375389775682021   0.00518195365022791   0
0.101380508356457   0.0585044647210967   0.0236019624424193   0.0290912705213155   0
0.102752786164559   0.0671465540763764   0.00137227780810227   0.00864208935527979   0
0.0931001571934628   0.0378628592482225   -0.00965262897109648   -0.0292836948281539   0
0.0954682462493792   0.0612029928028546   0.0023680890559164   0.0233401335546321   0
0.205036566252374   0.142794994417841   0.109568320002995   0.0815920016149865   0
0.208621321347339   0.118743819239741   0.00358475509496464   -0.0240511751781002   0
0.214949433450282   0.0996380799049305   0.00632811210294287   -0.0191057393348103   0
0.203448980224369   0.0992129936944971   -0.0115004532259128   -0.000425086210433467   0
0.224262220672049   0.11192359364618   0.02081324044768   0.0127105999516831   0
0.237123095542945   0.102808542799955   0.0128608748708959   -0.00911505084622551   0
0.242360009014714   0.0969456232740735   0.00523691347176933   -0.00586291952588108   0
0.24483623865225   0.0986460414570142   0.00247622963753533   0.00170041818294069   0
0.252832985689746   0.102332403823951   0.00799674703749662   0.00368636236693638   0
0.255817856827599   0.148658828213569   0.00298487113785273   0.0463264243896187   0
0.236417379028959   0.114714370975109   -0.0194004777986398   -0.0339444572384605   0
0.251334396674226   0.141815348894   0.0149170176452673   0.0271009779188914   0
0.249262881941105   0.131664551878351   -0.00207151473312087   -0.0101507970156492   0
0.24801388091075   0.129637825681872   -0.00124900103035577   -0.00202672619647951   0
0.268042124394364   0.12664675864332   0.0200282434836148   -0.00299106703855123   0
0.25131773171589   0.0984239193004498   -0.0167243926784747   -0.0282228393428705   0
0.257252787038528   0.0927183983945113   0.00593505532263833   -0.0057055209059385   0
0.247211141633182   0.0992423060833233   -0.0100416454053466   0.00652390768881195   0
0.286898939352028   0.144481483472856   0.0396877977188463   0.0452391773895322   0
0.273168847777104   0.0970536261887141   -0.0137300915749238   -0.0474278572841414   0
0.256839514291931   0.0782558060164519   -0.0163293334851731   -0.0187978201722622   0
0.241252044000088   0.0651057692479384   -0.015587470291843   -0.0131500367685135   0
0.238736958366371   0.0728371866786368   -0.00251508563371675   0.0077314174306984   0
0.259190968001361   0.0750854152339065   0.0204540096349898   0.00224822855526972   0
0.26676233581373   0.0911062524899157   0.00757136781236878   0.0160208372560092   0
0.256183233177888   0.0877813162170157   -0.0105791026358421   -0.00332493627289998   0
0.272087787057462   0.098211835651108   0.0159045538795748   0.0104305194340923   0
0.291075192775337   0.100272830090704   0.0189874057178744   0.00206099443959568   0
0.306093231835421   0.122150857320505   0.015018039060084   0.0218780272298016   0
0.307121889363595   0.119134024823057   0.00102865752817444   -0.00301683249744786   0
0.334436194797358   0.136897659721342   0.0273143054337627   0.0177636348982843   0
0.316208095968824   0.123373336524594   -0.0182280988285337   -0.0135243231967481   0
0.302585733410004   0.115738708687075   -0.0136223625588207   -0.00763462783751918   0
0.303511449677532   0.132769866004962   0.000925716267528187   0.0170311573178873   0
0.297375176963508   0.133235522138587   -0.00613627271402328   0.000465656133625397   0
0.284396317129864   0.114277059023748   -0.0129788598336446   -0.0189584631148395   0
0.303844986466061   0.153211921879578   0.0194486693361975   0.0389348628558301   0
0.306118137924951   0.160119422740673   0.00227315145888962   0.00690750086109507   0
0.29318465355406   0.141294832530213   -0.0129334843708909   -0.01882459021046   0
0.285068883476557   0.119933755517678   -0.00811577007750303   -0.0213610770125346   0
0.278777607141503   0.140379519145736   -0.00629127633505461   0.0204457636280579   0
0.252332140525562   0.131014660433977   -0.0264454666159409   -0.00936485871175891   0
0.207629648987326   0.101495161353818   -0.0447024915382357   -0.029519499080159   0
0.149922403693332   0.0645451294363333   -0.057707245293994   -0.0369500319174849   0
0.120808616205572   0.02541620402523   -0.0291137874877602   -0.0391289254111033   0
0.131598917139936   0.0382205070788826   0.0107903009343639   0.0128043030536526   0
0.12711379422813   0.0386404703393428   -0.00448512291180608   0.000419963260460239   0
0.164061805785991   0.0443927092760552   0.0369480115578619   0.00575223893671237   0
0.230980159384241   0.10460919386118   0.0669183535982492   0.0602164845851247   0
0.20256381661295   0.0687021849279288   -0.0284163427712909   -0.0359070089332511   0
0.104302162178001   0.0415706091351088   -0.0982616544349491   -0.0271315757928201   0
0.11877268934958   0.035833317570426   0.0144705271715795   -0.00573729156468276   0
0.141663422369911   0.0405217059192675   0.0228907330203306   0.00468838834884154   0
0.120944444617357   0.0351754186231284   -0.0207189777525535   -0.00534628729613911   0
