1.78069937260792e-14   3.7442922e-51   0   0   0
0.0505853483741172   0.0236138795327754   0.0505853483740994   0.0236138795327754   0
0.0636333408133847   0.0475667681089425   0.0130479924392675   0.0239528885761671   0
0.0856243423321929   0.0803907327617983   0.0219910015188082   0.0328239646528558   0
0.127843462183221   0.126549268447831   0.0422191198510284   0.0461585356860322   0
0.127602595024099   0.12691431949377   -0.000240867159122748   0.000365051045939702   0
0.158058831361574   0.162076100724714   0.030456236337475   0.0351617812309437   0
0.173275140221249   0.194646010841665   0.015216308859675   0.0325699101169511   0
0.16195565909934   0.194278093637436   -0.0113194811219089   -0.000367917204229518   0
0.172332140453641   0.190449537895265   0.0103764813543009   -0.0038285557421705   0
0.0673629108577826   0.048117862624556   -0.104969229595858   -0.142331675270709   0
0.114663501143682   0.0663535969870585   0.0473005902858994   0.0182357343625025   0
0.117918473257476   0.089020242686003   0.00325497211379393   0.0226666456989445   0
0.114394357457211   0.101018798252157   -0.0035241158002652   0.0119985555661539   0
0.119259862885426   0.120268659854877   0.00486550542821512   0.0192498616027197   0
0.168268556590861   0.149837375244112   0.049008693705435   0.029568715389235   0
0.239836153152766   0.195386834482993   0.0715675965619048   0.0455494592388812   0
0.204099211743098   0.191571072898679   -0.0357369414096676   -0.00381576158431346   0
0.195379421456282   0.202123386505364   -0.00871979028681608   0.0105523136066848   0
0.202554887901023   0.189585274003333   0.00717546644474101   -0.0125381125020309   0
0.19759641414299   0.194173227348856   -0.00495847375803252   0.00458795334552292   0
0.1964329469372   0.176486655361324   -0.00116346720579072   -0.0176865719875322   0
0.135403603165016   0.125973249328319   -0.0610293437721838   -0.0505134060330048   0
0.105097603083613   0.109565635090433   -0.030306000081403   -0.0164076142378868   0
0.121723675305511   0.106457756523039   0.0166260722218978   -0.00310787856739334   0
0.157352401411471   0.130511169824315   0.0356287261059604   0.0240534133012757   0
0.183077380893508   0.162810562217107   0.0257249794820371   0.0322993923927924   0
0.180896168869384   0.179568078556222   -0.00218121202412469   0.0167575163391152   0
0.216635899156779   0.197313550669579   0.035739730287395   0.0177454721133566   0
0.207541243736163   0.187258715480199   -0.00909465542061558   -0.0100548351893796   0
0.199145231567825   0.174171298012879   -0.00839601216833824   -0.0130874174673203   0
0.180552351474641   0.169144412551919   -0.018592880093184   -0.00502688546095975   0
0.174216792631061   0.158652039795628   -0.00633555884358017   -0.0104923727562911   0
0.13253020006487   0.137677240054779   -0.0416865925661904   -0.0209747997408494   0
0.151782050361882   0.149900629244215   0.0192518502970122   0.012223389189436   0
0.134327416063513   0.144825002382382   -0.0174546342983697   -0.00507562686183319   0
0.233414719827422   0.209164111025854   0.0990873037639093   0.0643391086434728   0
0.201357396985927   0.208252220989656   -0.032057322841495   -0.00091189003619857   0
0.193959366762082   0.202773387366149   -0.00739803022384491   -0.00547883362350665   0
0.205015163829415   0.200371169075208   0.0110557970673327   -0.00240221829094145   0
0.228294526211988   0.221009872519676   0.0232793623825728   0.0206387034444681   0
0.237266115019283   0.237321291748563   0.00897158880729509   0.0163114192288871   0
0.266774470699193   0.246731422471823   0.0295083556799101   0.00941013072326025   0
0.278130556258135   0.273738476400828   0.0113560855589421   0.0270070539290054   0
0.244222990659233   0.246919201599056   -0.0339075655989025   -0.0268192748017727   0
0.244448959219517   0.241848433795556   0.00022596856028409   -0.00507076780349938   0
0.252764524369129   0.257711917091859   0.00831556514961243   0.015863483296303   0
0.25444392708447   0.275487901117799   0.00167940271534078   0.0177759840259394   0
0.259953328361514   0.271896246876025   0.0055094012770443   -0.00359165424177366   0
0.20144376464702   0.198541219475698   -0.0585095637144946   -0.0733550274003269   0
0.205641263408972   0.2197134942255   0.004197498761952   0.0211722747498013   0
0.222446584660843   0.242898719100515   0.0168053212518719   0.0231852248750159   0
0.245130094087544   0.237323607248263   0.0226835094267003   -0.00557511185225262   0
0.272916376329705   0.2475231078882   0.0277862822421616   0.0101995006399372   0
0.264365127928067   0.253878241143721   -0.00855124840163823   0.00635513325552128   0
0.263880651768994   0.256000084693343   -0.000484476159073266   0.00212184354962147   0
0.258139414730216   0.251240075822243   -0.00574123703877838   -0.00476000887110006   0
0.171229501421846   0.194608290423934   -0.0869099133083691   -0.0566317853983084   0
0.1788417757136   0.175098900102063   0.00761227429175335   -0.0195093903218711   0
0.174016266826215   0.165494459486012   -0.00482550888738456   -0.00960444061605115   0
0.155746351101131   0.164835952368664   -0.0182699157250839   -0.000658507117347884   0
0.14575259768366   0.169621745750828   -0.00999375341747136   0.00478579338216406   0
0.130498463195373   0.165629805063019   -0.015254134488287   -0.00399194068780911   0
0.159461794187144   0.154886330679332   0.0289633309917714   -0.0107434743836876   0
0.129661597677501   0.149879895361534   -0.0298001965096436   -0.00500643531779707   0
0.11211003117042   0.123421904474104   -0.0175515665070803   -0.0264579908874309   0
0.120902096478198   0.128514340717074   0.00879206530777725   0.00509243624297027   0
0.155709263484353   0.161183950563294   0.0348071670061555   0.0326696098462196   0
0.151697623363433   0.165543843883436   -0.00401164012091976   0.00435989332014225   0
0.164465039687605   0.17292657535343   0.0127674163241716   0.0073827314699943   0
0.164836786247796   0.164252736829271   0.0003717465601909   -0.00867383852415893   0
0.145229834058347   0.156408215149026   -0.0196069521894494   -0.00784452168024469   0
0.16602266860678   0.182538289519669   0.020792834548433   0.0261300743706422   0
0.197853059759814   0.225723038615262   0.0318303911530344   0.0431847490955934   0
0.18508019821481   0.214894076003887   -0.0127728615450037   -0.0108289626113746   0
0.189715442923518   0.187147890353607   0.00463524470870741   -0.0277461856502808   0
0.195835421308587   0.185235308023937   0.00611997838506947   -0.00191258232966932   0
0.203270897026861   0.209024783721109   0.00743547571827377   0.0237894756971715   0
