8.4692078e-15   6.038708e-17   0   0   0
0.0685845854561003   0.0241573106383728   0.0685845854560918   0.0241573106383727   0
0.0653615351182682   0.0326850597362984   -0.00322305033783209   0.00852774909792558   0
0.0418895560665352   0.0261794465290408   -0.023471979051733   -0.00650561320725759   0
0.0480676347214801   0.0454006262039614   0.00617807865494495   0.0192211796749206   0
0.0929238962106639   0.105337635535657   0.0448562614891837   0.0599370093316959   0
0.129740789987215   0.126892450267567   0.0368168937765515   0.0215548147319097   0
0.133538053578122   0.138975190163521   0.00379726359090635   0.012082739895954   0
0.150115071781481   0.170804383450071   0.0165770182033592   0.0318291932865498   0
0.182825689476153   0.1846549027588   0.0327106176946717   0.013850519308729   0
0.181629081489434   0.226292151359183   -0.00119660798671883   0.0416372486003836   0
0.192956719414285   0.23535934448578   0.0113276379248512   0.00906719312659662   0
0.213913866888354   0.233932294598622   0.0209571474740687   -0.00142704988715789   0
0.268454862044961   0.262512474386821   0.054540995156607   0.0285801797881988   0
0.247095885192753   0.268243387105915   -0.0213589768522074   0.00573091271909426   0
0.236321269144387   0.264050225996479   -0.010774616048366   -0.00419316110943668   0
0.270200274156869   0.279427230354323   0.0338790050124821   0.0153770043578448   0
0.318206462723851   0.34082335477338   0.0480061885669818   0.0613961244190571   0
0.312940337095003   0.333469663939116   -0.00526612562884787   -0.00735369083426474   0
0.335673797775093   0.33738993336476   0.0227334606800902   0.00392026942564438   0
0.311815639843609   0.343196542714636   -0.0238581579314843   0.00580660934987565   0
0.294418175275678   0.338414691434848   -0.0173974645679311   -0.00478185127978792   0
0.281894903611261   0.326937157081137   -0.0125232716644173   -0.0114775343537112   0
0.269611731262731   0.341801614373528   -0.0122831723485294   0.0148644572923913   0
0.301074144162238   0.348743324776477   0.0314624128995064   0.00694171040294944   0
0.306337963462694   0.354777533525704   0.00526381930045677   0.00603420874922672   0
0.283661287361896   0.35170673856371   -0.0226766761007989   -0.00307079496199442   0
0.297917580018649   0.35867782578284   0.0142562926567535   0.00697108721912998   0
0.289571470768117   0.347030261020305   -0.00834610925053175   -0.0116475647625349   0
0.313271626851768   0.359977253354139   0.0237001560836502   0.012946992333834   0
0.306107661433737   0.371895589575464   -0.0071639654180306   0.011918336221325   0
0.291106816423081   0.357492504127336   -0.0150008450106555   -0.0144030854481278   0
0.31173169319044   0.376100877317738   0.0206248767673589   0.0186083731904025   0
0.318636791686446   0.375466671049157   0.00690509849600551   -0.000634206268581183   0
0.312349031375058   0.368996575445742   -0.00628776031138772   -0.0064700956034151   0
0.321405352485452   0.383840203678038   0.00905632111039373   0.0148436282322954   0
0.297685500771103   0.379518495277029   -0.0237198517143485   -0.00432170840100843   0
0.288372654300101   0.374165882071171   -0.00931284647100222   -0.00535261320585761   0
0.309270276769969   0.393510990157043   0.0208976224698675   0.0193451080858714   0
0.25854020510631   0.393942547764939   -0.0507300716636583   0.000431557607896094   0
0.30708702918552   0.405153371025504   0.04854682407921   0.0112108232605654   0
0.301110554733557   0.406970395665876   -0.00597647445196375   0.0018170246403712   0
0.297598240727292   0.39879318512997   -0.00351231400626495   -0.00817721053590531   0
0.301924190938115   0.416084787871201   0.00432595021082371   0.0172916027412306   0
0.246503899293773   0.380088026764453   -0.0554202916443421   -0.0359967611067476   0
0.261765913763923   0.38572853938228   0.0152620144701493   0.00564051261782711   0
0.281514011850076   0.394206120569459   0.0197480980861539   0.00847758118717851   0
0.258944217350982   0.374248237915821   -0.0225697944990941   -0.0199578826536375   0
0.279002733914599   0.390410839940932   0.0200585165636163   0.0161626020251102   0
0.27266278144265   0.392311359827698   -0.00633995247194874   0.00190051988676654   0
0.277547916834131   0.397388413824873   0.00488513539148067   0.00507705399717462   0
0.264288811494911   0.406568928574882   -0.0132591053392198   0.00918051475000897   0
0.262817341024058   0.364512396525899   -0.00147147047085244   -0.0420565320489831   0
0.268476406408271   0.368004492612991   0.00565906538421301   0.00349209608709228   0
0.206503438669912   0.334918616615302   -0.0619729677383598   -0.033085875997689   0
0.192620151369895   0.330877332596321   -0.013883287300017   -0.00404128401898129   0
0.201721519987381   0.340747177512913   0.00910136861748656   0.00986984491659249   0
0.175206262226834   0.344827800316178   -0.0265152577605468   0.00408062280326454   0
0.185947627374474   0.35487702970082   0.0107413651476393   0.0100492293846429   0
0.163228227105872   0.348994135354222   -0.0227194002686011   -0.00588289434659883   0
0.154001893913983   0.347638839887267   -0.0092263331918892   -0.00135529546695501   0
0.216811611338837   0.357311156067625   0.062809717424854   0.0096723161803583   0
0.243135887790477   0.371611418733187   0.02632427645164   0.0143002626655617   0
0.20843089954914   0.373090104427647   -0.0347049882413375   0.00147868569446069   0
0.18975159738464   0.372264638497144   -0.0186793021644996   -0.000825465930502922   0
0.203518719714922   0.396980297675346   0.0137671223302824   0.0247156591782016   0
0.181221607915642   0.395269051520596   -0.0222971117992808   -0.0017112461547501   0
0.215330938933457   0.383967803855936   0.0341093310178152   -0.0113012476646597   0
0.279268083807436   0.410748646697104   0.0639371448739789   0.0267808428411679   0
0.307565059643564   0.446626632911247   0.0282969758361284   0.0358779862141428   0
0.274958268831108   0.440280435401508   -0.0326067908124565   -0.0063461975097393   0
