1.43453622968326e-14   1.2566838e-16   0   0   0
0.067573773112801   0.0142172835194655   0.0675737731127866   0.0142172835194653   0
0.105903736180543   0.0874711745789275   0.0383299630677416   0.073253891059462   0
0.120528943483729   0.082652446437065   0.0146252073031866   -0.00481872814186253   0
0.0910339426015946   0.0997792282084444   -0.0294950008821345   0.0171267817713794   0
0.0885747457079744   0.0813329825526691   -0.00245919689362022   -0.0184462456557753   0
0.141856463247189   0.0685423573706212   0.0532817175392147   -0.0127906251820479   0
0.0748226829074138   0.0665688112924662   -0.0670337803397752   -0.00197354607815498   0
0.237922852244255   0.109711820382871   0.163100169336841   0.043143009090405   0
0.226790150554024   0.125540961282335   -0.0111327016902315   0.0158291408994637   0
0.194637912954912   0.111968163932717   -0.0321522375991121   -0.0135727973496177   0
0.274793731715992   0.150765121649914   0.0801558187610805   0.0387969577171964   0
0.472248319558853   0.294887675888036   0.19745458784286   0.144122554238122   0
0.608076816891202   0.318757800291337   0.135828497332349   0.0238701244033014   0
0.563509420453097   0.30426785563948   -0.0445673964381048   -0.0144899446518574   0
0.683295368461414   0.42140733896386   0.119785948008317   0.11713948332438   0
0.702672087133443   0.400767172842351   0.0193767186720289   -0.0206401661215083   0
0.747742578520598   0.450040984903754   0.0450704913871556   0.0492738120614031   0
0.747102165841429   0.423767629808085   -0.000640412679169367   -0.0262733550956697   0
0.811943639746289   0.483249450834056   0.0648414739048602   0.0594818210259715   0
0.964261143274672   0.558046046128615   0.152317503528383   0.0747965952945592   0
0.973316974124074   0.575477027235937   0.00905583084940154   0.0174309811073218   0
0.910533594378597   0.568139833868455   -0.0627833797454768   -0.00733719336748229   0
1.02543879554553   0.645431178400776   0.114905201166937   0.0772913445323214   0
0.983203113574758   0.67991352679655   -0.0422356819707762   0.0344823483957742   0
1.05113269703052   0.708662521272295   0.0679295834557644   0.0287489944757446   0
0.98948429927575   0.668841116042653   -0.0616483977547722   -0.0398214052296422   0
0.877456278995183   0.573205821328865   -0.112028020280566   -0.0956352947137877   0
0.941013263106995   0.607956866425559   0.0635569841118112   0.0347510450966936   0
0.93987733325431   0.630322542745533   -0.00113592985268429   0.0223656763199742   0
1.07802451633963   0.679581371476267   0.138147183085324   0.0492588287307335   0
1.06141488808078   0.700475790691967   -0.0166096282588493   0.0208944192157005   0
1.07934376324729   0.712344633622225   0.0179288751665101   0.0118688429302581   0
1.01355218481859   0.658519015699955   -0.0657915784287013   -0.0538256179222699   0
1.08496626757625   0.684047261450259   0.0714140827576593   0.0255282457503035   0
1.01387778724128   0.638355737943434   -0.0710884803349703   -0.0456915235068245   0
1.0717483446554   0.689548717309342   0.0578705574141181   0.0511929793659074   0
1.19748515284464   0.753237177702604   0.125736808189242   0.0636884603932626   0
1.16375436901994   0.759776743813637   -0.0337307838247063   0.00653956611103257   0
1.30175289064244   0.792389510076644   0.137998521622507   0.0326127662630068   0
1.18035034429258   0.736987166195835   -0.121402546349863   -0.0554023438808086   0
1.19558842307025   0.739576770572524   0.0152380787776718   0.00258960437668854   0
1.16458622249468   0.715286701797485   -0.0310022005755677   -0.0242900687750384   0
1.18998418117625   0.717907681362872   0.0253979586815636   0.00262097956538643   0
1.14750792604525   0.706810513183753   -0.0424762551310005   -0.0110971681791188   0
1.23300177656263   0.758652025832988   0.0854938505173783   0.0518415126492346   0
1.20607871744097   0.736608418984182   -0.0269230591216578   -0.0220436068488057   0
1.14767193951167   0.718776866014264   -0.0584067779292941   -0.0178315529699182   0
1.23300202838603   0.70990493626946   0.0853300888743549   -0.00887192974480311   0
1.21905140652329   0.688907371750334   -0.013950621862743   -0.0209975645191262   0
1.24091773203219   0.683772774238729   0.0218663255089053   -0.00513459751160561   0
1.21381634536271   0.683342952850089   -0.0271013866694849   -0.000429821388640117   0
1.24045414920238   0.679822962684651   0.0266378038396746   -0.00351999016543803   0
1.19128043814394   0.661906931973548   -0.0491737110584438   -0.0179160307111028   0
1.03960637903619   0.556559095898901   -0.151674059107743   -0.105347836074647   0
0.881857001551143   0.430290832348788   -0.157749377485051   -0.126268263550113   0
0.965056711576877   0.452579470617792   0.083199710025734   0.0222886382690047   0
0.958840772915848   0.481551045008774   -0.0062159386610291   0.0289715743909814   0
1.00535384108922   0.508887122159471   0.0465130681733745   0.0273360771506971   0
1.00984630747454   0.527227382470961   0.00449246638532208   0.0183402603114904   0
1.15324258399275   0.644016817943777   0.143396276518204   0.116789435472816   0
1.03327363022794   0.562005966490259   -0.119968953764813   -0.0820108514535181   0
0.984826488739711   0.512374970497151   -0.0484471414882256   -0.0496309959931086   0
1.00353918843523   0.538876502084874   0.0187126996955177   0.0265015315877234   0
1.10186530045523   0.5753990059923   0.0983261120200056   0.0365225039074256   0
0.990498365254011   0.483133721566812   -0.111366935201223   -0.0922652844254876   0
1.15046168195671   0.677048205191581   0.1599633167027   0.193914483624769   0
0.855983690965064   0.59314826136181   -0.294477990991647   -0.0838999438297712   0
0.934467538278764   0.628974699668163   0.0784838473136993   0.0358264383063536   0
1.04176207505663   0.627058911019676   0.107294536777863   -0.00191578864848663   0
0.998515911016384   0.574747641034367   -0.043246164040243   -0.0523112699853093   0
1.07197233000033   0.621464310587166   0.0734564189839463   0.0467166695527989   0
1.05893696779572   0.634979074274505   -0.0130353622046109   0.0135147636873388   0
1.04558434025732   0.645057669966547   -0.0133526275384002   0.0100785956920419   0
1.06431510820779   0.610276388426727   0.0187307679504696   -0.0347812815398195   0
1.03775782579962   0.60541100943498   -0.0265572824081695   -0.00486537899174699   0
1.13523438094214   0.664590925184242   0.0974765551425176   0.0591799157492615   0
1.05096593400546   0.607429219317117   -0.0842684469366803   -0.0571617058671244   0
1.09524723701283   0.611540403979037   0.0442813030073725   0.00411118466191951   0
