1.20176540763255e-14   7.1228625e-17   0   0   0
0.0156248725756717   0.0106758824421353   0.0156248725756597   0.0106758824421352   0
0.0324116134820582   0.0355678112239131   0.0167867409063865   0.0248919287817778   0
0.0291907292004526   0.0439300973051457   -0.00322088428160556   0.00836228608123263   0
0.034812604733001   0.0111047722678176   0.00562187553254836   -0.0328253250373281   0
0.0418498564021565   0.0419905743135862   0.00703725166915548   0.0308858020457686   0
0.0572529252404521   0.029619637190137   0.0154030688382957   -0.0123709371234493   0
0.0518128108813964   0.0522775249007344   -0.00544011435905569   0.0226578877105974   0
0.0230804865899594   0.0536684235325615   -0.028732324291437   0.00139089863182707   0
0.0604848347461441   0.0740288106840429   0.0374043481561847   0.0203603871514815   0
0.0706979382685842   0.0907550574323093   0.0102131035224401   0.0167262467482664   0
0.0356753511962427   0.0398957824849671   -0.0350225870723415   -0.0508592749473422   0
0.0740842791666719   0.0453282926148247   0.0384089279704292   0.00543251012985756   0
0.0373574842611946   0.0355713114849561   -0.0367267949054773   -0.00975698112986861   0
0.0911240425302763   0.0774354368435885   0.0537665582690817   0.0418641253586325   0
0.0527132147559111   0.0659634425367804   -0.0384108277743651   -0.0114719943068081   0
0.0597705958020412   0.0518869080550526   0.00705738104613009   -0.0140765344817278   0
0.0733135518745655   0.0640190255734215   0.0135429560725243   0.0121321175183689   0
0.0454895360987845   0.0683053862924988   -0.027824015775781   0.00428636071907733   0
0.0627564100384342   0.0472056365792459   0.0172668739396496   -0.021099749713253   0
0.0431321750195706   0.0493748193446214   -0.0196242350188635   0.00216918276537555   0
0.0412064470095011   0.0542138981863936   -0.00192572801006951   0.0048390788417722   0
0.0712881567396952   0.0907022042394711   0.0300817097301941   0.0364883060530775   0
0.0737285824665929   0.103387272346063   0.00244042572689765   0.0126850681065918   0
0.0390098048435693   0.0299927212196984   -0.0347187776230236   -0.0733945511263646   0
0.0505275119329536   0.0962330777881437   0.0115177070893843   0.0662403565684453   0
0.0643296977293881   0.0976290427324525   0.0138021857964345   0.0013959649443088   0
0.0796333161858981   0.0961463345577554   0.01530361845651   -0.00148270817469709   0
0.102882661715818   0.111095843709472   0.0232493455299196   0.0149495091517166   0
0.089987445217548   0.0971794993265385   -0.0128952164982698   -0.0139163443829334   0
0.0969535674815037   0.120377041920208   0.00696612226395572   0.0231975425936692   0
0.150925726370996   0.151467003134287   0.0539721588894927   0.0310899612140791   0
0.138662416267997   0.122768491283288   -0.0122633101029998   -0.0286985118509993   0
0.149567443519361   0.129947810947773   0.010905027251364   0.0071793196644855   0
0.131865119176314   0.102143643912955   -0.0177023243430464   -0.0278041670348182   0
0.0844506515439216   0.136889388213792   -0.0474144676323926   0.0347457443008371   0
0.134071732010733   0.124944691218815   0.0496210804668119   -0.0119446969949774   0
0.129451651409641   0.139380562059561   -0.00462008060109231   0.0144358708407463   0
0.0948098167135308   0.117909883750776   -0.0346418346961104   -0.0214706783087844   0
0.138322538465216   0.1467232041432   0.0435127217516849   0.028813320392424   0
0.13390365577781   0.115035995922242   -0.0044188826874052   -0.0316872082209582   0
0.124062489058659   0.162252769727978   -0.00984116671915147   0.0472167738057357   0
0.160197557503814   0.215131583593318   0.0361350684451549   0.0528788138653402   0
0.189184842143867   0.200191814437201   0.0289872846400535   -0.0149397691561169   0
0.218057203098419   0.17638032225428   0.0288723609545513   -0.0238114921829211   0
0.221346137569718   0.183175490337905   0.0032889344712996   0.0067951680836249   0
0.215129633736514   0.217567323418849   -0.00621650383320438   0.0343918330809443   0
0.238901230638939   0.239724380372124   0.0237715969024247   0.0221570569532749   0
0.212477658635536   0.235160050018035   -0.0264235720034026   -0.00456433035408935   0
0.275267021368343   0.280853305008353   0.0627893627328065   0.0456932549903184   0
0.296409704888297   0.298938907473525   0.0211426835199541   0.0180856024651713   0
0.289697690519393   0.325909603903874   -0.00671201436890406   0.0269706964303495   0
0.333203027630442   0.351402225646581   0.0435053371110494   0.0254926217427063   0
0.339320968321349   0.345697109631719   0.00611794069090743   -0.0057051160148614   0
0.355142737001593   0.377514471271756   0.0158217686802436   0.0318173616400369   0
0.359043881567519   0.39371858940633   0.00390114456592611   0.0162041181345736   0
0.369615820116984   0.395218177836464   0.0105719385494654   0.00149958843013387   0
0.437959567225481   0.483877584145759   0.0683437471084962   0.0886594063092958   0
0.466592577660355   0.5282430190014   0.0286330104348744   0.0443654348556404   0
0.469155622422093   0.53206371670932   0.00256304476173846   0.00382069770792037   0
0.477069428935141   0.557100384715835   0.00791380651304774   0.0250366680065149   0
0.504005007845972   0.569482074705799   0.0269355789108304   0.0123816899899641   0
0.467725628807835   0.579766879797371   -0.0362793790381367   0.0102848050915718   0
0.512421147132935   0.594847653227638   0.0446955183250999   0.0150807734302669   0
0.490898041455429   0.600646553426349   -0.0215231056775055   0.00579890019871099   0
0.530633978446435   0.639255768105459   0.0397359369910054   0.0386092146791104   0
0.558414928569299   0.704226725882837   0.0277809501228643   0.0649709577773778   0
0.494704021883732   0.664644202686958   -0.0637109066855674   -0.0395825231958791   0
0.490361717931555   0.642219925671914   -0.00434230395217711   -0.0224242770150443   0
0.532885470241206   0.662234812802444   0.0425237523096518   0.0200148871305303   0
0.534283513897297   0.666363444770403   0.00139804365609031   0.00412863196795921   0
0.537880941021869   0.657611939037912   0.00359742712457212   -0.0087515057324915   0
0.566708640727565   0.680380116100617   0.0288276997056963   0.022768177062705   0
0.575174278844425   0.684474330272453   0.0084656381168603   0.00409421417183631   0
