7.1054274e-15   0   0   0   0
0.0975383937709695   0.0365440319706844   0.0975383937709624   0.0365440319706844   0
0.0406538303828684   0.0180063823937565   -0.0568845633881011   -0.018537649576928   0
0.0584436586825852   0.0271859039434874   0.0177898282997169   0.00917952154973096   0
0.0297197304568094   0.0388151991157816   -0.0287239282257759   0.0116292951722942   0
0.106475207011896   0.075381088331695   0.0767554765550866   0.0365658892159135   0
0.0242623922169771   0.0487866840836048   -0.0822128147949189   -0.0265944042480902   0
0.0523948065900277   0.0522240298993465   0.0281324143730506   0.00343734581574166   0
0.0689935464666201   0.111288241316187   0.0165987398765924   0.059064211416841   0
0.0538427539878101   0.114214028268603   -0.01515079247881   0.00292578695241548   0
0.139086268632427   0.140764115386688   0.0852435146446166   0.026550087118085   0
0.0948816955831948   0.169135985826021   -0.0442045730492318   0.0283718704393335   0
0.077223752113827   0.103254919321585   -0.0176579434693678   -0.0658810665044364   0
0.0609609747027287   0.128503417318952   -0.0162627774110983   0.0252484979973667   0
0.0994291835155429   0.15697957017038   0.0384682088128142   0.0284761528514284   0
0.133336030068497   0.168403281711244   0.0339068465529544   0.0114237115408639   0
0.203936224050353   0.16673986830517   0.0706001939818559   -0.00166341340607346   0
0.343964134440631   0.164798855878422   0.140027910390278   -0.00194101242674841   0
0.319741856002356   0.133253960431042   -0.0242222784382746   -0.03154489544738   0
0.324653431140993   0.154317813892595   0.00491157513863649   0.0210638534615531   0
0.432127050813346   0.168717722942123   0.107473619672353   0.014399909049528   0
0.420475106853014   0.150174130718016   -0.0116519439603321   -0.0185435922241071   0
0.437691084000557   0.127982386091184   0.0172159771475426   -0.0221917446268322   0
0.369214464935445   0.122749820043983   -0.0684766190651119   -0.00523256604720065   0
0.431634728232728   0.179144950589669   0.062420263297283   0.0563951305456862   0
0.398477724561736   0.143840527072055   -0.0331570036709917   -0.0353044235176147   0
0.432669895111932   0.16347132779505   0.0341921705501959   0.0196308007229952   0
0.430870468853176   0.169283148987738   -0.00179942625875618   0.00581182119268839   0
0.443261030855853   0.16721211355367   0.012390562002677   -0.00207103543406778   0
0.437506023316477   0.165376820372479   -0.00575500753937552   -0.00183529318119147   0
0.422217157361254   0.186746580570298   -0.0152888659552232   0.0213697601978195   0
0.383962063769016   0.128532143311084   -0.0382550935922379   -0.0582144372592141   0
0.40125615763185   0.162236158555899   0.0172940938628335   0.0337040152448148   0
0.329420677793866   0.206535495818471   -0.0718354798379837   0.0442993372625721   0
0.387543156953938   0.229256755390199   0.0581224791600723   0.0227212595717283   0
0.357389909634688   0.240978749816458   -0.0301532473192498   0.0117219944262587   0
0.334458795357341   0.287525733093783   -0.0229311142773473   0.0465469832773244   0
0.354599807888023   0.284635145296657   0.0201410125306818   -0.00289058779712542   0
0.379886844175319   0.301624771921643   0.0252870362872963   0.0169896266249854   0
0.343695036042086   0.326074229138286   -0.0361918081332328   0.024449457216643   0
0.439445084988141   0.335577645733164   0.0957500489460542   0.00950341659487858   0
0.517086930695874   0.319785988561774   0.0776418457077332   -0.0157916571713902   0
0.627740539085341   0.282322934554279   0.110653608389467   -0.0374630540074953   0
0.529598373054329   0.307869077255505   -0.0981421660310127   0.0255461427012266   0
0.566565305228801   0.295271088060291   0.0369669321744728   -0.012597989195214   0
0.470510081541812   0.33484200155262   -0.0960552236869897   0.0395709134923286   0
0.504914332350205   0.324119918406729   0.0344042508083937   -0.0107220831458905   0
0.467343219317564   0.302284371864875   -0.0375711130326412   -0.021835546541854   0
0.398566883670462   0.347239573399809   -0.0687763356471026   0.0449552015349339   0
0.514089921541972   0.33096200162743   0.11552303787151   -0.0162775717723788   0
0.485105050310483   0.299156559424862   -0.0289848712314887   -0.031805442202568   0
0.492874435360052   0.28812573818549   0.00776938504956842   -0.0110308212393722   0
0.506431552186323   0.289236815235008   0.0135571168262716   0.00111107704951735   0
0.511258887449186   0.290104392713416   0.00482733526286305   0.000867577478407933   0
0.485521837253419   0.297759730680562   -0.0257370501957671   0.00765533796714668   0
0.51139691591374   0.330289552753527   0.0258750786603209   0.0325298220729644   0
0.553564007369424   0.327347583802602   0.042167091455684   -0.00294196895092469   0
0.421633805259356   0.360082826734783   -0.131930202110068   0.0327352429321812   0
0.531068647308728   0.356009917890016   0.109434842049372   -0.00407290884476685   0
0.559273284487467   0.305668103451126   0.0282046371787384   -0.0503418144388904   0
0.559120275482516   0.299121441476994   -0.000153009004950855   -0.00654666197413212   0
0.639061181064816   0.295771872390911   0.0799409055823004   -0.0033495690860833   0
0.631302721205576   0.307257249257237   -0.00775845985924051   0.0114853768663269   0
0.541859758290306   0.2971882575233   -0.0894429629152695   -0.0100689917339379   0
0.518137449654641   0.326236948544293   -0.0237223086356648   0.0290486910209931   0
0.551097237253972   0.320538278404873   0.0329597875993302   -0.00569867013941927   0
0.486464683211387   0.360630658676399   -0.0646325540425845   0.0400923802715252   0
0.4965874844619   0.341266473319782   0.0101228012505127   -0.0193641853566167   0
0.486623551846105   0.340233382417365   -0.00996393261579509   -0.00103309090241649   0
0.506650107362006   0.360641382197204   0.020026555515901   0.020407999779839   0
0.494810974248227   0.348599936377216   -0.0118391331137787   -0.0120414458199887   0
0.51786346139346   0.340482834390825   0.0230524871452332   -0.00811710198639048   0
0.51170474233076   0.361254696686144   -0.00615871906270027   0.0207718622953182   0
0.603649113678144   0.359188699098765   0.0919443713473838   -0.00206599758737869   0
0.674447418096627   0.348384323084803   0.0707983044184834   -0.0108043760139614   0
0.611984834447576   0.353018968639451   -0.0624625836490511   0.00463464555464793   0
0.546327945980301   0.346110920287702   -0.0656568884672754   -0.00690804835174891   0
