1.2782291166919e-14   3.8518599e-32   0   0   0
0.0408946909543815   0.0100954063634765   0.0408946909543687   0.0100954063634765   0
0.0200870784423728   0.0148619420960056   -0.0208076125120086   0.00476653573252905   0
0.0666904024315072   0.0195075916025673   0.0466033239891344   0.00464564950656168   0
0.0733041706084289   0.0451898007894383   0.00661376817692172   0.0256822091868711   0
0.10216741149794   0.0464740049240622   0.028863240889511   0.00128420413462389   0
0.032533200900446   0.0498163870946756   -0.0696342105974939   0.0033423821706134   0
0.0864468191376411   0.0482908899591737   0.0539136182371951   -0.00152549713550188   0
0.0780329615563157   0.0505028188936443   -0.00841385758132546   0.00221192893447062   0
0.0565737328119702   0.0572804532685002   -0.0214592287443455   0.00677763437485587   0
0.0593591002723647   0.0368685287467665   0.00278536746039452   -0.0204119245217337   0
0.0750631233512239   0.0387296964091888   0.0157040230788592   0.00186116766242233   0
0.0799170127494433   0.0488989530844605   0.00485388939821942   0.0101692566752717   0
0.0799587410880697   0.0491877399481959   4.17283386263817e-05   0.000288786863735464   0
0.0898148417239045   0.0576254051610881   0.00985610063583477   0.00843766521289217   0
0.0931879708112545   0.0371883874700376   0.00337312908734999   -0.0204370176910505   0
0.0773481038467565   0.0357772725535775   -0.0158398669644979   -0.0014111149164601   0
0.108147799647518   0.0531326649997581   0.0307996958007617   0.0173553924461806   0
0.119995754086063   0.0534075986065306   0.011847954438545   0.00027493360677245   0
0.139936129017216   0.0819363223389782   0.0199403749311524   0.0285287237324476   0
0.151290275664955   0.0924756169345534   0.0113541466477398   0.0105392945955753   0
0.142532918655508   0.0743127962290203   -0.00875735700944721   -0.0181628207055331   0
0.117587843937325   0.0788698813490078   -0.0249450747181835   0.00455708511998748   0
0.137733431786239   0.0933317406465755   0.0201455878489138   0.0144618592975677   0
0.159113438442124   0.0958470469217302   0.0213800066558858   0.00251530627515464   0
0.169284043326775   0.0999969924577373   0.0101706048846502   0.00414994553600713   0
0.157668660858529   0.100113407770846   -0.0116153824682452   0.000116415313109033   0
0.169426146825724   0.0873139868805459   0.0117574859671944   -0.0127994208903005   0
0.194562981021711   0.109938380013854   0.0251368341959874   0.0226243931333077   0
0.173656154990434   0.117392109780599   -0.0209068260312769   0.00745372976674524   0
0.176906814288931   0.123088549282023   0.00325065929849644   0.00569643950142447   0
0.17823390441997   0.12879464665951   0.00132709013103888   0.0057060973774867   0
0.180050052723373   0.11741767496956   0.00181614830340326   -0.0113769716899504   0
0.174860411045556   0.126555303744405   -0.0051896416778171   0.00913762877484581   0
0.186602032835201   0.144366867543713   0.0117416217896452   0.0178115637993078   0
0.208427711923922   0.14411035110957   0.021825679088721   -0.000256516434143511   0
0.193709713179652   0.145491399437876   -0.01471799874427   0.00138104832830585   0
0.16995823220204   0.142348386876241   -0.0237514809776124   -0.00314301256163452   0
0.179710289633512   0.137777626899772   0.00975205743147298   -0.00457075997646955   0
0.198293072773749   0.158473266238688   0.0185827831402369   0.0206956393389165   0
0.198338537448551   0.154959663772408   4.54646748020704e-05   -0.00351360246628038   0
0.190471599218751   0.16734050831337   -0.0078669382298002   0.0123808445409622   0
0.200920387958531   0.156200429339142   0.0104487887397794   -0.011140078974228   0
0.195126315303064   0.162229902189033   -0.00579407265546644   0.00602947284989086   0
0.177923307985793   0.176849286247862   -0.0172030073172711   0.0146193840588293   0
0.209850420447473   0.168159982537898   0.0319271124616798   -0.00868930370996418   0
0.246775447783879   0.175771699669171   0.036925027336406   0.0076117171312732   0
0.202338716310638   0.179915727981978   -0.0444367314732405   0.00414402831280725   0
0.223570974200087   0.177111053448222   0.0212322578894485   -0.00280467453375613   0
0.180053953064813   0.150111036339994   -0.0435170211352738   -0.0270000171082279   0
0.170218141112842   0.149555215357601   -0.00983581195197147   -0.000555820982393512   0
0.161872012640421   0.133718094707628   -0.00834612847242053   -0.0158371206499724   0
0.163027303313298   0.131384737037483   0.00115529067287645   -0.00233335767014531   0
0.154093552271408   0.144701572632106   -0.0089337510418899   0.0133168355946227   0
0.144427078273411   0.154316887843286   -0.00966647399799714   0.00961531521118045   0
0.14245992537282   0.155288322566312   -0.0019671529005906   0.000971434723025411   0
0.141464729372519   0.147725300579975   -0.000995196000300486   -0.00756302198633668   0
0.144017327304282   0.158012406233079   0.00255259793176235   0.010287105653104   0
0.148356080245893   0.154577048246756   0.00433875294161074   -0.00343535798632344   0
0.151459914036878   0.169576877320547   0.00310383379098567   0.0149998290737911   0
0.16981515024864   0.1742643323668   0.0183552362117616   0.00468745504625376   0
0.153922041948969   0.185037664989654   -0.0158931082996705   0.010773332622854   0
0.137221041971671   0.190040770622344   -0.0167009999772983   0.00500310563268996   0
0.138038077269902   0.186536168085896   0.00081703529823085   -0.00350460253644869   0
0.129816873543685   0.193972080344925   -0.00822120372621718   0.00743591225902909   0
0.121016983293302   0.205180656575093   -0.008799890250383   0.0112085762301679   0
0.0964217842131146   0.200082339221236   -0.0245951990801872   -0.00509831735385649   0
0.105031578932961   0.18787518337949   0.00860979471984633   -0.0122071558417456   0
0.100385768528098   0.196794653988797   -0.00464581040486303   0.00891947060930701   0
0.116862618803444   0.2033677829357   0.0164768502753461   0.00657312894690301   0
0.130432361976291   0.201095431514875   0.0135697431728469   -0.00227235142082541   0
0.149112852070386   0.211080815471   0.0186804900940947   0.00998538395612522   0
0.111680153966374   0.227628003501999   -0.0374326981040118   0.0165471880309984   0
0.0954236972664422   0.215049745388144   -0.0162564566999315   -0.0125782581138548   0
0.105220796613715   0.208054101664979   0.00979709934727295   -0.00699564372316533   0
0.10856167460659   0.159442245315284   0.00334087799287459   -0.0486118563496948   0
0.110354926884007   0.139567678069847   0.00179325227741717   -0.0198745672454365   0
0.0772965750227361   0.155925163870426   -0.0330583518612708   0.0163574858005785   0
0.084781911374153   0.164844429186033   0.0074853363514169   0.00891926531560727   0
