0   0   0   0   0
0.143298736855954   0.134973182490244   0.143298736855954   0.134973182490244   0
0.0980904691779185   0.175235088646528   -0.045208267678035   0.040261906156284   0
0.0802626674412205   0.175080356381622   -0.0178278017366981   -0.000154732264905838   0
0.0743959035343397   0.1311298098175   -0.00586676390688075   -0.0439505465641224   0
0.145620973648394   0.268911008175025   0.0712250701140539   0.137781198357525   0
0.122139796525493   0.245981867763717   -0.0234811771229003   -0.0229291404113072   0
0.146516258458272   0.28722212798067   0.0243764619327782   0.0412402602169527   0
0.164859200924082   0.280789591540042   0.0183429424658106   -0.00643253644062852   0
0.1582977951146   0.290727306502701   -0.00656140580948236   0.00993771496265966   0
0.0948951058204608   0.265045782205384   -0.063402689294139   -0.0256815242973173   0
0.140751234007582   0.284742557441796   0.0458561281871214   0.0196967752364124   0
0.165003245600972   0.281120080390451   0.0242520115933902   -0.003622477051345   0
0.122097563720527   0.281956366135532   -0.0429056818804457   0.000836285745080434   0
0.156394899953015   0.299162533047002   0.0342973362324884   0.0172061669114698   0
0.16432507476104   0.287014084191449   0.00793017480802499   -0.0121484488555524   0
0.159456380420605   0.279537163831921   -0.00486869434043469   -0.00747692035952785   0
0.187766114586735   0.292663957741176   0.0283097341661294   0.0131267939092548   0
0.318055377355213   0.416343556180286   0.130289262768478   0.123679598439109   0
0.184223198711628   0.769093258501926   -0.133832178643585   0.35274970232164   0
0.508688724826881   0.641419869101186   0.324465526115253   -0.12767338940074   0
0.324007227662524   0.527354891920951   -0.184681497164358   -0.114064977180236   0
0.3058060996314   0.532455379338913   -0.0182011280311234   0.0051004874179621   0
0.31692778019163   0.557711512267398   0.0111216805602302   0.0252561329284855   0
0.312094393196595   0.562030326634637   -0.00483338699503494   0.00431881436723902   0
0.354536632598803   0.593952000898832   0.0424422394022076   0.0319216742641943   0
0.370055975857522   0.618084477234961   0.0155193432587187   0.0241324763361296   0
0.341846405300517   0.605672356843726   -0.0282095705570044   -0.0124121203912354   0
0.55424353736702   0.75736616195406   0.212397132066502   0.151693805110334   0
0.535412135128282   0.776078401810572   -0.0188314022387377   0.0187122398565126   0
0.410501295724624   0.688846171264555   -0.124910839403658   -0.0872322305460178   0
0.427919053964728   0.686617142332125   0.0174177582401047   -0.00222902893243004   0
0.401137344997878   0.689642948803271   -0.0267817089668503   0.00302580647114603   0
0.433282479107373   0.725021358218335   0.032145134109495   0.0353784094150642   0
0.491430535195232   0.760805950561079   0.0581480560878591   0.0357845923427444   0
0.494608790321725   0.771664594998206   0.00317825512649272   0.0108586444371269   0
0.447603311021246   0.745955278942893   -0.0470054793004789   -0.0257093160553133   0
0.456042193321734   0.787137807369652   0.00843888230048795   0.0411825284267593   0
0.509196918101504   0.824903485319216   0.0531547247797702   0.0377656779495641   0
0.526848437796129   0.814187834562763   0.0176515196946245   -0.0107156507564535   0
0.440262417294222   0.755961863799484   -0.0865860205019062   -0.0582259707632785   0
0.456861265442364   0.800392664668752   0.0165988481481413   0.0444308008692677   0
0.514398796986074   0.846926504311187   0.0575375315437101   0.046533839642435   0
0.482458216915408   0.827686646214746   -0.0319405800706657   -0.0192398580964409   0
0.509262223431483   0.862462247765901   0.0268040065160747   0.0347756015511554   0
0.505722876885134   0.870609472522734   -0.0035393465463488   0.00814722475683261   0
0.497179485115633   0.876957655088255   -0.00854339176950097   0.00634818256552117   0
0.714568942113322   1.05948370714799   0.217389456997689   0.182526052059736   0
0.672762276857894   1.02471062033964   -0.0418066652554273   -0.0347730868083509   0
0.687662491334694   1.02242354079425   0.0149002144767998   -0.00228707954539398   0
0.65940468909112   1.0405450308715   -0.0282578022435739   0.0181214900772506   0
0.646208989766092   1.0390317418872   -0.013195699325028   -0.00151328898430059   0
0.672623196406653   1.04503182615676   0.0264142066405612   0.00600008426956666   0
0.713816670589684   1.04649658865373   0.0411934741830302   0.00146476249696548   0
0.696840326081285   1.03005694919987   -0.0169763445083989   -0.0164396394538557   0
0.690227202568389   1.02723891485558   -0.00661312351289522   -0.00281803434429162   0
0.736747887233412   1.06654817132155   0.0465206846650221   0.0393092564659716   0
0.744430656058989   1.08819217116379   0.00768276882557772   0.0216439998422333   0
0.729515127720598   1.09678897999463   -0.014915528338391   0.00859680883084479   0
0.751943280354949   1.09431124547363   0.0224281526343503   -0.00247773452099631   0
0.717945895242403   1.06284019455676   -0.0339973851125451   -0.0314710509168779   0
0.727696626497721   1.07325662618823   0.009750731255318   0.0104164316314714   0
0.731076721673676   1.09260854567461   0.00338009517595461   0.0193519194863829   0
0.621569175430406   1.04207456545124   -0.10950754624327   -0.050533980223366   0
0.79913941871208   1.15856334592535   0.177570243281674   0.116488780474102   0
0.780451796150412   1.06570035114392   -0.0186876225616677   -0.0928629947814219   0
0.718807834607345   1.06099696003683   -0.0616439615430671   -0.00470339110709728   0
0.742847938141545   1.07847684100617   0.0240401035342001   0.0174798809693377   0
0.76279505547838   1.09165204805764   0.0199471173368349   0.0131752070514779   0
0.759443168084379   1.08313965013771   -0.00335188739400072   -0.00851239791993641   0
0.746158978939911   1.08565871425903   -0.0132841891444687   0.00251906412132019   0
0.741791539795343   1.10965316708722   -0.0043674391445675   0.0239944528281955   0
0.752275762783851   1.11484051609706   0.0104842229885082   0.00518734900983353   0
0.757091556970767   1.12239211696114   0.00481579418691547   0.00755160086408613   0
0.442373450462942   1.09468259007872   -0.314718106507825   -0.0277095268824243   0
0.447428458188674   1.0305075694952   0.00505500772573197   -0.064175020583515   0
0.198955490451267   0.800979430566097   -0.248472967737407   -0.229528138929106   0
0.229538552173902   1.02824041508479   0.0305830617226353   0.22726098451869   0
0.266913767149242   0.999760178728232   0.0373752149753403   -0.0284802363565543   0
