1.1051284e-14   3.17637455e-50   0   0   0
0.0152481799643065   0.0148121985408071   0.0152481799642954   0.0148121985408071   0
0.0346014403191707   0.0153555062540984   0.0193532603548643   0.000543307713291306   0
0.0229598216327598   0.0148740494993974   -0.0116416186864109   -0.000481456754701001   0
0.0108163299060327   0.0259879437392888   -0.0121434917267271   0.0111138942398915   0
0.0137889656366448   0.0265284471395473   0.00297263573061202   0.000540503400258508   0
0.0311106257226176   0.0303105003553543   0.0173216600859729   0.00378205321580696   0
0.024870545706617   0.0359023508063573   -0.00624008001600062   0.00559185045100303   0
0.00913573039831011   0.0393216238405581   -0.0157348153083069   0.00341927303420078   0
0.00681294637486243   0.0308157698841074   -0.00232278402344768   -0.0085058539564507   0
0.0268818767859855   0.0243871262018706   0.0200689304111231   -0.00642864368223683   0
0.0494737891762894   0.0340750381588822   0.0225919123903039   0.00968791195701169   0
0.0432350633219172   0.0301279298288887   -0.00623872585437217   -0.00394710832999355   0
0.0751643170997842   0.0454248820777616   0.0319292537778669   0.0152969522488729   0
0.038958845721563   0.051956738369159   -0.0362054713782211   0.00653185629139743   0
0.0307767092205123   0.0387775754518178   -0.00818213650105068   -0.0131791629173412   0
0.0310471807369649   0.0250366792625311   0.000270471516452587   -0.0137408961892867   0
0.0394249520492591   0.0224949484110688   0.00837777131229413   -0.00254173085146233   0
0.050551133535297   0.036107180925099   0.011126181486038   0.0136122325140302   0
0.0329054618966956   0.0254951545007696   -0.0176456716386014   -0.0106120264243294   0
0.0880752291335592   0.036404910495093   0.0551697672368636   0.0109097559943234   0
0.0341961668927937   0.0414992099028631   -0.0538790622407655   0.00509429940777014   0
0.034196922255739   0.0422656106731493   7.55362945296933e-07   0.000766400770286113   0
0.0280098849288289   0.0445002026584781   -0.00618703732691009   0.00223459198532888   0
0.0404830214191603   0.0437236382892098   0.0124731364903314   -0.000776564369268366   0
0.0261092919891667   0.0491295705442733   -0.0143737294299936   0.00540593225506351   0
0.0494364874783944   0.0538677812968148   0.0233271954892277   0.00473821075254156   0
0.0418497260827857   0.0697152557467943   -0.00758676139560864   0.0158474744499795   0
0.0630410111818843   0.072953195878827   0.0211912850990985   0.00323794013203267   0
0.104171805495022   0.0804236927467716   0.041130794313138   0.00747049686794465   0
0.0773269780759069   0.0638249037566238   -0.0268448274191154   -0.0165987889901478   0
0.0862638406090768   0.0725761516439147   0.0089368625331699   0.00875124788729091   0
0.0942914083180853   0.0728354305037374   0.00802756770900852   0.000259278859822673   0
0.109952635841864   0.0665680791180533   0.0156612275237789   -0.00626735138568407   0
0.119934689648654   0.0616276216280228   0.00998205380679006   -0.00494045749003047   0
0.0994741743203765   0.0516168861140915   -0.0204605153282777   -0.0100107355139313   0
0.0957273277515633   0.0479496744001539   -0.0037468465688132   -0.00366721171393764   0
0.119272578029463   0.0649400257193068   0.0235452502778995   0.016990351319153   0
0.115990487796799   0.067142541319833   -0.00328209023266372   0.00220251560052616   0
0.147402787241409   0.0720897749744034   0.0314122994446099   0.00494723365457042   0
0.120974355461451   0.0618220893098664   -0.0264284317799576   -0.0102676856645371   0
0.122807989255511   0.0842058438411115   0.00183363379405929   0.0223837545312451   0
0.14362870440152   0.0745213591813472   0.0208207151460092   -0.00968448465976425   0
0.16202671309727   0.0720908869333427   0.0183980086957505   -0.00243047224800448   0
0.131310846326818   0.0503619065353896   -0.030715866770452   -0.0217289803979531   0
0.144928299214393   0.0594931690947415   0.0136174528875752   0.00913126255935188   0
0.16333054784134   0.0665450187358215   0.0184022486269463   0.00705184964107999   0
0.144439666248372   0.0493911554881415   -0.0188908815929675   -0.0171538632476801   0
0.15393006612648   0.0663591391322556   0.00949039987810726   0.0169679836441141   0
0.112633770324551   0.0763132581982149   -0.0412962958019285   0.00995411906595928   0
0.124280294861992   0.0720578126536757   0.0116465245374414   -0.00425544554453912   0
0.144640937676252   0.0670941618663465   0.0203606428142591   -0.00496365078732924   0
0.120642205531419   0.057277463020279   -0.0239987321448327   -0.00981669884606748   0
0.135778611512031   0.0537458030667901   0.015136405980612   -0.00353165995348889   0
0.115850793247182   0.0643361619735176   -0.0199278182648486   0.0105903589067274   0
0.140272751629394   0.0781056079146393   0.0244219583822113   0.0137694459411218   0
0.16086961794714   0.133403034595983   0.0205968663177466   0.0552974266813434   0
0.151995619986565   0.115498683098026   -0.00887399796057567   -0.0179043514979566   0
0.141417407739318   0.109607505649485   -0.0105782122472462   -0.00589117744854135   0
0.117021520871994   0.103735556469218   -0.0243958868673245   -0.00587194918026727   0
0.111315089289935   0.0902060307585255   -0.00570643158205922   -0.0135295257106921   0
0.147983804527385   0.0919067513093039   0.0366687152374507   0.00170072055077843   0
0.135685030122324   0.0924864181100808   -0.0122987744050611   0.000579666800776868   0
0.138063363156778   0.0980543912005502   0.00237833303445378   0.00556797309046946   0
0.113511711298064   0.103143897692349   -0.0245516518587141   0.00508950649179848   0
0.145067027119347   0.0982776823208555   0.0315553158212831   -0.00486621537149318   0
0.153068719702507   0.116011972271568   0.00800169258315983   0.0177342899507122   0
0.117834804119204   0.100357893112081   -0.035233915583303   -0.0156540791594865   0
0.120745173313225   0.11631603290277   0.00291036919402063   0.0159581397906891   0
0.140691442968059   0.0996909905385277   0.0199462696548346   -0.0166250423642426   0
0.0934469746680036   0.0988301030681937   -0.0472444683000556   -0.000860887470333999   0
0.134422169409787   0.110349599788679   0.040975194741783   0.0115194967204854   0
0.169305530861832   0.109544738718238   0.0348833614520458   -0.000804861070441448   0
