1.0878765e-14   3.8518599e-32   0   0   0
0.0306061227434656   0.0171796347331493   0.0306061227434547   0.0171796347331493   0
0.0565670051289657   0.0231615214124709   0.0259608823855001   0.00598188667932152   0
0.0612069488848429   0.0234105497113472   0.00463994375587723   0.000249028298876387   0
0.0844880822851513   0.0403493573744626   0.0232811334003084   0.0169388076631153   0
0.0816784631668867   0.0348115612167778   -0.00280961911826463   -0.00553779615768474   0
0.105589803812896   0.0465895772658553   0.0239113406460096   0.0117780160490775   0
0.162905160921512   0.0590542354153233   0.0573153571086156   0.0124646581494679   0
0.189586585691971   0.0769984435923526   0.0266814247704596   0.0179442081770293   0
0.183958703349805   0.0636588519773086   -0.00562788234216691   -0.013339591615044   0
0.208088319449012   0.0674319115699426   0.0241296160992074   0.00377305959263396   0
0.216696863901834   0.0782373743507547   0.00860854445282236   0.0108054627808121   0
0.211103827656244   0.0702926508126889   -0.00559303624559035   -0.00794472353806576   0
0.209647522060685   0.065984427191238   -0.0014563055955587   -0.00430822362145092   0
0.213297190525039   0.0848897398705994   0.00364966846435405   0.0189053126793614   0
0.237848900250602   0.101751722553279   0.0245517097255628   0.0168619826826792   0
0.242029021601407   0.0895339718478545   0.00418012135080464   -0.0122177507054241   0
0.244791054797006   0.0957009933106321   0.00276203319559934   0.00616702146277766   0
0.207083456732972   0.0758409105198291   -0.0377075980640337   -0.019860082790803   0
0.181634500445847   0.0482269246211216   -0.0254489562871249   -0.0276139858987075   0
0.182784226745533   0.0220077415451354   0.00114972629968557   -0.0262191830759863   0
0.20838221184744   0.0281513713890285   0.0255979851019074   0.00614362984389311   0
0.24628793163658   0.087062666528187   0.03790571978914   0.0589112951391585   0
0.25128963331354   0.0949102242282454   0.00500170167695921   0.00784755770005843   0
0.230504431663834   0.0828301320669612   -0.0207852016497058   -0.0120800921612842   0
0.232477188404854   0.0648115101162566   0.00197275674102068   -0.0180186219507047   0
0.2395862822217   0.0709312684809526   0.00710909381684577   0.00611975836469604   0
0.252279519852653   0.0872136272418739   0.012693237630953   0.0162823587609213   0
0.208413910692156   0.0896469135749198   -0.0438656091604977   0.0024332863330459   0
0.215570806803771   0.0785227033614819   0.0071568961116151   -0.0111242102134379   0
0.264809780397662   0.0921448574437103   0.0492389735938911   0.0136221540822284   0
0.226778151247775   0.0773438410102355   -0.0380316291498867   -0.0148010164334748   0
0.245685671601305   0.0902749037114627   0.0189075203535294   0.0129310627012272   0
0.273363898490634   0.0889029758766718   0.0276782268893291   -0.00137192783479093   0
0.252590077707764   0.0808186012480629   -0.0207738207828695   -0.00808437462860891   0
0.251555844625553   0.0890890030349235   -0.00103423308221129   0.00827040178686067   0
0.266356990795266   0.0974260659818015   0.0148011461697127   0.00833706294687803   0
0.268189366952249   0.10477103496902   0.00183237615698395   0.0073449689872183   0
0.247461605880665   0.0910678184990877   -0.020727761071584   -0.0137032164699321   0
0.263554915857141   0.0954774706680565   0.0160933099764755   0.0044096521689688   0
0.272666686572733   0.100927056541895   0.00911177071559183   0.00544958587383861   0
0.271077028003833   0.100848196920186   -0.00158965856889975   -7.88596217088655e-05   0
0.289889905247477   0.127949481926152   0.0188128772436443   0.0271012850059655   0
0.297439470278083   0.122102624774759   0.00754956503060561   -0.00584685715139302   0
0.299833076471413   0.120482022013111   0.00239360619333018   -0.00162060276164733   0
0.295893037144706   0.118471329766556   -0.00394003932670695   -0.00201069224655499   0
0.304712582088098   0.126022621403413   0.00881954494339215   0.00755129163685704   0
0.344652212118633   0.132317216134009   0.0399396300305345   0.00629459473059568   0
0.332252989054587   0.139118793470263   -0.0123992230640455   0.00680157733625397   0
0.267273366753286   0.134485154348746   -0.0649796223013012   -0.00463363912151671   0
0.272791876254806   0.125899874701859   0.00551850950151972   -0.00858527964688732   0
0.274794953060083   0.108558263595669   0.002003076805277   -0.0173416111061897   0
0.267732529765957   0.102455530850133   -0.0070624232941256   -0.0061027327455366   0
0.335517771629438   0.140276540632465   0.0677852418634806   0.0378210097823322   0
0.343178740784935   0.144349406581513   0.00766096915549763   0.00407286594904821   0
0.316738290283426   0.128705614259512   -0.0264404505015093   -0.0156437923220017   0
0.317862704443561   0.130744029255145   0.0011244141601352   0.00203841499563345   0
0.346711090677179   0.150706834142689   0.0288483862336178   0.0199628048875443   0
0.359413874328083   0.156433407862981   0.0127027836509035   0.00572657372029198   0
0.36568820166385   0.158744301824892   0.00627432733576755   0.00231089396191075   0
0.354133916338661   0.156435915362827   -0.0115542853251889   -0.00230838646206513   0
0.361044295191174   0.15799719328459   0.00691037885251305   0.00156127792176339   0
0.356095234057582   0.147554319620091   -0.00494906113359267   -0.0104428736644996   0
0.349290343132867   0.154272910760663   -0.00680489092471454   0.00671859114057202   0
0.366281358366256   0.159429551421668   0.0169910152333892   0.00515664066100485   0
0.370880444657722   0.14544597492699   0.00459908629146605   -0.0139835764946771   0
0.353375240071103   0.154222711039885   -0.0175052045866195   0.00877673611289417   0
0.373519159568401   0.167884600092394   0.0201439194972986   0.0136618890525095   0
0.376877849405666   0.154135424556775   0.00335868983726473   -0.0137491755356188   0
0.377360358907779   0.155449415312828   0.000482509502112427   0.00131399075605232   0
0.389694620376518   0.166400205433181   0.0123342614687398   0.0109507901203531   0
0.402536823587569   0.171340707150799   0.0128422032110511   0.00494050171761834   0
0.389054125691297   0.152172478972921   -0.0134826978962723   -0.0191682281778781   0
0.379092981593229   0.149864950567319   -0.00996114409806842   -0.0023075284056025   0
0.38062274472413   0.159617219445977   0.0015297631309012   0.00975226887865846   0
0.384555979330817   0.164902791539948   0.00393323460668704   0.00528557209397071   0
0.376982845494774   0.138978640994044   -0.00757313383604291   -0.0259241505459041   0
0.398031788415695   0.151605034858287   0.0210489429209208   0.0126263938642436   0
0.409473291120372   0.152059809420762   0.0114415027046768   0.000454774562474836   0
0.409993274132374   0.162749302909412   0.000519983012002401   0.0106894934886495   0
0.399792745004344   0.174943085362033   -0.0102005291280296   0.0121937824526211   0
0.415510927655417   0.199300903396211   0.0157181826510722   0.0243578180341785   0
0.40420544020964   0.198349617934373   -0.0113054874457766   -0.00095128546183848   0
0.382189519863182   0.182215686091537   -0.0220159203464578   -0.0161339318428358   0
0.43243361164123   0.177015889000472   0.050244091778048   -0.00519979709106475   0
