1.0910051e-14   1.6240609e-50   0   0   0
0.0712670915637124   0.0185595286537462   0.0712670915637015   0.0185595286537462   0
0.0457049333271734   0.028825113432935   -0.025562158236539   0.0102655847791888   0
0.0289287107014638   0.0486987093555682   -0.0167762226257096   0.0198735959226332   0
0.197829923645178   0.22846644885476   0.168901212943714   0.179767739499192   0
0.15204112937838   0.199819066899197   -0.0457887942667978   -0.0286473819555632   0
0.138713832384628   0.188695300615448   -0.0133272969937517   -0.0111237662837489   0
0.0767119901524995   0.120114826101365   -0.0620018422321286   -0.0685804745140833   0
0.0612760083154969   0.106349773614397   -0.0154359818370026   -0.0137650524869677   0
0.0771245109107555   0.0990011576382114   0.0158485025952586   -0.00734861597618577   0
0.082012681680986   0.0859257461074752   0.00488817077023053   -0.0130754115307363   0
0.0792988881061867   0.067968457333264   -0.00271379357479931   -0.0179572887742112   0
0.0661152251919392   0.0792723612187833   -0.0131836629142475   0.0113039038855193   0
0.0612397128265918   0.0994471382376397   -0.0048755123653474   0.0201747770188564   0
0.0870083368586141   0.115256771535462   0.0257686240320222   0.0158096332978218   0
0.0689262601052955   0.121094474059367   -0.0180820767533185   0.00583770252390597   0
0.078478479136753   0.115490225267485   0.00955221903145742   -0.00560424879188239   0
0.0649846749087304   0.102043120021701   -0.0134938042280226   -0.0134471052457846   0
0.072904806120611   0.0977080615187762   0.00792013121188063   -0.00433505850292429   0
0.0839299486587302   0.116037086356232   0.0110251425381192   0.0183290248374554   0
0.0874879233009048   0.131953311607464   0.00355797464217458   0.015916225251232   0
0.0905661560637387   0.153548565138997   0.00307823276283395   0.0215952535315334   0
0.109265153124252   0.163722698143295   0.0186989970605137   0.0101741330042983   0
0.116541921038253   0.154286967614238   0.00727676791400052   -0.00943573052905691   0
0.115308903522867   0.167341577718047   -0.00123301751538603   0.0130546101038082   0
0.11042132866455   0.167961224354072   -0.0048875748583167   0.000619646636025595   0
0.10879932650371   0.17743173680548   -0.00162200216083996   0.00947051245140776   0
0.0989943543979224   0.157696805516707   -0.00980497210578785   -0.0197349312887731   0
0.125966341389131   0.158667689352399   0.0269719869912091   0.000970883835692216   0
0.104089812475941   0.145359675978293   -0.0218765289131902   -0.0133080133741057   0
0.127999492801346   0.158057806254954   0.0239096803254042   0.0126981302766601   0
0.125057176657941   0.164820675208193   -0.0029423161434049   0.00676286895323971   0
0.128020745886947   0.187366040680284   0.00296356922900612   0.0225453654720907   0
0.162371209455758   0.198937384237256   0.0343504635688114   0.0115713435569716   0
0.228595898978619   0.241839502807809   0.0662246895228613   0.0429021185705539   0
0.350711119310763   0.358536469150195   0.122115220332144   0.116696966342386   0
0.207243374321328   0.275405704310302   -0.143467744989435   -0.0831307648398928   0
0.184269839302588   0.2727607461126   -0.02297353501874   -0.00264495819770261   0
0.209140777353841   0.282544970917655   0.0248709380512532   0.00978422480505531   0
0.167157572922741   0.268801823385398   -0.0419832044311008   -0.0137431475322566   0
0.181238672721054   0.277918021090471   0.0140810997983131   0.0091161977050726   0
0.16747281594317   0.250369808770664   -0.0137658567778839   -0.0275482123198068   0
0.19020817914548   0.274534522546384   0.02273536320231   0.02416471377572   0
0.22990783355619   0.291850690536084   0.0396996544107101   0.0173161679897003   0
0.221664579768834   0.300075371651096   -0.00824325378735583   0.00822468111501129   0
0.224667062063745   0.30714330458078   0.00300248229491074   0.00706793292968411   0
0.25093946003147   0.307368906521942   0.0262723979677255   0.00022560194116239   0
0.223024777611688   0.314025040565605   -0.0279146824197821   0.00665613404366289   0
0.232746334589154   0.306834719939012   0.00972155697746596   -0.00719032062659358   0
0.317602748297006   0.299719388438884   0.0848564137078515   -0.00711533150012711   0
0.28220250087734   0.32424550439634   -0.0354002474196652   0.0245261159574555   0
0.34856305798819   0.377901489360948   0.0663605571108496   0.0536559849646082   0
0.335956108849602   0.355661249820761   -0.0126069491385876   -0.0222402395401872   0
0.325243964939277   0.343663006762031   -0.0107121439103253   -0.01199824305873   0
0.336389024301921   0.333196922246289   0.0111450593626435   -0.0104660845157416   0
0.294139026654465   0.314350464122438   -0.0422499976474557   -0.0188464581238516   0
0.337511134893205   0.342766390430707   0.0433721082387402   0.0284159263082689   0
0.339253623272153   0.357936903222188   0.00174248837894764   0.0151705127914815   0
0.332825764541018   0.375400491849539   -0.00642785873113511   0.017463588627351   0
0.363435814102991   0.382536082993093   0.0306100495619738   0.007135591143554   0
0.357996670940369   0.387154124753746   -0.00543914316262251   0.004618041760653   0
0.350927298248272   0.375251852317862   -0.0070693726920964   -0.011902272435884   0
0.385728837068082   0.375499281769005   0.03480153881981   0.000247429451143311   0
0.364267832208445   0.366088412214296   -0.0214610048596374   -0.00941086955470893   0
0.390742759326425   0.384125317358847   0.0264749271179803   0.0180369051445503   0
0.382601440446774   0.373827850947908   -0.00814131887965164   -0.0102974664109388   0
0.358099883621822   0.377290370926409   -0.0245015568249513   0.00346251997850139   0
0.361645457767702   0.385396392777385   0.00354557414587992   0.00810602185097603   0
0.391110836101565   0.379957663555612   0.0294653783338624   -0.00543872922177308   0
0.37990763585866   0.388236766739794   -0.0112032002429051   0.00827910318418168   0
0.387850196376444   0.402814895020442   0.00794256051778441   0.0145781282806476   0
0.419676812291234   0.415112906663235   0.0318266159147897   0.0122980116427935   0
0.377578434764457   0.39766458889105   -0.0420983775267765   -0.0174483177721846   0
0.367642184190383   0.387195317355156   -0.00993625057407405   -0.0104692715358939   0
0.382840458807104   0.388401654576735   0.0151982746167211   0.00120633722157831   0
0.368384661818891   0.381962737563465   -0.0144557969882135   -0.00643891701327004   0
0.376914143707772   0.395189030658146   0.00852948188888097   0.0132262930946812   0
0.395647843033935   0.40553210092057   0.0187336993261629   0.0103430702624244   0
