1.0746109e-14   7.70372e-32   0   0   0
0.0824509428461127   0.0180463511689739   0.082450942846102   0.0180463511689739   0
0.21402499524189   0.0439711792474152   0.131574052395777   0.0259248280784413   0
0.225161672894263   0.195773247035091   0.0111366776523728   0.151802067787676   0
0.21849904000128   0.158215238246386   -0.00666263289298277   -0.0375580087887053   0
0.253269145846696   0.152731777464912   0.0347701058454161   -0.00548346078147352   0
0.265051104038308   0.200606456728258   0.0117819581916117   0.0478746792633457   0
0.31150840042094   0.132031295597948   0.0464572963826327   -0.0685751611303096   0
0.15850375406557   0.0409293808006707   -0.15300464635537   -0.0911019147972774   0
0.118545625971918   0.0735324500033288   -0.0399581280936525   0.032603069202658   0
0.126654108833437   0.101603691403916   0.00810848286151913   0.0280712414005868   0
0.201362871704697   0.0814634726196429   0.0747087628712603   -0.0201402187842726   0
0.0630409602221477   0.0622188600427066   -0.138321911482549   -0.0192446125769363   0
0.0591396076995006   0.0728208645685027   -0.00390135252264712   0.0106020045257961   0
0.121387740211541   0.0673381769312964   0.0622481325120402   -0.0054826876372063   0
0.0441098652798545   0.077933229739772   -0.0772778749316863   0.0105950528084756   0
0.0618579788590728   0.0918115086179725   0.0177481135792183   0.0138782788782006   0
0.123383253907765   0.100660761174741   0.0615252750486926   0.00884925255676876   0
0.0670956541713619   0.069445379199451   -0.0562875997364035   -0.0312153819752903   0
0.125792313983895   0.0602561106493277   0.0586966598125332   -0.00918926855012327   0
0.178091689320891   0.10057272493423   0.052299375336996   0.0403166142849027   0
0.0976112219273315   0.102549702775456   -0.0804804673935597   0.00197697784122533   0
0.295872131176301   0.18604261810117   0.198260909248969   0.0834929153257143   0
0.267349115792217   0.0918546152558428   -0.0285230153840839   -0.0941880028453273   0
0.332667753935753   0.323698568706702   0.0653186381435364   0.231843953450859   0
0.173471530880693   0.225353704806377   -0.15919622305506   -0.0983448639003257   0
0.232456001091394   0.48598117757948   0.0589844702107009   0.260627472773104   0
0.212063360318654   0.372321033893385   -0.0203926407727397   -0.113660143686095   0
0.456274157718681   0.329426073045699   0.244210797400026   -0.0428949608476867   0
0.305302622847337   0.254240276653225   -0.150971534871344   -0.0751857963924741   0
0.235998383523906   0.267335950010287   -0.0693042393234304   0.0130956733570623   0
0.189780290932088   0.25867606208611   -0.046218092591818   -0.00865988792417705   0
0.171635337890857   0.296538476890754   -0.018144953041231   0.0378624148046445   0
0.100185372059646   0.326167700513788   -0.0714499658312115   0.0296292236230333   0
0.304156420394889   0.413664756098209   0.203971048335243   0.0874970555844217   0
0.344818027605544   0.476612014617219   0.0406616072106555   0.06294725851901   0
1.91692486241049   0.716853451271881   1.57210683480495   0.240241436654662   1
3.00132736994669   1.81456538839394   1.08440250753619   1.09771193712206   1
2.53472851825756   1.98675858814737   -0.466598851689126   0.172193199753423   0
2.55045951063543   2.01727677715815   0.0157309923778683   0.0305181890107866   0
2.12836324121003   1.91657852494566   -0.422096269425405   -0.10069825221249   0
0.762426250714439   0.613561842144972   -1.36593699049559   -1.30301668280069   1
0.146972889844798   0.380991252629694   -0.615453360869641   -0.232570589515278   0
0.34012872129362   0.483885935757054   0.193155831448823   0.10289468312736   0
0.401057202776693   0.535512695794044   0.0609284814830725   0.0516267600369902   0
0.450476130328022   0.406550700066401   0.0494189275513289   -0.128961995727643   0
0.413824873292673   0.438503747988069   -0.0366512570353489   0.0319530479216672   0
0.30756934380408   0.518957060941825   -0.106255529488592   0.0804533129537559   0
0.222219072714608   0.521289614077829   -0.0853502710894727   0.00233255313600444   0
0.196289798767202   0.562657287812146   -0.0259292739474054   0.041367673734317   0
0.668098812325248   0.962668950702496   0.471809013558045   0.40001166289035   0
0.572680830468727   1.03839267522988   -0.0954179818565205   0.0757237245273802   0
0.431384301012652   0.947579404783076   -0.141296529456075   -0.0908132704468001   0
0.381950358550916   0.903043882657441   -0.0494339424617357   -0.0445355221256352   0
0.401790261197794   0.843442114266896   0.0198399026468781   -0.0596017683905453   0
0.492998224139982   0.788451478270175   0.0912079629421873   -0.0549906359967209   0
0.407184031405776   0.758457043786467   -0.0858141927342056   -0.0299944344837075   0
0.246000913720857   0.541108596854289   -0.161183117684919   -0.217348446932178   0
0.19955359578689   0.437464370675596   -0.0464473179339667   -0.103644226178693   0
0.695463799766123   0.906686350711358   0.495910203979233   0.469221980035762   0
0.468946595765683   0.726039900060615   -0.22651720400044   -0.180646450650742   0
0.417342361973854   0.552604204741353   -0.0516042337918288   -0.173435695319263   0
0.277283264406248   0.595282761469881   -0.140059097567606   0.0426785567285283   0
0.341339250700289   0.514580951387983   0.0640559862940412   -0.0807018100818983   0
0.362086238660329   0.43886366720643   0.0207469879600394   -0.0757172841815527   0
0.314145722441759   0.410472599453148   -0.0479405162185693   -0.0283910677532818   0
0.298952403243635   0.357131718541744   -0.0151933191981242   -0.053340880911404   0
0.326879104531641   0.373454174099827   0.0279267012880055   0.0163224555580828   0
0.369070616293348   0.303981569546149   0.0421915117617078   -0.069472604553678   0
0.38046011481279   0.243254312910517   0.011389498519442   -0.0607272566356313   0
0.388736119365509   0.258918062664748   0.00827600455271849   0.015663749754231   0
0.358950957839736   0.30373099952243   -0.0297851615257733   0.0448129368576813   0
0.511662508353749   0.292814189913997   0.152711550514014   -0.0109168096084331   0
0.429035420184571   0.275940644783939   -0.0826270881691781   -0.0168735451300578   0
0.390928582238651   0.314609426748264   -0.03810683794592   0.0386687819643252   0
0.509639355187497   0.294907347882676   0.118710772948845   -0.0197020788655881   0
0.524178354313373   0.418911609386553   0.0145389991258765   0.124004261503877   0
0.523080502461573   0.754802802302411   -0.00109785185180045   0.335891192915858   0
0.471306741188779   0.703865192800535   -0.0517737612727936   -0.0509376095018764   0
0.385218118151056   0.685828839679194   -0.0860886230377235   -0.0180363531213401   0
