7.1054274e-15   0   0   0   0
0.0273377365993423   0.0254664705162969   0.0273377365993352   0.0254664705162969   0
0.0276728157103834   0.0185045044948668   0.000335079111041137   -0.00696196602143007   0
0.0273276060816697   0.0433878656809532   -0.000345209628713729   0.0248833611860863   0
0.0176428426294944   0.0496465955864528   -0.0096847634521753   0.00625872990549964   0
0.0298770759510285   0.0736650166812487   0.0122342333215342   0.0240184210947959   0
0.0260414714892938   0.0806483849494584   -0.00383560446173478   0.00698336826820971   0
0.0844332744443047   0.0946182030408868   0.0583918029550109   0.0139698180914284   0
0.0705576320926492   0.112978903767036   -0.0138756423516555   0.0183607007261495   0
0.190233776747138   0.17033324001242   0.119676144654489   0.0573543362453837   0
0.0681719084678098   0.127996487097406   -0.122061868279328   -0.0423367529150143   0
0.17148257151866   0.1605784591785   0.10331066305085   0.0325819720810946   0
0.149694002862464   0.197150384556084   -0.0217885686561953   0.0365719253775837   0
0.187052279031613   0.213973858548668   0.0373582761691492   0.0168234739925837   0
0.155881662239602   0.230528955581689   -0.0311706167920116   0.016555097033021   0
0.146533060293645   0.211506414034492   -0.00934860194595727   -0.0190225415471967   0
0.212721030871724   0.227365324060152   0.0661879705780791   0.0158589100256602   0
0.20653149704569   0.275047707613936   -0.00618953382603371   0.0476823835537842   0
0.324182718567733   0.332873152230645   0.117651221522043   0.0578254446167087   0
0.318339585610541   0.403962595380283   -0.00584313295719224   0.0710894431496383   0
0.280498294668345   0.414735296959417   -0.0378412909421961   0.0107727015791334   0
0.262414462395176   0.4107389672724   -0.0180838322731689   -0.00399632968701696   0
0.26871378210029   0.412309581252737   0.00629931970511444   0.00157061398033737   0
0.338613323561891   0.410195913876127   0.0698995414616003   -0.0021136673766099   0
0.319130696348976   0.455565126581424   -0.019482627212915   0.0453692127052969   0
0.307901833479475   0.459070988189692   -0.0112288628695009   0.00350586160826738   0
0.325580630770594   0.47008960838186   0.0176787972911192   0.0110186201921684   0
0.3201943847231   0.485792434257453   -0.00538624604749371   0.0157028258755932   0
0.253005818716737   0.51536940593686   -0.0671885660063632   0.0295769716794071   0
0.295802125657683   0.486751185382648   0.0427963069409457   -0.0286182205542125   0
0.320857706548305   0.493274988094702   0.0250555808906224   0.00652380271205455   0
0.284655657730073   0.487158057107754   -0.036202048818232   -0.00611693098694832   0
0.335383796173323   0.487100212706212   0.0507281384432505   -5.78444015416624e-05   0
0.194622905062442   0.456028606923501   -0.140760891110881   -0.0310716057827112   0
0.266896302081138   0.486456755609235   0.0722733970186955   0.0304281486857335   0
0.242285529979122   0.507467818580571   -0.0246107721020157   0.0210110629713366   0
0.231813166866474   0.493795698882424   -0.0104723631126484   -0.0136721196981472   0
0.296619755007748   0.494968813013258   0.0648065881412746   0.00117311413083432   0
0.260835721859667   0.507823417371368   -0.0357840331480815   0.0128546043581094   0
0.355737467481691   0.508288109758817   0.0949017456220242   0.000464692387449062   0
0.322304392081782   0.526441898565285   -0.033433075399909   0.0181537888064677   0
0.323793502605253   0.54471574103905   0.00148911052347128   0.0182738424737657   0
0.380860083778254   0.545297574432159   0.0570665811730011   0.000581833393108799   0
0.335997546858752   0.587946330339448   -0.0448625369195026   0.0426487559072892   0
0.422525384922575   0.617832313511364   0.0865278380638228   0.0298859831719158   0
0.413606620143228   0.604026944103301   -0.00891876477934639   -0.0138053694080631   0
0.46218423194495   0.621895918786592   0.0485776118017221   0.0178689746832907   0
0.456955557407735   0.615158617642762   -0.00522867453721571   -0.00673730114382964   0
0.419351350184099   0.615121636819771   -0.0376042072236359   -3.69808229916391e-05   0
0.449377334838073   0.61677645470935   0.0300259846539745   0.00165481788957977   0
0.443956188821551   0.645601769683788   -0.00542114601652188   0.0288253149744373   0
0.518353624730388   0.659246333621559   0.0743974359088369   0.0136445639377716   0
0.349986843405109   0.632261904495975   -0.168366781325279   -0.0269844291255837   0
0.481004512128391   0.667554150248443   0.131017668723282   0.0352922457524674   0
0.459909498233369   0.702420137550008   -0.0210950138950216   0.0348659873015652   0
0.521422327955896   0.680966479152588   0.0615128297225269   -0.02145365839742   0
0.49555031271506   0.668663149651518   -0.0258720152408363   -0.01230332950107   0
0.493099008524464   0.700625045867153   -0.00245130419059592   0.0319618962156354   0
0.521157192667107   0.716350293495823   0.0280581841426433   0.0157252476286696   0
0.474657838002332   0.724208109727246   -0.0464993546647758   0.00785781623142268   0
0.526675774508037   0.708979839196669   0.0520179365057055   -0.0152282705305765   0
0.473015652156995   0.689107841137026   -0.0536601223510424   -0.0198719980596435   0
0.513615758373212   0.691204979767752   0.0406001062162175   0.00209713863072647   0
0.516474583681646   0.714578465424513   0.00285882530843373   0.0233734856567611   0
0.549734656024348   0.727820083191466   0.0332600723427021   0.0132416177669531   0
0.496606374255564   0.712992619968527   -0.0531282817687843   -0.0148274632229397   0
0.560322170476006   0.739011502092644   0.0637157962204424   0.026018882124117   0
0.484030991714457   0.726106724124224   -0.0762911787615486   -0.0129047779684193   0
0.581846627700354   0.757198941251262   0.0978156359858961   0.0310922171270378   0
0.511110691198562   0.739423781674199   -0.0707359365017911   -0.017775159577063   0
0.623654125039714   0.760875398593799   0.112543433841151   0.0214516169195997   0
0.57280786178883   0.759394025663832   -0.0508462632508838   -0.00148137292996686   0
0.488691376312906   0.730803125203797   -0.0841164854759238   -0.0285909004600353   0
0.459619884994539   0.741745000897152   -0.0290714913183673   0.0109418756933558   0
0.498862253149368   0.744583866492772   0.0392423681548294   0.00283886559561997   0
0.562414433287281   0.726251737632056   0.0635521801379124   -0.0183321288607166   0
0.52517828699272   0.747645636842649   -0.0372361462945604   0.0213938992105929   0
