0   0   0   0   0
0.0403640441832344   0.0411551476100839   0.0403640441832344   0.0411551476100839   0
0.146165584573117   0.0931136888407453   0.105801540389882   0.0519585412306613   0
0.0805519840601433   0.069049095241986   -0.0656136005129734   -0.0240645935987592   0
0.0281268877780033   0.101680078532736   -0.0524250962821401   0.0326309832907504   0
0.101490228756065   0.0346589677364592   0.0733633409780619   -0.0670211107962773   0
0.031215200243319   0.0226536117558523   -0.0702750285127462   -0.0120053559806069   0
0.0711564772967913   0.0050443856123398   0.0399412770534723   -0.0176092261435125   0
0.0991059511774303   0.0157167694109057   0.0279494738806391   0.0106723837985659   0
0.144103436948104   0.0132131663004502   0.0449974857706741   -0.00250360311045551   0
0.113293693712473   0.0308574014356084   -0.0308097432356319   0.0176442351351582   0
0.0225869263663278   0.132034871529575   -0.0907067673461447   0.101177470093966   0
0.0529232894950405   0.124597720555454   0.0303363631287127   -0.00743715097412063   0
0.222306126711545   0.301637695853991   0.169382837216504   0.177039975298537   0
0.170411685676097   0.134423108189803   -0.0518944410354479   -0.167214587664188   0
0.109608929832164   0.0939687425600881   -0.0608027558439326   -0.0404543656297148   0
0.079848764526002   0.103398214321906   -0.0297601653061622   0.00942947176181756   0
0.17443681484664   0.153099257123723   0.0945880503206382   0.0497010428018175   0
0.127350793169281   0.1187343078946   -0.0470860216773587   -0.0343649492291234   0
0.095399240725862   0.100741264476962   -0.0319515524434195   -0.017993043417638   0
0.13660749460276   0.136022762687716   0.041208253876898   0.0352814982107545   0
0.15174018933729   0.116379680663874   0.0151326947345296   -0.0196430820238426   0
0.0885029299155616   0.0400388649907792   -0.0632372594217279   -0.0763408156730945   0
0.0669656480800551   0.0810486926268078   -0.0215372818355065   0.0410098276360286   0
0.101553217530385   0.0639970748039585   0.0345875694503296   -0.0170516178228493   0
0.112935451275525   0.0720165423491912   0.0113822337451402   0.00801946754523269   0
0.16374849081707   0.0917207154243699   0.0508130395415447   0.0197041730751787   0
0.0815040781642691   0.0442294076682098   -0.0822444126528005   -0.04749130775616   0
0.0737701994528021   0.0512331052142474   -0.00773387871146701   0.00700369754603762   0
0.137541224767758   0.0751946638988062   0.0637710253149562   0.0239615586845588   0
0.113080714064097   0.0386638291993726   -0.0244605107036613   -0.0365308346994336   0
0.131587510738648   0.209012335973804   0.0185067966745509   0.170348506774431   0
0.236035928573852   0.271571849175004   0.104448417835204   0.0625595132011999   0
0.251532096455505   0.373431485604382   0.0154961678816539   0.101859636429378   0
0.161511461675519   0.400342085289962   -0.0900206347799868   0.02691059968558   0
0.221811320360431   0.440830774756355   0.0602998586849124   0.0404886894663931   0
0.239587981281474   0.512706869006081   0.0177766609210426   0.0718760942497255   0
0.175495718457955   0.47860240951044   -0.0640922628235186   -0.0341044594956407   0
0.282015617177209   0.491988264227191   0.106519898719255   0.0133858547167508   0
0.201370597175791   0.335275164384796   -0.0806450200014188   -0.156713099842395   0
0.427997095825148   0.366465908994221   0.226626498649358   0.0311907446094249   0
0.40738504860129   0.416636095131967   -0.0206120472238586   0.0501701861377458   0
0.546328422571542   0.485087367140448   0.138943373970252   0.0684512720084808   0
0.617927584145076   0.477263498619623   0.0715991615735336   -0.00782386852082456   0
0.425508348623701   0.351658016875045   -0.192419235521375   -0.125605481744578   0
0.32774593081378   0.339544504414202   -0.0977624178099209   -0.0121135124608428   0
0.395033582653009   0.36208492777433   0.067287651839229   0.0225404233601276   0
0.275663649377529   0.349795428000797   -0.11936993327548   -0.0122894997735324   0
0.333396480240731   0.352212117949389   0.0577328308632019   0.00241668994859201   0
0.344429748438364   0.358268169897806   0.0110332681976331   0.0060560519484168   0
0.445129449761573   0.443086765274714   0.100699701323209   0.0848185953769076   0
0.499602414485109   0.507425609897943   0.0544729647235361   0.0643388446232296   0
0.419296683237801   0.505756602225223   -0.0803057312473079   -0.0016690076727206   0
0.488318784161058   0.549617555099741   0.069022100923257   0.0438609528745184   0
0.434903358174742   0.452536035585037   -0.0534154259863159   -0.0970815195147045   0
0.42756527324196   0.456470219235865   -0.00733808493278221   0.00393418365082865   0
0.418398480913965   0.429998322531646   -0.00916679232799433   -0.0264718967042189   0
0.495123166580577   0.558590377623897   0.0767246856666116   0.12859205509225   0
0.443300189546448   0.492470691210557   -0.0518229770341288   -0.0661196864133397   0
0.39239830160701   0.429960492551964   -0.0509018879394383   -0.0625101986585935   0
0.462226758316149   0.455424934468339   0.0698284567091392   0.0254644419163754   0
0.439902842969271   0.418023176993904   -0.0223239153468776   -0.0374017574744349   0
0.469325750670236   0.463219509314621   0.0294229077009641   0.0451963323207168   0
0.425020742925875   0.428113023549289   -0.0443050077443607   -0.0351064857653321   0
0.440441286080428   0.43699008861184   0.0154205431545533   0.0088770650625517   0
0.250721507230903   0.307097562342991   -0.189719778849525   -0.12989252626885   0
0.290264868932157   0.375190687001636   0.0395433617012539   0.0680931246586456   0
0.506327075005737   0.522730303108931   0.21606220607358   0.147539616107295   0
0.501150780361332   0.504832886829436   -0.00517629464440472   -0.0178974162794953   0
0.453400146853822   0.497799822131726   -0.0477506335075102   -0.00703306469770915   0
0.472758901834324   0.472013611492464   0.0193587549805017   -0.0257862106392623   0
0.509808887455307   0.493083931032762   0.0370499856209835   0.0210703195402981   0
0.603212096220177   0.499411359455495   0.0934032087648696   0.00632742842273237   0
0.381306317290913   0.417861811304806   -0.221905778929263   -0.0815495481506887   0
0.561477820178847   0.459471447612819   0.180171502887933   0.0416096363080135   0
0.519561990275916   0.446217558715004   -0.041915829902931   -0.0132538888978153   0
