1.16978392309403e-14   9.523814e-17   0   0   0
0.0246678163954086   0.0297141480741696   0.0246678163953969   0.0297141480741695   0
0.0302415305599663   0.0556476465824665   0.00557371416455768   0.025933498508297   0
0.0541266555013688   0.0632427351318458   0.0238851249414026   0.00759508854937928   0
0.0470306576711131   0.0664327758529193   -0.00709599783025578   0.0031900407210735   0
0.0501293622302336   0.0692673921729086   0.00309870455912058   0.00283461631998926   0
0.127723466576564   0.135331035403499   0.0775941043463299   0.0660636432305904   0
0.113919273758057   0.138130599893002   -0.0138041928185065   0.00279956448950322   0
0.0396096349115409   0.0898416088200492   -0.0743096388465161   -0.048288991072953   0
0.0231735130892498   0.0631114646904371   -0.0164361218222911   -0.0267301441296122   0
0.0412192950464455   0.0863102588620735   0.0180457819571957   0.0231987941716364   0
0.0471451140847735   0.120359853542537   0.00592581903832803   0.0340495946804637   0
0.0368036015786771   0.100093026369966   -0.0103415125060964   -0.0202668271725711   0
0.01414995136713   0.088422375823117   -0.0226536502115471   -0.011670650546849   0
0.0204959197897742   0.0928343074172015   0.00634596842264426   0.00441193159408446   0
0.0295959346073959   0.103297900305088   0.00910001481762164   0.0104635928878864   0
0.0988616206239527   0.110422501011882   0.0692656860165568   0.00712460070679462   0
0.0614630733302115   0.11271604172615   -0.0373985472937412   0.00229354071426724   0
0.0444861031116743   0.116249914846338   -0.0169769702185372   0.00353387312018813   0
0.0623772657904876   0.117058295263152   0.0178911626788133   0.000808380416813775   0
0.0566073683451702   0.123990670785123   -0.00576989744531733   0.00693237552197153   0
0.0543360514348253   0.139372166311798   -0.00227131691034489   0.0153814955266746   0
0.0971280942512731   0.134084271571784   0.0427920428164478   -0.00528789474001332   0
0.0803875887041051   0.139327799904564   -0.016740505547168   0.00524352833277958   0
0.0946667308225429   0.143751164397627   0.0142791421184378   0.00442336449306266   0
0.0785530439015264   0.132648423907761   -0.0161136869210166   -0.0111027404898657   0
0.0845032293723251   0.139653353375286   0.0059501854707987   0.0070049294675249   0
0.0797890152075294   0.115994270309054   -0.0047142141647957   -0.0236590830662314   0
0.0986603323782285   0.103845316332524   0.0188713171706992   -0.0121489539765308   0
0.104215994751437   0.112995019493653   0.00555566237320808   0.00914970316112895   0
0.0934067425720265   0.10740095650597   -0.0108092521794101   -0.00559406298768254   0
0.0550077674223952   0.0995074285197422   -0.0383989751496313   -0.00789352798622781   0
0.0766520894170743   0.111282586498979   0.021644321994679   0.0117751579792367   0
0.0886316397219965   0.101673026247345   0.0119795503049222   -0.00960956025163383   0
0.0725178682093489   0.101550787305617   -0.0161137715126475   -0.000122238941728484   0
0.0294712670288695   0.0951042508126025   -0.0430466011804795   -0.00644653649301406   0
0.0917132050392917   0.0921663397676997   0.0622419380104222   -0.00293791104490289   0
0.0749065938241424   0.0936204812076326   -0.0168066112151493   0.00145414143993293   0
0.103661289651026   0.0604506166188439   0.0287546958268833   -0.0331698645887887   0
0.312622469338355   0.147467995121079   0.208961179687329   0.0870173785022349   0
0.458913488658094   0.235775432213492   0.14629101931974   0.088307437092413   0
0.414944823572005   0.231853480353692   -0.0439686650860897   -0.00392195185979971   0
0.379853786118283   0.202560823805859   -0.0350910374537212   -0.0292926565478331   0
0.424427960716338   0.218797832293054   0.0445741745980543   0.0162370084871951   0
0.46481373516554   0.249879740079959   0.040385774449202   0.0310819077869052   0
0.476032825660445   0.266212948208321   0.0112190904949049   0.0163332081283617   0
0.491201902350461   0.28207182656488   0.0151690766900166   0.0158588783565586   0
0.500661058770655   0.310642246807635   0.0094591564201939   0.0285704202427551   0
0.476766078102994   0.300222036166683   -0.0238949806676612   -0.0104202106409515   0
0.450609176906587   0.28912829490984   -0.0261569011964067   -0.0110937412568435   0
0.412847753895522   0.250965213992503   -0.0377614230110657   -0.0381630809173363   0
0.354668964321679   0.212087225692067   -0.0581787895738424   -0.0388779883004363   0
0.303062741349639   0.213641877960433   -0.0516062229720404   0.0015546522683654   0
0.327050302108465   0.235165990220001   0.0239875607588265   0.021524112259568   0
0.311054463034634   0.214494771633107   -0.0159958390738314   -0.0206712185868931   0
0.3438214739817   0.229941516079177   0.0327670109470656   0.0154467444460692   0
0.392045539672985   0.277379645029016   0.0482240656912856   0.0474381289498397   0
0.429562333632893   0.312221996684   0.0375167939599076   0.0348423516549836   0
0.448072701906297   0.317192976670815   0.0185103682734038   0.00497097998681484   0
0.44114739943249   0.311509825516394   -0.00692530247380607   -0.00568315115442053   0
0.425556947146978   0.299571843491896   -0.0155904522855121   -0.0119379820244986   0
0.498231466923437   0.321100008585069   0.0726745197764586   0.0215281650931729   0
0.484223098676273   0.336778170962704   -0.0140083682471641   0.015678162377635   0
0.50725158362647   0.334836299885682   0.0230284849501969   -0.00194187107702193   0
0.512225574046913   0.335823050018537   0.00497399042044311   0.000986750132854819   0
0.503257617279473   0.348428217462696   -0.00896795676744011   0.012605167444159   0
0.515757113345704   0.354549848912349   0.0124994960662309   0.00612163144965377   0
