0   0   0   0   0
0.0570873925535518   0.0148442899210807   0.0570873925535518   0.0148442899210807   0
0.207227956466024   0.177212985254624   0.150140563912472   0.162368695333543   0
0.354073818492915   0.274979672509413   0.146845862026891   0.0977666872547894   0
0.222869049574215   0.177889059281362   -0.1312047689187   -0.0970906132280508   0
0.209553508834707   0.215368843417745   -0.0133155407395077   0.0374797841363829   0
0.210684739053655   0.17514050464269   0.00113123021894784   -0.0402283387750552   0
0.231782438065592   0.165331953762007   0.0210976990119368   -0.0098085508806833   0
0.114387500421908   0.16984835629385   -0.117394937643684   0.00451640253184343   0
0.130290191904569   0.203029048188899   0.0159026914826616   0.0331806918950489   0
0.204492079178901   0.186241992026338   0.0742018872743321   -0.0167870561625607   0
0.119520711378609   0.213130131481387   -0.0849713678002929   0.0268881394550485   0
0.235798079439639   0.20951135164682   0.11627736806103   -0.00361877983456635   0
0.149689271281356   0.18679226549496   -0.0861088081582832   -0.0227190861518606   0
0.144007982119525   0.172634089962101   -0.00568128916183075   -0.0141581755328593   0
0.324800233357435   0.165594696217797   0.18079225123791   -0.00703939374430332   0
0.107894063733924   0.170327141973214   -0.21690616962351   0.00473244575541665   0
0.141398317267971   0.0839485097637795   0.0335042535340473   -0.0863786322094345   0
0.0632542465976769   0.107484595557108   -0.0781440706702946   0.023536085793329   0
0.13981436990468   0.175492021413705   0.0765601233070034   0.0680074258565961   0
0.182064698776407   0.182519626859244   0.0422503288717267   0.00702760544553971   0
0.20144035168316   0.189512557931585   0.0193756529067534   0.00699293107234075   0
0.152859012023868   0.205795374956586   -0.048581339659292   0.0162828170250009   0
0.149856499388299   0.23488707028557   -0.00300251263556944   0.029091695328984   0
0.379781287489618   0.269508897588747   0.229924788101319   0.0346218273031769   0
0.173519873073703   0.16775263812037   -0.206261414415915   -0.101756259468377   0
0.091253459507238   0.343121435776129   -0.0822664135664646   0.175368797655759   0
0.129324333085295   0.146731758753373   0.0380708735780574   -0.196389677022756   0
0.161301275334926   0.114481391591789   0.0319769422496305   -0.0322503671615842   0
0.149121653022825   0.219620433352542   -0.0121796223121005   0.105139041760753   0
0.28695331685672   0.18523919293935   0.137831663833895   -0.0343812404131925   0
0.134871480732779   0.1244604847762   -0.152081836123941   -0.0607787081631499   0
0.151880784702305   0.127474903234011   0.0170093039695262   0.00301441845781124   0
0.328904359171831   0.116575748407431   0.177023574469525   -0.0108991548265798   0
0.223599544251562   0.159377712863372   -0.105304814920269   0.0428019644559405   0
0.162033841584399   0.105162122649656   -0.0615657026671625   -0.0542155902137158   0
0.123809848111347   0.120586532688163   -0.0382239934730518   0.0154244100385074   0
0.250638309911904   0.433304318592119   0.126828461800557   0.312717785903956   0
0.405194875667472   0.600859499262468   0.154556565755568   0.167555180670349   0
0.390280305124631   0.567705269562052   -0.0149145705428416   -0.0331542297004159   0
0.226353356983067   0.479879497168416   -0.163926948141564   -0.0878257723936366   0
0.228879971207389   0.407433465365629   0.00252661422432188   -0.0724460318027872   0
0.189085274519372   0.243823418438615   -0.0397946966880164   -0.163610046927013   0
0.15025724634467   0.356568436657669   -0.0388280281747017   0.112745018219054   0
0.33093642796563   0.354806897769357   0.180679181620959   -0.00176153888831215   0
0.168527054626555   0.333583559134114   -0.162409373339075   -0.0212233386352427   0
0.152232411645481   0.21748323916736   -0.0162946429810733   -0.116100319966755   0
0.038525979892794   0.151177661290272   -0.113706431752687   -0.0663055778770879   0
0.152263036459855   0.156879499746715   0.113737056567061   0.00570183845644348   0
0.26272193442838   0.332046442023778   0.110458897968525   0.175166942277063   0
0.113110841297114   0.329902245486604   -0.149611093131266   -0.00214419653717335   0
0.302556756653145   0.343653582188375   0.18944591535603   0.013751336701771   0
0.194511180554215   0.345273193907142   -0.10804557609893   0.00161961171876607   0
0.284117110824321   0.331351415578089   0.0896059302701064   -0.0139217783290522   0
0.21620625188626   0.288946358944283   -0.0679108589380617   -0.0424050566338059   0
0.151505866698391   0.296404570471914   -0.0647003851878684   0.00745821152763104   0
0.339737437034692   0.378724725651742   0.188231570336301   0.0823201551798279   0
0.303128655814151   0.351079867859879   -0.0366087812205407   -0.0276448577918633   0
0.237125140301948   0.325823671059322   -0.0660035155122034   -0.0252561968005566   0
0.341558373353725   0.391901199956644   0.104433233051777   0.0660775288973219   0
0.120219349060583   0.430773678168515   -0.221339024293142   0.0388724782118703   0
0.0331235665471296   0.274380516946832   -0.0870957825134534   -0.156393161221683   0
0.0881193827069051   0.145274573948296   0.0549958161597755   -0.129105942998535   0
0.0691022831609842   0.147326002684667   -0.0190170995459209   0.00205142873637076   0
0.184989561496045   0.139025956667775   0.115887278335061   -0.00830004601689185   0
0.110311193365652   0.18482469013045   -0.0746783681303936   0.0457987334626747   0
0.193104582174521   0.208907463164815   0.0827933888088693   0.0240827730343647   0
0.254836237926957   0.293287712016705   0.0617316557524361   0.0843802488518901   0
0.285490632998313   0.275116524248593   0.030654395071356   -0.0181711877681117   0
0.224753328441576   0.230225394667431   -0.0607373045567367   -0.0448911295811617   0
0.311830906507521   0.331143989060188   0.0870775780659443   0.100918594392757   0
0.580182290329435   0.458766221583818   0.268351383821914   0.127622232523631   0
0.513585490357829   0.35554556436959   -0.0665967999716055   -0.103220657214228   0
0.29225323135775   0.294396208463394   -0.221332259000079   -0.0611493559061965   0
0.375548765059804   0.278061986310272   0.083295533702054   -0.0163342221531219   0
0.430500911493283   0.234558466757584   0.0549521464334782   -0.0435035195526881   0
0.386544682118624   0.172671251397869   -0.0439562293746588   -0.0618872153597148   0
0.338070133506478   0.159345858600734   -0.0484745486121453   -0.0133253927971347   0
0.262400785305372   0.17864850650613   -0.0756693482011069   0.0193026479053956   0
