8.1761945e-15   2.11793655e-16   0   0   0
0.220069292198756   0.581702719701188   0.220069292198747   0.581702719701187   0
0.21907331178397   0.603838685096453   -0.000995980414785824   0.0221359653952653   0
0.223302436275309   0.586411127762596   0.00422912449133944   -0.0174275573338569   0
0.150913466520525   0.620122134813633   -0.0723889697547842   0.0337110070510369   0
0.142442451950874   0.684696694903666   -0.00847101456965149   0.0645745600900327   0
0.127800145970705   0.674420593828902   -0.0146423059801683   -0.0102761010747635   0
0.0796228819744632   0.677195068906337   -0.0481772639962422   0.00277447507743511   0
0.061354511979725   0.712697641180218   -0.0182683699947382   0.0355025722738808   0
0.0689627851536394   0.753704232604598   0.00760827317391438   0.0410065914243801   0
0.0573250989434963   0.755996766790536   -0.0116376862101431   0.00229253418593756   0
0.0542691254610187   0.725639145796675   -0.00305597348247768   -0.0303576209938603   0
0.0630208799645508   0.719812733241123   0.00875175450353211   -0.00582641255555261   0
0.0837557687946341   0.750338334870303   0.0207348888300833   0.0305256016291801   0
0.132227173511081   0.796595500808657   0.0484714047164471   0.0462571659383538   0
0.132453571061495   0.85544458059387   0.000226397550414231   0.0588490797852134   0
0.164823891815101   0.885044612615073   0.0323703207536054   0.0296000320212032   0
0.124725607928197   0.853311489786416   -0.0400982838869038   -0.0317331228286571   0
0.138971381334171   0.842614972446439   0.0142457734059744   -0.0106965173399771   0
0.20835144562824   0.866286821223958   0.0693800642940689   0.0236718487775189   0
0.23827188990525   1.04296760165815   0.0299204442770103   0.176680780434187   0
0.254499016572699   1.01924351498189   0.0162271266674489   -0.0237240866762578   0
0.266954347579248   1.03936655136262   0.0124553310065489   0.0201230363807308   0
0.155362825675282   1.04345326430269   -0.111591521903966   0.00408671294007124   0
0.11755763299456   1.02201851093813   -0.037805192680722   -0.0214347533645551   0
0.113154426265187   1.04585342432043   -0.00440320672937282   0.023834913382291   0
0.147008484590598   1.03993008652519   0.0338540583254105   -0.00592333779523613   0
0.105137940783451   0.942236906419997   -0.0418705438071461   -0.097693180105192   0
0.205030918069367   1.02079686034399   0.0998929772859158   0.0785599539239966   0
0.0890422103766667   0.944069800931721   -0.115988707692701   -0.076727059412273   0
0.178727240674163   1.07322280872865   0.0896850302974964   0.129153007796926   0
0.134730979734109   1.06752415519172   -0.0439962609400545   -0.00569865353692967   0
0.204726437288382   1.08940431267331   0.069995457554273   0.0218801574815937   0
0.255650528766295   1.10881485992336   0.0509240914779138   0.0194105472500479   0
0.26660913048768   1.1137708312503   0.0109586017213849   0.00495597132694581   0
0.224773531652811   1.10726088476664   -0.0418355988348697   -0.00650994648366021   0
0.238608666161033   1.11416971313175   0.0138351345082226   0.00690882836510975   0
0.214315682661585   1.10244801759305   -0.0242929834994479   -0.0117216955387069   0
0.249736329968012   1.12303836384005   0.0354206473064262   0.0205903462470038   0
0.187031248032566   1.09128234550299   -0.0627050819354454   -0.0317560183370593   0
0.210503343154806   1.09473840865526   0.0234720951222393   0.00345606315226799   0
0.305202173175536   1.15585797477084   0.0946988300207304   0.0611195661155812   0
0.175148164540243   1.11964156168556   -0.130054008635293   -0.0362164130852853   0
0.666186614337313   1.19564756697534   0.49103844979707   0.0760060052897833   0
0.70478304214242   1.16143713073679   0.0385964278051074   -0.0342104362385436   0
0.650448977951074   1.14842246460974   -0.054334064191346   -0.0130146661270569   0
0.623685056710965   1.15375477330679   -0.0267639212401091   0.0053323086970487   0
0.609360751408639   1.15647259539382   -0.0143243053023263   0.00271782208702853   0
0.641910338066008   1.19054207537433   0.0325495866573693   0.0340694799805104   0
0.0567495219326333   0.747579335514362   -0.585160816133375   -0.442962739859964   0
0.270771440407107   1.0562855912289   0.214021918474474   0.308706255714543   0
0.322934743139464   1.15573074875868   0.052163302732357   0.0994451575297788   0
0.689465631826428   1.29434978034058   0.366530888686964   0.138619031581897   0
0.737774068493256   1.33727816355275   0.0483084366668276   0.0429283832121734   0
0.739671344022853   1.3587214509885   0.00189727552959729   0.021443287435744   0
0.733752697656111   1.35243089789813   -0.00591864636674266   -0.00629055309036897   0
0.690565543320474   1.33659320871172   -0.0431871543356364   -0.0158376891864076   0
0.644725174015874   1.36390008959137   -0.0458403693046006   0.0273068808796471   0
0.687121024107868   1.34643759277834   0.0423958500919945   -0.0174624968130277   0
0.716634111934766   1.34932507243179   0.0295130878268978   0.00288747965345015   0
0.699761375166842   1.35009323050911   -0.0168727367679239   0.00076815807731534   0
0.664662022367144   1.34164735317542   -0.0350993527996982   -0.00844587733368507   0
0.742704693911732   1.3715908438566   0.0780426715445878   0.0299434906811813   0
0.716594435075296   1.27803437522148   -0.0261102588364353   -0.09355646863512   0
0.705846400860651   1.24844710334106   -0.0107480342146459   -0.0295872718804195   0
0.736585001265283   1.27387489256278   0.0307386004046329   0.0254277892217163   0
0.720683893915012   1.28461722534026   -0.0159011073502714   0.0107423327774794   0
0.780609971503694   1.34420598033725   0.0599260775886821   0.0595887549969956   0
0.779926407176572   1.33218812077766   -0.000683564327122022   -0.0120178595595888   0
0.735123629314902   1.26249549839141   -0.0448027778616698   -0.0696926223862564   0
0.728471921170122   1.26602241866847   -0.00665170814478044   0.00352692027706092   0
0.769098916543974   1.28041508222518   0.0406269953738524   0.0143926635567098   0
0.773018857668799   1.3106480051962   0.00391994112482441   0.0302329229710188   0
0.796980503977607   1.29249801815534   0.0239616463088081   -0.0181499870408608   0
0.754705232736892   1.26131417366525   -0.042275271240715   -0.0311838444900829   0
0.749184848714825   1.27507262032914   -0.00552038402206656   0.0137584466638854   0
0.465569806503837   1.10751772527138   -0.283615042210989   -0.167554895057758   0
0.244132176028198   1.20554942844587   -0.221437630475639   0.0980317031744935   0
