1.1557082e-14   5.9798075e-50   0   0   0
0.0501155674371412   0.0665943452070017   0.0501155674371296   0.0665943452070017   0
0.0359307682969415   0.0452814198605559   -0.0141847991401997   -0.0213129253464458   0
0.0225871532214194   0.0312668158719285   -0.0133436150755221   -0.0140146039886274   0
0.0255301948723729   0.0233180339967831   0.00294304165095345   -0.0079487818751454   0
0.0383065046783429   0.0347131376067214   0.0127763098059701   0.0113951036099383   0
0.0456478968245913   0.0480035512079832   0.00734139214624836   0.0132904136012619   0
0.0511580845161983   0.0452219910562846   0.00551018769160697   -0.00278156015169861   0
0.0431216671986811   0.0291406144995801   -0.00803641731751717   -0.0160813765567045   0
0.0338486889468898   0.0276269242302463   -0.00927297825179128   -0.00151369026933384   0
0.0634439479421532   0.0480978006712883   0.0295952589952634   0.020470876441042   0
0.0890798166435578   0.0347833351508048   0.0256358687014046   -0.0133144655204834   0
0.0684974177941425   0.0310734774610573   -0.0205823988494153   -0.00370985768974755   0
0.0840965795637471   0.0460152889219187   0.0155991617696046   0.0149418114608614   0
0.0646236679458089   0.0409735405353626   -0.0194729116179382   -0.00504174838655611   0
0.0734392118232175   0.0521448129693003   0.00881554387740857   0.0111712724339378   0
0.0718594847872552   0.0422035459169863   -0.00157972703596224   -0.00994126705231405   0
0.107206524805657   0.0634519321440011   0.0353470400184015   0.0212483862270148   0
0.0722675002175975   0.04430773794871   -0.0349390245880592   -0.0191441941952911   0
0.0683965130241323   0.0510035642797255   -0.00387098719346524   0.00669582633101546   0
0.0830485797908366   0.0501041804631882   0.0146520667667044   -0.000899383816537237   0
0.0856924760166052   0.0471183754040157   0.00264389622576859   -0.00298580505917251   0
0.0690471449639136   0.0459141735833778   -0.0166453310526917   -0.00120420182063788   0
0.0736959108875836   0.0505509212930935   0.00464876592367008   0.00463674770971567   0
0.0985410952370813   0.0450816012323797   0.0248451843494977   -0.00546932006071386   0
0.0751048234062228   0.0462733687175506   -0.0234362718308585   0.00119176748517093   0
0.0822696948086559   0.0523960719077499   0.00716487140243309   0.00612270319019935   0
0.087972563541703   0.0482890854572512   0.00570286873304712   -0.00410698645049878   0
0.0879476993845483   0.0613481975243955   -2.48641571547192e-05   0.0130591120671443   0
0.0736111801504465   0.0507175501862494   -0.0143365192341018   -0.010630647338146   0
0.0846536145212333   0.0509925372496801   0.0110424343707868   0.000274987063430675   0
0.0769389934113998   0.0574118391428779   -0.00771462110983349   0.00641930189319777   0
0.0467601610445067   0.0521988386490034   -0.0301788323668931   -0.00521300049387444   0
0.0512941360752919   0.055173951441938   0.00453397503078512   0.00297511279293455   0
0.0672408364894572   0.044405177049891   0.0159467004141653   -0.010768774392047   0
0.040504458799075   0.038900195769676   -0.0267363776903822   -0.00550498128021497   0
0.0798398391763258   0.0392440648830971   0.0393353803772508   0.000343869113421026   0
0.0880405670245256   0.0401046317443925   0.00820072784819983   0.000860566861295445   0
0.0869221965714824   0.0632683450067454   -0.00111837045304321   0.0231637132623529   0
0.116244391392534   0.0755022285563327   0.0293221948210515   0.0122338835495873   0
0.116121619646567   0.0767311952708496   -0.000122771745967393   0.00122896671451692   0
0.118554735932658   0.0652781328399691   0.00243311628609183   -0.0114530624308805   0
0.118123076427432   0.0611434044544651   -0.000431659505226681   -0.00413472838550397   0
0.0993840162149034   0.0726618413196646   -0.0187390602125283   0.0115184368651995   0
0.118921554769644   0.0758022918418728   0.0195375385547409   0.00314045052220821   0
0.133909889413037   0.0629634625864969   0.0149883346433923   -0.012838829255376   0
0.125107697361424   0.0715191124254794   -0.00880219205161295   0.00855564983898252   0
0.139376001176823   0.0837963017614859   0.0142683038153996   0.0122771893360065   0
0.156026302881663   0.0734576736348289   0.0166503017048396   -0.010338628126657   0
0.145501176946861   0.076072442179441   -0.0105251259348014   0.00261476854461209   0
0.124864963918725   0.0752748409713322   -0.0206362130281366   -0.000797601208108789   0
0.140274843812399   0.0766702096762833   0.0154098798936745   0.00139536870495105   0
0.111792585583062   0.0814740072196767   -0.028482258229337   0.00480379754339338   0
0.150103829527718   0.0791156333050955   0.0383112439446555   -0.00235837391458119   0
0.127169369108451   0.0774854784559204   -0.0229344604192667   -0.00163015484917506   0
0.150784996707484   0.0898723011426813   0.0236156275990331   0.0123868226867609   0
0.152459933958595   0.0824572253934972   0.00167493725111098   -0.0074150757491841   0
0.147405476392621   0.0916432985204768   -0.0050544575659747   0.00918607312697958   0
0.144083439104341   0.0785458373460825   -0.00332203728827915   -0.0130974611743943   0
0.137324659504933   0.0937157395299759   -0.00675877959940852   0.0151699021838934   0
0.142212740407007   0.0926576519426655   0.00488808090207449   -0.00105808758731035   0
0.12267789234354   0.0935989688517518   -0.0195348480634669   0.000941316909086248   0
0.0954370362682209   0.0949279202043369   -0.0272408560753196   0.00132895135258518   0
0.136319512690986   0.0879353340090014   0.0408824764227655   -0.00699258619533552   0
0.142739557301581   0.0936434897108273   0.00642004461059492   0.00570815570182588   0
0.134003380505111   0.0919486028563158   -0.00873617679647051   -0.00169488685451147   0
0.141004118669782   0.0920939927007978   0.00700073816467134   0.000145389844481925   0
0.14393177339655   0.0845568429255065   0.0029276547267684   -0.0075371497752913   0
0.137705738410837   0.105095357416194   -0.00622603498571381   0.0205385144906878   0
0.140112651915052   0.113211482799966   0.00240691350421496   0.00811612538377129   0
0.171988330154348   0.126340346433396   0.0318756782392964   0.0131288636334308   0
0.177665912618374   0.124840876643579   0.00567758246402583   -0.0014994697898169   0
0.17419099666101   0.102432781189228   -0.00347491595736346   -0.0224080954543517   0
0.156490519617618   0.085401937662057   -0.0177004770433926   -0.0170308435271707   0
