1.091474e-14   4.30651028810277e-32   0   0   0
0.141609609007641   0.0571043383029686   0.14160960900763   0.0571043383029686   0
0.0519551368437334   0.0405008989861142   -0.0896544721639074   -0.0166034393168544   0
0.0914267711404136   0.131082450057023   0.0394716342966802   0.0905815510709089   0
0.219090895401435   0.205206425886176   0.127664124261021   0.0741239758291525   0
0.218124595524896   0.0771856577257681   -0.000966299876538929   -0.128020768160407   0
0.307269277370012   0.151717020238428   0.0891446818451161   0.0745313625126603   0
0.345479369748042   0.218447810621729   0.0382100923780299   0.0667307903833005   0
0.259400886333809   0.150370946161193   -0.0860784834142331   -0.0680768644605357   0
0.243307850810968   0.146106477354346   -0.0160930355228402   -0.00426446880684775   0
0.473989818615182   0.158152110082831   0.230681967804214   0.0120456327284852   0
0.393516863867553   0.0897530031227115   -0.0804729547476291   -0.0683991069601194   0
0.369838688420477   0.125986252832301   -0.0236781754470759   0.0362332497095892   0
0.533777705361485   0.233121218930696   0.163939016941008   0.107134966098395   0
0.529803476870708   0.23073060500833   -0.00397422849077744   -0.00239061392236559   0
0.540141875958712   0.188983415924966   0.0103383990880049   -0.0417471890833646   0
0.510601874059476   0.221988943206671   -0.0295400018992364   0.0330055272817056   0
0.50495204468237   0.188734118106712   -0.00564982937710568   -0.0332548250999593   0
0.570122497682623   0.267505688467847   0.065170453000253   0.0787715703611348   0
0.512294413402775   0.190842484120777   -0.057828084279848   -0.0766632043470698   0
0.496748640262155   0.165314132920292   -0.0155457731406202   -0.0255283512004844   0
0.496696337220447   0.227993395840201   -5.23030417086123e-05   0.0626792629199084   0
0.505710524648762   0.217969262518534   0.00901418742831517   -0.0100241333216665   0
0.307315243774807   0.126659180971068   -0.198395280873954   -0.0913100815474664   0
0.334975938272846   0.188988849907218   0.027660694498039   0.0623296689361499   0
0.618334657298908   0.288780904914482   0.283358719026062   0.0997920550072643   0
0.69411122752162   0.41015312525132   0.0757765702227119   0.121372220336838   0
0.741085005357016   0.257974067128086   0.046973777835396   -0.152179058123234   0
0.679927681068591   0.181213123262698   -0.0611573242884252   -0.0767609438653877   0
0.648918702500066   0.158123864659805   -0.0310089785685245   -0.0230892586028939   0
0.7297594126472   0.210796400224471   0.0808407101471341   0.0526725355646663   0
0.6351761486038   0.209265515314494   -0.0945832640433999   -0.0015308849099763   0
0.735463461902147   0.239393809949773   0.100287313298346   0.0301282946352783   0
0.749431365398332   0.193817397139007   0.0139679034961853   -0.0455764128107655   0
0.750351258499192   0.209254923371967   0.000919893100859825   0.0154375262329599   0
0.751329766595502   0.160329002924261   0.000978508096309838   -0.0489259204477064   0
1.15375699892789   0.237666991877649   0.402427232332392   0.0773379889533879   0
1.57176929588715   0.386007837582962   0.418012296959252   0.148340845705314   0
2.02363839277232   0.502116080167553   0.451869096885172   0.116108242584591   0
2.13203043288219   0.612357357428567   0.108392040109873   0.110241277261014   0
2.02936686228216   0.646501951791054   -0.102663570600033   0.0341445943624876   0
1.94246303061479   0.470541505105039   -0.0869038316673674   -0.175960446686016   0
1.83286722068707   0.411719374693733   -0.109595809927718   -0.0588221304113061   0
1.15824514307567   0.317860111724177   -0.674622077611407   -0.0938592629695556   0
1.28211808136765   0.306209768857318   0.123872938291988   -0.0116503428668594   0
1.41750116969716   0.241101648044588   0.135383088329506   -0.0651081208127294   0
1.6786448290397   0.274246849454385   0.261143659342537   0.0331452014097971   0
1.65715921468315   0.284377675806597   -0.0214856143565463   0.0101308263522115   0
1.79583853036942   0.286592929128414   0.138679315686266   0.00221525332181677   0
1.8287055344633   0.244969907030168   0.0328670040938874   -0.0416230220982456   0
1.77512023054427   0.291707210411994   -0.0535853039190364   0.0467373033818261   0
1.81187835203079   0.275663178375018   0.0367581214865238   -0.0160440320369764   0
1.50692872078302   0.472520244154539   -0.304949631247775   0.196857065779522   0
1.2710937605388   0.623912351869462   -0.235834960244216   0.151392107714923   0
1.21640426736721   0.777331446892429   -0.0546894931715949   0.153419095022966   0
0.939606540866746   0.649996582330056   -0.27679772650046   -0.127334864562372   0
1.01652196497885   0.675977118677787   0.0769154241121079   0.0259805363477312   0
1.23610635660378   0.698588557844306   0.219584391624929   0.022611439166519   0
1.20299092663059   0.690120965590235   -0.0331154299731959   -0.00846759225407168   0
1.37959454684384   0.564007321496909   0.176603620213257   -0.126113644093326   0
1.38520244733225   0.686896021520751   0.0056079004884062   0.122888700023842   0
1.43928249209536   0.745348097774864   0.05408004476311   0.0584520762541132   0
1.49626644423356   0.72262633322681   0.0569839521382018   -0.0227217645480544   0
1.39404952086195   0.703161923553574   -0.102216923371617   -0.0194644096732358   0
1.5367908046353   0.686745453531262   0.142741283773353   -0.0164164700223116   0
1.51704506397309   0.676624112679847   -0.0197457406622066   -0.0101213408514148   0
1.58320445151988   0.678101831342748   0.0661593875467916   0.00147771866290047   0
1.66751349982393   0.696494238249734   0.0843090483040441   0.0183924069069865   0
1.7370165326282   0.758129757563084   0.0695030328042765   0.0616355193133493   0
1.89433268434587   0.810670961995093   0.15731615171767   0.0525412044320088   0
1.41026186700987   0.822668465074758   -0.484070817336002   0.0119975030796653   0
