7.1054274e-15   0   0   0   0
0.0527492413810978   0.0105074833227187   0.0527492413810907   0.0105074833227187   0
0.0422910513090639   0.0343582615721263   -0.0104581900720339   0.0238507782494076   0
0.0282389574336443   0.0455819727675811   -0.0140520938754196   0.0112237111954549   0
0.0240157870708494   0.0712641153400983   -0.00422317036279493   0.0256821425725171   0
0.0480233941923529   0.0728183588940877   0.0240076071215035   0.00155424355398948   0
0.0624929517677905   0.095720331553897   0.0144695575754377   0.0229019726598092   0
0.0592032541029434   0.111020162065236   -0.00328969766484715   0.0152998305113387   0
0.0672086300881925   0.105041509603733   0.00800537598524907   -0.00597865246150241   0
0.0692697422096257   0.100890568758929   0.0020611121214332   -0.00415094084480411   0
0.0807312185053881   0.124092324447189   0.0114614762957624   0.0232017556882598   0
0.123165092283216   0.132932077222948   0.0424338737778277   0.00883975277575898   0
0.0896219295690984   0.130462989356704   -0.0335431627141174   -0.00246908786624367   0
0.103616559201615   0.132805211916817   0.0139946296325168   0.00234222256011302   0
0.12389411269558   0.147591248219101   0.020277553493965   0.0147860363022833   0
0.0869674467696286   0.13194744481396   -0.0369266659259516   -0.0156438034051407   0
0.125975450792577   0.149636644891547   0.0390080040229483   0.0176892000775875   0
0.15664079925851   0.177828397262637   0.0306653484659331   0.0281917523710895   0
0.121344795135125   0.174366787642365   -0.0352960041233845   -0.00346160962027167   0
0.157098781202687   0.209603697618432   0.035753986067562   0.0352369099760668   0
0.162415181025182   0.202075021584249   0.00531639982249449   -0.00752867603418256   0
0.123487495398104   0.194434952929288   -0.038927685627078   -0.0076400686549615   0
0.145552038682587   0.199620023480652   0.0220645432844826   0.00518507055136397   0
0.169195264487021   0.208685241223819   0.0236432258044349   0.00906521774316713   0
0.139703391918724   0.213562664914025   -0.029491872568297   0.00487742369020569   0
0.139062774296132   0.201876039085935   -0.000640617622592099   -0.0116866258280897   0
0.137216921218158   0.196977207208556   -0.00184585307797439   -0.004898831877379   0
0.116813284405737   0.197512434276367   -0.020403636812421   0.000535227067810923   0
0.153728655208557   0.197983743291   0.0369153708028205   0.000471309014633547   0
0.163894367266571   0.224651804121298   0.0101657120580136   0.0266680608302977   0
0.113795622920621   0.197271918382829   -0.0500987443459505   -0.0273798857384696   0
0.14370755736146   0.218163312826754   0.0299119344408392   0.0208913944439256   0
0.170388943225583   0.227271457754857   0.0266813858641229   0.0091081449281028   0
0.155225240165516   0.238357238176002   -0.015163703060067   0.0110857804211447   0
0.166352005088119   0.237411971269498   0.0111267649226032   -0.000945266906503373   0
0.18635794529149   0.252857059748905   0.0200059402033711   0.015445088479407   0
0.167943065612019   0.249983665666207   -0.0184148796794707   -0.00287339408269879   0
0.212100142862033   0.252462620926442   0.0441570772500136   0.00247895526023498   0
0.190858327522827   0.255494615417007   -0.0212418153392055   0.00303199449056585   0
0.201007980448794   0.243355385942762   0.0101496529259667   -0.012139229474245   0
0.210311643078143   0.251789397442226   0.00930366262934867   0.00843401149946366   0
0.179781629449769   0.240073730366966   -0.0305300136283736   -0.0117156670752597   0
0.151370892098565   0.225024992562491   -0.028410737351204   -0.0150487378044756   0
0.164275706710609   0.214934414141121   0.012904814612044   -0.0100905784213697   0
0.136142590782114   0.202485198908434   -0.0281331159284952   -0.0124492152326871   0
0.159550149062907   0.234155755548582   0.0234075582807934   0.0316705566401481   0
0.163235995651212   0.246064537332637   0.00368584658830493   0.011908781784055   0
0.178471371519338   0.260991550681479   0.0152353758681259   0.0149270133488414   0
0.161559995421237   0.284238929642104   -0.0169113760981016   0.0232473789606251   0
0.200291794110793   0.317543470628326   0.0387317986895568   0.0333045409862221   0
0.215307950744821   0.318558239848065   0.0150161566340281   0.00101476921973892   0
0.209517712768137   0.327065117085812   -0.00579023797668421   0.00850687723774757   0
0.174090696650079   0.306329856152948   -0.0354270161180584   -0.0207352609328646   0
0.204828075308319   0.290489625325678   0.0307373786582399   -0.0158402308272696   0
0.216937375839649   0.311104380031349   0.0121093005313301   0.0206147547056715   0
0.156051141065545   0.289030758037337   -0.0608862347741033   -0.0220736219940124   0
0.22766792831925   0.299825745830419   0.0716167872537047   0.0107949877930822   0
0.179739615805753   0.280785934669183   -0.0479283125134966   -0.0190398111612364   0
0.198769514710631   0.277324559668004   0.0190298989048772   -0.00346137500117905   0
0.177699083410506   0.261551091130798   -0.0210704313001243   -0.0157734685372053   0
0.114701829512947   0.212267614227253   -0.0629972538975598   -0.0492834769035453   0
0.128035490444594   0.217099572048927   0.013333660931647   0.00483195782167423   0
0.143483754061538   0.20472886551494   0.0154482636169446   -0.0123707065339878   0
0.106075533030814   0.223979100425187   -0.0374082210307244   0.0192502349102476   0
0.167338837060603   0.254418041454559   0.0612633040297897   0.0304389410293719   0
0.0996536627139731   0.245321648663698   -0.0676851743466304   -0.00909639279086064   0
0.152438594206326   0.221159345063517   0.0527849314923526   -0.0241623036001815   0
0.103772009352349   0.202710707928638   -0.0486665848539762   -0.0184486371348792   0
0.114304809922949   0.184666426425056   0.0105328005705992   -0.0180442815035816   0
0.0894749173053916   0.196497596779796   -0.024829892617557   0.0118311703547401   0
0.120510634918115   0.203607197365683   0.0310357176127233   0.00710960058588683   0
0.133557731243476   0.197654605271538   0.0130470963253606   -0.00595259209414509   0
0.102939969656708   0.186986421358082   -0.0306177615867677   -0.0106681839134562   0
