0   0   0   0   0
0.141338971258605   0.0901595537888203   0.141338971258605   0.0901595537888203   0
0.104207758483333   0.0693292584518834   -0.0371312127752714   -0.0208302953369369   0
0.171023564769847   0.1378682902567   0.0668158062865139   0.0685390318048167   0
0.171472824107713   0.124518612109939   0.000449259337866104   -0.0133496781467613   0
0.178763432408145   0.0901394590623222   0.00729060830043174   -0.0343791530476166   0
0.175876085632825   0.104755516742413   -0.00288734677532035   0.0146160576800904   0
0.187129372159129   0.114148586815765   0.0112532865263043   0.00939307007335265   0
0.215626648378599   0.155731710675598   0.0284972762194705   0.0415831238598326   0
0.0990376694219345   0.102311662972841   -0.116588978956665   -0.0534200477027571   0
0.121019315752478   0.117913659963937   0.0219816463305432   0.0156019969910957   0
0.120790997956884   0.229822814686818   -0.000228317795593305   0.111909154722881   0
0.103124773966352   0.211729662730738   -0.0176662239905322   -0.0180931519560796   0
0.0667908069386443   0.19014339095138   -0.0363339670277079   -0.0215862717793583   0
0.0681797589298423   0.198560315584647   0.001388951991198   0.0084169246332669   0
0.068033639371996   0.202934380540767   -0.000146119557846311   0.00437406495612017   0
0.0610669255034164   0.215139253135025   -0.00696671386857958   0.0122048725942582   0
0.0787589165847643   0.187042841426665   0.0176919910813478   -0.0280964117083598   0
0.0619448378850478   0.12850186047589   -0.0168140786997165   -0.0585409809507757   0
0.0167316250130081   0.188274047620681   -0.0452132128720397   0.0597721871447918   0
0.0634032755641491   0.179786606690098   0.046671650551141   -0.00848744093058329   0
0.075661899245126   0.205063245240004   0.0122586236809769   0.0252766385499061   0
0.10386503686072   0.173185203892964   0.0282031376155942   -0.0318780413470404   0
0.0393743392214626   0.18386063476242   -0.0644906976392577   0.0106754308694565   0
0.0236709558992126   0.21667190808678   -0.01570338332225   0.0328112733243602   0
0.0681851416968164   0.162486467435174   0.0445141857976039   -0.0541854406516064   0
0.0480029143470406   0.201964784580356   -0.0201822273497759   0.0394783171451817   0
0.0496457482266596   0.234096360437816   0.00164283387961901   0.0321315758574604   0
0.0870206957163017   0.218837155679201   0.0373749474896422   -0.0152592047586149   0
0.063730590726663   0.254843679502161   -0.0232901049896387   0.0360065238229596   0
0.0877553013768913   0.213278291853744   0.0240247106502283   -0.0415653876484169   0
0.0619433095154554   0.219268984061831   -0.0258119918614358   0.00599069220808707   0
0.0909118198979294   0.283421745398803   0.028968510382474   0.0641527613369723   0
0.107022963833433   0.272211966567787   0.0161111439355033   -0.0112097788310165   0
0.122972819267959   0.262797625873158   0.0159498554345263   -0.00941434069462871   0
0.117530734160671   0.282127921966458   -0.0054420851072878   0.0193302960932994   0
0.132642828222997   0.287307883263696   0.0151120940623256   0.00517996129723858   0
0.0589425014818216   0.240505614494554   -0.0737003267411752   -0.0468022687691421   0
0.0972325088044731   0.256573450575587   0.0382900073226516   0.0160678360810334   0
0.1054365710531   0.240156141158518   0.00820406224862726   -0.0164173094170695   0
0.103785176260676   0.241829273758535   -0.001651394792424   0.0016731326000167   0
0.0920819864280773   0.236983375945082   -0.0117031898325991   -0.00484589781345282   0
0.100918528108053   0.204153595577166   0.00883654167997591   -0.0328297803679158   0
0.0465366886132417   0.24415323594342   -0.0543818394948115   0.0399996403662542   0
0.109292699116162   0.208995430504491   0.0627560105029205   -0.0351578054389293   0
0.0359155063885237   0.227928313433797   -0.0733771927276386   0.0189328829293064   0
0.0814497610343655   0.212700998869448   0.0455342546458418   -0.0152273145643498   0
0.0437075968722294   0.21955270575572   -0.0377421641621361   0.00685170688627207   0
0.051989842139323   0.21145041836384   0.00828224526709365   -0.00810228739187976   0
0.0490661182075895   0.206741130134792   -0.00292372393173349   -0.0047092882290479   0
0.0479789334473423   0.239281726663126   -0.00108718476024728   0.032540596528334   0
0.300106767501781   0.323363738943188   0.252127834054439   0.0840820122800617   0
0.150630358808732   0.200969771718307   -0.14947640869305   -0.12239396722488   0
0.0887409465569115   0.178460573297553   -0.0618894122518201   -0.0225091984207547   0
0.0809046524296719   0.133621343443343   -0.00783629412723959   -0.0448392298542102   0
0.0298389623719491   0.161796541069566   -0.0510656900577228   0.0281751976262234   0
0.0622621780656897   0.137246868807574   0.0324232156937406   -0.0245496722619924   0
0.0373527210231184   0.11292448888019   -0.0249094570425713   -0.0243223799273833   0
0.0609800513510337   0.137658725138689   0.0236273303279153   0.0247342362584984   0
0.059790898666145   0.0825831923436065   -0.00118915268488869   -0.0550755327950824   0
0.0752224178867163   0.127721536002438   0.0154315192205713   0.0451383436588312   0
0.141237230307865   0.174175130921931   0.0660148124211485   0.0464535949194936   0
0.105861291948236   0.202845568662155   -0.0353759383596291   0.0286704377402237   0
0.142947362197641   0.19787681890832   0.0370860702494049   -0.00496874975383535   0
0.118720442550544   0.181198007204408   -0.0242269196470964   -0.0166788117039113   0
0.0918693676901108   0.227867929499649   -0.0268510748604335   0.0466699222952411   0
0.111059318938911   0.231942139335798   0.0191899512488002   0.00407420983614851   0
0.11929309041587   0.228315502730955   0.00823377147695926   -0.00362663660484339   0
0.0851769826107213   0.211245651296225   -0.034116107805149   -0.0170698514347291   0
0.128460397733865   0.214144465118824   0.0432834151231441   0.00289881382259885   0
0.091348933115084   0.257905348392827   -0.0371114646187814   0.0437608832740032   0
0.0716760070144662   0.320230234694881   -0.0196729261006178   0.0623248863020539   0
0.442543423425565   0.478465523451929   0.370867416411098   0.158235288757048   0
0.354002586990297   0.449980483331899   -0.0885408364352678   -0.0284850401200303   0
0.35111128677467   0.458949806043064   -0.00289130021562739   0.00896932271116591   0
0.34308765421789   0.364690210210524   -0.00802363255677946   -0.0942595958325407   0
0.257235160791447   0.264159185762298   -0.085852493426443   -0.100531024448226   0
