0   0   0   0   0
0.024957218641783   0.0145365684709963   0.024957218641783   0.0145365684709963   0
0.0194227854946166   0.0267898024511166   -0.00553443314716636   0.0122532339801203   0
0.0285162525389504   0.0238954030811375   0.0090934670443338   -0.00289439936997911   0
0.0193663898372856   0.0361756586024678   -0.00914986270166489   0.0122802555213303   0
0.0155585875665663   0.0139618685798079   -0.00380780227071924   -0.0222137900226599   0
0.0205286157316414   0.00978636496231603   0.00497002816507507   -0.00417550361749192   0
0.0458543858479501   0.0194228295510467   0.0253257701163087   0.0096364645887307   0
0.0270279801270382   0.0538372373110642   -0.0188264057209119   0.0344144077600174   0
0.0325094853448899   0.0513169569854226   0.00548150521785169   -0.00252028032564158   0
0.0328050771204034   0.0644912145684365   0.000295591775513568   0.0131742575830139   0
0.0234768216185588   0.0651451391068779   -0.00932825550184458   0.000653924538441417   0
0.0512640796065227   0.0636900683871486   0.0277872579879638   -0.00145507071972935   0
0.0526721691908635   0.0385215849543339   0.00140808958434086   -0.0251684834328146   0
0.0257377814859263   0.0486099975711122   -0.0269343877049372   0.0100884126167783   0
0.0499876592375247   0.0420324609162991   0.0242498777515984   -0.00657753665481314   0
0.0350847758173672   0.0313198696696893   -0.0149028834201575   -0.0107125912466097   0
0.0404212208764112   0.0736989901479043   0.00533644505904404   0.042379120478215   0
0.0497598881269007   0.0878996408101411   0.0093386672504895   0.0142006506622367   0
0.0959089091865557   0.111292258596139   0.046149021059655   0.0233926177859982   0
0.062815724753931   0.0866318804820671   -0.0330931844326247   -0.0246603781140722   0
0.0569086262109272   0.0775414697383076   -0.00590709854300375   -0.00909041074375944   0
0.0696311173280598   0.0563609805624799   0.0127224911171326   -0.0211804891758277   0
0.0424067338715457   0.0502194748019601   -0.0272243834565142   -0.00614150576051985   0
0.0650882358460054   0.0508006326307808   0.0226815019744597   0.000581157828820747   0
0.0326289808978385   0.0518317666382199   -0.0324592549481669   0.00103113400743905   0
0.0311856824584838   0.0544763562344385   -0.00144329843935475   0.00264458959621866   0
0.0479493932180493   0.0385595827905318   0.0167637107595656   -0.0159167734439067   0
0.0548653588960985   0.0410429807837475   0.00691596567804911   0.0024833979932157   0
0.0587079556367021   0.0393596395330611   0.00384259674060367   -0.00168334125068646   0
0.0465215064358388   0.0416530252671915   -0.0121864492008633   0.00229338573413041   0
0.0398542425529674   0.0418712107713875   -0.00666726388287144   0.000218185504195986   0
0.0500434306305624   0.03346264394463   0.010189188077595   -0.00840856682675743   0
0.0384497758210297   0.0350168558570858   -0.0115936548095328   0.00155421191245581   0
0.0238510475456793   0.0361014580222741   -0.0145987282753504   0.00108460216518829   0
0.0418816543284644   0.047577326316629   0.0180306067827851   0.0114758682943549   0
0.030076503367352   0.0459285504132801   -0.0118051509611124   -0.00164877590334887   0
0.0571660504195274   0.0401816436302842   0.0270895470521754   -0.00574690678299594   0
0.0663010866579576   0.0358437979022816   0.00913503623843024   -0.00433784572800263   0
0.0571725528648519   0.0361973765822598   -0.00912853379310574   0.000353578679978227   0
0.0493287649465802   0.0394834209436946   -0.00784378791827164   0.00328604436143487   0
0.0578343822729186   0.0397851887154579   0.00850561732633838   0.000301767771763266   0
0.0471620202850343   0.038006535643042   -0.0106723619878843   -0.00177865307241593   0
0.0694833236749325   0.0447952404261246   0.0223213033898981   0.00678870478308264   0
0.0215247552405556   0.0360217715897741   -0.0479585684343769   -0.00877346883635052   0
0.0463205948903508   0.0212779425539953   0.0247958396497953   -0.0147438290357788   0
0.0413621673060802   0.0350039365110692   -0.00495842758427064   0.0137259939570739   0
0.0666753907205318   0.0349863991984561   0.0253132234144516   -1.75373126130723e-05   0
0.0569196019888264   0.0478453627059053   -0.00975578873170545   0.0128589635074492   0
0.0938898645383511   0.0259277613956201   0.0369702625495247   -0.0219176013102853   0
0.0806249167294928   0.0466339979699043   -0.0132649478088583   0.0207062365742842   0
0.0883583508793759   0.049302809952621   0.00773343414988312   0.00266881198271675   0
0.0613633277013158   0.0644073015678586   -0.0269950231780601   0.0151044916152376   0
0.0935061082913895   0.0537599935092507   0.0321427805900737   -0.0106473080586079   0
0.0474812134110263   0.0765836944966065   -0.0460248948803632   0.0228237009873558   0
0.0605700585018216   0.0741778936212371   0.0130888450907953   -0.00240580087536942   0
0.0559298244106724   0.0738204229669529   -0.00464023409114919   -0.000357470654284181   0
0.0560808993217209   0.0848190412089912   0.000151074911048488   0.0109986182420383   0
0.106381934656733   0.0513674822239815   0.050301035335012   -0.0334515589850098   0
0.130428864825083   0.0478662224055923   0.0240469301683498   -0.00350125981838916   0
0.12219666410511   0.0510013605936318   -0.00823220071997262   0.00313513818803946   0
0.123253372191922   0.08612134771807   0.00105670808681219   0.0351199871244382   0
0.0633137880236207   0.0721357371044989   -0.0599395841683016   -0.0139856106135711   0
