0   0   0   0   0
0.0344720475423435   0.0129249912718178   0.0344720475423435   0.0129249912718178   0
0.0685204898628427   0.0847929291505446   0.0340484423204992   0.0718679378787268   0
0.0890436838496868   0.113572341636266   0.0205231939868441   0.0287794124857217   0
0.113760597382165   0.12837017043298   0.0247169135324778   0.014797828796714   0
0.105962395245342   0.150222955462253   -0.00779820213682307   0.0218527850292727   0
0.169542034813101   0.156168770682129   0.0635796395677598   0.00594581521987617   0
0.0971811988156896   0.17030263103902   -0.0723608359974118   0.014133860356891   0
0.154921715893349   0.27907039631907   0.057740517077659   0.10876776528005   0
0.166046019180995   0.343399740792319   0.0111243032876462   0.0643293444732493   0
0.0897808913273619   0.370717786689716   -0.0762651278536328   0.0273180458973971   0
0.339587161234016   0.349788157394133   0.249806269906654   -0.0209296292955832   0
0.321923202551252   0.407740329319923   -0.0176639586827646   0.0579521719257904   0
0.201373900186025   0.526945607028576   -0.120549302365226   0.119205277708652   0
0.310083752988876   0.538749689417555   0.108709852802851   0.0118040823889789   0
0.305138013479762   0.579604846942691   -0.00494573950911392   0.0408551575251364   0
0.349074552172939   0.534186362894163   0.0439365386931766   -0.0454184840485274   0
0.296632108408968   0.59634392410585   -0.0524424437639706   0.0621575612116865   0
0.32928752724386   0.538051237631768   0.032655418834892   -0.0582926864740823   0
0.291509795318082   0.534655715552187   -0.0377777319257777   -0.00339552207958038   0
0.324805442492572   0.61117640832132   0.0332956471744897   0.0765206927691325   0
0.259459397884816   0.652257809157079   -0.0653460446077561   0.0410814008357593   0
0.269158286381994   0.648337250805187   0.00969888849717754   -0.00392055835189187   0
0.310767152374342   0.633862234968352   0.0416088659923482   -0.0144750158368356   0
0.42370349018118   0.567027158019957   0.112936337806839   -0.0668350769483943   0
0.809476480522634   0.36076794869441   0.385772990341453   -0.206259209325547   0
0.502174971733954   0.410271914034036   -0.30730150878868   0.0495039653396264   0
0.408629299881983   0.490328323508647   -0.0935456718519705   0.0800564094746106   0
0.416789468898935   0.553653940155598   0.00816016901695182   0.0633256166469509   0
0.234025759987221   0.58718422110446   -0.182763708911714   0.0335302809488619   0
0.258584361711262   0.614669821001605   0.0245586017240414   0.0274855998971449   0
0.225283523939143   0.626872899623283   -0.033300837772119   0.012203078621678   0
0.295030884662545   0.652957980017258   0.0697473607234017   0.0260850803939755   0
0.32982793212595   0.67384779634114   0.034797047463405   0.0208898163238815   0
0.311485118397549   0.630157355467726   -0.0183428137284007   -0.0436904408734134   0
0.388263179052918   0.653838845578196   0.0767780606553687   0.0236814901104699   0
0.360439866625101   0.69444800288848   -0.0278233124278168   0.0406091573102839   0
0.511825142577966   0.790705184133878   0.151385275952865   0.0962571812453978   0
0.436958073473352   0.823219616990643   -0.074867069104614   0.0325144328567653   0
0.364500201179571   0.757089734376558   -0.0724578722937808   -0.0661298826140853   0
0.421400578141763   0.74673525424989   0.0569003769621913   -0.0103544801266678   0
0.382050514569222   0.703239996963368   -0.0393500635725402   -0.0434952572865218   0
0.337500468259507   0.681416795835437   -0.0445500463097149   -0.0218232011279309   0
0.503441545896848   0.497806701818906   0.165941077637341   -0.183610094016531   0
0.276210015364256   0.696824675627005   -0.227231530532592   0.199017973808099   0
0.363173429833969   0.716777337645614   0.0869634144697122   0.019952662018609   0
0.410522787962767   0.690837252810286   0.0473493581287979   -0.0259400848353285   0
0.321296233775639   0.710571969333272   -0.0892265541871277   0.0197347165229863   0
0.296437711477051   0.715444952716198   -0.0248585222985878   0.00487298338292574   0
0.319473161449175   0.705565770534538   0.0230354499721237   -0.00987918218166028   0
0.27945213294128   0.723879686267914   -0.0400210285078952   0.0183139157333763   0
0.171707172422238   0.725312603377134   -0.107744960519041   0.00143291710922011   0
0.260694646878588   0.714929766465623   0.0889874744563497   -0.0103828369115108   0
0.203263589604568   0.637748005699135   -0.0574310572740198   -0.077181760766488   0
0.347569767679822   0.750790375890983   0.144306178075254   0.113042370191848   0
0.369392894897582   0.787891073568597   0.0218231272177598   0.0371006976776139   0
0.375486945484336   0.764103765357886   0.0060940505867545   -0.0237873082107115   0
0.386596774823386   0.721271847439613   0.01110982933905   -0.042831917918273   0
0.359724054926575   0.672588250536657   -0.026872719896811   -0.048683596902956   0
0.431322538300408   0.699954151141602   0.0715984833738327   0.0273659006049454   0
0.567340130407683   0.753223857693013   0.136017592107275   0.0532697065514109   0
0.407061717853966   0.762476529029658   -0.160278412553718   0.00925267133664509   0
0.445392485395711   0.754618347295608   0.0383307675417456   -0.00785818173405073   0
0.449307998362315   0.78130480799102   0.00391551296660325   0.0266864606954121   0
0.549748223998818   0.860956808002601   0.100440225636503   0.0796520000115818   0
0.5514577478968   0.864561747759637   0.0017095238979824   0.00360493975703557   0
0.527681229912881   0.8328794248746   -0.0237765179839192   -0.0316823228850371   0
0.526765294385627   0.909118280605218   -0.000915935527253886   0.0762388557306186   0
0.512517648867392   0.895510094322909   -0.0142476455182354   -0.0136081862823096   0
0.463763763960263   0.870445416003053   -0.0487538849071292   -0.0250646783198555   0
0.450749084961743   0.755159846045467   -0.0130146789985197   -0.115285569957586   0
0.518560973288676   0.656033421447659   0.0678118883269327   -0.0991264245978085   0
0.615161212865302   0.724429199698757   0.0966002395766267   0.0683957782510984   0
0.5749412397963   0.734958186837125   -0.0402199730690024   0.0105289871383677   0
0.607436377056811   0.781157455382118   0.0324951372605108   0.0461992685449929   0
0.513813007276942   0.64498240773229   -0.0936233697798687   -0.136175047649827   0
0.54870377460762   0.64813900483393   0.0348907673306778   0.00315659710163996   0
