1.4210855e-14   0   0   0   0
0.0600291024451656   0.0370408475689597   0.0600291024451514   0.0370408475689597   0
0.0597719042832   0.017243554748489   -0.000257198161965559   -0.0197972928204707   0
0.135312052568705   0.0790526229172069   0.0755401482855054   0.0618090681687178   0
0.0469865479823791   0.0276066309671214   -0.0883255045863263   -0.0514459919500855   0
0.07410330462609   0.109410001695437   0.0271167566437109   0.0818033707283158   0
0.0861235985015577   0.137361609442975   0.0120202938754677   0.0279516077475374   0
0.160045723305602   0.145186555045069   0.0739221248040446   0.00782494560209401   0
0.229936974063535   0.19234995738652   0.0698912507579324   0.0471634023414517   0
0.255222654684547   0.305667170984488   0.0252856806210119   0.113317213597968   0
1.13811400468305   0.495768392522861   0.882891349998501   0.190101221538373   0
0.153938233913887   0.239741428959116   -0.984175770769161   -0.256026963563746   0
0.460850360735446   0.653957966019498   0.306912126821559   0.414216537060382   0
0.438938480801983   0.592850392852482   -0.0219118799334633   -0.0611075731670161   0
0.466270918253554   0.538865175466746   0.0273324374515712   -0.0539852173857358   0
0.453846057501847   0.542893690468943   -0.0124248607517068   0.00402851500219648   0
0.481671452253139   0.547244493071984   0.0278253947512922   0.00435080260304166   0
0.513080628735657   0.483928165682531   0.0314091764825177   -0.0633163273894531   0
0.367878302884805   0.439754512405161   -0.145202325850852   -0.0441736532773697   0
0.252747238618318   0.406652667957911   -0.115131064266487   -0.0331018444472508   0
0.294456294808407   0.408615004928332   0.0417090561900896   0.00196233697042109   0
0.254198339403205   0.457516107772201   -0.0402579554052027   0.0489011028438694   0
0.242706533266534   0.408597996307587   -0.0114918061366703   -0.048918111464614   0
0.241202600589092   0.418298038060504   -0.0015039326774427   0.00970004175291694   0
1.39592378663112   0.562798375860923   1.15472118604203   0.144500337800419   1
1.05623559431566   0.492827634950943   -0.339688192315458   -0.0699707409099797   0
0.414798164269078   0.385371626924061   -0.641437430046586   -0.107456008026883   0
0.287802806849991   0.280401178663606   -0.126995357419087   -0.104970448260454   0
0.230284056230463   0.266666129597944   -0.0575187506195274   -0.0137350490656625   0
0.202021240558972   0.257251542595854   -0.0282628156714916   -0.0094145870020893   0
0.128935919600332   0.208174890866473   -0.0730853209586401   -0.0490766517293815   0
0.156010015970038   0.181658058294247   0.0270740963697059   -0.0265168325722259   0
0.177990275636741   0.197371016056504   0.0219802596667037   0.0157129577622568   0
0.145759608763318   0.212468401163944   -0.0322306668734237   0.0150973851074405   0
0.147582902535116   0.214839460653014   0.00182329377179818   0.00237105948906963   0
0.116871589841497   0.20133112713548   -0.0307113126936189   -0.0135083335175336   0
0.196542371060695   0.244402479620949   0.0796707812191984   0.0430713524854689   0
0.22765223180715   0.162864847912604   0.0311098607464549   -0.0815376317083451   0
0.23025821603119   0.143580183384315   0.00260598422403943   -0.0192846645282892   0
0.166282813780625   0.158809283682801   -0.0639754022505649   0.0152291002984862   0
0.131898498928974   0.173693352866592   -0.034384314851651   0.0148840691837905   0
0.180993764321882   0.161397015084782   0.0490952653929088   -0.0122963377818096   0
0.131924652852104   0.146268746288444   -0.0490691114697781   -0.0151282687963381   0
0.10764983488693   0.162897582354147   -0.0242748179651746   0.0166288360657027   0
0.119115679709018   0.161083442467677   0.0114658448220878   -0.00181413988647022   0
0.200917317867771   0.168582274683117   0.0818016381587531   0.00749883221544018   0
0.592899546207922   0.180692653749282   0.391982228340151   0.012110379066165   0
0.273497011418511   0.212794984010434   -0.319402534789411   0.0321023302611523   0
0.244468771286431   0.205671127687475   -0.0290282401320801   -0.00712385632295928   0
0.230022629933294   0.114258298246501   -0.0144461413531369   -0.0914128294409738   0
0.328363526625711   0.192077175311679   0.0983408966924171   0.0778188770651783   0
0.338382886205483   0.157096822114469   0.0100193595797717   -0.0349803531972105   0
0.313027387979027   0.316119188705462   -0.0253554982264561   0.159022366590994   0
0.381854519302662   0.34514361903333   0.0688271313236352   0.0290244303278678   0
0.356376119568184   0.332553781725076   -0.0254783997344774   -0.012589837308254   0
0.343022965148525   0.384929937837018   -0.0133531544196595   0.0523761561119421   0
0.414978568553299   0.455206130375363   0.0719556034047739   0.0702761925383452   0
0.438955920472928   0.382671364085861   0.0239773519196294   -0.0725347662895027   0
0.401259200289902   0.415912653854261   -0.037696720183026   0.0332412897684   0
0.394546974374326   0.441575395480277   -0.00671222591557663   0.0256627416260163   0
0.445846854082277   0.422378532512829   0.0512998797079513   -0.019196862967448   0
0.849222606517386   0.465489843879312   0.403375752435109   0.0431113113664831   0
0.457608851324388   0.626517014174142   -0.391613755192998   0.16102717029483   0
0.570495435942038   0.645644970111556   0.112886584617649   0.0191279559374145   0
0.504605543303465   0.586210049546886   -0.0658898926385728   -0.05943492056467   0
0.505643741170026   0.571177839554614   0.00103819786656156   -0.0150322099922728   0
0.530717180266692   0.63791492180751   0.025073439096666   0.0667370822528961   0
0.523931776214112   0.66154112075206   -0.00678540405258088   0.0236261989445502   0
0.541349593572822   0.702954787319914   0.0174178173587108   0.0414136665678539   0
0.541452431589318   0.685448644425857   0.000102838016495577   -0.0175061428940569   0
0.612980196584825   0.735545684575766   0.0715277649955071   0.0500970401499096   0
0.215693063665776   0.611492305849051   -0.397287132919049   -0.124053378726715   0
0.287380143383728   0.736572073560015   0.0716870797179514   0.125079767710964   0
0.330999166161291   0.855927289270792   0.0436190227775633   0.119355215710777   0
0.383772058920049   0.961189690053738   0.0527728927587583   0.105262400782945   0
0.294511832717856   0.865745138715042   -0.0892602262021935   -0.0954445513386954   0
0.448607580934036   0.585760098604107   0.15409574821618   -0.279985040110936   0
