7.1054274e-15   0   0   0   0
0.00892681297755818   0.00450628807950686   0.00892681297755107   0.00450628807950686   0
0.0193743688414109   0.0118616710175397   0.0104475558638527   0.00735538293803285   0
0.0262341848392568   0.0115219280911491   0.00685981599784589   -0.000339742926390652   0
0.0413346580323214   0.0137854121195626   0.0151004731930646   0.00226348402841356   0
0.0325945667953559   0.023107571460916   -0.00874009123696546   0.00932215934135335   0
0.0177836221462997   0.033540310199547   -0.0148109446490562   0.010432738738631   0
0.019719757232413   0.0374851319076706   0.00193613508611329   0.00394482170812359   0
0.0168246218893962   0.039433328522249   -0.00289513534301685   0.00194819661457848   0
0.223959240935931   0.162002407232568   0.207134619046534   0.122569078710319   0
0.146259276542422   0.112130947669186   -0.0776999643935087   -0.0498714595633817   0
0.107577180418831   0.13408028092668   -0.0386820961235905   0.0219493332574934   0
0.0893743945777367   0.109317090455299   -0.0182027858410947   -0.0247631904713807   0
0.0870982376539452   0.096842745629697   -0.00227615692379143   -0.012474344825602   0
0.132221739318029   0.115951639616809   0.0451235016640841   0.0191088939871123   0
0.185610704906995   0.150740948959302   0.053388965588966   0.0347893093424922   0
0.209270740233801   0.165092097532063   0.0236600353268052   0.0143511485727616   0
0.272177691737147   0.191098210481457   0.0629069515033459   0.0260061129493936   0
0.286712359885652   0.188709608413359   0.0145346681485056   -0.00238860206809763   0
0.279349073791271   0.182247705204141   -0.00736328609438069   -0.00646190320921836   0
0.294384060456972   0.182810287348999   0.0150349866657004   0.000562582144857743   0
0.279692520431671   0.184027532103682   -0.0146915400253006   0.00121724475468388   0
0.284355691455195   0.207280130637611   0.00466317102352398   0.0232525985339287   0
0.283489686118561   0.20376588808837   -0.000866005336634057   -0.00351424254924129   0
0.310783268758333   0.214049410487194   0.0272935826397717   0.010283522398824   0
0.303249791435336   0.199689124282591   -0.00753347732299653   -0.0143602862046032   0
0.316614880973771   0.219020702806072   0.0133650895384349   0.0193315785234817   0
0.319003158883119   0.226264605598557   0.00238827790934776   0.0072439027924846   0
0.338341207625587   0.197870855738067   0.0193380487424684   -0.0283937498604901   0
0.326577915951583   0.215988391053929   -0.0117632916740043   0.0181175353158626   0
0.326528577581927   0.211316143456193   -4.93383696563154e-05   -0.00467224759773638   0
0.326144257037027   0.199710617981443   -0.000384320544900063   -0.0116055254747496   0
0.32949110047788   0.199819542317797   0.00334684344085295   0.000108924336353455   0
0.319968956227226   0.19484876667361   -0.00952214425065417   -0.00497077564418727   0
0.315771697749829   0.193799818026611   -0.00419725847739688   -0.00104894864699856   0
0.323696937479296   0.178439840176364   0.00792523972946751   -0.015359977850247   0
0.3253748411718   0.205441814601735   0.0016779036925037   0.0270019744253713   0
0.334612260926716   0.201153569530346   0.00923741975491615   -0.00428824507138983   0
0.33866214847205   0.206948511858402   0.00404988754533353   0.00579494232805669   0
0.352727364606313   0.206029990719136   0.0140652161342638   -0.000918521139266631   0
0.342030912895128   0.226508207919491   -0.0106964517111855   0.0204782172003556   0
0.346110606705881   0.227572452575076   0.00407969381075318   0.00106424465558494   0
0.364846778856077   0.207748114297923   0.0187361721501963   -0.0198243382771532   0
0.373084684134465   0.227157752262079   0.00823790527838819   0.0194096379641562   0
0.379101598417183   0.229624012118109   0.00601691428271728   0.00246625985602955   0
0.370098162710539   0.243061859281111   -0.00900343570664391   0.0134378471630021   0
0.4138646486239   0.274751465624601   0.0437664859133613   0.0316896063434902   0
0.48010241750261   0.277994501598634   0.06623776887871   0.00324303597403353   0
0.464545961667586   0.297813262482632   -0.0155564558350236   0.0198187608839975   0
0.469309538156112   0.306918710566358   0.00476357648852593   0.00910544808372599   0
0.483359271749673   0.315088258034722   0.0140497335935609   0.00816954746836401   0
0.472553361346922   0.299530297981628   -0.0108059104027516   -0.0155579600530935   0
0.473529864831351   0.305285320684951   0.000976503484429458   0.00575502270332207   0
0.536072727872861   0.260931861427128   0.0625428630415099   -0.0443534592578227   0
0.518276677571203   0.294213261887861   -0.017796050301658   0.0332814004607336   0
0.532507887975178   0.308458704937226   0.0142312104039752   0.0142454430493645   0
0.539540906727706   0.33544094489837   0.0070330187525276   0.0269822399611438   0
0.489909490831474   0.331779694644448   -0.0496314158962318   -0.00366125025392222   0
0.511281679469868   0.319999291065863   0.0213721886383939   -0.011780403578585   0
0.549606131935576   0.326985353668154   0.0383244524657081   0.00698606260229107   0
0.560959666525251   0.309305566654372   0.0113535345896749   -0.0176797870137811   0
0.62072755467418   0.328101995515476   0.0597678881489292   0.018796428861104   0
0.493668134181772   0.260648897285137   -0.127059420492409   -0.0674530982303393   0
0.416573450387949   0.277069608194826   -0.0770946837938229   0.0164207109096889   0
0.435069489923124   0.2965540986966   0.0184960395351753   0.0194844905017745   0
0.420646793912284   0.250991299791781   -0.0144226960108403   -0.045562798904819   0
0.356015304113436   0.24554016232926   -0.0646314897988481   -0.00545113746252185   0
0.375887288709357   0.2479349509125   0.0198719845959215   0.00239478858324071   0
0.383020018459706   0.256283222420419   0.00713272975034845   0.00834827150791895   0
0.312121859832045   0.223670150221314   -0.0708981586276608   -0.0326130721991049   0
0.308933867308572   0.234322447099311   -0.00318799252347329   0.010652296877997   0
0.325770015527227   0.248148685570097   0.016836148218655   0.0138262384707862   0
0.365955827388722   0.230637874622336   0.0401858118614958   -0.0175108109477611   0
0.33570178584554   0.232224371772238   -0.0302540415431824   0.00158649714990169   0
0.32439875701637   0.231150253261448   -0.0113030288291701   -0.00107411851079037   0
0.307392093669836   0.223765502425606   -0.0170066633465336   -0.00738475083584197   0
0.291179168639032   0.198543591140162   -0.0162129250308038   -0.0252219112854441   0
0.294473783872494   0.22615997916317   0.0032946152334612   0.0276163880230088   0
0.285159177836436   0.224058595142837   -0.00931460603605794   -0.00210138402033391   0
0.29143149340017   0.242257691465215   0.00627231556373392   0.018199096322378   0
