0   0   0   0   0
0.0246232463188378   0.0275955464725767   0.0246232463188378   0.0275955464725767   0
0.076634650507109   0.050557895935721   0.0520114041882712   0.0229623494631444   0
0.0275449855556963   0.0652972979016563   -0.0490896649514127   0.0147394019659353   0
0.0568381077102206   0.0641385371746167   0.0292931221545243   -0.00115876072703958   0
0.0619297360222936   0.071995799144524   0.00509162831207299   0.00785726196990734   0
0.0743191848397627   0.0473036573432859   0.0123894488174691   -0.0246921418012382   0
0.109680432883418   0.0561000667449369   0.0353612480436555   0.00879640940165098   0
0.104151564688032   0.0540072988284001   -0.00552886819538573   -0.00209276791653681   0
0.108588509947838   0.070254253059191   0.00443694525980509   0.0162469542307909   0
0.107331382004635   0.0772505939839367   -0.00125712794320247   0.0069963409247457   0
0.109977447297219   0.0748555807213167   0.00264606529258342   -0.00239501326262005   0
0.105909133024395   0.0830391584588861   -0.00406831427282343   0.00818357773756943   0
0.103234533197871   0.0713145377644511   -0.00267459982652393   -0.011724620694435   0
0.115778557036923   0.0944009560849641   0.0125440238390516   0.023086418320513   0
0.0880942595958905   0.0962115573792877   -0.0276842974410322   0.00181060129432362   0
0.0974505020275938   0.0986086292080573   0.00935624243170326   0.0023970718287696   0
0.0984203095724962   0.112488782689371   0.000969807544902404   0.013880153481314   0
0.097289038824622   0.143444618426455   -0.00113127074787417   0.030955835737084   0
0.0719615254251723   0.122014088447243   -0.0253275133994497   -0.0214305299792121   0
0.0811734826363695   0.099702768278381   0.00921195721119719   -0.0223113201688622   0
0.0969553562573419   0.115920987832295   0.0157818736209724   0.0162182195539137   0
0.119434262557836   0.114543752177416   0.0224789063004943   -0.00137723565487916   0
0.123131060171219   0.120392809587726   0.00369679761338232   0.00584905741031069   0
0.114829135477126   0.144324798175743   -0.00830192469409263   0.023931988588017   0
0.118561887329704   0.146585582692916   0.00373275185257774   0.0022607845171726   0
0.120857010587206   0.110132315926662   0.0022951232575026   -0.0364532667662541   0
0.176648573042049   0.0875867648817798   0.0557915624548423   -0.0225455510448819   0
0.253555106612585   0.163055521100697   0.0769065335705361   0.075468756218917   0
0.184311100839884   0.175177103642138   -0.0692440057727011   0.0121215825414409   0
0.211319539143412   0.167349428973124   0.0270084383035284   -0.00782767466901396   0
0.191221493757141   0.162626552722828   -0.0200980453862714   -0.0047228762502958   0
0.172690401413395   0.17696017131169   -0.0185310923437461   0.0143336185888623   0
0.147820848103334   0.212414546876693   -0.0248695533100608   0.0354543755650032   0
0.148986830880721   0.242243452775034   0.00116598277738686   0.0298289058983405   0
0.153612538186445   0.222770396589682   0.0046257073057247   -0.0194730561853524   0
0.155188253992657   0.252967077748166   0.00157571580621124   0.0301966811584846   0
0.160563293505585   0.253846371538086   0.00537503951292853   0.000879293789920244   0
0.151956050901781   0.270409184910563   -0.00860724260380377   0.0165628133724768   0
0.143825216551688   0.255464628568582   -0.00813083435009321   -0.0149445563419811   0
0.146647561467354   0.25915403621047   0.00282234491566599   0.00368940764188791   0
0.151194944431939   0.28476070986115   0.00454738296458515   0.0256066736506799   0
0.138880843419792   0.273267117022287   -0.0123141010121468   -0.011493592838863   0
0.139088986433745   0.278840298674404   0.000208143013952583   0.00557318165211701   0
0.158027009880696   0.289806317155717   0.0189380234469512   0.0109660184813127   0
0.130767053203322   0.27879917728906   -0.0272599566773746   -0.0110071398666571   0
0.122695900501819   0.272333038532108   -0.00807115270150269   -0.00646613875695129   0
0.132701007701957   0.265066847061715   0.0100051072001383   -0.00726619147039326   0
0.116029243082043   0.247014846491937   -0.0166717646199143   -0.018052000569778   0
0.115161203702077   0.267504587523262   -0.000868039379965602   0.0204897410313249   0
0.125591506422989   0.286408238671305   0.0104303027209117   0.018903651148043   0
0.139886302130943   0.29226220606467   0.0142947957079539   0.00585396739336502   0
0.0988533196485397   0.283241138195031   -0.0410329824824033   -0.00902106786963869   0
0.07552067970017   0.286920358289025   -0.0233326399483697   0.00367922009399402   0
0.0887542942632603   0.266220109624928   0.0132336145630903   -0.0207002486640976   0
0.0979866744376762   0.280618368600436   0.00923238017441588   0.0143982589755087   0
0.0912654997634269   0.284428565500848   -0.00672117467424922   0.00381019690041123   0
0.101732441985555   0.281338938112882   0.0104669422221278   -0.00308962738796542   0
0.104030659609729   0.319137842671313   0.0022982176241745   0.037798904558431   0
0.105513010447837   0.312786164293941   0.00148235083810783   -0.00635167837737205   0
0.111957193638237   0.302291601602022   0.00644418319040002   -0.0104945626919192   0
0.111161777667721   0.309926348036598   -0.000795415970516064   0.00763474643457585   0
0.120833993348316   0.332311919382202   0.00967221568059452   0.0223855713456037   0
0.105414962739861   0.346453940280247   -0.0154190306084549   0.0141420208980457   0
0.0988203444443526   0.334315577736235   -0.00659461829550806   -0.0121383625440119   0
0.0753011498321445   0.353281559322748   -0.0235191946122081   0.0189659815865121   0
0.0794807558646306   0.383101348329389   0.00417960603248611   0.0298197890066411   0
0.119651476929953   0.403900214345242   0.0401707210653225   0.020798866015853   0
0.112091125319683   0.38337128814895   -0.00756035161027029   -0.0205289261962912   0
0.114154190532908   0.353548716324725   0.00206306521322497   -0.0298225718242258   0
0.113929869509027   0.30592268948619   -0.000224321023881063   -0.0476260268385342   0
0.358049530635786   0.276226832889191   0.244119661126759   -0.0296958565969992   0
0.0641478875412473   0.20878002400466   -0.293901643094538   -0.0674468088845307   0
0.102561974462697   0.229311534253474   0.0384140869214497   0.020531510248814   0
0.0914721753259675   0.239362172334398   -0.0110897991367295   0.0100506380809238   0
