7.1054274e-15   0   0   0   0
0.0610260061027358   0.0238704424610968   0.0610260061027287   0.0238704424610968   0
0.062591526585417   0.0155793876959584   0.00156552048268126   -0.00829105476513844   0
0.0676865211160337   0.0130368790248364   0.00509499453061664   -0.00254250867112202   0
0.124283076940113   0.0418342194327886   0.0565965558240789   0.0287973404079523   0
0.0967527028692275   0.0460697567578745   -0.027530374070885   0.00423553732508587   0
0.0719017984294304   0.0349504433051842   -0.0248509044397972   -0.0111193134526903   0
0.0713442756463583   0.0206387994455028   -0.000557522783072112   -0.0143116438596814   0
0.077345653669377   0.040984639347764   0.00600137802301871   0.0203458399022612   0
0.122352056835787   0.101793515503552   0.0450064031664103   0.0608088761557875   0
0.133656034663957   0.107146891304701   0.0113039778281695   0.00535337580114978   0
0.121449532946077   0.0963002006468145   -0.0122065017178795   -0.0108466906578868   0
0.123269093974768   0.0993222023491783   0.00181956102869034   0.00302200170236372   0
0.134244511322155   0.103699691030516   0.0109754173473871   0.00437748868133753   0
0.115775273028745   0.0928819118254261   -0.0184692382934102   -0.0108177792050897   0
0.122185867737337   0.0856260375528382   0.00641059470859275   -0.00725587427258788   0
0.126117945416062   0.0917043474235738   0.00393207767872421   0.00607830987073558   0
0.126971968253348   0.0834671111853289   0.000854022837286   -0.00823723623824493   0
0.14244732091067   0.0901378364477597   0.0154753526573221   0.00667072526243077   0
0.137172857141014   0.0899036337032153   -0.00527446376965524   -0.000234202744544387   0
0.128768828769723   0.0888544015810876   -0.00840402837129095   -0.00104923212212768   0
0.142836365446945   0.0863372698820976   0.0140675366772212   -0.00251713169899   0
0.119533215665622   0.0753351954656072   -0.0233031497813228   -0.0110020744164904   0
0.139954252944381   0.0786481126448542   0.0204210372787595   0.00331291717924694   0
0.126030237663745   0.0718185164044788   -0.0139240152806362   -0.00682959624037542   0
0.143971738972285   0.075082974939634   0.0179415013085394   0.00326445853515525   0
0.145648423740851   0.0782158361305877   0.00167668476856633   0.0031328611909537   0
0.137092571926494   0.0771612836065283   -0.0085558518143572   -0.00105455252405942   0
0.148564348817309   0.0783897891274889   0.0114717768908157   0.00122850552096061   0
0.160373444926091   0.0839268199042374   0.0118090961087818   0.00553703077674854   0
0.151442728440339   0.0780672042893924   -0.00893071648575247   -0.00585961561484502   0
0.158415650150381   0.0729383495832102   0.00697292171004193   -0.00512885470618223   0
0.159358939395728   0.0827845417749551   0.000943289245347506   0.00984619219174493   0
0.154210404128251   0.0770427843422773   -0.00514853526747691   -0.00574175743267784   0
0.164234720749969   0.0796445163469936   0.0100243166217178   0.00260173200471636   0
0.164224730791291   0.0798308756624338   -9.98995867762531e-06   0.000186359315440199   0
0.133152828582416   0.0766140895645692   -0.0310719022088752   -0.00321678609786463   0
0.150058491552899   0.0767413108863238   0.0169056629704827   0.000127221321754606   0
0.156896454810849   0.0823423625103423   0.00683796325794989   0.00560105162401849   0
0.131235391358232   0.0766639932444778   -0.0256610634526163   -0.00567836926586451   0
0.166656465158553   0.0960768785846748   0.0354210738003208   0.019412885340197   0
0.149009470812041   0.074013065777117   -0.0176469943465119   -0.0220638128075578   0
0.156082875005068   0.0783159651135198   0.00707340419302627   0.00430289933640284   0
0.16237732892449   0.0798808590913955   0.00629445391942271   0.00156489397787569   0
0.155587403205349   0.0754873715060255   -0.00678992571914167   -0.00439348758536998   0
0.154197521572024   0.0848390834485011   -0.00138988163332482   0.00935171194247553   0
0.142959541751267   0.0773648496303986   -0.0112379798207567   -0.00747423381810243   0
0.156510856129906   0.0822487420353636   0.0135513143786394   0.00488389240496492   0
0.154509170231427   0.0778803091287309   -0.00200168589847963   -0.00436843290663265   0
0.151386784539648   0.0732665675169246   -0.0031223856917787   -0.00461374161180632   0
0.175964987879677   0.0900671542020027   0.0245782033400294   0.0168005866850781   0
0.152124600122579   0.0789680280468137   -0.0238403877570982   -0.011099126155189   0
0.142672569304349   0.0707053912837606   -0.0094520308182304   -0.00826263676305317   0
0.155092424480888   0.076312428393527   0.0124198551765395   0.00560703710976644   0
0.156886739683611   0.0764866555215968   0.00179431520272302   0.00017422712806979   0
0.171392926797133   0.0855177842301227   0.0145061871135221   0.00903112870852588   0
0.174596190397302   0.0880470513248791   0.00320326360016862   0.00252926709475647   0
0.176818881553324   0.0870195961703857   0.00222269115602167   -0.0010274551544934   0
0.200979841744688   0.102004277192785   0.0241609601913643   0.014984681022399   0
0.190678044698044   0.0889606825348149   -0.010301797046644   -0.0130435946579699   0
0.186582550541724   0.0929370171569826   -0.00409549415632027   0.00397633462216766   0
0.196902017618367   0.100619006232715   0.0103194670766432   0.00768198907573255   0
0.199265205722868   0.0895233888978232   0.00236318810450092   -0.0110956173348919   0
0.204782877139517   0.0915796771300198   0.00551767141664905   0.00205628823219656   0
0.210537917106775   0.0936376541627065   0.00575503996725837   0.00205797703268673   0
0.199097606408665   0.0931108465845437   -0.0114403106981108   -0.0005268075781628   0
0.212510947523294   0.0918300584017282   0.0134133411146297   -0.00128078818281553   0
0.223771196100262   0.0984816943614051   0.011260248576968   0.00665163595967685   0
0.21246930165232   0.0933241065197864   -0.0113018944479418   -0.00515758784161868   0
