0   0   0   0   0
0.0805706285438666   0.0774475485939633   0.0805706285438666   0.0774475485939633   0
0.066494035517639   0.100250711974381   -0.0140765930262276   0.0228031633804178   0
0.0726969200557219   0.0598592875290682   0.00620288453808293   -0.0403914244453129   0
0.0849877879063504   0.0477656828972867   0.0122908678506285   -0.0120936046317815   0
0.0863309720220634   0.0671541109791211   0.00134318411571295   0.0193884280818344   0
0.0888361983688752   0.0827768049588839   0.00250522634681187   0.0156226939797629   0
0.0322163482573885   0.0834145663249547   -0.0566198501114867   0.000637761366070744   0
0.0423741111865021   0.0743282728987348   0.0101577629291136   -0.00908629342621985   0
0.200072345161908   0.0938995746688474   0.157698233975406   0.0195713017701126   0
0.397712516129073   0.181573193669692   0.197640170967165   0.0876736190008445   0
0.142812268015478   0.124438045761674   -0.254900248113595   -0.0571351479080183   0
0.0638237735760919   0.111229724231904   -0.0789884944393863   -0.0132083215297692   0
0.0269051388233299   0.134642766181413   -0.036918634752762   0.0234130419495089   0
0.0159744412481926   0.124438509142432   -0.0109306975751373   -0.0102042570389808   0
0.0267838727915443   0.135783889394034   0.0108094315433517   0.0113453802516016   0
0.0332541834900748   0.115923618275026   0.00647031069853044   -0.0198602711190079   0
0.0354447760424481   0.13124341694708   0.00219059255237338   0.0153197986720542   0
0.0444155500027931   0.129290035908106   0.00897077396034491   -0.00195338103897483   0
0.0406897897620448   0.121202725703636   -0.00372576024074825   -0.00808731020446998   0
0.0676950279382841   0.136461671199849   0.0270052381762393   0.0152589454962131   0
0.0260365238964584   0.140687807009167   -0.0416585040418257   0.00422613580931833   0
0.0463233724077374   0.133027803512525   0.020286848511279   -0.00766000349664211   0
0.061337219272528   0.142219213507127   0.0150138468647906   0.00919140999460202   0
0.0643163056537463   0.127280017337845   0.00297908638121828   -0.0149391961692818   0
0.0478099136865728   0.143896477524028   -0.0165063919671735   0.016616460186183   0
0.0508056462909411   0.132352946917196   0.00299573260436831   -0.0115435306068322   0
0.066798832763458   0.125859579692499   0.0159931864725169   -0.00649336722469712   0
0.0604574577582762   0.12583158053114   -0.00634137500518177   -2.79991613590103e-05   0
0.0624063796562737   0.140744137113678   0.00194892189799751   0.0149125565825378   0
0.0537222317365565   0.146817060405894   -0.00868414791971728   0.00607292329221598   0
0.0529514502703326   0.148482799281094   -0.000770781466223856   0.00166573887520061   0
0.0666801402943707   0.113304078543131   0.0137286900240381   -0.0351787207379628   0
0.0618182116274815   0.0997111950510897   -0.00486192866688918   -0.0135928834920417   0
0.0443598945400951   0.195253082788389   -0.0174583170873864   0.0955418877372995   0
0.0839339548343349   0.15427839670766   0.0395740602942398   -0.0409746860807292   0
0.0531416524801094   0.135664855691524   -0.0307923023542254   -0.0186135410161355   0
0.0907112625049233   0.100846253011828   0.0375696100248139   -0.0348186026796963   0
0.0699120269371423   0.132732482473376   -0.020799235567781   0.0318862294615477   0
0.0586415575999185   0.12162435511945   -0.0112704693372238   -0.0111081273539259   0
0.0609691149017316   0.137590939087469   0.00232755730181312   0.0159665839680194   0
0.0686446561554049   0.124690525057714   0.00767554125367326   -0.0129004140297553   0
0.082567223402487   0.133877821426204   0.0139225672470821   0.00918729636849017   0
0.069268946511831   0.109195980776446   -0.013298276890656   -0.0246818406497578   0
0.0421507684308284   0.135884748649983   -0.0271181780810027   0.0266887678735365   0
0.0310606203536553   0.134095780003103   -0.011090148077173   -0.00178896864687966   0
0.0419304465802173   0.128627642513948   0.010869826226562   -0.00546813748915526   0
0.0319665419555553   0.14743170254787   -0.00996390462466203   0.0188040600339218   0
0.0439915324013735   0.119179970596592   0.0120249904458182   -0.0282517319512781   0
0.0701365407055372   0.102413143104182   0.0261450083041637   -0.0167668274924097   0
0.0658944720907312   0.117683180968979   -0.00424206861480603   0.0152700378647975   0
0.0485738200331238   0.146618214162442   -0.0173206520576074   0.0289350331934627   0
0.047875194471619   0.155150023825996   -0.000698625561504775   0.00853180966355407   0
0.0555869479545925   0.126757534991675   0.00771175348297354   -0.0283924888343212   0
0.0533585502693637   0.128689415743369   -0.00222839768522879   0.00193188075169404   0
0.0619778191368506   0.16875991556352   0.00861926886748688   0.0400704998201505   0
0.0826385197014867   0.167395697813924   0.0206607005646361   -0.00136421774959594   0
0.0777235841297505   0.171387717284742   -0.00491493557173614   0.00399201947081798   0
0.107841135393376   0.155937631788485   0.0301175512636254   -0.0154500854962561   0
0.104095491633139   0.15262413167003   -0.00374564376023653   -0.00331350011845538   0
0.111176935524154   0.15209820947229   0.0070814438910142   -0.000525922197740197   0
0.130110786518691   0.154904023243432   0.0189338509945373   0.00280581377114206   0
0.131563721956639   0.164966435124418   0.00145293543794808   0.0100624118809857   0
0.118868240026034   0.151304833766232   -0.012695481930605   -0.0136616013581859   0
0.11879999542796   0.152585480194291   -6.82445980736829e-05   0.00128064642805931   0
0.104916725417627   0.153366532260764   -0.0138832700103337   0.000781052066473109   0
0.0978346992377901   0.144299950881569   -0.00708202617983644   -0.00906658137919483   0
0.0748242383195557   0.179176634016072   -0.0230104609182344   0.034876683134503   0
0.063489290140698   0.168637965217757   -0.0113349481788577   -0.0105386687983154   0
0.0945339501787254   0.177502481825014   0.0310446600380274   0.00886451660725676   0
0.0707828477368966   0.202532313798044   -0.0237511024418288   0.0250298319730307   0
0.0715185095654795   0.179395460853619   0.000735661828582909   -0.0231368529444257   0
0.0569045674592362   0.17287883992234   -0.0146139421062434   -0.00651662093127869   0
0.0767935346955099   0.169852608021138   0.0198889672362737   -0.0030262319012016   0
0.0524114570995267   0.135837879599915   -0.0243820775959832   -0.034014728421223   0
0.0590930379630136   0.0629480835461822   0.00668158086348689   -0.0728897960537332   0
0.0858834255009304   0.0958476539179798   0.0267903875379169   0.0328995703717975   0
0.0441738429998216   0.0999101473361068   -0.0417095825011088   0.00406249341812703   0
