1.06489861076918e-14   3.751287e-16   0   0   0
0.043920662442795   0.0157980176752857   0.0439206624427843   0.0157980176752853   0
0.064783277311384   0.0187364600585179   0.0208626148685891   0.00293844238323227   0
0.0292635512774817   0.0193717552607522   -0.0355197260339023   0.000635295202234265   0
0.0507689054750357   0.0259669215566124   0.0215053541975539   0.00659516629586024   0
0.0190181777065528   0.0561069258011472   -0.0317507277684829   0.0301400042445348   0
0.0853639562620649   0.0177123484136748   0.0663457785555121   -0.0383945773874724   0
0.0702239476026769   0.0302551124720348   -0.015140008659388   0.0125427640583599   0
0.0297797986591598   0.0504802291134918   -0.040444148943517   0.020225116641457   0
0.0584740399626002   0.0521724473901364   0.0286942413034404   0.00169221827664456   0
0.144571749264623   0.071920608684925   0.0860977093020228   0.0197481612947886   0
0.111869814828571   0.104824204841548   -0.0327019344360519   0.0329035961566232   0
0.111985620030549   0.178765947152091   0.000115805201978236   0.0739417423105433   0
0.129807238209862   0.151167426254697   0.0178216181793128   -0.0275985208973943   0
0.0842837299361099   0.104793160161848   -0.0455235082737524   -0.0463742660928489   0
0.123973419851813   0.0854521818822739   0.0396896899157028   -0.0193409782795743   0
0.110011197244646   0.0818454306607685   -0.0139622226071664   -0.00360675122150544   0
0.0933086218536396   0.0934449243377297   -0.0167025753910067   0.0115994936769612   0
0.113368894318278   0.119963221946566   0.020060272464638   0.0265182976088364   0
0.124607644340188   0.108223267494769   0.0112387500219108   -0.0117399544517974   0
0.15348899919106   0.137526448707342   0.0288813548508719   0.0293031812125737   0
0.122214448970876   0.123492276484469   -0.031274550220184   -0.014034172222873   0
0.117349462994087   0.140035448217729   -0.00486498597678953   0.0165431717332599   0
0.142955789065013   0.136060867216643   0.025606326070926   -0.00397458100108652   0
0.089612292001965   0.0900981738260749   -0.0533434970630478   -0.045962693390568   0
0.147296203860281   0.107286709810173   0.057683911858316   0.0171885359840979   0
0.177546676736079   0.121033804813297   0.0302504728757981   0.0137470950031246   0
0.169404975348548   0.130624325440752   -0.00814170138753106   0.00959052062745468   0
0.138704570016272   0.117010407234742   -0.0307004053322759   -0.0136139182060098   0
0.130753645593992   0.152248874456655   -0.00795092442228015   0.0352384672219126   0
0.16831503766122   0.0981841052788755   0.037561392067228   -0.0540647691777795   0
0.571872423584693   0.310544712114129   0.403557385923474   0.212360606835253   0
0.9128412257196   0.36021029322963   0.340968802134906   0.0496655811155007   0
0.690293528662506   0.313812556371559   -0.222547697057093   -0.0463977368580709   0
0.558747232353391   0.250957271335273   -0.131546296309115   -0.0628552850362862   0
0.431861053409827   0.283273493480014   -0.126886178943564   0.0323162221447413   0
0.50196405862381   0.248131416794612   0.0701030052139827   -0.0351420766854014   0
0.53901395689897   0.290239977950689   0.03704989827516   0.0421085611560764   0
0.534107553992217   0.267057675346868   -0.00490640290675304   -0.0231823026038212   0
0.52096430507868   0.245990029190605   -0.013143248913537   -0.0210676461562624   0
0.530186137774581   0.223230617356225   0.00922183269590093   -0.02275941183438   0
0.557828741634961   0.239136195102408   0.0276426038603804   0.0159055777461829   0
0.25405430933632   0.229920061787472   -0.303774432298641   -0.00921613331493601   0
0.235356448197227   0.226229945845384   -0.0186978611390929   -0.00369011594208829   0
0.242402960232098   0.173802907933047   0.00704651203487064   -0.0524270379123366   0
0.266548481159525   0.152904077028136   0.0241455209274277   -0.0208988309049112   0
0.38554580063363   0.180771641336807   0.118997319474105   0.0278675643086708   0
0.357259668978826   0.190967610703165   -0.0282861316548044   0.0101959693663583   0
0.451822787948781   0.252216529962073   0.0945631189699549   0.0612489192589077   0
0.362856030414238   0.195371833521732   -0.0889667575345431   -0.056844696440341   0
0.400557721699759   0.187403102453918   0.0377016912855211   -0.00796873106781434   0
0.253243987908712   0.155121301855412   -0.147313733791047   -0.0322818005985056   0
0.275404303257687   0.143856817418708   0.0221603153489759   -0.0112644844367044   0
0.230746812657452   0.17457427757184   -0.0446574906002353   0.0307174601531324   0
0.219298608896079   0.160680599258941   -0.0114482037613735   -0.0138936783128986   0
0.196904986023408   0.1660878837623   -0.0223936228726703   0.00540728450335903   0
0.16072149233368   0.159907342967613   -0.0361834936897281   -0.00618054079468719   0
0.17777520457621   0.171952550408672   0.0170537122425299   0.0120452074410591   0
0.180386056378485   0.159563656677451   0.00261085180227533   -0.012388893731221   0
0.165720747519338   0.149881173088481   -0.0146653088591477   -0.00968248358896984   0
0.177397145404233   0.136482812476245   0.0116763978848954   -0.0133983606122362   0
0.170475804006013   0.180347804562968   -0.00692134139821998   0.0438649920867226   0
0.164951670676119   0.170107439567745   -0.00552413332989402   -0.0102403649952224   0
0.159815637864115   0.165148963933066   -0.00513603281200398   -0.00495847563467949   0
0.15803229224221   0.152729679768735   -0.0017833456219053   -0.0124192841643314   0
0.232166317711188   0.170387008685028   0.0741340254689783   0.0176573289162938   0
0.475432437528362   0.294809421957951   0.243266119817174   0.124422413272923   0
0.3041151565902   0.19792826118953   -0.171317280938162   -0.0968811607684208   0
0.323673830539015   0.158059387597385   0.0195586739488144   -0.0398688735921455   0
0.32480849382465   0.159336901790355   0.00113466328563566   0.00127751419296965   0
0.294191566240251   0.164931119359227   -0.030616927584399   0.00559421756887246   0
0.272183261153373   0.162240800883182   -0.0220083050868787   -0.00269031847604551   0
0.213914819085798   0.179017430578983   -0.0582684420675744   0.0167766296958015   0
0.253375817349994   0.188380143324423   0.0394609982641954   0.00936271274543973   0
0.254092832355638   0.155224511087912   0.000717015005644528   -0.0331556322365108   0
0.208871977138047   0.154337503653515   -0.0452208552175913   -0.000887007434396736   0
0.279750744350625   0.165044429557112   0.070878767212578   0.0107069259035963   0
0.172492170454776   0.150506067879296   -0.107258573895849   -0.0145383616778159   0
