5.3566757e-15   4.35468471198103e-17   0   0   0
0.0274889013106268   0.0280078408635462   0.0274889013106214   0.0280078408635462   0
0.0802310376236578   0.0428291605288436   0.052742136313031   0.0148213196652974   0
0.0407869509906744   0.0403686178714822   -0.0394440866329834   -0.00246054265736143   0
0.0613898177852033   0.0281662887931435   0.0206028667945288   -0.0122023290783387   0
0.0277512111004847   0.024849212709317   -0.0336386066847186   -0.00331707608382654   0
0.0196022724901906   0.0426631612938334   -0.00814893861029415   0.0178139485845165   0
0.0379813017176628   0.0544577137818242   0.0183790292274723   0.0117945524879908   0
0.0628156861873548   0.0927838712977593   0.024834384469692   0.0383261575159351   0
0.0537461881222326   0.104163865437381   -0.00906949806512217   0.0113799941396219   0
0.0358296291537618   0.125474752641593   -0.0179165589684708   0.0213108872042117   0
0.054916663397496   0.121133564837659   0.0190870342437342   -0.00434118780393407   0
0.547611570158485   0.40593837998441   0.492694906760989   0.284804815146752   0
0.696664537125877   0.353185640651125   0.149052966967392   -0.0527527393332851   0
0.377619216340048   0.181219210908058   -0.319045320785829   -0.171966429743068   0
0.303808840183956   0.14000792261141   -0.0738103761560922   -0.0412112882966474   0
0.308033142893696   0.156964369232285   0.00422430270973984   0.0169564466208742   0
0.167727706931975   0.0816535975301746   -0.140305435961721   -0.07531077170211   0
0.198908943158436   0.0924474944639536   0.0311812362264615   0.010793896933779   0
0.978870887486856   0.644526171974237   0.779961944328419   0.552078677510283   0
0.811153222965943   0.45013545239303   -0.167717664520913   -0.194390719581207   0
0.488470461057897   0.24437604300826   -0.322682761908046   -0.20575940938477   0
0.517944585619142   0.275374210393721   0.0294741245612454   0.0309981673854608   0
0.319566317090764   0.141871915802898   -0.198378268528378   -0.133502294590823   0
0.320843049927435   0.0959953298883248   0.00127673283667107   -0.0458765859145729   0
0.305380804084784   0.0856685318912832   -0.0154622458426513   -0.0103267979970416   0
0.172479748239956   0.0295732265927807   -0.132901055844828   -0.0560953052985025   0
0.165724093634295   0.0206129000074598   -0.00675565460566085   -0.00896032658532083   0
0.111999156595366   0.0883992826056953   -0.0537249370389293   0.0677863825982355   0
0.170149662820398   0.0647369395107824   0.0581505062250324   -0.0236623430949129   0
0.0814055052101549   0.108393387854895   -0.0887441576102432   0.043656448344113   0
0.102394390378941   0.0920121727519662   0.0209888851687862   -0.0163812151029293   0
0.0840764841567708   0.112309736797805   -0.0183179062221703   0.0202975640458391   0
0.0875648670680958   0.103593731975762   0.00348838291132499   -0.00871600482204304   0
0.0711027704338845   0.105661434569029   -0.0164620966342112   0.00206770259326708   0
0.0323365303336272   0.142905507158192   -0.0387662401002574   0.037244072589163   0
0.0626617801464338   0.110492866879406   0.0303252498128067   -0.0324126402787863   0
0.047602925386478   0.0945743195399211   -0.0150588547599558   -0.015918547339485   0
0.0160783680693472   0.12021114828217   -0.0315245573171309   0.0256368287422489   0
0.0580626821689024   0.111815184018565   0.0419843140995553   -0.00839596426360499   0
0.0436675871549269   0.15527584255774   -0.0143950950139755   0.0434606585391753   0
0.0375323130964352   0.124110076435281   -0.00613527405849178   -0.0311657661224597   0
0.0590540600744945   0.171813836918119   0.0215217469780593   0.0477037604828385   0
0.0889464239415768   0.205886877144247   0.0298923638670823   0.0340730402261279   0
0.09268472794034   0.19644395751542   0.00373830399876324   -0.00944291962882685   0
0.0899602817794563   0.198911622823229   -0.00272444616088371   0.00246766530780901   0
0.0572321850764589   0.188677986801163   -0.0327280967029974   -0.010233636022066   0
0.0908558456933207   0.207731000425612   0.0336236606168619   0.0190530136244484   0
0.039366543196997   0.168413049252037   -0.0514893024963238   -0.039317951173574   0
0.0602109713276553   0.187340193429856   0.0208444281306584   0.0189271441778181   0
0.0649667278991936   0.187117392313013   0.00475575657153826   -0.000222801116842392   0
0.0672092561584628   0.178096451758134   0.00224252825926918   -0.00902094055487881   0
0.191300195065613   0.220085202716816   0.12409093890715   0.0419887509586819   0
0.063331094666881   0.166398785246377   -0.127969100398732   -0.0536864174704396   0
0.084305722792505   0.195288569790987   0.020974628125624   0.0288897845446099   0
0.0736964871649426   0.201028238254524   -0.0106092356275624   0.00573966846353763   0
0.0688701192996011   0.205444173580106   -0.00482636786534149   0.00441593532558229   0
0.100315200339373   0.221105199021781   0.0314450810397723   0.0156610254416749   0
0.0506822947463539   0.18024163648475   -0.0496329055930195   -0.0408635625370316   0
0.148323159947054   0.23764777816598   0.0976408652007003   0.0574061416812306   0
0.0728651529130033   0.210410554639882   -0.0754580070340509   -0.027237223526098   0
0.0913407367248615   0.192902605958434   0.0184755838118582   -0.0175079486814489   0
0.0991170325252775   0.21279964279711   0.00777629580041604   0.0198970368386766   0
0.0699093911785034   0.199895229304548   -0.0292076413467741   -0.0129044134925621   0
0.114450277352495   0.212312688043566   0.044540886173992   0.0124174587390183   0
0.0948333946022444   0.21434123761504   -0.019616882750251   0.00202854957147394   0
0.0906620818901173   0.203170894278569   -0.00417131271212717   -0.0111703433364709   0
0.120632791367641   0.234797083039164   0.0299707094775235   0.0316261887605951   0
0.07947121150079   0.226671208976131   -0.0411615798668507   -0.00812587406303392   0
0.154965438722235   0.260176547441237   0.0754942272214452   0.0335053384651068   0
0.0921433462488131   0.230083423554582   -0.0628220924734221   -0.0300931238866548   0
0.0833736511436882   0.150492478443424   -0.0087696951051249   -0.0795909451111581   0
0.100993726088995   0.185970885062977   0.0176200749453066   0.0354784066195527   0
