0   0   0   0   0
0.222319546567124   0.242996860685353   0.222319546567124   0.242996860685353   0
0.153150590394059   0.276192259747583   -0.0691689561730647   0.0331953990622301   0
0.394832342883425   0.351389263218131   0.241681752489365   0.0751970034705479   0
0.207572016778263   0.237768879122612   -0.187260326105161   -0.11362038409552   0
0.332913940262515   0.251029157535936   0.125341923484252   0.0132602784133239   0
0.371958881560341   0.230522008273765   0.0390449412978264   -0.0205071492621703   0
0.315216457860308   0.203886593543447   -0.0567424237000332   -0.0266354147303178   0
0.0915678739866055   0.271015360441512   -0.223648583873703   0.067128766898064   0
0.261430360386587   0.266766381475488   0.169862486399981   -0.004248978966024   0
0.242626054011259   0.0226752746391482   -0.0188043063753275   -0.244091106836339   0
0.12460721170387   0.120137598605375   -0.11801884230739   0.0974623239662271   0
0.160075908188302   0.24945592477825   0.0354686964844321   0.129318326172875   0
0.192499077497263   0.230557100692183   0.0324231693089611   -0.0188988240860669   0
0.183275730546834   0.21541045311301   -0.00922334695042853   -0.0151466475791733   0
0.268551030339366   0.202237974086444   0.0852752997925313   -0.0131724790265663   0
0.121432941718714   0.211486204894379   -0.147118088620651   0.00924823080793524   0
0.212747210454426   0.219155250421376   0.0913142687357114   0.00766904552699707   0
0.266615838964148   0.101959173849706   0.053868628509722   -0.11719607657167   0
0.266248233564125   0.0818773599516902   -0.000367605400023008   -0.0200818138980154   0
0.247681174569787   0.0712667920336716   -0.0185670589943376   -0.0106105679180186   0
0.294606630591264   0.045548263785977   0.0469254560214771   -0.0257185282476947   0
0.310610564960811   0.051198606867936   0.0160039343695463   0.00565034308195903   0
0.433590135798618   0.105298454009637   0.122979570837807   0.0540998471417013   0
0.250978504673696   0.109990545364286   -0.182611631124922   0.00469209135464882   0
0.308375691523331   0.0598127521388273   0.0573971868496344   -0.0501777932254588   0
0.160488090120354   0.0811390771737219   -0.147887601402977   0.0213263250348946   0
0.209393955737631   0.0598816605879736   0.0489058656172771   -0.0212574165857484   0
0.115290165405906   0.274468867488205   -0.0941037903317249   0.214587206900231   0
0.376531953594697   0.242814923497143   0.261241788188791   -0.0316539439910617   0
0.139266296649859   0.293761580115125   -0.237265656944838   0.0509466566179822   0
0.0597910227132285   0.307341659265951   -0.0794752739366307   0.0135800791508252   0
0.195443412630288   0.114331788982466   0.135652389917059   -0.193009870283485   0
0.243985233784125   0.102763678422968   0.0485418211538378   -0.0115681105594974   0
0.520571113460593   0.135327964070943   0.276585879676467   0.0325642856479753   0
0.406015144885517   0.134581615556849   -0.114555968575076   -0.00074634851409433   0
0.58008781793571   0.161055761763109   0.174072673050193   0.0264741462062601   0
0.429104172647429   0.0175647503783693   -0.150983645288281   -0.14349101138474   0
0.132371218517405   0.12385361338035   -0.296732954130024   0.106288863001981   0
0.0483835276432092   0.112341897205818   -0.0839876908741958   -0.0115117161745322   0
0.117212800609699   0.0259001014509524   0.0688292729664894   -0.0864417957548657   0
0.149479793298038   0.0978886975582865   0.0322669926883398   0.071988596107334   0
0.200461229800871   0.0887723393111088   0.0509814365028322   -0.00911635824717766   0
0.263238172117711   0.106138411031094   0.0627769423168405   0.0173660717199857   0
0.280264380054398   0.169695502013002   0.0170262079366866   0.0635570909819077   0
0.383727963481283   0.101513044675908   0.103463583426886   -0.0681824573370943   0
0.194835026465711   0.153531117318033   -0.188892937015572   0.0520180726421246   0
0.205710504005589   0.173955673875542   0.0108754775398774   0.0204245565575098   0
0.248871772614873   0.145053649074551   0.0431612686092842   -0.0289020248009909   0
0.289946618339544   0.0929030436608578   0.0410748457246709   -0.0521506054136936   0
0.364293185197656   0.113499639805052   0.0743465668581122   0.0205965961441942   0
0.182707481820804   0.0670846889482375   -0.181585703376852   -0.0464149508568144   0
0.394842481710459   0.110490593435482   0.212134999889655   0.0434059044872445   0
0.159028058510042   0.0739845224116449   -0.235814423200417   -0.0365060710238371   0
0.19698978362638   0.103360924221048   0.0379617251163379   0.0293764018094027   0
0.225025392487651   0.163300514668876   0.0280356088612713   0.0599395904478288   0
0.193831183121927   0.194145300579961   -0.031194209365724   0.0308447859110847   0
0.186902930384216   0.210320749780374   -0.00692825273771047   0.0161754492004133   0
0.309076185191114   0.0902758944427027   0.122173254806898   -0.120044855337672   0
0.134559031229062   0.0553264200860393   -0.174517153962052   -0.0349494743566634   0
0.175200465448292   0.102125041758009   0.0406414342192297   0.0467986216719695   0
0.291878964821428   0.253533761423983   0.116678499373136   0.151408719665975   0
