0   0   0   0   0
0.0189322739788913   0.033812653497359   0.0189322739788913   0.033812653497359   0
0.0354857628256419   0.0276687602496551   0.0165534888467507   -0.0061438932477039   0
0.0793596659903853   0.0269276815905873   0.0438739031647433   -0.00074107865906772   0
0.0566042073238429   0.0182601562937034   -0.0227554586665424   -0.00866752529688391   0
0.0422742984310527   0.0194165713878984   -0.0143299088927902   0.00115641509419493   0
0.0393882959099626   0.0248621760626081   -0.00288600252109013   0.00544560467470977   0
0.0116775352722523   0.0477027849268334   -0.0277107606377103   0.0228406088642253   0
0.0332748445732069   0.0327822631377237   0.0215973093009546   -0.0149205217891098   0
0.0222252297225686   0.0347665952810681   -0.0110496148506383   0.00198433214334447   0
0.0234025454507136   0.0197788285863169   0.00117731572814493   -0.0149877666947512   0
0.0266233652913588   0.024133547386147   0.00322081984064528   0.00435471879983012   0
0.0451934041798578   0.0428350854281216   0.018570038888499   0.0187015380419746   0
0.0337177320554027   0.0537567207959731   -0.0114756721244551   0.0109216353678515   0
0.034435682793442   0.0639786861601184   0.00071795073803925   0.0102219653641453   0
0.0359112654022695   0.0877539063116944   0.00147558260882752   0.023775220151576   0
0.0522842375562122   0.0845822816622412   0.0163729721539427   -0.00317162464945316   0
0.0469333256789381   0.0733943423551802   -0.00535091187727407   -0.011187939307061   0
0.0365054208486301   0.0619583248309964   -0.010427904830308   -0.0114360175241838   0
0.0313177394491874   0.073100282289365   -0.00518768139944267   0.0111419574583686   0
0.0584872388113616   0.0634188277845043   0.0271694993621742   -0.00968145450486066   0
0.0378449156578667   0.0691883130056937   -0.0206423231534949   0.00576948522118934   0
0.0374229191851409   0.0670213876978049   -0.000421996472725845   -0.0021669253078888   0
0.036261371743289   0.0884122819144997   -0.0011615474418519   0.0213908942166948   0
0.0485876043569867   0.0626827442799115   0.0123262326136977   -0.0257295376345882   0
0.0501191483464432   0.0960607119611142   0.00153154398945651   0.0333779676812027   0
0.0789328772506682   0.0884947909535937   0.028813728904225   -0.00756592100752049   0
0.033116498313141   0.0676239221572372   -0.0458163789375273   -0.0208708687963565   0
0.0531406347307446   0.105166305476805   0.0200241364176036   0.0375423833195675   0
0.0851112993872048   0.0899885108400191   0.0319706646564603   -0.0151777946367856   0
0.0549771075899239   0.0695836235892837   -0.0301341917972809   -0.0204048872507354   0
0.0660412859296638   0.0879065703060165   0.0110641783397399   0.0183229467167328   0
0.0522504013537763   0.087681380788292   -0.0137908845758875   -0.000225189517724447   0
0.0545084105686437   0.0681709821180033   0.0022580092148674   -0.0195103986702887   0
0.0536125239312985   0.0511492229071953   -0.000895886637345175   -0.0170217592108081   0
0.0681505261371912   0.0742517301390746   0.0145380022058927   0.0231025072318794   0
0.0684242192801181   0.0532889291419554   0.000273693142926926   -0.0209628009971192   0
0.0460322941914657   0.0652876066226555   -0.0223919250886524   0.0119986774807001   0
0.0649308275134517   0.0458012665481375   0.018898533321986   -0.019486340074518   0
0.0492929336698033   0.059912783196764   -0.0156378938436485   0.0141115166486264   0
0.0759879982364988   0.0341858738509346   0.0266950645666955   -0.0257269093458293   0
0.0186326049793097   0.0545703833898812   -0.0573553932571891   0.0203845095389465   0
0.0389003155770759   0.0367490203037318   0.0202677105977663   -0.0178213630861494   0
0.0224613166140341   0.0265735693523014   -0.0164389989630418   -0.0101754509514304   0
0.0528155631463365   0.0242849990765769   0.0303542465323024   -0.00228857027572444   0
0.0554190767693982   0.0425146518142598   0.00260351362306174   0.0182296527376829   0
0.0324829118694961   0.0216256293397596   -0.0229361648999021   -0.0208890224745002   0
0.0568791490730413   0.0444892986165632   0.0243962372035452   0.0228636692768036   0
0.0889512816060648   0.0777367073035921   0.0320721325330235   0.0332474086870289   0
0.104067575891662   0.0702118561337075   0.0151162942855975   -0.00752485116988456   0
0.127898169698728   0.0908250829806241   0.0238305938070655   0.0206132268469166   0
0.11404452094819   0.0993283069357372   -0.0138536487505376   0.00850322395511305   0
0.110886802943587   0.0838027180886071   -0.00315771800460317   -0.0155255888471301   0
0.110961307365561   0.0857540207069606   7.45044219737367e-05   0.00195130261835351   0
0.117360364260259   0.0778314247239096   0.00639905689469795   -0.00792259598305101   0
0.118955544942527   0.0849874406405573   0.00159518068226812   0.0071560159166477   0
0.0924737322100135   0.0746583768508221   -0.0264818127325133   -0.0103290637897352   0
0.100057181241243   0.0827538367146676   0.00758344903122958   0.00809545986384555   0
0.085220532634419   0.0876984354355428   -0.0148366486068241   0.00494459872087515   0
0.0861316710996192   0.0767037959140453   0.000911138465200204   -0.0109946395214975   0
0.077448492487128   0.078229015634125   -0.00868317861249124   0.0015252197200797   0
0.0743746924191854   0.0768904422130112   -0.00307380006794257   -0.00133857342111375   0
0.069478519641575   0.0933220973736943   -0.00489617277761037   0.0164316551606831   0
0.0672678205860136   0.0876422725030701   -0.00221069905556144   -0.00567982487062421   0
0.0769615517149617   0.093510344474437   0.00969373112894813   0.00586807197136686   0
0.0696666464943718   0.101617327207939   -0.00729490522058986   0.00810698273350209   0
0.0906903385214295   0.090031413879858   0.0210236920270576   -0.0115859133280811   0
0.0724368585020061   0.118342735635668   -0.0182534800194234   0.0283113217558096   0
0.0710240741457791   0.118036276206699   -0.00141278435622698   -0.000306459428968869   0
0.0810488847728873   0.118793398400221   0.0100248106271082   0.000757122193522253   0
0.0763518808941411   0.106260893852305   -0.00469700387874616   -0.0125325045479158   0
0.0733051055751483   0.09884116752387   -0.00304677531899288   -0.0074197263284352   0
0.0374549479296906   0.106441413926165   -0.0358501576454577   0.00760024640229466   0
0.0889784629135541   0.109061623883917   0.0515235149838635   0.00262020995775193   0
0.0667606359333696   0.10898723623525   -0.0222178269801845   -7.4387648666463e-05   0
0.0414600995488816   0.0926078655824097   -0.025300536384488   -0.0163793706528403   0
0.0878319461774629   0.104563197207664   0.0463718466285813   0.0119553316252546   0
0.0463763646242848   0.0934034414958238   -0.0414555815531781   -0.0111597557118405   0
0.0802642106740656   0.0977036620352963   0.0338878460497808   0.00430022053947256   0
