0   0   0   0   0
0.140907037948853   0.277282574104601   0.140907037948853   0.277282574104601   0
0.0224794851832164   0.120645476752198   -0.118427552765637   -0.156637097352403   0
0.0720396839692781   0.135080001560669   0.0495601987860617   0.0144345248084712   0
0.189399158803066   0.139220758541187   0.117359474833788   0.004140756980518   0
0.313342046750384   0.0780530682875893   0.123942887947318   -0.061167690253598   0
0.189920539775591   0.102444511132684   -0.123421506974793   0.0243914428450947   0
0.323647675784654   0.107662166861778   0.133727136009063   0.00521765572909358   0
0.366517332405054   0.16180200989184   0.0428696566203998   0.0541398430300619   0
0.309594177651477   0.157046705247137   -0.056923154753577   -0.00475530464470239   0
0.363349883717999   0.158384820181867   0.0537557060665217   0.00133811493472993   0
0.464449831288449   0.19057864252315   0.10109994757045   0.0321938223412832   0
0.46478108994794   0.222578746649555   0.000331258659491296   0.032000104126405   0
1.24249442157198   0.40961217175704   0.777713331624036   0.187033425107485   0
1.42135631564579   0.321701694341168   0.17886189407381   -0.0879104774158723   0
1.46318618604143   0.214376139362404   0.0418298703956379   -0.107325554978763   0
1.67766089219773   0.227456254150665   0.214474706156301   0.0130801147882604   0
1.77408480989895   0.171971634792971   0.0964239177012192   -0.0554846193576934   0
1.79852928394237   0.165549861165863   0.0244444740434211   -0.00642177362710841   0
1.81840246571771   0.180598497761795   0.019873181775343   0.0150486365959321   0
1.79785218260336   0.206550538008789   -0.020550283114354   0.0259520402469942   0
1.69256606133564   0.14128830863137   -0.105286121267715   -0.0652622293774197   0
1.75501860657973   0.0902308930240563   0.0624525452440929   -0.0510574156073133   0
1.17027999074864   0.218984741112272   -0.584738615831093   0.128753848088216   0
1.54341932268748   0.6232956691739   0.373139331938838   0.404310928061628   0
1.70773319296557   0.749644069536424   0.16431387027809   0.126348400362524   0
1.64291746293844   0.595394165678826   -0.0648157300271268   -0.154249903857598   0
1.43885075606027   0.552009190390382   -0.204066706878169   -0.0433849752884441   0
1.48680484543349   0.794902059261096   0.0479540893732116   0.242892868870714   0
1.60548118158568   0.825758900149368   0.118676336152197   0.0308568408882711   0
1.8616887133727   0.817369237812111   0.256207531787014   -0.00838966233725624   0
1.9003992310188   0.764851486440254   0.0387105176461084   -0.0525177513718572   0
2.02078779658972   0.755105213221524   0.120388565570911   -0.00974627321873001   0
2.03836487578096   0.731304752378789   0.0175770791912431   -0.0238004608427351   0
2.03657025463556   0.715783977222964   -0.00179462114539541   -0.015520775155825   0
2.03145697103357   0.724848835705835   -0.00511328360199403   0.0090648584828712   0
1.20689648331553   0.720797974025664   -0.824560487718037   -0.0040508616801711   0
1.24787646139955   0.654179382102553   0.0409799780840137   -0.0666185919231107   0
1.52865795871306   0.582103725352194   0.280781497313517   -0.0720756567503598   0
1.86089773103999   0.605072662456159   0.332239772326928   0.022968937103965   0
1.85801861738096   0.599898459133163   -0.00287911365902627   -0.00517420332299567   0
2.01145165570047   0.599899980364201   0.153433038319502   1.52123103802637e-06   0
2.1764189039567   0.532304378547717   0.164967248256238   -0.0675956018164837   0
3.06549075384154   0.69963593063138   0.88907184988484   0.167331552083663   0
2.83592142648351   0.720480178016111   -0.229569327358035   0.0208442473847308   0
1.98732341999395   1.09466584644666   -0.848598006489555   0.374185668430549   0
2.03461602368525   1.05928646438954   0.0472926036912953   -0.0353793820571155   0
2.22242914275513   1.02364966734136   0.187813119069877   -0.0356367970481875   0
2.30792194394773   0.897551676491929   0.0854928011926077   -0.126097990849428   0
2.41022113735089   0.786968183419869   0.102299193403154   -0.110583493072061   0
2.40831242493803   0.769858150229414   -0.00190871241285961   -0.0171100331904547   0
1.96991767621563   0.580909906476184   -0.438394748722403   -0.188948243753229   0
1.255996948766   0.307759291733275   -0.713920727449626   -0.273150614742909   0
1.69720176350114   0.358418129301713   0.441204814735144   0.0506588375684375   0
1.87687977981193   0.405576769727866   0.179678016310785   0.0471586404261534   0
1.74419398462395   0.501077143416482   -0.13268579518798   0.0955003736886155   0
1.46534531540791   0.586021584993537   -0.278848669216041   0.0849444415770551   0
2.87029519811119   1.47061221903417   1.40494988270328   0.884590634040635   1
2.4453153298614   1.07888160167373   -0.424979868249789   -0.391730617360442   0
2.63830427866785   0.907502463326784   0.192988948806457   -0.171379138346946   0
2.75351422920096   0.845324780378941   0.115209950533103   -0.0621776829478431   0
2.84084093994889   0.816778809943701   0.0873267107479299   -0.0285459704352392   0
2.89911187910661   0.758335683648251   0.0582709391577265   -0.0584431262954508   0
2.85021052596024   0.764417651114283   -0.0489013531463729   0.00608196746603196   0
2.64924254372046   0.81962308472137   -0.200967982239784   0.0552054336070875   0
3.14735430984713   1.2988902980536   0.498111766126669   0.479267213332231   0
3.32668845947748   1.60327661535134   0.179334149630358   0.304386317297738   0
3.35558075159507   1.49862319708884   0.02889229211759   -0.104653418262501   0
3.36012831572103   1.48871123199929   0.00454756412595225   -0.00991196508954717   0
3.33096637830926   1.45894675262715   -0.0291619374117671   -0.0297644793721448   0
3.33647350865949   1.4637525184901   0.0055071303502281   0.0048057658629499   0
3.34045701096735   1.43654192721383   0.0039835023078667   -0.0272105912762706   0
3.2361561706767   1.43782056992168   -0.104300840290655   0.0012786427078586   0
2.23219338167567   1.55904814823524   -1.00396278900103   0.121227578313557   1
2.17938991624214   2.07290017603102   -0.0528034654335308   0.513852027795775   0
2.76633857162918   1.3411837265084   0.586948655387045   -0.731716449522619   0
3.03853759443996   1.21371694486654   0.272199022810777   -0.127466781641862   0
