7.1054274e-15   0   0   0   0
0.0312784264869548   0.00861207656270362   0.0312784264869477   0.00861207656270362   0
0.0422100014349904   0.0117503936761876   0.0109315749480356   0.003138317113484   0
0.0196782532371818   0.0316016676058499   -0.0225317481978086   0.0198512739296623   0
0.0343058236509866   0.022704512119579   0.0146275704138048   -0.00889715548627093   0
0.0284188429374691   0.0241104767635394   -0.00588698071351748   0.00140596464396043   0
0.069487760088392   0.0729224155921504   0.0410689171509229   0.048811938828611   0
0.104853919192948   0.0875056391507188   0.0353661591045557   0.0145832235585683   0
0.111929762608267   0.0857232916783934   0.00707584341531919   -0.00178234747232539   0
0.142704463086899   0.123375619420191   0.0307747004786321   0.0376523277417977   0
0.108735912537057   0.100969646726563   -0.0339685505498424   -0.0224059726936283   0
0.0952608605135367   0.0847556819264506   -0.0134750520235199   -0.0162139648001122   0
0.14498786105533   0.129674614440075   0.0497270005417933   0.0449189325136243   0
0.124685592258362   0.11970859170663   -0.0203022687969679   -0.00996602273344446   0
0.14292563870355   0.125456728779423   0.0182400464451878   0.0057481370727927   0
0.0989517129358301   0.100477913925543   -0.0439739257677197   -0.0249788148538803   0
0.138430215595717   0.121172433067539   0.0394785026598867   0.0206945191419965   0
0.164063436227998   0.109492992051285   0.0256332206322816   -0.0116794410162545   0
0.171113294542692   0.118555219689626   0.00704985831469407   0.00906222763834157   0
0.191672183779963   0.160801688923284   0.0205588892372702   0.0422464692336574   0
0.15553435118107   0.12818863907278   -0.0361378325988925   -0.0326130498505036   0
0.129027939797902   0.12601326945671   -0.0265064113831683   -0.0021753696160704   0
0.153633277287046   0.161450561351133   0.0246053374891442   0.035437291894423   0
0.114696035158225   0.133903191237877   -0.0389372421288206   -0.0275473701132561   0
0.149743529235476   0.149576157790051   0.0350474940772504   0.0156729665521745   0
0.185955567357652   0.207953842196596   0.0362120381221757   0.0583776844065445   0
0.221632918130782   0.230858929035249   0.0356773507731303   0.0229050868386536   0
0.249401391661005   0.226528703194537   0.0277684735302234   -0.00433022584071224   0
0.200768719945683   0.211477448943153   -0.0486326717153219   -0.0150512542513837   0
0.211509287504021   0.239299347725451   0.0107405675583374   0.0278218987822973   0
0.229974988119457   0.228491997714502   0.0184657006154365   -0.0108073500109484   0
0.231786182033272   0.228334564779377   0.00181119391381501   -0.000157432935125157   0
0.2541132176501   0.220967806112186   0.0223270356168273   -0.00736675866719064   0
0.271691945217737   0.218549151383383   0.017578727567637   -0.0024186547288034   0
0.268490500460432   0.232165833340438   -0.00320144475730438   0.0136166819570551   0
0.328741246834853   0.281787564402081   0.0602507463744212   0.049621731061643   0
0.369068086399623   0.278282444432731   0.0403268395647701   -0.00350511996935016   0
0.310446796174002   0.260027037767743   -0.0586212902256219   -0.0182554066649882   0
0.274560716555609   0.252238963156188   -0.035886079618393   -0.00778807461155456   0
0.332265847484669   0.259656954963204   0.0577051309290602   0.0074179918070153   0
0.274245005459828   0.216571510590922   -0.0580208420248409   -0.0430854443722821   0
0.303336798379862   0.239537990957113   0.0290917929200343   0.0229664803661915   0
0.324349617946137   0.250537359391243   0.0210128195662748   0.0109993684341302   0
0.346424577180452   0.248581174302548   0.0220749592343146   -0.00195618508869566   0
0.354116323548392   0.255693974576208   0.00769174636794046   0.00711280027366029   0
0.388084069512578   0.268032967189891   0.0339677459641862   0.0123389926136827   0
0.354275113617352   0.272877196474552   -0.0338089558952265   0.00484422928466155   0
0.313785683608248   0.238007874833895   -0.0404894300091039   -0.034869321640657   0
0.363660652573986   0.239884987489218   0.0498749689657382   0.00187711265532267   0
0.396945259435727   0.275233201629545   0.0332846068617407   0.0353482141403277   0
0.386591389829818   0.275070206614916   -0.0103538696059082   -0.000162995014628908   0
0.349190542227595   0.260269208371911   -0.0374008476022228   -0.014800998243005   0
0.352463959925514   0.279879698415854   0.00327341769791839   0.0196104900439421   0
0.388159678006872   0.281229474154687   0.0356957180813577   0.00134977573883316   0
0.409193976274246   0.270298618568656   0.0210342982673743   -0.0109308555860302   0
0.470451705230289   0.330436310881852   0.061257728956043   0.0601376923131956   0
0.510168057791366   0.382629632063815   0.0397163525610774   0.052193321181963   0
0.438774538339714   0.34020383671662   -0.0713935194516522   -0.0424257953471954   0
0.407077683210628   0.324784044574323   -0.0316968551290858   -0.0154197921422971   0
0.331138289610298   0.315047976039777   -0.0759393936003299   -0.00973606853454595   0
0.417786573597429   0.330399035957605   0.0866482839871308   0.0153510599178279   0
0.372055683323534   0.332608668350105   -0.0457308902738957   0.00220963239250049   0
0.423323236420852   0.338399209531628   0.0512675530973182   0.00579054118152256   0
0.43032957599629   0.331886950745802   0.00700633957543784   -0.00651225878582584   0
0.380878836061226   0.311173715009082   -0.0494507399350639   -0.0207132357367201   0
0.457773813460853   0.33183029334553   0.0768949773996278   0.0206565783364486   0
0.442764517458108   0.324481970088335   -0.0150092960027453   -0.00734832325719531   0
0.467427940711237   0.344370957903558   0.0246634232531285   0.0198889878152229   0
0.483874708759009   0.362826470545287   0.0164467680477722   0.0184555126417294   0
0.493866707455266   0.372685533798331   0.00999199869625711   0.00985906325304398   0
0.443306174997926   0.376554596199663   -0.0505605324573399   0.00386906240133217   0
0.425443742364148   0.360519628411269   -0.0178624326337776   -0.0160349677883941   0
0.459446762170926   0.359563076404455   0.0340030198067771   -0.000956552006814382   0
0.449689530546104   0.373515302457724   -0.00975723162482117   0.0139522260532692   0
0.491970808569494   0.381199495653399   0.0422812780233895   0.00768419319567459   0
0.478876036415688   0.374730371250221   -0.0130947721538054   -0.00646912440317809   0
0.492460509316392   0.381761301000252   0.0135844729007039   0.00703092975003178   0
0.406068931595883   0.358704594722227   -0.086391577720509   -0.0230567062780252   0
0.499416759769945   0.38723952969976   0.0933478281740619   0.0285349349775333   0
0.49944925191716   0.375934089792149   3.24921472143469e-05   -0.0113054399076111   0
