8.1297776e-15   1.8137857e-16   0   0   0
0.307387373937398   0.210165780432397   0.30738737393739   0.210165780432397   0
0.510881706604823   0.317805969115492   0.203494332667425   0.107640188683095   0
0.26788438214959   0.186052744080317   -0.242997324455234   -0.131753225035175   0
0.162338976411927   0.164027446661468   -0.105545405737662   -0.0220252974188489   0
0.103797556559664   0.120590045858141   -0.0585414198522632   -0.0434374008033272   0
0.0691694844789536   0.0941412151542641   -0.0346280720807107   -0.0264488307038768   0
0.0863864439412469   0.128128123350071   0.0172169594622933   0.0339869081958066   0
0.0770886571279035   0.119105373351281   -0.00929778681334337   -0.00902274999878916   0
0.0700255265184113   0.126986352022628   -0.00706313060949218   0.00788097867134605   0
0.069566969267116   0.111990431628918   -0.000458557251295344   -0.0149959203937098   0
0.0818528936638037   0.0925637416462533   0.0122859243966878   -0.0194266899826645   0
0.102516093162323   0.0996938754875515   0.0206631994985196   0.00713013384129822   0
0.0893609733372307   0.109901288476474   -0.0131551198250926   0.0102074129889226   0
0.0874669080771757   0.105342777558879   -0.00189406526005501   -0.00455851091759518   0
0.113659240488003   0.0919060563562254   0.026192332410827   -0.0134367212026535   0
0.103924655457076   0.0988639453084026   -0.00973458503092653   0.00695788895217717   0
0.12011246349185   0.105232095029428   0.0161878080347735   0.00636814972102565   0
0.224920368812822   0.153549235425657   0.104807905320972   0.0483171403962292   0
0.219926597488004   0.142531901279158   -0.00499377132481754   -0.0110173341464993   0
0.269417735428996   0.151312825969063   0.0494911379409919   0.00878092468990507   0
0.276135883403217   0.156512384313316   0.00671814797422071   0.00519955834425304   0
0.254205944018134   0.159179564036265   -0.0219299393850826   0.002667179722949   0
0.285578955708478   0.174235311258536   0.0313730116903436   0.0150557472222703   0
0.283159424761861   0.155956776645742   -0.00241953094661712   -0.0182785346127934   0
0.243413247997651   0.155039488551683   -0.0397461767642096   -0.000917288094059304   0
0.287501629068459   0.178312704902758   0.0440883810708077   0.023273216351075   0
0.280655720458892   0.18969575434527   -0.00684590860956652   0.0113830494425124   0
0.255843434247554   0.162261659708687   -0.0248122862113388   -0.0274340946365838   0
0.26676416411376   0.148317297263185   0.0109207298662066   -0.0139443624455019   0
0.284439818343336   0.143777859435931   0.0176756542295761   -0.00453943782725338   0
0.312522537735206   0.167415400357303   0.0280827193918695   0.0236375409213717   0
0.335937501471435   0.188416349362927   0.0234149637362293   0.0210009490056237   0
0.317152853688928   0.185084560165106   -0.018784647782507   -0.0033317891978204   0
0.314267982006241   0.193638473491465   -0.00288487168268714   0.00855391332635916   0
0.31286323228034   0.177583381704021   -0.00140474972590082   -0.0160550917874448   0
0.333638019666757   0.170183802581806   0.020774787386417   -0.00739957912221459   0
0.311775578706199   0.175367928458712   -0.0218624409605578   0.00518412587690648   0
0.334552447919627   0.189946557552313   0.0227768692134278   0.0145786290936009   0
0.36679639758466   0.211802483443128   0.0322439496650332   0.0218559258908146   0
0.339772880180668   0.195257089195468   -0.0270235174039921   -0.0165453942476595   0
0.352764538942127   0.209561983702251   0.012991658761459   0.0143048945067828   0
0.381566292634811   0.306438971264289   0.0288017536926841   0.0968769875620373   0
0.381029432777383   0.291785698335559   -0.000536859857428629   -0.0146532729287296   0
0.366139739834529   0.262461686215034   -0.0148896929428532   -0.0293240121205254   0
0.34118712254236   0.265681180553876   -0.0249526172921689   0.00321949433884255   0
0.289937954006792   0.246551988081382   -0.051249168535568   -0.0191291924724942   0
0.349511108010748   0.263580333397697   0.0595731540039552   0.0170283453163153   0
0.305853368842019   0.265054502891125   -0.0436577391687289   0.00147416949342777   0
0.308342746210871   0.276708189305476   0.00248937736885207   0.0116536864143511   0
0.335394196184217   0.289818509960106   0.0270514499733462   0.0131103206546297   0
0.294296328665508   0.264521797014373   -0.0410978675187092   -0.0252967129457332   0
0.31128159809936   0.278424555343757   0.0169852694338524   0.0139027583293844   0
0.304328854484936   0.285141825708446   -0.00695274361442433   0.006717270364689   0
0.333182600199412   0.297300519540836   0.0288537457144764   0.01215869383239   0
0.347496553428043   0.276838108966988   0.0143139532286303   -0.0204624105738477   0
0.313881084603073   0.276572823696341   -0.0336154688249694   -0.000265285270647786   0
0.296252937143827   0.285776897112792   -0.0176281474592464   0.00920407341645102   0
0.137432139361625   0.38228743560528   -0.158820797782202   0.0965105384924883   0
0.529097393974189   0.385772610168701   0.391665254612564   0.00348517456342068   0
0.541452951883145   0.315653185348982   0.0123555579089563   -0.0701194248197188   0
0.446847101953961   0.3658619381045   -0.0946058499291839   0.0502087527555181   0
0.396446723226408   0.392389577626404   -0.0504003787275533   0.0265276395219044   0
0.354252499882687   0.384303564166147   -0.0421942233437207   -0.00808601346025734   0
0.322772814004184   0.407451818283977   -0.0314796858785029   0.0231482541178306   0
0.350445396803496   0.403348607434973   0.0276725827993121   -0.00410321084900417   0
0.255354536190757   0.449086036212237   -0.0950908606127394   0.0457374287772634   0
0.481503799629698   0.309054259535281   0.226149263438941   -0.140031776676956   0
0.507872109541967   0.323142725008783   0.0263683099122694   0.0140884654735018   0
