7.1054274e-15   0   0   0   0
0.0318067852803805   0.00980475757421066   0.0318067852803734   0.00980475757421066   0
0.0931388906834655   0.0252426517033243   0.061332105403085   0.0154378941291136   0
0.145919390694422   0.0388731751801826   0.0527805000109561   0.0136305234768583   0
0.263763092705627   0.135791573031276   0.117843702011205   0.0969183978510938   0
0.141149274291915   0.0829356159530906   -0.122613818413712   -0.0528559570781858   0
0.164866145756932   0.103747958492673   0.0237168714650179   0.0208123425395828   0
0.101783057941233   0.119411012365027   -0.063083087815699   0.0156630538723541   0
0.132964692183526   0.134414525314227   0.0311816342422922   0.0150035129491992   0
0.0808236658766684   0.11905047351756   -0.0521410263068572   -0.0153640517966665   0
0.0898832335900995   0.125598005782047   0.00905956771343107   0.00654753226448637   0
0.0677770141528659   0.112814823778341   -0.0221062194372336   -0.0127831820037056   0
0.0682478832784206   0.105319622496704   0.000470869125554746   -0.00749520128163682   0
0.0789553549548945   0.106329456797692   0.0107074716764739   0.00100983430098762   0
0.10090089334888   0.0871024900563103   0.0219455383939859   -0.0192269667413815   0
0.117577711404954   0.0860894979661351   0.0166768180560733   -0.00101299209017522   0
0.227309844491968   0.084520658422692   0.109732133087014   -0.00156883954344306   0
0.208688775550987   0.0752954060350174   -0.018621068940981   -0.00922525238767462   0
0.244541809856627   0.0863864653006041   0.03585303430564   0.0110910592655868   0
0.255099548673349   0.0878495061532984   0.0105577388167218   0.00146304085269425   0
0.242190508204333   0.0994843063447903   -0.0129090404690158   0.0116348001914919   0
0.31299381859382   0.129944562711897   0.0708033103894875   0.0304602563671065   0
0.285783042458644   0.133001584332037   -0.0272107761351763   0.0030570216201399   0
0.4429019175028   0.122524555434764   0.157118875044156   -0.0104770288972724   0
0.368702800432121   0.0956621637298274   -0.074199117070679   -0.026862391704937   0
0.373355166590263   0.103892224923036   0.0046523661581418   0.00823006119320827   0
0.318960264968611   0.0979743638726931   -0.0543949016216517   -0.00591786105034257   0
0.363545721000261   0.108130747331203   0.0445854560316503   0.0101563834585104   0
0.36459663300898   0.112975117926334   0.00105091200871898   0.00484437059513047   0
0.386650356563195   0.10477380414991   0.0220537235542144   -0.00820131377642364   0
0.405106085182208   0.114125797911961   0.0184557286190137   0.00935199376205074   0
0.409667899262885   0.114458692105307   0.00456181408067674   0.000332894193346117   0
0.463144013632627   0.139061713556048   0.053476114369742   0.0246030214507408   0
0.398603558911729   0.112485512100306   -0.0645404547208981   -0.0265762014557416   0
0.442382640976842   0.120018323980678   0.0437790820651126   0.00753281188037179   0
0.390678405840064   0.110504977465459   -0.0517042351367779   -0.00951334651521926   0
0.403177646440029   0.138027933777612   0.0124992405999655   0.0275229563121532   0
0.375416656385702   0.136783811106566   -0.0277609900543272   -0.0012441226710459   0
0.361914501025051   0.139233841400248   -0.0135021553606512   0.00245003029368168   0
0.389242116389858   0.158315820308244   0.0273276153648068   0.0190819789079963   0
0.409471606266021   0.15543988275397   0.0202294898761637   -0.00287593755427418   0
0.481488241816056   0.153927944981878   0.0720166355500348   -0.00151193777209238   0
0.440754381899026   0.130250650502866   -0.0407338599170299   -0.023677294479012   0
0.403799393946072   0.161651660184317   -0.0369549879529542   0.0314010096814515   0
0.536714214420744   0.164921712959028   0.132914820474672   0.00327005277471135   0
0.479362800314264   0.145531286096534   -0.0573514141064798   -0.0193904268624948   0
0.426133018348455   0.120590238054718   -0.0532297819658093   -0.0249410480418157   0
0.459599196704108   0.140764985709487   0.0334661783556534   0.0201747476547692   0
0.383290553686602   0.128841949617876   -0.0763086430175065   -0.0119230360916114   0
0.393895364873987   0.151303580795336   0.0106048111873855   0.0224616311774599   0
0.368349457946188   0.145413089197399   -0.0255459069277993   -0.00589049159793681   0
0.341357382273447   0.14083634387421   -0.0269920756727406   -0.00457674532318855   0
0.446268908353362   0.151260380772287   0.104911526079915   0.0104240368980771   0
0.273801183134976   0.121360550888009   -0.172467725218386   -0.0298998298842788   0
0.339400235029813   0.138160077457178   0.0655990518948374   0.0167995265691692   0
0.288845125444205   0.123098995411986   -0.050555109585608   -0.0150610820451918   0
0.238897919928407   0.153033775704365   -0.0499472055157982   0.0299347802923793   0
0.46574789215705   0.176312100862656   0.226849972228643   0.0232783251582902   0
0.326955400088486   0.163849319881859   -0.138792492068564   -0.0124627809807967   0
0.357822265469   0.179332673073301   0.0308668653805139   0.0154833531914416   0
0.343888021459852   0.188771372923174   -0.0139342440091482   0.00943869984987353   0
0.529237619200322   0.184918271126783   0.18534959774047   -0.00385310179639076   0
0.40723487855288   0.229411695496128   -0.122002740647442   0.0444934243693449   0
0.443472278914297   0.195380966823147   0.0362374003614169   -0.0340307286729815   0
0.355620434843413   0.190492024826311   -0.0878518440708838   -0.00488894199683587   0
0.356670006699042   0.174558246374012   0.00104957185562876   -0.0159337784522988   0
0.411727723811724   0.203892046264551   0.055057717112682   0.0293337998905387   0
0.341384337304592   0.1762340463755   -0.0703433865071325   -0.0276579998890507   0
0.273941700713374   0.142726966332869   -0.0674426365912174   -0.0335070800426306   0
0.167260261238866   0.0806898845309586   -0.106681439474509   -0.0620370818019109   0
0.158506475112704   0.121484842755111   -0.00875378612616143   0.040794958224152   0
