0   0   0   0   0
0.0568115180088859   0.0321071149879311   0.0568115180088859   0.0321071149879311   0
0.0536259087769233   0.0415719856465054   -0.00318560923196254   0.0094648706585743   0
0.0147924889924382   0.0360059992559683   -0.0388334197844852   -0.0055659863905371   0
0.0486949158874886   0.0331998128747016   0.0339024268950504   -0.00280618638126669   0
0.047575535601812   0.0108852133083058   -0.00111938028567662   -0.0223145995663958   0
0.0482991870725965   0.0230138954977644   0.000723651470784521   0.0121286821894586   0
0.0905564094902745   0.0506802680373017   0.042257222417678   0.0276663725395372   0
0.0445484531715865   0.031789656922294   -0.046007956318688   -0.0188906111150077   0
0.0694497279469683   0.0404185992169293   0.0249012747753818   0.00862894229463532   0
0.0516915038804597   0.0346273723284446   -0.0177582240665085   -0.00579122688848478   0
0.0783601893910242   0.0461896703288006   0.0266686855105645   0.011562298000356   0
0.104905017121551   0.0797560895639628   0.0265448277305266   0.0335664192351622   0
0.0783439295498643   0.0692210447354257   -0.0265610875716866   -0.0105350448285371   0
0.0817419677103436   0.0678888920895596   0.00339803816047933   -0.00133215264586613   0
0.0805134971843206   0.0701214089427945   -0.00122847052602297   0.00223251685323488   0
0.103798059423486   0.0850255523614403   0.023284562239165   0.0149041434186458   0
0.116297824375327   0.0901000958955199   0.0124997649518411   0.0050745435340796   0
0.106941732394427   0.0817776087170866   -0.00935609198090014   -0.00832248717843324   0
0.114658080601448   0.0828763253510379   0.00771634820702127   0.00109871663395128   0
0.110789686528326   0.0876122348004653   -0.00386839407312159   0.00473590944942739   0
0.120324109150782   0.106320966999425   0.00953442262245568   0.0187087321989595   0
0.126836430954549   0.101631204258582   0.00651232180376712   -0.0046897627408425   0
0.101439203401834   0.0974023926192919   -0.0253972275527155   -0.00422881163929043   0
0.113055040870285   0.0964991658239323   0.011615837468451   -0.000903226795359605   0
0.10712241863305   0.0867289056563273   -0.00593262223723484   -0.00977026016760503   0
0.13180848016335   0.081710122195362   0.0246860615303001   -0.00501878346096526   0
0.137247801782496   0.104507729894445   0.00543932161914576   0.0227976076990827   0
0.115200691806484   0.0987668898546079   -0.022047109976012   -0.0057408400398368   0
0.14114398972473   0.114395383906189   0.0259432979182461   0.0156284940515814   0
0.115864219038022   0.0969026300356706   -0.0252797706867073   -0.0174927538705187   0
0.119428493738995   0.110093127360778   0.00356427470097281   0.0131904973251075   0
0.134981375330867   0.107872631953047   0.0155528815918719   -0.00222049540773155   0
0.114750439220549   0.108404378741368   -0.0202309361103187   0.000531746788321422   0
0.120984068749063   0.109970103902775   0.00623362952851464   0.0015657251614072   0
0.122441668968783   0.126218384014398   0.00145760021972004   0.0162482801116229   0
0.141142036913299   0.156080410977366   0.0187003679445162   0.0298620269629681   0
0.159892069410926   0.179632606517911   0.0187500324976263   0.0235521955405447   0
0.161765306019363   0.192496019340029   0.00187323660843769   0.0128634128221177   0
0.16506450175393   0.192178800540714   0.00329919573456622   -0.000317218799314539   0
0.168971152420084   0.209239905269473   0.0039066506661547   0.0170611047287592   0
0.131936879274065   0.192301412634302   -0.0370342731460196   -0.0169384926351716   0
0.158124002593282   0.184455933035556   0.0261871233192176   -0.00784547959874521   0
0.141417791814756   0.160494441046945   -0.0167062107785265   -0.0239614919886118   0
0.141891193004809   0.174429102903388   0.000473401190052819   0.0139346618564439   0
0.169633960047519   0.173294824530721   0.0277427670427102   -0.00113427837266705   0
0.140576518938373   0.15273111987149   -0.0290574411091457   -0.0205637046592312   0
0.158061996539863   0.124752329263668   0.0174854776014895   -0.0279787906078227   0
0.139124040031107   0.134085641214669   -0.0189379565087554   0.00933331195100119   0
0.167100230138867   0.152287975090378   0.0279761901077599   0.0182023338757097   0
0.180532976313431   0.158412827820523   0.0134327461745636   0.00612485273014429   0
0.165662193451533   0.159703641646056   -0.0148707828618977   0.00129081382553325   0
0.186737522193657   0.164273424052092   0.021075328742124   0.00456978240603612   0
0.173734444025004   0.171821905261464   -0.0130030781686531   0.00754848120937202   0
0.197254374902362   0.168612375807618   0.0235199308773585   -0.00320952945384567   0
0.194149601830934   0.165590532887116   -0.00310477307142859   -0.00302184292050228   0
0.193652520156417   0.172768914274734   -0.000497081674517091   0.00717838138761795   0
0.206340616906813   0.186156327230086   0.0126880967503959   0.0133874129553517   0
0.204324766909104   0.167365464400129   -0.00201584999770898   -0.0187908628299567   0
0.213813875106474   0.164497070867066   0.00948910819736992   -0.00286839353306342   0
0.21465427411229   0.167396906814919   0.000840399005815978   0.00289983594785295   0
0.191933232756209   0.180882658491096   -0.0227210413560805   0.0134857516761778   0
0.226664219412879   0.181226484392192   0.0347309866566695   0.000343825901095662   0
0.195254807488782   0.175512212656143   -0.0314094119240962   -0.00571427173604916   0
0.212793311896461   0.167397207146   0.0175385044076788   -0.00811500551014285   0
0.202431493961241   0.190608397254718   -0.0103618179352205   0.0232111901087177   0
0.225910612495529   0.216391882118454   0.0234791185342883   0.0257834848637363   0
0.231576923320348   0.209581743862261   0.00566631082481936   -0.00681013825619281   0
0.231322558065803   0.236482763344034   -0.000254365254545724   0.026901019481773   0
0.244763160053461   0.26207044553868   0.013440601987658   0.0255876821946455   0
0.230318340676796   0.280454475784023   -0.0144448193766643   0.018384030245343   0
0.252232836436731   0.300040083949379   0.0219144957599344   0.0195856081653562   0
0.25756958710592   0.316260521607396   0.00533675066918948   0.0162204376580176   0
0.26086042878201   0.338054377705125   0.00329084167608962   0.0217938560977283   0
0.292037218760762   0.307087008997697   0.0311767899787527   -0.0309673687074281   0
0.2434053877332   0.294644961771142   -0.0486318310275623   -0.0124420472265548   0
