0   0   0   0   0
0.0597002628998906   0.0181104868151596   0.0597002628998906   0.0181104868151596   0
0.0699883696157313   0.047414412241626   0.0102881067158407   0.0293039254264664   0
0.0477176153227663   0.0417198007959742   -0.022270754292965   -0.00569461144565182   0
0.00980147145663116   0.061840520575836   -0.0379161438661351   0.0201207197798619   0
0.0203651548900038   0.0629632319999593   0.0105636834333727   0.0011227114241233   0
0.0898576267686061   0.0955101082366789   0.0694924718786023   0.0325468762367195   0
0.0846633847774925   0.109673268644363   -0.00519424199111367   0.0141631604076842   0
0.0817993572908222   0.12459712045742   -0.00286402748667029   0.0149238518130568   0
0.136023389559995   0.149665399850539   0.0542240322691732   0.0250682793931189   0
0.154099928331332   0.1718737783969   0.0180765387713363   0.0222083785463615   0
0.126989363439775   0.155687151109699   -0.0271105648915562   -0.016186627287201   0
0.195347716739584   0.188600058210131   0.0683583532998082   0.0329129071004316   0
0.198121812625565   0.216982915016977   0.00277409588598082   0.0283828568068462   0
0.138156283179722   0.180414020428946   -0.0599655294458427   -0.0365688945880308   0
0.159348632324803   0.175304557715171   0.021192349145081   -0.0051094627137748   0
0.175770753993593   0.18320754634284   0.0164221216687905   0.00790298862766819   0
0.125254050054467   0.186546026488375   -0.0505167039391262   0.00333848014553578   0
0.172797458116227   0.191723953727194   0.04754340806176   0.0051779272388186   0
0.148532575866523   0.181234015219515   -0.0242648822497038   -0.0104899385076786   0
0.166890899807222   0.200964931227277   0.0183583239406989   0.0197309160077615   0
0.167993911558099   0.199259922673654   0.00110301175087682   -0.00170500855362271   0
0.205736185529604   0.222209562927477   0.037742273971505   0.0229496402538232   0
0.188855120391985   0.216448711937116   -0.016881065137619   -0.00576085099036108   0
0.182782166274242   0.232696951164659   -0.00607295411774281   0.0162482392275424   0
0.156607241929171   0.212009029751416   -0.0261749243450713   -0.0206879214132429   0
0.161003436419952   0.199031591568499   0.00439619449078058   -0.0129774381829168   0
0.154171159912273   0.207285931776137   -0.00683227650767815   0.00825434020763829   0
0.129318976753618   0.190416084597643   -0.0248521831586557   -0.0168698471784945   0
0.191855318703874   0.211246436238433   0.0625363419502562   0.0208303516407906   0
0.118609773999343   0.185584332817588   -0.0732455447045313   -0.0256621034208453   0
0.159776995909679   0.188540627504553   0.0411672219103367   0.00295629468696507   0
0.073718086445466   0.12933875438826   -0.0860589094642134   -0.0592018731162934   0
0.0770820339453003   0.116749006247493   0.00336394749983432   -0.0125897481407666   0
0.0478780280267138   0.129241024462861   -0.0292040059185865   0.0124920182153683   0
0.11875802724617   0.150942370183281   0.0708799992194562   0.0217013457204195   0
0.121869682551933   0.164658318729659   0.00311165530576281   0.0137159485463776   0
0.123552810463805   0.174540596017367   0.00168312791187235   0.0098822772877088   0
0.143879055964883   0.184969135918387   0.0203262455010782   0.0104285399010196   0
0.156949844683376   0.189543892087107   0.0130707887184926   0.00457475616872036   0
0.123180547540245   0.186275770659985   -0.0337692971431313   -0.00326812142712271   0
0.160965586284926   0.205754884288182   0.037785038744681   0.0194791136281979   0
0.160391477756933   0.217261668316834   -0.000574108527993139   0.0115067840286514   0
0.145264733542102   0.224650119448397   -0.0151267442148304   0.00738845113156278   0
0.145606877725082   0.202595425826142   0.00034214418298012   -0.0220546936222544   0
0.160363737490165   0.215174820501593   0.0147568597650826   0.0125793946754504   0
0.117562364535189   0.197100083660414   -0.0428013729549756   -0.0180747368411783   0
0.0998599978534721   0.175655019609771   -0.0177023666817172   -0.021445064050643   0
0.119278160330851   0.175861366932829   0.0194181624773787   0.00020634732305827   0
0.113792530085883   0.176141243012028   -0.00548563024496736   0.000279876079198854   0
0.117294551277095   0.177001082360847   0.00350202119121149   0.000859839348818559   0
0.145685872484229   0.194701128248468   0.0283913212071346   0.0177000458876211   0
0.104365949338211   0.167391289753198   -0.0413199231460187   -0.0273098384952698   0
0.125521436209915   0.180374006481584   0.0211554868717042   0.0129827167283859   0
0.141010947082733   0.18852875753974   0.0154895108728178   0.00815475105815608   0
0.102050994244747   0.176197653159468   -0.0389599528379859   -0.0123311043802717   0
0.119158456987533   0.183780667285021   0.0171074627427867   0.00758301412555226   0
0.0732162980248417   0.13755077350418   -0.0459421589626918   -0.0462298937808411   0
0.0740744883503358   0.136598767233434   0.000858190325494099   -0.000952006270745209   0
0.0910752066234269   0.136915298398232   0.0170007182730911   0.000316531164798017   0
0.0879281053804783   0.144095006799248   -0.00314710124294858   0.00717970840101578   0
