0   0   0   0   0
0.155357074809153   0.0664757347243084   0.155357074809153   0.0664757347243084   0
0.21320472877289   0.0989916283351216   0.0578476539637371   0.0325158936108132   0
0.217241050897957   0.0943801456439803   0.00403632212506638   -0.00461148269114135   0
0.23110193249287   0.116270441043957   0.0138608815949136   0.0218902953999769   0
0.21340714985381   0.118274545148309   -0.0176947826390606   0.00200410410435223   0
0.192784087754727   0.119220233718135   -0.0206230620990827   0.000945688569825867   0
0.268214635837564   0.154938865842292   0.0754305480828366   0.0357186321241571   0
0.282036165412164   0.148137504963952   0.0138215295746008   -0.00680136087834046   0
0.282750991723044   0.148630708653796   0.00071482631087938   0.000493203689843763   0
0.286788370298483   0.142596586467257   0.00403737857543957   -0.0060341221865387   0
0.286863511007876   0.146424715054935   7.51407093930179e-05   0.00382812858767853   0
0.297622062610009   0.155697515295412   0.0107585516021329   0.00927280024047619   0
0.294062164190326   0.150547728614523   -0.00355989841968374   -0.00514978668088881   0
0.288146599183032   0.166088815538802   -0.00591556500729368   0.0155410869242791   0
0.31157428746166   0.175242446021634   0.0234276882786283   0.00915363048283169   0
0.317737034290217   0.186952364104109   0.00616274682855672   0.0117099180824751   0
0.291580376196053   0.184585615132098   -0.0261566580941643   -0.0023667489720107   0
0.307448372986525   0.174256563188153   0.0158679967904721   -0.0103290519439454   0
0.335183989542497   0.175596149792623   0.0277356165559718   0.00133958660447023   0
0.318456531227671   0.181653812343732   -0.0167274583148259   0.00605766255110954   0
0.327884372161475   0.179470441217254   0.00942784093380428   -0.00218337112647812   0
0.340286700304114   0.172884103077416   0.0124023281426385   -0.00658633813983872   0
0.330205961959177   0.179423023926284   -0.0100807383449369   0.00653892084886828   0
0.354779998509038   0.184191360955327   0.0245740365498611   0.00476833702904306   0
0.328467149645994   0.184491591060596   -0.026312848863044   0.000300230105269361   0
0.346960659260641   0.179348897758123   0.0184935096146474   -0.0051426933024728   0
0.309219028212547   0.188978952915767   -0.0377416310480943   0.00963005515764331   0
0.283890527113175   0.210224433719612   -0.0253285010993716   0.0212454808038457   0
0.332027704573682   0.199409867889048   0.0481371774605072   -0.0108145658305641   0
0.314439886624405   0.193958907153096   -0.0175878179492778   -0.0054509607359525   0
0.351371936004402   0.156275968806035   0.0369320493799976   -0.0376829383470614   0
0.357527355057339   0.183782238420976   0.00615541905293687   0.0275062696149416   0
0.329687329486989   0.213644330203522   -0.0278400255703496   0.0298620917825454   0
0.369383273668072   0.217721520287855   0.0396959441810831   0.00407719008433383   0
0.386931406830953   0.22389841952125   0.0175481331628801   0.00617689923339501   0
0.401945628782241   0.195924174060501   0.015014221951288   -0.0279742454607498   0
0.411003819835811   0.187594572682497   0.00905819105356998   -0.00832960137800351   0
0.41733258018766   0.172521638381071   0.0063287603518497   -0.0150729343014265   0
0.383530385505346   0.185317137734816   -0.0338021946823142   0.0127954993537451   0
0.400356986318777   0.201438707831745   0.0168266008134308   0.0161215700969291   0
0.428118547471717   0.201390065529204   0.0277615611529402   -4.8642302540397e-05   0
0.411931359464559   0.230589484686676   -0.0161871880071576   0.0291994191574718   0
0.365053712112203   0.19760040901047   -0.0468776473523569   -0.0329890756762066   0
0.42793612113885   0.22626887706321   0.0628824090266472   0.0286684680527408   0
0.45875472015954   0.242658273183464   0.0308185990206905   0.0163893961202537   0
0.452972763908404   0.250926998988304   -0.00578195625113592   0.00826872580484012   0
0.46739392006369   0.261230956552711   0.0144211561552859   0.0103039575644063   0
0.484089851464766   0.255491907028431   0.0166959314010759   -0.00573904952427945   0
0.482540899022337   0.275407967144287   -0.00154895244242903   0.019916060115856   0
0.440442782431411   0.282746622600312   -0.0420981165909265   0.00733865545602452   0
0.451743493008031   0.267070425569625   0.0113007105766204   -0.0156761970306868   0
0.494267056504285   0.278321676604379   0.042523563496254   0.0112512510347544   0
0.383146339732242   0.246495032244606   -0.111120716772043   -0.0318266443597734   0
0.349548138706153   0.2287886554137   -0.0335982010260888   -0.0177063768309056   0
0.340891507289643   0.16122091597445   -0.00865663141650935   -0.0675677394392503   0
0.488237347677667   0.224301341523847   0.147345840388024   0.0630804255493967   0
0.540428957817268   0.248695604961826   0.0521916101396006   0.0243942634379796   0
0.575905405362246   0.297700007909897   0.0354764475449785   0.0490044029480706   0
0.617154526216282   0.304943478315267   0.041249120854036   0.00724347040537038   0
0.646101802005403   0.31550390189477   0.0289472757891214   0.0105604235795028   0
0.55297453125637   0.311956892819962   -0.0931272707490338   -0.00354700907480782   0
0.523396898501204   0.331954322289934   -0.0295776327551659   0.0199974294699719   0
0.572581601901056   0.350782540254468   0.0491847033998525   0.018828217964534   0
0.596548055189417   0.334669880606829   0.0239664532883604   -0.016112659647639   0
0.613031766618986   0.331734346340494   0.0164837114295688   -0.00293553426633469   0
0.572289379402931   0.329715055057515   -0.0407423872160549   -0.0020192912829789   0
0.612954099114078   0.317730349058388   0.0406647197111477   -0.0119847059991278   0
0.632455576229098   0.295058224363255   0.0195014771150198   -0.0226721246951325   0
0.611512828676724   0.297906496277467   -0.0209427475523737   0.00284827191421139   0
0.593178854508414   0.328508660992346   -0.0183339741683107   0.0306021647148797   0
0.636372863179663   0.328350901929259   0.0431940086712493   -0.000157759063087459   0
0.686876989538603   0.35597247084829   0.0505041263589404   0.0276215689190308   0
0.651991609823043   0.356196068072729   -0.0348853797155605   0.000223597224439709   0
