0   0   0   0   0
0.0632253410131103   0.0793520988784324   0.0632253410131103   0.0793520988784324   0
0.0598519155992273   0.107996280690374   -0.00337342541388296   0.0286441818119417   0
0.0490144887376281   0.0754462133234715   -0.0108374268615992   -0.0325500673669025   0
0.0461344368683197   0.0808356514594246   -0.00288005186930843   0.00538943813595311   0
0.0951902290769454   0.197720151458332   0.0490557922086257   0.116884499998908   0
0.153483607311241   0.242176288791262   0.0582933782342952   0.0444561373329292   0
0.140111452193546   0.202662862006089   -0.0133721551176945   -0.0395134267851726   0
0.115639247701526   0.202485829080416   -0.0244722044920201   -0.00017703292567306   0
0.101290447426469   0.283812781564085   -0.0143488002750566   0.0813269524836694   0
0.123310307038324   0.324535576636919   0.0220198596118549   0.0407227950728333   0
0.0778236350363874   0.28224782441846   -0.0454866720019368   -0.0422877522184587   0
0.0884512508285635   0.285002104073429   0.0106276157921761   0.00275427965496933   0
0.130633167313094   0.280833242907012   0.0421819164845309   -0.00416886116641763   0
0.102584401753058   0.253026579088421   -0.0280487655600367   -0.0278066638185903   0
0.119014681013655   0.277413817881814   0.0164302792605971   0.0243872387933923   0
0.111323103922986   0.264581547457042   -0.00769157709066934   -0.0128322704247714   0
0.137740413171916   0.271174713568061   0.0264173092489304   0.00659316611101834   0
0.145525097917223   0.253143108880646   0.00778468474530694   -0.018031604687415   0
0.112245405779737   0.221076904239259   -0.0332796921374857   -0.0320662046413864   0
0.133399431263949   0.237052615933427   0.0211540254842116   0.0159757116941676   0
0.112045777754756   0.223211110658639   -0.0213536535091932   -0.0138415052747874   0
0.12349875487092   0.236647146346421   0.0114529771161649   0.013436035687782   0
0.119467921873559   0.23316230065502   -0.00403083299736137   -0.00348484569140098   0
0.150706124099464   0.221446449756558   0.0312382022259045   -0.0117158508984628   0
0.121445658281428   0.193465554445803   -0.0292604658180352   -0.027980895310754   0
0.16908986185796   0.224907208912304   0.0476442035765312   0.0314416544665007   0
0.136645415543769   0.165049447982483   -0.0324444463141903   -0.0598577609298209   0
0.133566290485638   0.181242446033766   -0.00307912505813107   0.016192998051283   0
0.150433884035205   0.212526224114359   0.0168675935495665   0.0312837780805931   0
0.150267362657371   0.175640284623472   -0.000166521377833767   -0.0368859394908876   0
0.125494005018574   0.151751898243004   -0.0247733576387972   -0.0238883863804681   0
0.132195761370364   0.190319261588586   0.00670175635179029   0.0385673633455822   0
0.127268331910588   0.150010419037479   -0.00492742945977578   -0.0403088425511071   0
0.155401442012511   0.176758819104951   0.0281331101019223   0.0267484000674719   0
0.146996414847906   0.166535983927042   -0.00840502716460459   -0.010222835177909   0
0.156736071635471   0.152671422588445   0.00973965678756525   -0.0138645613385965   0
0.182154347086322   0.18694260197957   0.0254182754508507   0.0342711793911247   0
0.163344873078512   0.173403218872353   -0.0188094740078101   -0.0135393831072172   0
0.134127828613628   0.174884108778592   -0.0292170444648835   0.00148088990623926   0
0.132585071769102   0.18814579609962   -0.00154275684452637   0.0132616873210281   0
0.155149244788268   0.164183779050601   0.0225641730191662   -0.023962017049019   0
0.145860398262114   0.148153043742022   -0.00928884652615444   -0.0160307353085784   0
0.162829079500133   0.130869500052808   0.0169686812380188   -0.0172835436892147   0
0.16601078184494   0.144911943285384   0.00318170234480733   0.0140424432325759   0
0.182188894920233   0.143933174597255   0.016178113075293   -0.000978768688128212   0
0.162688380533614   0.145185731059438   -0.0195005143866186   0.00125255646218209   0
0.199946330554079   0.158632525793866   0.0372579500204648   0.0134467947344284   0
0.18130031481251   0.142145463240599   -0.0186460157415686   -0.0164870625532672   0
0.167906973299525   0.137587479303395   -0.0133933415129854   -0.00455798393720386   0
0.187236190285956   0.167991182446762   0.0193292169864311   0.0304037031433674   0
0.195866428685154   0.142889576420962   0.00863023839919785   -0.0251016060258   0
0.168904004815702   0.123180761096483   -0.0269624238694516   -0.0197088153244794   0
0.198965168395852   0.152298087488912   0.0300611635801494   0.0291173263924286   0
0.182548089165283   0.143341888461576   -0.0164170792305691   -0.00895619902733572   0
0.201131856238449   0.183731912091492   0.0185837670731664   0.0403900236299159   0
0.166481463883741   0.140768233479391   -0.0346503923547081   -0.042963678612101   0
0.173039260897827   0.15135928608242   0.00655779701408593   0.0105910526030289   0
0.165778827847873   0.155490142506091   -0.0072604330499543   0.00413085642367131   0
0.186538274651881   0.157356969056133   0.0207594468040082   0.00186682655004239   0
0.173817991932561   0.148736530829997   -0.0127202827193202   -0.00862043822613653   0
0.161439290865414   0.146426376669275   -0.0123787010671466   -0.002310154160722   0
0.16741957660254   0.163201945374491   0.0059802857371262   0.0167755687052161   0
0.165003186371197   0.170308159934556   -0.00241639023134341   0.00710621456006466   0
0.177627562165895   0.169365944292274   0.0126243757946983   -0.000942215642281141   0
0.179481169597844   0.173554497367159   0.00185360743194848   0.00418855307488503   0
0.176934110056361   0.165411222098901   -0.0025470595414831   -0.00814327526825845   0
0.167771476363274   0.166095607012229   -0.00916263369308681   0.00068438491332834   0
0.167888283155416   0.183778596831839   0.000116806792142515   0.0176829898196099   0
0.142616944722542   0.175687506850673   -0.0252713384328739   -0.00809108998116578   0
0.115606283892756   0.164862187830456   -0.0270106608297865   -0.0108253190202173   0
0.0820488634728065   0.164445535761193   -0.0335574204199493   -0.000416652069263557   0
0.0803678874469091   0.177157201085488   -0.00168097602589738   0.0127116653242956   0
0.0390218553760279   0.178036631865166   -0.0413460320708813   0.000879430779677393   0
0.0615304176174371   0.179989684693223   0.0225085622414092   0.00195305282805747   0
0.0679641093750905   0.20390526184507   0.00643369175765344   0.0239155771518474   0
