1.9010051e-17   0   0   0   0
0.0511831860077287   0.0345644526811838   0.0511831860077287   0.0345644526811838   0
0.0174150553482163   0.0282889375799635   -0.0337681306595124   -0.00627551510122038   0
0.0566452960240661   0.0358704246160572   0.0392302406758498   0.00758148703609374   0
0.0630349784796495   0.0427521564540209   0.00638968245558335   0.00688173183796365   0
0.0549523251234945   0.040888184266748   -0.00808265335615491   -0.00186397218727286   0
0.063506530217959   0.0513807688458062   0.00855420509446445   0.0104925845790582   0
0.0820910006379852   0.0536740384113982   0.0185844704200262   0.00229326956559199   0
0.0774876105693984   0.0721773010829625   -0.00460339006858684   0.0185032626715643   0
0.0830017350721521   0.0811506630482031   0.00551412450275368   0.00897336196524057   0
0.108605720179092   0.0800863585197568   0.0256039851069402   -0.00106430452844622   0
0.127777828894226   0.0855742929172949   0.0191721087151343   0.00548793439753806   0
0.148226538844954   0.0831907901545654   0.0204487099507278   -0.00238350276272946   0
0.132658728728108   0.107374886757089   -0.0155678101168459   0.0241840966025238   0
0.130769982391794   0.118514553709133   -0.00188874633631453   0.0111396669520433   0
0.158576086454454   0.109869767291399   0.0278061040626607   -0.00864478641773395   0
0.147607059600497   0.124983086671516   -0.0109690268539571   0.0151133193801178   0
0.152942526928132   0.125969170421599   0.00533546732763432   0.000986083750082759   0
0.150316667496913   0.132862927847261   -0.00262585943121854   0.00689375742566134   0
0.162104004027429   0.133463566527791   0.0117873365305154   0.000600638680530813   0
0.163597711684923   0.120810392600413   0.00149370765749426   -0.0126531739273783   0
0.167577101428882   0.122542056125164   0.00397938974395884   0.00173166352475052   0
0.178168229090926   0.121021467284306   0.0105911276620441   -0.00152058884085773   0
0.184542298752906   0.115448829801006   0.0063740696619802   -0.00557263748329945   0
0.178556863317721   0.123197042560833   -0.00598543543518473   0.00774821275982697   0
0.186971536689294   0.130957771220345   0.00841467337157295   0.00776072865951166   0
0.204949711664734   0.124336905209703   0.0179781749754398   -0.00662086601064171   0
0.21051468330419   0.124988658459842   0.00556497163945602   0.000651753250139081   0
0.175872140104113   0.136702774121681   -0.0346425432000772   0.0117141156618384   0
0.185899675168805   0.135421237654369   0.0100275350646925   -0.00128153646731158   0
0.18732246101557   0.117600425360327   0.00142278584676497   -0.0178208122940418   0
0.186656983741733   0.13516859852137   -0.000665477273837589   0.0175681731610429   0
0.198548001291022   0.128751908632592   0.0118910175492891   -0.00641668988877819   0
0.200170023258395   0.132567636089737   0.00162202196737324   0.00381572745714465   0
0.187839162401033   0.130219201549057   -0.0123308608573617   -0.00234843454067959   0
0.199867924510059   0.154985811210461   0.0120287621090253   0.0247666096614038   0
0.205137818969696   0.141805331697562   0.00526989445963741   -0.0131804795128986   0
0.19974094836114   0.15341287973968   -0.00539687060855573   0.0116075480421181   0
0.197931858714342   0.170766431514961   -0.00180908964679782   0.0173535517752807   0
0.212686452520328   0.179925463292021   0.0147545938059856   0.00915903177706023   0
0.225392665840678   0.168460107228526   0.0127062133203503   -0.0114653560634957   0
0.225931313303772   0.174777204401002   0.000538647463093789   0.00631709717247683   0
0.219045191911962   0.185329247305557   -0.00688612139181008   0.0105520429045547   0
0.227098180744512   0.176386721646096   0.00805298883255037   -0.00894252565946149   0
0.237760076291193   0.181565906345124   0.0106618955466809   0.00517918469902873   0
0.251092456235726   0.186007047548078   0.0133323799445326   0.00444114120295325   0
0.252259681877711   0.185867991829296   0.00116722564198474   -0.000139055718782116   0
0.255925378008196   0.198562725354043   0.00366569613048523   0.0126947335247476   0
0.271961162702708   0.215026047164275   0.0160357846945124   0.0164633218102314   0
0.272003280106598   0.216122770078895   4.21174038900407e-05   0.00109672291462079   0
0.267728579677621   0.216655540284697   -0.0042747004289776   0.000532770205801614   0
0.279045795882479   0.212706854291943   0.0113172162048584   -0.00394868599275372   0
0.297494338154359   0.195863397627488   0.0184485422718794   -0.0168434566644556   0
0.298336118197301   0.206762350339972   0.000841780042942664   0.0108989527124846   0
0.301094025917101   0.209826613505946   0.00275790771980017   0.00306426316597352   0
0.309162817818148   0.198573664786022   0.00806879190104698   -0.0112529487199242   0
0.289215370111323   0.212340523753707   -0.0199474477068255   0.0137668589676851   0
0.302860539676252   0.204999793558013   0.0136451695649294   -0.00734073019569398   0
0.332676574489914   0.190226557153696   0.0298160348136621   -0.0147732364043163   0
0.293511037593897   0.207018316556199   -0.039165536896017   0.0167917594025028   0
0.295616711163291   0.209299364747889   0.00210567356939401   0.00228104819168934   0
0.31292674905386   0.240637286706574   0.0173100378905683   0.0313379219586855   0
0.337068612567224   0.229312433316065   0.0241418635133639   -0.0113248533905087   0
0.341310664740801   0.244212359145087   0.00424205217357693   0.0148999258290217   0
0.349699645539636   0.24223400563824   0.0083889807988351   -0.00197835350684727   0
0.349600897695654   0.232513269018118   -9.87478439812839e-05   -0.00972073662012177   0
0.353073362165444   0.227564430259869   0.00347246446978977   -0.00494883875824939   0
0.346492206027672   0.239284798706789   -0.00658115613777216   0.0117203684469207   0
0.353504952033527   0.237919429866765   0.00701274600585533   -0.00136536884002447   0
0.363288339311044   0.235152040358767   0.00978338727751721   -0.00276738950799763   0
0.36272712830598   0.241627432678671   -0.000561211005064732   0.00647539231990316   0
0.373092409737694   0.238862874758124   0.0103652814317141   -0.00276455792054675   0
0.357641424074932   0.243373370010305   -0.0154509856627619   0.00451049525218097   0
0.374417160334845   0.221833704042074   0.0167757362599132   -0.0215396659682309   0
0.342913659204232   0.258267984920498   -0.0315035011306131   0.0364342808784244   0
0.323108966993232   0.270807699417062   -0.0198046922109999   0.0125397144965642   0
0.23374370026453   0.297050961906064   -0.089365266728702   0.0262432624890019   0
