7.1054274e-15   0   0   0   0
0.0798771873236435   0.190018409285991   0.0798771873236364   0.190018409285991   0
0.0932119278858652   0.129077645395426   0.0133347405622217   -0.0609407638905655   0
0.207799398025681   0.0624598815319934   0.114587470139816   -0.0666177638634321   0
0.567986857387837   0.162497871661552   0.360187459362156   0.100037990129558   0
0.535992483111445   0.496863381352509   -0.031994374276392   0.334365509690957   0
0.455165093067522   0.36055671122481   -0.0808273900439224   -0.136306670127698   0
0.530043218345704   0.369008226649066   0.0748781252781814   0.00845151542425504   0
0.421221538628904   0.37052449618961   -0.1088216797168   0.00151626954054462   0
0.561446703640066   0.337936214947764   0.140225165011162   -0.0325882812418463   0
0.560739899150285   0.302010041104181   -0.000706804489781665   -0.0359261738435833   0
0.587062906978641   0.365221326132182   0.0263230078283561   0.0632112850280011   0
0.307730463319384   0.396582791973501   -0.279332443659257   0.0313614658413194   0
0.374629853906885   0.332296645118105   0.0668993905875014   -0.0642861468553957   0
0.241643328279643   0.381526342341578   -0.132986525627242   0.049229697223473   0
0.135811185513265   0.437862382650864   -0.105832142766378   0.0563360403092855   0
0.166714225090127   0.483211956158007   0.0309030395768613   0.0453495735071436   0
0.19059688821   0.565273301570576   0.023882663119873   0.0820613454125688   0
0.229414860848908   0.472758671181082   0.038817972638908   -0.0925146303894947   0
0.138326580651512   0.462813433146191   -0.0910882801973954   -0.00994523803489011   0
0.125761265526989   0.413029264084041   -0.0125653151245233   -0.0497841690621501   0
0.221767622302954   0.305578447182916   0.096006356775965   -0.107450816901125   0
0.174695891152254   0.348647343040954   -0.0470717311506998   0.0430688958580378   0
0.229378814453476   0.360075521254807   0.0546829233012219   0.0114281782138522   0
0.206377809788746   0.459237570386892   -0.02300100466473   0.0991620491320853   0
0.139643060301277   0.403765483728382   -0.0667347494874694   -0.0554720866585099   0
0.199564445428159   0.551834934455389   0.0599213851268821   0.148069450727007   0
0.272295995000205   0.692232716893654   0.0727315495720464   0.140397782438266   0
0.166722866975683   0.734846176307655   -0.105573128024522   0.0426134594140003   0
0.313007006984597   0.5636861317881   0.146284140008914   -0.171160044519555   0
0.353431284323256   0.481454212511978   0.0404242773386584   -0.0822319192761224   0
0.319956242985371   0.492943977054332   -0.0334750413378848   0.0114897645423546   0
0.346395903337177   0.559763097810706   0.0264396603518056   0.0668191207563734   0
0.230382678387064   0.809149140124889   -0.116013224950112   0.249386042314184   0
0.229670678916933   0.831702604060259   -0.000711999470130731   0.0225534639353696   0
0.256158318211992   0.830044753531832   0.0264876392950585   -0.00165785052842715   0
0.240912641922352   0.807635740546034   -0.01524567628964   -0.0224090129857977   0
0.226945504342844   0.823194330928107   -0.0139671375795076   0.0155585903820725   0
0.228826205244706   0.85487807089546   0.00188070090186124   0.0316837399673531   0
0.224031300545637   0.811087459685387   -0.00479490469906815   -0.0437906112100727   0
0.244815898395378   0.836830892092368   0.0207845978497402   0.0257434324069808   0
0.25243879261291   0.970163022625752   0.00762289421753234   0.133332130533384   0
0.352476777955872   0.958802314791628   0.100037985342962   -0.0113607078341236   0
0.272012740840782   0.915298699388893   -0.0804640371150898   -0.0435036154027355   0
0.266948598717053   0.976046175096063   -0.00506414212372924   0.0607474757071701   0
0.271680298349687   0.975059487089478   0.00473169963263453   -0.000986688006585079   0
0.237523216504424   0.991262095975827   -0.0341570818452638   0.0162026088863496   0
0.220006671690024   0.954006119099207   -0.0175165448143997   -0.0372559768766203   0
0.239049616811544   1.01214063311124   0.0190429451215206   0.0581345140120325   0
0.267865328612177   0.924480210666991   0.0288157118006328   -0.0876604224442484   0
0.235974715310696   1.03653862922897   -0.0318906133014817   0.112058418561976   0
0.443986035827499   1.20374908186644   0.208011320516803   0.167210452637471   0
0.229452974408744   1.07005276677414   -0.214533061418755   -0.133696315092295   0
0.293282393712364   1.0975112280505   0.0638294193036199   0.0274584612763615   0
0.353871963980101   1.12643443441488   0.0605895702677374   0.0289232063643718   0
0.28447092653045   1.08044068212426   -0.069401037449651   -0.0459937522906138   0
0.189033543621188   0.772544806585135   -0.0954373829092627   -0.307895875539127   0
0.296429950258425   0.547349115950787   0.107396406637237   -0.225195690634348   0
0.414203909177497   0.923292741514659   0.117773958919072   0.375943625563872   0
0.436145805918914   1.00768216906331   0.0219418967414171   0.0843894275486536   0
0.535208827734385   1.04970059828483   0.0990630218154714   0.0420184292215207   0
0.61266767136703   1.13427542126608   0.0774588436326448   0.0845748229812446   0
0.532876963449806   1.17035606183187   -0.0797907079172239   0.0360806405657945   0
0.507433479452741   1.22507720391261   -0.0254434839970652   0.0547211420807334   0
0.477105189932025   1.33197135497763   -0.030328289520716   0.10689415106502   0
0.543440591545679   1.36663514185696   0.0663354016136535   0.034663786879336   0
0.524546059175159   1.38056853316248   -0.0188945323705201   0.0139333913055197   0
0.370261450977643   1.34342375062565   -0.154284608197515   -0.0371447825368356   0
0.354963851717208   1.28229489119884   -0.0152975992604357   -0.0611288594268107   0
0.331842570778453   1.23509208885162   -0.0231212809387542   -0.0472028023472171   0
0.413138070402239   1.20579689349397   0.0812954996237853   -0.0292951953576466   0
0.414253496993538   1.23349828977822   0.00111542659129915   0.0277013962842532   0
0.361109192945325   1.09569409178525   -0.053144304048213   -0.137804197992972   0
0.296631876181005   1.05125017366007   -0.0644773167643196   -0.0444439181251826   0
0.515061714568764   1.08813628153156   0.218429838387758   0.0368861078714935   0
0.409236136862371   1.06373209071652   -0.105825577706392   -0.0244041908150414   0
