1.1788063e-14   1.2037062e-33   0   0   0
0.0587681052008709   0.0380933141231322   0.0587681052008591   0.0380933141231322   0
0.0313127494159289   0.0170676446776609   -0.027455355784942   -0.0210256694454713   0
0.0435478134230718   0.0653229909433848   0.012235064007143   0.0482553462657238   0
0.0615548489642462   0.0390110956023161   0.0180070355411744   -0.0263118953410687   0
0.0458130482508792   0.0467372367177941   -0.015741800713367   0.00772614111547797   0
0.0615899163472838   0.0637042755937258   0.0157768680964046   0.0169670388759317   0
0.0432281717950575   0.0449725714124843   -0.0183617445522263   -0.0187317041812415   0
0.0471700778202502   0.0336121569821604   0.00394190602519267   -0.0113604144303239   0
0.0719259067409892   0.0379184024223486   0.024755828920739   0.00430624544018821   0
0.0859760920980367   0.069790931915527   0.0140501853570475   0.0318725294931784   0
0.156787190548048   0.0951361667119834   0.0708110984500109   0.0253452347964564   0
0.144649102288271   0.0762139824548857   -0.0121380882597767   -0.0189221842570977   0
0.179468120813723   0.123391765694356   0.0348190185254518   0.04717778323947   0
0.221073464352101   0.148497278116879   0.041605343538378   0.0251055124225229   0
0.21624804629092   0.0920549373020205   -0.00482541806118067   -0.0564423408148581   0
0.175680631378818   0.0854620368633595   -0.0405674149121018   -0.00659290043866097   0
0.193694933832071   0.112705835010196   0.0180143024532533   0.0272437981468369   0
0.18506312962904   0.135032845507156   -0.0086318042030317   0.0223270104969597   0
0.171455745685764   0.13187818713336   -0.0136073839432757   -0.003154658373796   0
0.183794903906363   0.110312860974956   0.0123391582205989   -0.0215653261584037   0
0.238719110095084   0.150957458237155   0.054924206188721   0.0406445972621989   0
0.243854649527106   0.129387865356338   0.00513553943202216   -0.0215695928808173   0
0.260380172391124   0.161509188866315   0.0165255228640177   0.032121323509977   0
0.32644440056963   0.16865266433714   0.0660642281785062   0.00714347547082536   0
0.416330162678895   0.182676790753482   0.0898857621092652   0.0140241264163413   0
0.397995054821896   0.21538164739519   -0.0183351078569994   0.0327048566417078   0
0.420051965777826   0.263103292086931   0.0220569109559299   0.0477216446917417   0
0.42475669384316   0.263057019969919   0.00470472806533445   -4.62721170119695e-05   0
0.413790533946445   0.265582759297627   -0.0109661598967149   0.00252573932770817   0
0.436925644196951   0.271070519787538   0.0231351102505053   0.00548776048991079   0
0.426129166271749   0.266947790297957   -0.0107964779252016   -0.00412272948958115   0
0.46888846692053   0.296293506697834   0.0427593006487807   0.029345716399877   0
0.435108138496919   0.261834838223784   -0.0337803284236104   -0.0344586684740498   0
0.448499753870787   0.280603746466056   0.0133916153738673   0.0187689082422718   0
0.46567958037201   0.248443664501298   0.0171798265012238   -0.0321600819647578   0
0.462122505559293   0.28119485669027   -0.00355707481271789   0.0327511921889713   0
0.470794802006409   0.229313803769318   0.00867229644711676   -0.0518810529209514   0
0.457805584303497   0.219185738472654   -0.0129892177029127   -0.0101280652966645   0
0.435233940870827   0.256985113060895   -0.0225716434326695   0.0377993745882416   0
0.456131225098875   0.308294819201411   0.0208972842280479   0.0513097061405162   0
0.416684760674683   0.246099936174809   -0.0394464644241918   -0.0621948830266029   0
0.425681363728751   0.274728763087647   0.0089966030540673   0.0286288269128386   0
0.453195190880981   0.270280720827211   0.0275138271522306   -0.00444804226043577   0
0.454076633222894   0.267735209367349   0.000881442341913008   -0.00254551145986226   0
0.469134223042182   0.279209503445192   0.0150575898192877   0.0114742940778429   0
0.467032237982756   0.262562677970421   -0.0021019850594261   -0.0166468254747707   0
0.451657964984771   0.265352135296514   -0.0153742729979852   0.00278945732609232   0
0.459958551900587   0.228695951415048   0.0083005869158162   -0.0366561838814654   0
0.479338440391016   0.281662452218112   0.0193798884904288   0.0529665008030633   0
0.47585068752944   0.185024096993631   -0.00348775286157571   -0.0966383552244809   0
0.423749752732096   0.215194991551019   -0.052100934797344   0.0301708945573879   0
0.427582362108014   0.240804628824729   0.00383260937591784   0.0256096372737104   0
0.429529719561609   0.263705914158408   0.00194735745359542   0.0229012853336792   0
0.43869951774288   0.269953706652009   0.00916979818127123   0.00624779249360052   0
0.434210643261319   0.271078950739969   -0.00448887448156143   0.00112524408796011   0
0.467845022988083   0.318100395595656   0.0336343797267638   0.0470214448556876   0
0.453155084466735   0.274024204630829   -0.0146899385213479   -0.0440761909648269   0
0.47871436841203   0.297981631601958   0.0255592839452957   0.0239574269711281   0
0.470568476246545   0.25487269073037   -0.00814589216548561   -0.0431089408715875   0
0.49929007261301   0.305219483726575   0.0287215963664648   0.0503467929962054   0
0.513985520181485   0.301436260773589   0.0146954475684751   -0.00378322295298633   0
0.485198445395555   0.294035903550606   -0.0287870747859296   -0.00740035722298354   0
0.558187959884339   0.288392062417857   0.0729895144887834   -0.00564384113274824   0
0.604294909246459   0.305789076355284   0.0461069493621208   0.0173970139374267   0
0.608026968491822   0.322189785753739   0.00373205924536268   0.0164007093984554   0
0.588660899587189   0.340400531831851   -0.0193660689046335   0.0182107460781119   0
0.618220136064625   0.383076953640811   0.0295592364774364   0.0426764218089594   0
0.578580956339188   0.343719798323014   -0.0396391797254372   -0.0393571553177966   0
0.611821049438665   0.358482757753473   0.0332400930994772   0.0147629594304589   0
0.648247486772047   0.378840006972564   0.0364264373333825   0.0203572492190908   0
0.618998183757917   0.343264223386575   -0.02924930301413   -0.0355757835859891   0
0.642432057773918   0.380363262134926   0.0234338740160005   0.0370990387483512   0
0.61107648183146   0.356472030217915   -0.0313555759424576   -0.0238912319170107   0
0.632176980666426   0.378049074911768   0.0211004988349655   0.0215770446938529   0
0.606198321727822   0.335663974382882   -0.0259786589386034   -0.0423851005288866   0
