0   0   0   0   0
0.0907422395393011   0.0486005624295228   0.0907422395393011   0.0486005624295228   0
0.0276871098498326   0.0380521403379162   -0.0630551296894686   -0.0105484220916066   0
0.0787097061436667   0.0426813549750314   0.0510225962938342   0.00462921463711519   0
0.0445259789555989   0.0320295512679131   -0.0341837271880678   -0.0106518037071183   0
0.0317946651428713   0.0275951353349758   -0.0127313138127276   -0.0044344159329373   0
0.103872168573389   0.0728346353293209   0.0720775034305182   0.0452394999943451   0
0.0287500811828216   0.0242140780451673   -0.0751220873905678   -0.0486205572841536   0
0.106340735010598   0.0445639820859707   0.0775906538277769   0.0203499040408034   0
0.0597378008377272   0.0249046130954044   -0.0466029341728712   -0.0196593689905663   0
0.0684991128912458   0.0255967604081754   0.00876131205351854   0.000692147312771011   0
0.0823238875563869   0.0395882282321434   0.0138247746651411   0.013991467823968   0
0.0741400055179171   0.043321866232055   -0.00818388203846983   0.00373363799991157   0
0.102664367499878   0.0641164427406983   0.0285243619819613   0.0207945765086434   0
0.0527792332997401   0.0396965794737861   -0.0498851342001383   -0.0244198632669123   0
0.0559691463756301   0.040664574717055   0.00318991307589   0.000967995243268911   0
0.0593934089392861   0.0301940393908696   0.00342426256365595   -0.0104705353261853   0
0.0302260293161669   0.0118363776208097   -0.0291673796231192   -0.0183576617700599   0
0.0665918470752714   0.0456451931041159   0.0363658177591045   0.0338088154833062   0
0.0673807905070362   0.0480230911440052   0.000788943431764777   0.00237789803988923   0
0.0221228059580311   0.018651994260337   -0.045257984549005   -0.0293710968836681   0
0.0760251109712512   0.0538636306398378   0.05390230501322   0.0352116363795007   0
0.0288806575195026   0.0357164754559412   -0.0471444534517485   -0.0181471551838965   0
0.0947201692732528   0.0318317912894664   0.0658395117537501   -0.00388468416647483   0
0.0653041922179141   0.0470518724438121   -0.0294159770553386   0.0152200811543457   0
0.0575893538623261   0.0315422013948063   -0.00771483835558802   -0.0155096710490058   0
0.0530958276498933   0.0217689194490689   -0.00449352621243283   -0.00977328194573735   0
0.0461429446566427   0.0237340206636318   -0.00695288299325061   0.00196510121456291   0
0.0587195798796252   0.0356018770302916   0.0125766352229825   0.0118678563666598   0
0.0268066718957209   0.0295008698870832   -0.0319129079839043   -0.00610100714320843   0
0.0570680254420501   0.0231604828948397   0.0302613535463293   -0.00634038699224351   0
0.075980829942105   0.0424240626388267   0.0189128045000549   0.019263579743987   0
0.0277787583128936   0.0314642436521626   -0.0482020716292114   -0.0109598189866641   0
0.076852142312111   0.0543909177491375   0.0490733839992174   0.0229266740969749   0
0.0383960755289105   0.037952268629531   -0.0384560667832005   -0.0164386491196065   0
0.0347274163966659   0.01728186859372   -0.00366865913224461   -0.020670400035811   0
0.0867334122466179   0.0566594426070363   0.052005995849952   0.0393775740133164   0
0.0557119853134318   0.0237715963556331   -0.0310214269331862   -0.0328878462514032   0
0.170307167638024   0.0469905376609147   0.114595182324592   0.0232189413052816   0
0.0430267431271503   0.0756185913003952   -0.127280424510874   0.0286280536394805   0
0.106315589187565   0.0740992150811783   0.0632888460604146   -0.0015193762192169   0
0.0469204412373579   0.072339640414223   -0.059395147950207   -0.00175957466695538   0
0.0579252533119809   0.0704782566350411   0.011004812074623   -0.00186138377918181   0
0.0479647927130293   0.07626665714468   -0.00996046059895163   0.0057884005096389   0
0.0720482092021304   0.0602794670889715   0.0240834164891011   -0.0159871900557086   0
0.0610079886110093   0.0827472527828027   -0.011040220591121   0.0224677856938312   0
0.0551066920733845   0.0893433878521088   -0.00590129653762476   0.00659613506930612   0
0.0532875580751323   0.0822715721556303   -0.00181913399825226   -0.00707181569647855   0
0.0691937337982658   0.0772276329616293   0.0159061757231335   -0.00504393919400091   0
0.0790883318062599   0.116060064520433   0.0098945980079941   0.0388324315588034   0
0.0359248232651725   0.0904562190515469   -0.0431635085410873   -0.0256038454688858   0
0.0536555589413846   0.103860284135481   0.017730735676212   0.0134040650839346   0
0.138030985191523   0.0572346898067919   0.0843754262501385   -0.0466255943286895   0
0.173786286136619   0.0528326149771021   0.0357553009450956   -0.00440207482968983   0
0.103846098834792   0.0860744232924921   -0.0699401873018266   0.03324180831539   0
0.0833245082123445   0.0674690019198544   -0.0205215906224477   -0.0186054213726378   0
0.0806311642927979   0.0948525511035375   -0.00269334391954656   0.0273835491836832   0
0.104135643825958   0.073224999332217   0.0235044795331604   -0.0216275517713206   0
0.0861261689745358   0.103475212245439   -0.0180094748514225   0.0302502129132223   0
0.114637007215448   0.0805821233978335   0.0285108382409117   -0.0228930888476058   0
0.0984633375856407   0.0964667256340456   -0.0161736696298068   0.0158846022362121   0
0.0766830418530167   0.100324393058686   -0.021780295732624   0.00385766742464043   0
0.120044573175352   0.0791238557440494   0.0433615313223355   -0.0212005373146366   0
0.100193611175371   0.113446223382552   -0.0198509619999812   0.0343223676385031   0
0.106410596747509   0.0952631709256958   0.00621698557213754   -0.0181830524568566   0
0.090304604113792   0.118270610179577   -0.0161059926337166   0.023007439253881   0
0.0870257708386586   0.104652684773006   -0.00327883327513333   -0.0136179254065707   0
0.115857945894563   0.0895542460980077   0.0288321750559045   -0.0150984386749984   0
0.103662165427965   0.115969907461702   -0.0121957804665984   0.0264156613636947   0
0.10743067526901   0.0868196326051537   0.0037685098410455   -0.0291502748565486   0
0.113969767889935   0.0941998022224969   0.00653909262092488   0.00738016961734318   0
