0   0   0   0   0
0.0367030916804412   0.0431292694280632   0.0367030916804412   0.0431292694280632   0
0.0160422059405732   0.0322407492771743   -0.0206608857398681   -0.0108885201508889   0
0.0380463395868045   0.04280927840283   0.0220041336462313   0.0105685291256557   0
0.0306357723374144   0.0240553544154423   -0.00741056724939013   -0.0187539239873877   0
0.0129555475450672   0.0186220403445268   -0.0176802247923472   -0.00543331407091549   0
0.00775231695357338   0.010661361791298   -0.0052032305914938   -0.00796067855322885   0
0.0299014590535854   0.0197864942152079   0.022149142100012   0.00912513242390988   0
0.0313233904895562   0.0458287380924422   0.00142193143597086   0.0260422438772344   0
0.0388446662022763   0.0487589208334258   0.00752127571272011   0.00293018274098357   0
0.0450283943545634   0.0314660717237058   0.00618372815228704   -0.01729284910972   0
0.0183961218388284   0.0536906078500973   -0.0266322725157349   0.0222245361263915   0
0.0324098417967593   0.0506761735093915   0.0140137199579309   -0.00301443434070577   0
0.0428827354398964   0.0392634288672843   0.0104728936431371   -0.0114127446421072   0
0.0232289570475105   0.0600540824982589   -0.0196537783923859   0.0207906536309746   0
0.0300694830185577   0.0522311538385856   0.00684052597104714   -0.00782292865967335   0
0.0284879659754161   0.0372979573312815   -0.0015815170431416   -0.0149331965073041   0
0.0378894506272518   0.0945555614026706   0.00940148465183572   0.0572576040713892   0
0.0372181789078393   0.0689386225658887   -0.000671271719412468   -0.0256169388367819   0
0.0495908689753299   0.0688969251827946   0.0123726900674906   -4.16973830941192e-05   0
0.0422257251520201   0.0545790457259782   -0.00736514382330984   -0.0143178794568164   0
0.0604959048725621   0.053116673990337   0.018270179720542   -0.0014623717356412   0
0.0252111839907389   0.0596571697000726   -0.0352847208818231   0.00654049570973567   0
0.0376049138757078   0.0551908054067599   0.0123937298849689   -0.0044663642933127   0
0.0576585451851597   0.0506634558242356   0.0200536313094519   -0.00452734958252431   0
0.0133551632122874   0.0648843715196735   -0.0443033819728723   0.0142209156954379   0
0.033566321684633   0.0647005876175147   0.0202111584723456   -0.000183783902158827   0
0.0367012362924852   0.0695030114748111   0.00313491460785222   0.0048024238572964   0
0.0272571596284373   0.0578603268467714   -0.0094440766640479   -0.0116426846280397   0
0.0601840822600336   0.0721084833568945   0.0329269226315963   0.014248156510123   0
0.0389035830234987   0.0667222983236353   -0.0212804992365349   -0.00538618503325917   0
0.0177767242221185   0.0528670590373849   -0.0211268588013802   -0.0138552392862503   0
0.054269044364946   0.0569988542900783   0.0364923201428274   0.00413179525269333   0
0.0487382934675918   0.0598278873887051   -0.00553075089735418   0.00282903309862687   0
0.028688925766846   0.0643521608208403   -0.0200493677007458   0.00452427343213514   0
0.0651608132027123   0.0759207239958166   0.0364718874358663   0.0115685631749763   0
0.0629261304118132   0.0765361900729149   -0.00223468279089918   0.000615466077098253   0
0.0530056560284204   0.0795927527595096   -0.0099204743833928   0.00305656268659477   0
0.0747625456462094   0.100200261103839   0.0217568896177891   0.0206075083443292   0
0.0719950361035107   0.0923807223778134   -0.00276750954269872   -0.00781953872602542   0
0.0434198394487046   0.0851749541657574   -0.0285751966548061   -0.00720576821205601   0
0.0700766423778463   0.0923886149613528   0.0266568029291417   0.00721366079559536   0
0.0532726877252426   0.0920675102032542   -0.0168039546526037   -0.000321104758098573   0
0.0845910763951562   0.107357550463968   0.0313183886699136   0.0152900402607139   0
0.0888734110329265   0.110546385127427   0.00428233463777032   0.00318883466345887   0
0.0815039995084562   0.126013892932913   -0.00736941152447033   0.015467507805486   0
0.130902964078019   0.152629366747333   0.0493989645695624   0.0266154738144203   0
0.109388582362289   0.136319460291092   -0.0215143817157293   -0.0163099064562412   0
0.11571017469949   0.142900423389003   0.00632159233720082   0.00658096309791062   0
0.134645585851638   0.153539166278512   0.0189354111521483   0.010638742889509   0
0.096217743368824   0.121914111926697   -0.0384278424828145   -0.031625054351815   0
0.107343198333591   0.128641525348   0.0111254549647675   0.00672741342130326   0
0.105983566705594   0.142846093545222   -0.00135963162799715   0.0142045681972221   0
0.0796239891883006   0.127440022512815   -0.0263595775172937   -0.0154060710324072   0
0.102919870036759   0.139787120056924   0.0232958808484584   0.0123470975441093   0
0.124180054020588   0.144787553049066   0.021260183983829   0.00500043299214206   0
0.103001370472317   0.12328039926192   -0.0211786835482708   -0.0215071537871463   0
0.146594295497641   0.17039230749474   0.0435929250253238   0.04711190823282   0
0.139192049589312   0.176207207580655   -0.00740224590832853   0.0058149000859149   0
0.129540926308124   0.165059299903858   -0.00965112328118886   -0.011147907676797   0
0.163969741689505   0.194836275441917   0.0344288153813809   0.0297769755380587   0
0.157946920089991   0.192569953828182   -0.00602282159951326   -0.00226632161373458   0
0.161689296078802   0.203718419315918   0.00374237598881058   0.0111484654877359   0
0.176253466090807   0.230515843692988   0.0145641700120047   0.0267974243770698   0
0.184627699438998   0.235387439433183   0.00837423334819137   0.00487159574019502   0
0.165641214588209   0.223589026659033   -0.0189864848507893   -0.0117984127741496   0
0.178343416574785   0.228126276660249   0.0127022019865766   0.00453725000121613   0
0.164688054150959   0.231704882842357   -0.0136553624238258   0.00357860618210801   0
0.187478150212673   0.240792583051248   0.0227900960617134   0.00908770020889096   0
0.181333622088576   0.240757586546289   -0.00614452812409635   -3.49965049596113e-05   0
0.33173878316782   0.235395144521708   0.150405161079243   -0.00536244202458089   0
1.2917404243884   0.270766534037897   0.960001641220583   0.0353713895161894   0
1.64269368346913   0.258030282737054   0.350953259080729   -0.0127362513008426   0
1.56251818198887   0.236283550538947   -0.080175501480259   -0.0217467321981079   0
0.402873823318175   0.258289574309102   -1.1596443586707   0.0220060237701559   1
0.725509306897368   0.484640809860693   0.322635483579194   0.226351235551591   0
