0   0   0   0   0
0.0327972479191944   0.0220640455391573   0.0327972479191944   0.0220640455391573   0
0.0402217494279415   0.0353197608741558   0.00742450150874711   0.0132557153349985   0
0.0298509025371453   0.0388478622238354   -0.0103708468907962   0.00352810134967964   0
0.0340198610963012   0.023356381871426   0.0041689585591559   -0.0154914803524094   0
0.0602650355266938   0.0336030662958829   0.0262451744303926   0.0102466844244568   0
0.0450378020398982   0.0403844853700548   -0.0152272334867956   0.0067814190741719   0
0.0508142318863118   0.0291119532075312   0.0057764298464136   -0.0112725321625236   0
0.0649222402328992   0.0482760103062491   0.0141080083465874   0.0191640570987179   0
0.0942191552379773   0.0945489910199617   0.0292969150050781   0.0462729807137126   0
0.0978668610228118   0.106084953566807   0.00364770578483449   0.0115359625468452   0
0.0994597773757786   0.108926593085291   0.00159291635296679   0.00284163951848382   0
0.119531535563602   0.132962942949169   0.0200717581878236   0.0240363498638786   0
0.157597184541238   0.0731531780373001   0.038065648977636   -0.0598097649118692   0
0.186355292738728   0.0767752805981614   0.0287581081974893   0.00362210256086132   0
0.1328299623359   0.10220365343208   -0.0535253304028278   0.0254283728339189   0
0.396539469505097   0.111109337716251   0.263709507169197   0.00890568428417023   0
0.424669809289215   0.262965050291068   0.0281303397841181   0.151855712574818   0
0.311973040796639   0.19055928918472   -0.112696768492575   -0.0724057611063487   0
0.212793283954404   0.151655493987032   -0.0991797568422347   -0.0389037951976871   0
0.205400460818279   0.152934794430865   -0.00739282313612555   0.00127930044383265   0
0.186837975474444   0.158737761304527   -0.018562485343835   0.00580296687366236   0
0.181533753451888   0.15122187385016   -0.00530422202255554   -0.00751588745436707   0
0.200523634177742   0.12359261083134   0.0189898807258537   -0.0276292630188208   0
0.206026222366825   0.101813036593396   0.00550258818908303   -0.0217795742379439   0
0.182670947087219   0.0971888826722932   -0.0233552752796059   -0.00462415392110263   0
0.179665677235363   0.0985865015129787   -0.00300526985185626   0.00139761884068557   0
0.189305935732855   0.128226575653288   0.00964025849749231   0.0296400741403094   0
0.146943137028995   0.0919485298317491   -0.0423627987038607   -0.0362780458215391   0
0.155011969712028   0.070525819012362   0.00806883268303352   -0.021422710819387   0
0.190585933738691   0.108110734606354   0.0355739640266627   0.0375849155939918   0
0.190509763162062   0.107795152334646   -7.61705766283705e-05   -0.000315582271707734   0
0.198260275058749   0.107263817106793   0.00775051189668674   -0.000531335227853119   0
0.213368764508393   0.120002921037387   0.0151084894496442   0.0127391039305941   0
0.163480348063424   0.0874400637009131   -0.0498884164449695   -0.0325628573364739   0
0.217669927257409   0.0750701833153009   0.0541895791939848   -0.0123698803856122   0
0.165621326257482   0.0486992378784009   -0.0520486009999263   -0.0263709454369   0
0.16604186527238   0.0682361746441251   0.000420539014897137   0.0195369367657242   0
0.17357927979671   0.0821945187675705   0.00753741452433043   0.0139583441234454   0
0.219677963818132   0.0281017622145393   0.0460986840214221   -0.0540927565530313   0
0.186692087845717   0.0745783763444705   -0.0329858759724152   0.0464766141299312   0
0.24324388156589   0.103774403068023   0.0565517937201732   0.0291960267235523   0
0.220496916775463   0.109426710865634   -0.0227469647904274   0.00565230779761136   0
0.22816768715614   0.0533750753805621   0.0076707703806774   -0.0560516354850721   0
0.264248985940756   0.108020396830581   0.0360812987846157   0.0546453214500185   0
0.287359946102112   0.151373661313737   0.0231109601613561   0.0433532644831561   0
0.261281363875008   0.151482995131675   -0.0260785822271039   0.000109333817938595   0
0.266009433792259   0.144545832974894   0.00472806991725144   -0.00693716215678084   0
0.25904904385571   0.144403597606038   -0.0069603899365494   -0.00014223536885602   0
0.264350355686359   0.146419969864079   0.0053013118306488   0.00201637225804036   0
0.271646531368588   0.152146327765838   0.00729617568222929   0.00572635790175913   0
0.307558228903921   0.225717833727129   0.0359116975353325   0.0735715059612911   0
0.345297868306329   0.334288225960699   0.0377396394024082   0.10857039223357   0
0.25681574398044   0.235840094730096   -0.0884821243258886   -0.0984481312306022   0
0.240336876862154   0.277019146060114   -0.0164788671182859   0.0411790513300178   0
0.259119076440065   0.270952115070539   0.0187821995779113   -0.00606703098957534   0
0.272623575585138   0.278863738478161   0.0135044991450724   0.00791162340762164   0
0.228514159939298   0.227698561079234   -0.0441094156458403   -0.0511651773989263   0
0.244645662264704   0.221224756297181   0.0161315023254063   -0.00647380478205328   0
0.295177981235449   0.27504857990907   0.0505323189707454   0.0538238236118891   0
0.25995313415252   0.287942643650566   -0.0352248470829293   0.0128940637414962   0
0.235476958827035   0.257054578445226   -0.0244761753254847   -0.03088806520534   0
0.254797252688223   0.275819893240955   0.0193202938611876   0.0187653147957286   0
0.220466458476251   0.299325715672152   -0.0343307942119719   0.0235058224311971   0
0.295433950794396   0.315910822652939   0.0749674923181453   0.016585106980787   0
0.212517565779462   0.272118700031137   -0.082916385014934   -0.0437921226218016   0
0.240001252360642   0.300170499136056   0.02748368658118   0.0280517991049192   0
0.280450460363727   0.320167652803367   0.0404492080030847   0.0199971536673103   0
0.268320127979924   0.287294143656323   -0.0121303323838026   -0.0328735091470436   0
0.264955496159799   0.288457509014845   -0.00336463182012509   0.00116336535852185   0
0.296229000580387   0.279216912977522   0.0312735044205875   -0.00924059603732286   0
0.322209581241839   0.308419437769997   0.0259805806614525   0.0292025247924746   0
0.327947042251732   0.277752180232875   0.00573746100989275   -0.0306672575371217   0
0.317442114975837   0.254985467142735   -0.010504927275895   -0.0227667130901397   0
0.298062129889325   0.222335239487811   -0.0193799850865124   -0.0326502276549246   0
0.306617857659461   0.254517331781483   0.00855572777013608   0.032182092293672   0
0.28352151519222   0.281969335782812   -0.0230963424672409   0.0274520040013295   0
0.324389964062997   0.290494275466769   0.0408684488707768   0.00852493968395623   0
0.280543836047948   0.266183574001654   -0.0438461280150486   -0.0243107014651149   0
0.224177623856641   0.239862908438784   -0.0563662121913068   -0.0263206655628698   0
0.280531053934523   0.270658045382618   0.0563534300778818   0.0307951369438345   0
0.238544356153804   0.266954855989209   -0.0419866977807188   -0.00370318939340902   0
0.253046783732267   0.248406762366173   0.0145024275784632   -0.0185480936230367   0
