0   0   0   0   0
0.0515470479811905   0.00546625325987851   0.0515470479811905   0.00546625325987851   0
0.0430112841711155   0.022002315976041   -0.00853576381007501   0.0165360627161625   0
0.0358858389795693   0.0205432612351149   -0.00712544519154618   -0.00145905474092602   0
0.0564563180817092   0.0217450957203878   0.0205704791021399   0.00120183448527283   0
0.0622180428772911   0.0483959925982608   0.00576172479558187   0.0266508968778731   0
0.0477499478624956   0.0726952492547641   -0.0144680950147955   0.0242992566565033   0
0.0615476006163787   0.0777707406253729   0.0137976527538831   0.00507549137060882   0
0.0727724116237415   0.14307706994789   0.0112248110073628   0.065306329322517   0
0.0913016329588604   0.122978687931152   0.0185292213351188   -0.0200983820167378   0
0.106763741097178   0.16048152778416   0.0154621081383172   0.037502839853008   0
0.122709804217373   0.209463913312056   0.0159460631201957   0.0489823855278957   0
0.161403105549992   0.217371607887029   0.0386933013326184   0.00790769457497301   0
0.189432115725005   0.216007278761722   0.0280290101750134   -0.00136432912530698   0
0.212815184768332   0.216837582442809   0.023383069043327   0.000830303681087302   0
0.203857171515859   0.216216340355072   -0.00895801325247311   -0.000621242087737145   0
0.217238895535192   0.215321648003109   0.0133817240193333   -0.000894692351963294   0
0.260591271594235   0.211972328069599   0.0433523760590431   -0.00334931993350979   0
0.27909976306413   0.202739421553363   0.0185084914698944   -0.00923290651623557   0
0.286685389778543   0.224769013625208   0.00758562671441354   0.0220295920718446   0
0.304337261337367   0.215602015854668   0.0176518715588236   -0.00916699777053981   0
0.303356405459431   0.224965510433651   -0.000980855877935671   0.00936349457898328   0
0.323423651374118   0.235846122460124   0.0200672459146873   0.010880612026473   0
0.316958473676487   0.240804410967461   -0.00646517769763161   0.0049582885073369   0
0.315156760902437   0.23830184917779   -0.00180171277404967   -0.00250256178967159   0
0.330647990802909   0.233119755594399   0.0154912299004716   -0.00518209358339042   0
0.331556084671412   0.249093530131976   0.000908093868502657   0.0159737745375763   0
0.347065659006987   0.229161431618997   0.0155095743355754   -0.0199320985129792   0
0.362762290038969   0.233463572090467   0.0156966310319822   0.00430214047147076   0
0.352475426953774   0.240869663548897   -0.0102868630851956   0.00740609145842949   0
0.366041248721882   0.237363544440501   0.0135658217681081   -0.00350611910839604   0
0.331088996595214   0.264040227599365   -0.0349522521266677   0.0266766831588642   0
0.333199078756855   0.258942844927237   0.00211008216164127   -0.00509738267212823   0
0.35999261825001   0.250891676479921   0.0267935394931547   -0.00805116844731563   0
0.337955595138549   0.26975691906251   -0.0220370231114604   0.0188652425825894   0
0.345759610362822   0.263255230530518   0.00780401522427271   -0.00650168853199262   0
0.365392129927011   0.251567063367166   0.0196325195641884   -0.0116881671633518   0
0.347425051713833   0.267336824929443   -0.0179670782131771   0.0157697615622766   0
0.342267048622386   0.266314467367173   -0.00515800309144721   -0.00102235756226932   0
0.36051472417357   0.257098183190134   0.0182476755511838   -0.00921628417703968   0
0.346570539359854   0.279193114380097   -0.0139441848137163   0.0220949311899637   0
0.357235116671133   0.267924888332887   0.0106645773112796   -0.0112682260472108   0
0.347452124587891   0.27777625443101   -0.00978299208324213   0.00985136609812393   0
0.346298790491772   0.277922281461109   -0.00115333409611923   0.000146027030098306   0
0.357466523365848   0.269963673239124   0.0111677328740761   -0.00795860822198508   0
0.366948789522683   0.262091352982726   0.00948226615683534   -0.00787232025639745   0
0.359486110246945   0.267684367796853   -0.00746267927573813   0.00559301481412638   0
0.396761284528035   0.242264176029642   0.0372751742810896   -0.0254201917672108   0
0.374647642938555   0.272396787420481   -0.0221136415894799   0.0301326113908391   0
0.362118019905635   0.262118537721335   -0.0125296230329195   -0.0102782496991459   0
0.357822795613339   0.286472266276518   -0.00429522429229645   0.0243537285551826   0
0.370571317187083   0.280124148026086   0.0127485215737439   -0.00634811825043136   0
0.346347891342603   0.294151760519662   -0.0242234258444796   0.0140276124935759   0
0.35086395765741   0.296067083087541   0.00451606631480661   0.00191532256787919   0
0.343730519873524   0.304254059446172   -0.0071334377838862   0.0081869763586308   0
0.351756632003982   0.295588551894568   0.00802611213045873   -0.00866550755160456   0
0.364099485487651   0.277813933491418   0.0123428534836689   -0.0177746184031495   0
0.324091208980829   0.327227546166085   -0.040008276506822   0.0494136126746668   0
0.356812738863539   0.286457738255824   0.0327215298827097   -0.0407698079102609   0
0.349440502709547   0.295960699439585   -0.00737223615399157   0.00950296118376115   0
0.326044087202637   0.319720871297184   -0.0233964155069105   0.0237601718575989   0
0.327015869289907   0.32516275956053   0.000971782087270223   0.00544188826334574   0
0.338795890915257   0.330831249286978   0.0117800216253501   0.00566848972644807   0
0.33468763005681   0.336652605172334   -0.00410826085844684   0.00582135588535632   0
0.335513222465957   0.33656676198187   0.00082559240914637   -8.58431904645629e-05   0
0.353143154823181   0.325014687059229   0.0176299323572245   -0.0115520749226402   0
0.332090832965208   0.333692561426211   -0.0210523218579735   0.00867787436698136   0
0.352834549834179   0.324994512764045   0.0207437168689715   -0.00869804866216617   0
0.34928486797869   0.3490901428131   -0.00354968185548898   0.0240956300490553   0
0.325174037813697   0.368165091086521   -0.0241108301649933   0.0190749482734213   0
0.335665367748651   0.352503111105894   0.010491329934954   -0.0156619799806269   0
0.335348225481253   0.349187545076258   -0.000317142267398429   -0.00331556602963673   0
0.335724635837735   0.363641305512772   0.000376410356482282   0.0144537604365144   0
0.372735419485692   0.346629572710225   0.0370107836479567   -0.0170117328025474   0
