2.13290688922438e-14   8.6736175e-17   0   0   0
0.0536369284865344   0.0397439911182628   0.0536369284865131   0.0397439911182627   0
0.0123413486163585   0.0405579021101552   -0.0412955798701759   0.000813910991892326   0
0.0595672627125414   0.0637312195891746   0.0472259140961829   0.0231733174790194   0
0.0324906781734321   0.0464562394173036   -0.0270765845391093   -0.017274980171871   0
0.0119898369140415   0.0595160710665592   -0.0205008412593906   0.0130598316492556   0
0.0386461880033995   0.0660905969035656   0.026656351089358   0.00657452583700643   0
0.0341229298286337   0.0789557487013998   -0.00452325817476576   0.0128651517978342   0
0.0325507252491333   0.0577719919992119   -0.00157220457950039   -0.0211837567021879   0
0.00962058306969027   0.0656446368198482   -0.0229301421794431   0.00787264482063627   0
0.0270609175659908   0.0569841073692146   0.0174403344963005   -0.00866052945063356   0
0.0337108445954252   0.0644944511406827   0.00664992702943439   0.0075103437714681   0
0.0770059083226333   0.0857876097288291   0.0432950637272081   0.0212931585881464   0
0.00862947622183942   0.0856357184134558   -0.0683764321007939   -0.000151891315373368   0
0.0175951418763952   0.065623389143211   0.00896566565455577   -0.0200123292702447   0
0.0151056670310699   0.0629240184843315   -0.00248947484532533   -0.00269937065887949   0
0.0221555564448432   0.0713656231021265   0.00704988941377333   0.00844160461779497   0
0.0296350990906887   0.0814223457586559   0.00747954264584555   0.0100567226565294   0
0.016842912116408   0.0707762937718045   -0.0127921869742808   -0.0106460519868515   0
0.0340601858069994   0.0653387682509374   0.0172172736905915   -0.00543752552086706   0
0.0449556158346562   0.0856992560506238   0.0108954300276568   0.0203604877996864   0
0.0392649737988193   0.0859917172696784   -0.00569064203583685   0.000292461219054588   0
0.0431057177225935   0.102127676736713   0.00384074392377418   0.0161359594670344   0
0.0179703839560796   0.099835713851273   -0.0251353337665139   -0.0022919628854398   0
0.0394458116981835   0.102455356950654   0.0214754277421039   0.00261964309938076   0
0.0627780028842535   0.095589380599919   0.0233321911860701   -0.00686597635073471   0
0.027312260466583   0.105527036339074   -0.0354657424176706   0.00993765573915477   0
0.053109417005909   0.104834527733327   0.025797156539326   -0.000692508605746794   0
0.035785114178644   0.0849597164252304   -0.017324302827265   -0.0198748113080966   0
0.0293250854484321   0.0846838411261706   -0.00646002873021185   -0.000275875299059772   0
0.0493056795723638   0.109965547425804   0.0199805941239317   0.025281706299633   0
0.0625383740456667   0.112507927717859   0.0132326944733029   0.00254238029205558   0
0.0580256839619063   0.0855516757960901   -0.00451269008376037   -0.0269562519217691   0
0.0399159340959901   0.0759478947078561   -0.0181097498659163   -0.00960378108823402   0
0.0506849898243458   0.0983935209136275   0.0107690557283558   0.0224456262057714   0
0.0541732441130189   0.105944242656123   0.00348825428867309   0.00755072174249531   0
0.0590975644467726   0.109597241131219   0.00492432033375365   0.00365299847509616   0
0.0429381436460218   0.12061872982227   -0.0161594208007508   0.0110214886910512   0
0.0426042198690314   0.116765109342471   -0.000333923776990354   -0.00385362047979952   0
0.104857745057928   0.144568437250723   0.062253525188897   0.0278033279082526   0
0.0512168394088331   0.106668332602405   -0.0536409056490953   -0.0379001046483182   0
0.0551874362087127   0.100125837757466   0.00397059679987954   -0.00654249484493868   0
0.056237640781269   0.107760278984732   0.00105020457255631   0.00763444122726606   0
0.0436695986346029   0.117336930869588   -0.0125680421466661   0.00957665188485528   0
0.0434334784912531   0.104580020689669   -0.000236120143349783   -0.0127569101799187   0
0.0518772273239053   0.108470050648369   0.00844374883265215   0.00389002995870009   0
0.042742335369908   0.117850637673385   -0.00913489195399733   0.00938058702501569   0
0.0497412458633453   0.119871105790647   0.00699891049343734   0.00202046811726225   0
0.0776401937669886   0.150359038365787   0.0278989479036433   0.0304879325751403   0
0.0515645731484906   0.12849130069355   -0.0260756206184979   -0.0218677376722373   0
0.0675720500383608   0.136596644675062   0.0160074768898702   0.00810534398151186   0
0.0638893524330831   0.131841050885288   -0.00368269760527773   -0.00475559378977369   0
0.0619234992243408   0.139392194684201   -0.00196585320874234   0.007551143798913   0
0.051506707993726   0.148814549362595   -0.0104167912306148   0.00942235467839397   0
0.0533015776813151   0.134080337943907   0.00179486968758908   -0.0147342114186878   0
0.0609831316945675   0.118274167396296   0.00768155401325241   -0.0158061705476111   0
0.0545796750535068   0.119257812046951   -0.00640345664106064   0.000983644650655049   0
0.0529788356865508   0.147777672226824   -0.00160083936695603   0.0285198601798724   0
0.0647342368207738   0.106998791655065   0.011755401134223   -0.0407788805717588   0
0.058822072051953   0.116956862368149   -0.00591216476882077   0.00995807071308356   0
0.062333680087832   0.167236364050818   0.00351160803587899   0.0502795016826694   0
0.0719855799851791   0.170714257194385   0.00965189989734713   0.00347789314356733   0
0.0670031871948098   0.132707805342057   -0.00498239279036934   -0.0380064518523285   0
0.0649171534105437   0.142106132118057   -0.00208603378426613   0.00939832677600042   0
0.0653609869319519   0.162950946753486   0.000443833521408213   0.0208448146354283   0
0.0704505150371091   0.184252930739744   0.0050895281051572   0.0213019839862588   0
0.0672436301865328   0.171548996826912   -0.00320688485057627   -0.0127039339128325   0
0.0879654897827819   0.180381688435478   0.0207218595962491   0.00883269160856606   0
0.0770968680416013   0.165479312281179   -0.0108686217411806   -0.0149023761542985   0
0.0789854473443452   0.176056244091134   0.00188857930274391   0.0105769318099544   0
0.123845863611963   0.158447633101365   0.0448604162676182   -0.017608610989769   0
0.13423435622876   0.127564048095211   0.0103884926167965   -0.0308835850061541   0
0.107624762973743   0.146181893578082   -0.0266095932550168   0.0186178454828716   0
0.1363444548105   0.167429642099544   0.0287196918367571   0.0212477485214619   0
