1.0445158e-14   7.70372e-32   0   0   0
0.0317397705327657   0.0257999561650491   0.0317397705327553   0.0257999561650491   0
0.0343556899054263   0.00561269706778907   0.00261591937266058   -0.02018725909726   0
0.0838669087824366   0.064692616460215   0.0495112188770103   0.0590799193924259   0
0.030172054402043   0.0338751205800182   -0.0536948543803936   -0.0308174958801968   0
0.0511338169319785   0.0448695823809396   0.0209617625299355   0.0109944618009214   0
0.0244512315010166   0.087875011747917   -0.0266825854309619   0.0430054293669774   0
0.0729930491203743   0.0867876011583508   0.0485418176193576   -0.00108741058956618   0
0.0263284776060305   0.0149058796636097   -0.0466645715143438   -0.0718817214947411   0
0.0698640656157988   0.0297608450799697   0.0435355880097683   0.0148549654163599   0
0.0452855683600746   0.0784673122683656   -0.0245784972557243   0.048706467188396   0
0.12218980554403   0.0813053454042313   0.076904237183955   0.0028380331358657   0
0.0724649326721815   0.0574899470629884   -0.0497248728718481   -0.023815398341243   0
0.0896049972921143   0.0536369795483497   0.0171400646199328   -0.00385296751463869   0
0.0785549001879959   0.053083068479899   -0.0110500971041184   -0.000553911068450715   0
0.100461016109168   0.0592943892327452   0.0219061159211719   0.00621132075284623   0
0.0513658388652259   0.0612532887174897   -0.0490951772439418   0.00195889948474456   0
0.0927262374059603   0.0589683030004422   0.0413603985407344   -0.00228498571704751   0
0.132914336461515   0.0971238181257498   0.0401880990555551   0.0381555151253076   0
0.0729438118148368   0.0843008934722616   -0.0599705246466785   -0.0128229246534882   0
0.120433203812962   0.0865587618611844   0.0474893919981252   0.00225786838892285   0
0.0993452718654572   0.110076779733371   -0.0210879319475048   0.0235180178721865   0
0.115481048682481   0.132252561280664   0.0161357768170238   0.0221757815472929   0
0.115190765382365   0.110904064920075   -0.000290283300116087   -0.0213484963605886   0
0.112810405070414   0.161922183452739   -0.00238036031195046   0.0510181185326641   0
0.12898715826605   0.141674105323136   0.0161767531956356   -0.0202480781296034   0
0.0787646227588143   0.132621556817278   -0.0502225355072357   -0.00905254850585821   0
0.14251286690918   0.133836856478968   0.0637482441503659   0.00121529966169023   0
0.078030839714852   0.138677970845363   -0.0644820271943282   0.0048411143663952   0
0.141692887542525   0.146493707114048   0.0636620478276733   0.00781573626868518   0
0.086585616574865   0.149629617889005   -0.0551072709676602   0.00313591077495667   0
0.141453080979149   0.160519009057772   0.0548674644042841   0.0108893911687674   0
0.124243811703019   0.166046949957551   -0.0172092692761304   0.00552794089977904   0
0.136626899698263   0.149321558445269   0.012383087995244   -0.0167253915122824   0
0.135522036024413   0.176538809209731   -0.00110486367384979   0.0272172507644622   0
0.104256643417988   0.161915932542391   -0.0312653926064246   -0.0146228766673406   0
0.148551276059406   0.194734405796368   0.0442946326414179   0.0328184732539777   0
0.161395322345028   0.16977735570465   0.0128440462856222   -0.0249570500917188   0
0.107641325347484   0.168094089871537   -0.0537539969975449   -0.00168326583311232   0
0.161220378149171   0.163782548467671   0.0535790528016875   -0.00431154140386666   0
0.10946796175354   0.203005398765535   -0.0517524163956311   0.0392228502978649   0
0.138911148354359   0.200179994764962   0.0294431866008194   -0.00282540400057335   0
0.162476360328405   0.216762893590616   0.0235652119740452   0.0165828988256536   0
0.127700693816679   0.190947539642024   -0.034775666511726   -0.0258153539485916   0
0.175035287297849   0.214836569911434   0.0473345934811705   0.0238890302694102   0
0.157318531671959   0.195420425146909   -0.0177167556258902   -0.0194161447645249   0
0.159555504014673   0.212747036919436   0.00223697234271419   0.0173266117725267   0
0.197877036003495   0.214570595607816   0.0383215319888221   0.00182355868837936   0
0.177415639967041   0.233270439231559   -0.0204613960364545   0.018699843623744   0
0.133030173761919   0.214336957479426   -0.0443854662051218   -0.0189334817521335   0
0.18211990040199   0.188856375552653   0.0490897266400708   -0.0254805819267731   0
0.129182520306254   0.190660610236149   -0.0529373800957361   0.00180423468349575   0
0.202630747138253   0.206040677852638   0.0734482268319995   0.0153800676164896   0
0.123149950800186   0.197850500630856   -0.0794807963380672   -0.00819017722178264   0
0.18345218047514   0.203670313517718   0.0603022296749545   0.00581981288686204   0
0.195257618719029   0.241966085155451   0.0118054382438882   0.0382957716377333   0
0.22445363226408   0.251471997514969   0.029196013545051   0.00950591235951767   0
0.203510522834923   0.229202720893801   -0.0209431094291565   -0.0222692766211678   0
0.1755994242828   0.243848762172751   -0.0279110985521233   0.0146460412789506   0
0.222849921756891   0.271282555173801   0.0472504974740906   0.0274337930010495   0
0.214069457283347   0.232061345939808   -0.0087804644735433   -0.0392212092339926   0
0.188858413272325   0.256664203316009   -0.0252110440110219   0.0246028573762012   0
0.179749490827215   0.214855788116873   -0.00910892244511013   -0.0418084151991368   0
0.254560923972968   0.284140456348752   0.0748114331457529   0.0692846682318791   0
0.224912379856998   0.267729093669584   -0.0296485441159703   -0.0164113626791682   0
0.189788543430963   0.367740321339338   -0.0351238364260344   0.100011227669754   0
