0   0   0   0   0
0.0294066789948317   0.0238157350863066   0.0294066789948317   0.0238157350863066   0
0.0492991348181539   0.0304961759980552   0.0198924558233222   0.0066804409117486   0
0.0452770551278753   0.0505006848665053   -0.00402207969027859   0.0200045088684501   0
0.056202150617185   0.120447446138165   0.0109250954893097   0.0699467612716595   0
0.065539255042223   0.195780458656616   0.00933710442503805   0.0753330125184513   0
0.0905613773626615   0.285884838259468   0.0250221223204385   0.0901043796028515   0
0.147801810401344   0.349607763012031   0.0572404330386828   0.0637229247525632   0
0.179549432778754   0.418158567264099   0.0317476223774095   0.0685508042520683   0
0.144418974044669   0.459127575761235   -0.0351304587340849   0.0409690084971355   0
0.187650388905408   0.49648765449958   0.0432314148607388   0.0373600787383452   0
0.183418593592977   0.515010481992885   -0.00423179531243101   0.0185228274933052   0
0.140437958852803   0.528776125553279   -0.0429806347401733   0.0137656435603936   0
0.119841708269544   0.534029719885051   -0.0205962505832596   0.00525359433177197   0
0.137311257292968   0.545587649947714   0.0174695490234242   0.0115579300626633   0
0.0911937311722829   0.541061937731681   -0.0461175261206852   -0.00452571221603271   0
0.129942520974448   0.524076142555288   0.0387487898021652   -0.0169857951763926   0
0.12289997809035   0.538155577100153   -0.00704254288409845   0.0140794345448645   0
0.119543364972782   0.547485610064923   -0.00335661311756766   0.00933003296476964   0
0.115456793316604   0.555017936551506   -0.00408657165617848   0.00753232648658364   0
0.0661769912312324   0.558514581926827   -0.0492798020853711   0.00349664537532124   0
0.0916430677374321   0.575063845024275   0.0254660765061997   0.016549263097448   0
0.0713116367431876   0.583432665335462   -0.0203314309942445   0.00836882031118691   0
0.0885228573041738   0.6254640259257   0.0172112205609862   0.0420313605902374   0
0.0880680927643924   0.613932987193113   -0.000454764539781494   -0.0115310387325864   0
0.0969527908571915   0.585034297504234   0.00888469809279914   -0.0288986896888798   0
0.0994521841365498   0.575381016596297   0.00249939327935834   -0.00965328090793682   0
0.0969275041572009   0.574940185914708   -0.00252467997934891   -0.000440830681588289   0
0.137360794547557   0.570334037113531   0.0404332903903561   -0.00460614880117727   0
0.150308528108476   0.586157163739974   0.0129477335609187   0.0158231266264427   0
0.139995444247472   0.553678341635958   -0.0103130838610037   -0.0324788221040163   0
0.133672929420315   0.537109253393771   -0.00632251482715659   -0.0165690882421864   0
0.170590226127898   0.512776298948227   0.0369172967075825   -0.0243329544455445   0
0.181693053136594   0.518351224798428   0.0111028270086956   0.00557492585020092   0
0.156014119777021   0.533831058611274   -0.0256789333595727   0.0154798338128461   0
0.169050768205312   0.569205683685974   0.0130366484282912   0.0353746250747003   0
0.147889966632789   0.555907454933876   -0.0211608015725231   -0.0132982287520979   0
0.129829234926322   0.577096432850961   -0.0180607317064667   0.0211889779170844   0
0.141746117805028   0.573295943070181   0.0119168828787053   -0.00380048978077985   0
0.130928748006027   0.577826452105294   -0.0108173697990003   0.00453050903511343   0
0.11205040790416   0.568647079218624   -0.0188783401018675   -0.00917937288667015   0
0.11323470096796   0.566768722728111   0.00118429306380033   -0.00187835649051316   0
0.127836412755368   0.583093992956223   0.0146017117874078   0.0163252702281119   0
0.13160382022849   0.584998827435906   0.00376740747312201   0.00190483447968315   0
0.129953621801985   0.573690427984236   -0.00165019842650477   -0.0113083994516701   0
0.154541264568141   0.598085988021708   0.0245876427661552   0.0243955600374717   0
0.146040574349885   0.582900229920675   -0.00850069021825572   -0.0151857581010326   0
0.122178196554698   0.552360955643998   -0.0238623777951872   -0.0305392742766771   0
0.146342440926173   0.555447923228125   0.0241642443714751   0.00308696758412719   0
0.164602103116696   0.576730363880584   0.0182596621905235   0.0212824406524585   0
0.148638923673337   0.56427827641342   -0.015963179443359   -0.0124520874671632   0
0.136535589859448   0.591988314093247   -0.0121033338138895   0.0277100376798267   0
0.158867060953869   0.62966114955884   0.022331471094421   0.0376728354655933   0
0.154801235844554   0.615354391395064   -0.0040658251093145   -0.0143067581637767   0
0.174073919919532   0.618554915453807   0.0192726840749774   0.00320052405874316   0
0.176262898610093   0.642742899344905   0.00218897869056159   0.0241879838910986   0
0.16865699753119   0.644226142252873   -0.00760590107890324   0.00148324290796764   0
0.161810571808856   0.675855352244468   -0.0068464257223336   0.0316292099915949   0
0.183986408363   0.673961006913458   0.0221758365541434   -0.00189434533101007   0
0.155001562744694   0.662127779616821   -0.0289848456183062   -0.0118332272966368   0
0.199284273281998   0.686012603785932   0.0442827105373046   0.0238848241691114   0
0.21765696358834   0.687564219794401   0.018372690306342   0.00155161600846865   0
0.194202790382325   0.677755177540834   -0.0234541732060148   -0.0098090422535666   0
