1.0735826e-14   7.70372e-32   0   0   0
0.063305663255584   0.0332901392147914   0.0633056632555732   0.0332901392147914   0
0.0769890759169986   0.0706570897199536   0.0136834126614147   0.0373669505051621   0
0.120354256902475   0.0836495968528211   0.0433651809854766   0.0129925071328675   0
0.151247298701514   0.129134453619203   0.0308930417990392   0.045484856766382   0
0.182373620489663   0.15842573134168   0.0311263217881485   0.0292912777224767   0
0.167930018398713   0.208407685218219   -0.0144436020909498   0.0499819538765393   0
0.214241967351473   0.259801879365533   0.0463119489527599   0.0513941941473141   0
0.113132863835139   0.215867954068659   -0.101109103516334   -0.0439339252968743   0
0.13345639038102   0.206074539932291   0.0203235265458813   -0.00979341413636831   0
0.162653536951154   0.198669466786222   0.029197146570133   -0.00740507314606823   0
0.127117963279023   0.191699179789728   -0.03553557367213   -0.00697028699649405   0
0.182415499169337   0.209493418516478   0.0552975358903137   0.0177942387267498   0
0.149379164532905   0.233644049198436   -0.0330363346364325   0.0241506306819575   0
0.179856754823538   0.217168599736542   0.0304775902906338   -0.016475449461894   0
0.147039753567327   0.222782344503415   -0.0328170012562119   0.00561374476687321   0
0.188193100442568   0.240477786377819   0.0411533468752412   0.0176954418744038   0
0.236104234724632   0.248062189634053   0.0479111342820639   0.00758440325623436   0
0.245110763276354   0.261794475099002   0.00900652855172257   0.0137322854649495   0
0.241861401033761   0.273024427144173   -0.00324936224259348   0.0112299520451705   0
0.254158123259181   0.305003821950143   0.0122967222254201   0.0319793948059701   0
0.346366951826125   0.308574908571131   0.0922088285669443   0.00357108662098787   0
0.278158004955115   0.285247612977207   -0.0682089468710104   -0.023327295593924   0
0.222199976790519   0.311554760260798   -0.0559580281645964   0.0263071472835911   0
0.272956309735379   0.295873081764628   0.0507563329448605   -0.0156816784961702   0
0.220113224589206   0.275532064013832   -0.0528430851461734   -0.0203410177507953   0
0.262569919895451   0.316497186285214   0.0424566953062451   0.0409651222713813   0
0.307488851637084   0.327708666511278   0.0449189317416337   0.0112114802260646   0
0.267378098007016   0.31819927023546   -0.0401107536300687   -0.00950939627581826   0
0.299231937258517   0.306117802539354   0.0318538392515016   -0.0120814676961062   0
0.290215761890528   0.310725134557221   -0.00901617536798927   0.0046073320178675   0
0.172186730029599   0.229732258791425   -0.118029031860929   -0.0809928757657965   0
0.2448969705411   0.272971049256366   0.0727102405115009   0.043238790464941   0
0.209481445100166   0.278854501646829   -0.0354155254409345   0.00588345239046351   0
0.241608280906269   0.360055992798121   0.0321268358061032   0.0812014911512912   0
0.265058751034906   0.338925639705199   0.0234504701286373   -0.021130353092922   0
0.183581995772014   0.284391502216574   -0.0814767552628923   -0.0545341374886251   0
0.258645174641443   0.313801109445092   0.0750631788694294   0.0294096072285183   0
0.242582500627636   0.341772848671107   -0.0160626740138075   0.0279717392260153   0
0.276480935253582   0.342843676119284   0.0338984346259463   0.0010708274481771   0
0.280176213726903   0.366194173534157   0.00369527847332096   0.0233504974148723   0
0.281748323884453   0.375089276584712   0.00157211015754927   0.00889510305055569   0
0.310033497197968   0.419515905402282   0.0282851733135154   0.0444266288175703   0
0.287469684020638   0.364579203775941   -0.0225638131773304   -0.0549367016263412   0
0.284659875937693   0.397715168809773   -0.00280980808294473   0.0331359650338319   0
0.30659608980943   0.40617496775015   0.0219362138717374   0.00845979894037713   0
0.283488770790083   0.411204661015526   -0.0231073190193473   0.00502969326537595   0
0.312282252936025   0.424013525919115   0.0287934821459424   0.0128088649035886   0
0.319403284106321   0.394042877648253   0.00712103117029578   -0.0299706482708618   0
0.188347538773905   0.359564927756273   -0.131055745332416   -0.0344779498919804   0
0.297873231667068   0.393333876235884   0.109525692893162   0.0337689484796114   0
0.30098178780023   0.434042976414867   0.00310855613316208   0.0407091001789829   0
0.346990805165567   0.48150701787806   0.0460090173653378   0.0474640414631928   0
0.373734432170424   0.474892935108382   0.0267436270048561   -0.00661408276967762   0
0.351769766640712   0.506220079364967   -0.0219646655297117   0.0313271442565847   0
0.36221261579559   0.51689890316078   0.0104428491548783   0.0106788237958132   0
0.375766155888606   0.49216226039099   0.0135535400930161   -0.0247366427697903   0
0.398157269110259   0.498100814925181   0.0223911132216528   0.0059385545341914   0
0.375871340788672   0.533054975961274   -0.022285928321587   0.0349541610360928   0
0.424862253986857   0.503350412747318   0.0489909131981849   -0.0297045632139564   0
0.372832784732353   0.506413798410211   -0.0520294692545041   0.00306338566289377   0
0.348282736834558   0.548576525738745   -0.0245500478977951   0.0421627273285335   0
0.39904384623443   0.577774360021276   0.0507611093998723   0.0291978342825314   0
0.380839504167242   0.603573965994004   -0.018204342067188   0.0257996059727282   0
0.397674925055273   0.57373470307742   0.0168354208880308   -0.0298392629165847   0
0.385248620353168   0.505772553949258   -0.0124263047021052   -0.067962149128162   0
1.0268263677252   0.517958892270063   0.641577747372032   0.0121863383208048   0
2.0570184000772   0.994097535982338   1.030192032352   0.476138643712276   1
1.94996556751358   1.13703530389095   -0.107052832563618   0.142937767908616   0
1.23989787555857   0.981349630959458   -0.710067691955004   -0.155685672931496   0
0.604170300475289   0.830431016381538   -0.635727575083285   -0.150918614577921   0
