7.1054274e-15   0   0   0   0
0.0571644718628939   0.0718557402109593   0.0571644718628868   0.0718557402109593   0
0.0371630701346023   0.104750349921002   -0.0200014017282916   0.0328946097100431   0
0.0533789228986533   0.103578611596093   0.016215852764051   -0.00117173832490973   0
0.0608761947442509   0.11900577029648   0.0074972718455976   0.0154271587003876   0
0.0646593488370066   0.161495139735759   0.00378315409275563   0.0424893694392785   0
0.0689303312070155   0.129063879528923   0.00427098237000896   -0.0324312602068356   0
0.0866747599586521   0.108308054109274   0.0177444287516366   -0.0207558254196489   0
0.10839171083054   0.113861185351306   0.0217169508718883   0.00555313124203125   0
0.117378534877929   0.113402292850705   0.00898682404738849   -0.00045889250060048   0
0.11913017391299   0.115615498322792   0.00175163903506088   0.00221320547208742   0
0.0900940908764933   0.113219307421573   -0.0290360830364965   -0.00239619090121991   0
0.101582380131902   0.11565403862028   0.0114882892554083   0.00243473119870725   0
0.0954944862764828   0.120763354842701   -0.00608789385541877   0.0051093162224216   0
0.0862191178787122   0.128817672680377   -0.00927536839777064   0.00805431783767545   0
0.0984275693103458   0.14945864403417   0.0122084514316336   0.0206409713537928   0
0.117174368669907   0.193398541004869   0.0187467993595615   0.0439398969706995   0
0.113154184226096   0.217069924039397   -0.00402018444381136   0.023671383034528   0
0.124235433424289   0.210797470335693   0.0110812491981928   -0.00627245370370402   0
0.117199699231535   0.211040132970007   -0.00703573419275394   0.000242662634314134   0
0.119079003751102   0.196861050651584   0.00187930451956707   -0.0141790823184238   0
0.129624835251948   0.204579350986273   0.0105458315008462   0.00771830033468979   0
0.128818102108774   0.186689999048288   -0.000806733143174254   -0.0178893519379857   0
0.128995829188686   0.193400543733265   0.000177727079912454   0.00671054468497684   0
0.131961470016085   0.19456694524748   0.00296564082739867   0.00116640151421524   0
0.127917877414553   0.194889819151761   -0.00404359260153211   0.000322873904280763   0
0.133058644920408   0.205115684212594   0.00514076750585529   0.0102258650608336   0
0.132102391684337   0.198241670345092   -0.000956253236070681   -0.00687401386750189   0
0.133047731609482   0.204883709572868   0.00094533992514495   0.00664203922777545   0
0.128141963743389   0.199281639990843   -0.00490576786609306   -0.00560206958202444   0
0.136358791517278   0.205068876211934   0.00821682777388827   0.00578723622109054   0
0.135396115474854   0.199732586618556   -0.000962676042423338   -0.00533628959337773   0
0.133079944322614   0.191354581690678   -0.00231617115224   -0.00837800492787766   0
0.124320050936943   0.199934512683913   -0.00875989338567128   0.00857993099323445   0
0.108481421479573   0.174006047030169   -0.01583862945737   -0.025928465653744   0
0.122770891074783   0.179738416325182   0.0142894695952099   0.00573236929501356   0
0.126185414574687   0.189313921657112   0.00341452349990426   0.00957550533192977   0
0.140281677536291   0.216352820177411   0.014096262961604   0.0270388985202986   0
0.14887973476626   0.221622598976953   0.00859805722996915   0.00526977879954177   0
0.13473543899441   0.211420226500875   -0.0141442957718504   -0.0102023724760774   0
0.130744822659673   0.196870463222601   -0.00399061633473721   -0.0145497632782746   0
0.13439483626319   0.16787899200731   0.00365001360351733   -0.0289914712152902   0
0.128650564950672   0.193200589717474   -0.00574427131251773   0.0253215977101641   0
0.137810998610195   0.1972316806087   0.00916043365952257   0.00403109089122594   0
0.145372439953857   0.212014283464502   0.00756144134366235   0.0147826028558016   0
0.133136422169549   0.196244271907729   -0.0122360177843085   -0.0157700115567731   0
0.168512332908935   0.201625553905826   0.035375910739386   0.00538128199809709   0
0.199317020572451   0.207065509885143   0.0308046876635159   0.00543995597931671   0
0.151834595393954   0.194952199276008   -0.0474824251784967   -0.0121133106091344   0
0.165290288245502   0.240521523389744   0.0134556928515482   0.0455693241137362   0
0.14424745651542   0.221676589812555   -0.0210428317300825   -0.0188449335771897   0
0.125960279520986   0.208363301718709   -0.018287176994434   -0.0133132880938455   0
0.138923078866859   0.199062711309981   0.0129627993458737   -0.00930059040872791   0
0.158858401638923   0.177273397218124   0.0199353227720633   -0.0217893140918569   0
0.154923955951857   0.183460833568828   -0.00393444568706561   0.00618743635070323   0
0.133970285041716   0.204173577776266   -0.0209536709101405   0.0207127442074383   0
0.160571187681539   0.185734754690539   0.0266009026398226   -0.0184388230857272   0
0.170883076876639   0.179119815112574   0.0103118891951004   -0.00661493957796508   0
0.15680522555363   0.171682612443777   -0.0140778513230099   -0.0074372026687963   0
0.143895233547613   0.189750287862635   -0.0129099920060168   0.0180676754188581   0
0.162194725438464   0.189580259757625   0.0182994918908509   -0.000170028105010822   0
0.151593126464465   0.191680775813443   -0.0106015989739986   0.0021005160558179   0
0.139665360818208   0.203677511206705   -0.0119277656462566   0.0119967353932621   0
0.158167007469732   0.213138010059108   0.0185016466515239   0.00946049885240294   0
0.166262427794289   0.212727459207382   0.00809542032455704   -0.000410550851725477   0
0.198353262341143   0.237855383848214   0.0320908345468537   0.0251279246408322   0
0.184330349639716   0.219465222124297   -0.0140229127014271   -0.0183901617239174   0
0.183694911227377   0.215098721966861   -0.000635438412339262   -0.00436650015743612   0
0.177888246430947   0.22048382548866   -0.00580666479642938   0.00538510352179886   0
0.188426314423936   0.222688457410685   0.0105380679929886   0.00220463192202533   0
0.187622029085784   0.227214147118457   -0.000804285338152216   0.00452568970777242   0
0.230837288811538   0.244741395482433   0.0432152597257544   0.017527248363976   0
0.17126840032832   0.172322905998321   -0.0595688884832182   -0.0724184894841125   0
0.563985808519362   0.33646968542592   0.392717408191042   0.1641467794276   0
1.68533316032462   1.26593865333386   1.12134735180525   0.929468967907936   1
1.72477550775896   1.29124621385006   0.039442347434347   0.0253075605162032   0
