7.1054274e-15   0   0   0   0
0.126717988720088   0.0760897026802765   0.126717988720081   0.0760897026802765   0
0.15502614371421   0.0285994823784779   0.0283081549941226   -0.0474902203017986   0
0.121011568625567   0.0613240550184317   -0.0340145750886435   0.0327245726399538   0
0.116260939949339   0.098060096892394   -0.00475062867622815   0.0367360418739623   0
0.0324018341401056   0.0282368887235292   -0.0838591058092332   -0.0698232081688648   0
0.0395459481849137   0.156223604786375   0.00714411404480814   0.127986716062846   0
0.0604532126839225   0.109453651340361   0.0209072644990088   -0.0467699534460141   0
0.0976692157627941   0.0732018552758991   0.0372160030788715   -0.0362517960644617   0
0.0138127716343529   0.0430645159362524   -0.0838564441284412   -0.0301373393396467   0
0.100397596160328   0.0786495229413299   0.0865848245259753   0.0355850070050775   0
0.143448728415882   0.0785161639752181   0.0430511322555541   -0.000133358966111857   0
0.0596546098165919   0.089483511024974   -0.0837941185992903   0.0109673470497559   0
0.120741107854847   0.100952349529891   0.061086498038255   0.0114688385049174   0
0.183333664100037   0.102426985132924   0.0625925562451898   0.00147463560303258   0
0.26347147719889   0.106685625761831   0.0801378130988528   0.00425864062890681   0
0.277828699148362   0.101565415930715   0.0143572219494729   -0.00512020983111589   0
0.295371421440466   0.112853685815973   0.0175427222921034   0.0112882698852579   0
0.258541899056206   0.0997749075085756   -0.0368295223842593   -0.0130787783073971   0
0.256999587844983   0.10465482158005   -0.00154231121122378   0.00487991407147392   0
0.257472877686942   0.0757118943687511   0.000473289841959157   -0.0289429272112985   0
0.239171195891756   0.0634597114545596   -0.0183016817951856   -0.0122521829141915   0
0.223731770624691   0.0567243876712224   -0.0154394252670655   -0.00673532378333717   0
0.24285716068204   0.0472444263135358   0.0191253900573488   -0.00947996135768656   0
0.256912976650671   0.0620323865669226   0.0140558159686313   0.0147879602533867   0
0.197247610384544   0.0472579316650604   -0.0596653662661271   -0.0147744549018621   0
0.253975476774391   0.0681146283987324   0.0567278663898469   0.020856696733672   0
0.2284239812543   0.0449785538983608   -0.0255514955200905   -0.0231360745003716   0
0.191042572635297   0.0316982715346785   -0.0373814086190036   -0.0132802823636823   0
0.178185625882738   0.0282687299908733   -0.0128569467525582   -0.00342954154380512   0
0.261143316698301   0.0934337220656987   0.0829576908155623   0.0651649920748254   0
0.244568705252172   0.0683958198927749   -0.016574611446129   -0.0250379021729238   0
0.0854281758031181   0.0173663839609095   -0.159140529449054   -0.0510294359318654   0
0.323862767076366   0.153160654651256   0.238434591273248   0.135794270690346   0
0.266893794385922   0.115645433410796   -0.0569689726904438   -0.0375152212404595   0
0.263721100275507   0.121416162334876   -0.00317269411041571   0.00577072892407973   0
0.3075726661358   0.124634354125671   0.0438515658602935   0.00321819179079452   0
0.290379705206277   0.128404195863786   -0.0171929609295235   0.00376984173811509   0
0.304462314270729   0.15243361170621   0.0140826090644525   0.0240294158424245   0
0.347657726230271   0.152284839945345   0.0431954119595422   -0.000148771760865113   0
0.270636661801811   0.12126477677567   -0.0770210644284609   -0.0310200631696751   0
0.367320312070681   0.146267243602122   0.0966836502688707   0.0250024668264515   0
0.364472939785767   0.165334465259838   -0.00284737228491466   0.0190672216577163   0
0.306666751526397   0.125084855724142   -0.0578061882593692   -0.0402496095356958   0
0.339891818153564   0.142638274132336   0.0332250666271671   0.0175534184081944   0
0.369339408349279   0.160683235781421   0.0294475901957148   0.0180449616490841   0
0.383944309776812   0.135810767059159   0.0146049014275326   -0.0248724687222613   0
0.353701139888082   0.143018812264783   -0.0302431698887297   0.00720804520562393   0
0.328653662606662   0.1520129038673   -0.0250474772814203   0.00899409160251699   0
0.370331868382746   0.15655476002994   0.0416782057760846   0.00454185616264019   0
0.340261900294962   0.141544546176271   -0.0300699680877847   -0.0150102138536696   0
0.323855780861367   0.148424547161822   -0.0164061194335944   0.00688000098555105   0
0.291633972274958   0.148844028776849   -0.0322218085864092   0.000419481615027667   0
0.314345747753906   0.151335516535914   0.0227117754789479   0.00249148775906446   0
0.367807568223479   0.161278697731696   0.053461820469573   0.00994318119578161   0
0.0759979070961408   0.0631394393198691   -0.291809661127338   -0.0981392584118264   0
0.154651754186029   0.131480704337854   0.0786538470898881   0.0683412650179851   0
0.183313623091281   0.141769451929059   0.0286618689052517   0.0102887475912052   0
0.395233898416193   0.17197609056079   0.211920275324912   0.0302066386317308   0
0.206834615950557   0.194667706216755   -0.188399282465636   0.0226916156559647   0
0.203358067383078   0.199648357937046   -0.00347654856747953   0.00498065172029127   0
0.184359128403515   0.170167429572333   -0.0189989389795629   -0.0294809283647134   0
0.289704370593278   0.21802297240441   0.105345242189763   0.0478555428320776   0
0.314417342632824   0.235286012319814   0.0247129720395454   0.017263039915404   0
0.305123887770555   0.214952539650188   -0.00929345486226857   -0.0203334726696264   0
0.327734424471444   0.226648108363374   0.0226105367008892   0.0116955687131857   0
0.342328666663646   0.226851241750633   0.0145942421922016   0.000203133387258969   0
0.320389614358931   0.212401682386308   -0.0219390523047146   -0.0144495593643249   0
0.226773770909833   0.184076323671022   -0.0936158434490978   -0.0283253587152854   0
0.23348850142885   0.124988477247856   0.00671473051901647   -0.0590878464231662   0
0.180916448952611   0.138912404878399   -0.052572052476239   0.0139239276305426   0
0.234792904259131   0.171666772510081   0.0538764553065198   0.0327543676316818   0
0.186882852723719   0.176093455713891   -0.0479100515354118   0.00442668320380982   0
0.141162651711475   0.118625541657407   -0.0457202010122442   -0.0574679140564834   0
