0   0   0   0   0
0.0233560138063386   0.0120211689252901   0.0233560138063386   0.0120211689252901   0
0.0282826227631303   0.0120983105562024   0.00492660895679169   7.71416309122957e-05   0
0.0645082479764602   0.0386066055106851   0.0362256252133299   0.0265082949544828   0
0.0639932321449204   0.0206041946715072   -0.000515015831539747   -0.018002410839178   0
0.0903491074332842   0.0173858891610252   0.0263558752883638   -0.00321830551048194   0
0.123022264211283   0.0586637323728599   0.0326731567779986   0.0412778432118346   0
0.0583769062202599   0.0220612867793023   -0.0646453579910228   -0.0366024455935575   0
0.0387128136886741   0.0181635290020346   -0.0196640925315858   -0.00389775777726771   0
0.0934930942560949   0.0373805352818482   0.0547802805674208   0.0192170062798136   0
0.0450468270890884   0.00593894793173877   -0.0484462671670065   -0.0314415873501095   0
0.0412137419622006   0.0175759685542289   -0.00383308512688777   0.0116370206224901   0
0.0290106495393132   0.0465241936130627   -0.0122030924228874   0.0289482250588338   0
0.0642922941280734   0.100700506751888   0.0352816445887602   0.0541763131388253   0
0.0547172250177287   0.0574136227877601   -0.00957506911034474   -0.0432868839641279   0
0.0585745231745114   0.0747794514133833   0.00385729815678275   0.0173658286256232   0
0.0451348934825475   0.0342995473618022   -0.013439629691964   -0.0404799040515811   0
0.0411104105232227   0.0716311156076642   -0.00402448295932477   0.037331568245862   0
0.0631987341647346   0.0718367762641085   0.0220883236415119   0.00020566065644434   0
0.061301134435202   0.0756950320186279   -0.00189759972953257   0.00385825575451934   0
0.0439078695415311   0.0609321902264005   -0.0173932648936709   -0.0147628417922273   0
0.0653569099955909   0.0471674714051121   0.0214490404540598   -0.0137647188212884   0
0.0745113979231964   0.0482246077331851   0.00915448792760554   0.00105713632807293   0
0.0499955582375138   0.0147689918048047   -0.0245158396856826   -0.0334556159283804   0
0.0571687102938621   0.0400151296656186   0.00717315205634828   0.0252461378608139   0
0.0654002730299963   0.0443893421846284   0.00823156273613426   0.00437421251900984   0
0.0559731923587268   0.0399481519940113   -0.0094270806712695   -0.00444119019061716   0
0.179561282154974   0.106712124729633   0.123588089796247   0.0667639727356217   0
0.291047364424559   0.237110331194381   0.111486082269585   0.130398206464748   0
0.204229198218167   0.11596176280541   -0.0868181662063919   -0.121148568388971   0
0.107558989586119   0.0647544862385455   -0.0966702086320477   -0.051207276566865   0
0.0927582745693716   0.0548896228389406   -0.0148007150167479   -0.00986486339960487   0
0.129431285134443   0.0807791714755795   0.0366730105650712   0.0258895486366389   0
0.105719978183056   0.0462045062424181   -0.0237113069513873   -0.0345746652331614   0
0.0888645337183604   0.0507811856311604   -0.0168554444646951   0.00457667938874228   0
0.107972530085444   0.0438346256646817   0.0191079963670833   -0.00694655996647871   0
0.083728476419258   0.0418894807041063   -0.0242440536661857   -0.00194514496057539   0
0.0854441315442984   0.0538051793280376   0.00171565512504034   0.0119156986239314   0
0.10968751087303   0.0212557829184847   0.0242433793287318   -0.0325493964095529   0
0.0928556595109718   0.0551109496953774   -0.0168318513620584   0.0338551667768927   0
0.0828388762579763   0.0323786673019398   -0.0100167832529955   -0.0227322823934376   0
0.0973107775506473   0.0557923332351165   0.014471901292671   0.0234136659331767   0
0.101978020873582   0.0470729123202135   0.00466724332293454   -0.00871942091490299   0
0.0976691137427768   0.0623644591125481   -0.00430890713080508   0.0152915467923346   0
0.0863282744759267   0.0576339868545078   -0.0113408392668501   -0.00473047225804025   0
0.107685915432087   0.0614612790946894   0.0213576409561602   0.00382729224018162   0
0.096867859464355   0.0541494599143993   -0.0108180559677318   -0.00731181918029016   0
0.0818697382817318   0.0439309205189069   -0.0149981211826232   -0.0102185393954924   0
0.0997651196249014   0.0675796165616742   0.0178953813431696   0.0236486960427673   0
0.104803060974837   0.057386803419585   0.00503794134993524   -0.0101928131420892   0
0.088975712643693   0.0617687327181621   -0.0158273483311437   0.0043819292985771   0
0.0945811275076752   0.0775975099020329   0.00560541486398217   0.0158287771838708   0
0.111008233675156   0.0870145247375221   0.0164271061674807   0.00941701483548918   0
0.0862695234237272   0.0741444147914575   -0.0247387102514287   -0.0128701099460646   0
0.0952167238413822   0.0752447716723154   0.00894720041765502   0.00110035688085791   0
0.107765505169762   0.0825841674327723   0.0125487813283797   0.00733939576045692   0
0.10227780572539   0.0803252448105395   -0.00548769944437237   -0.00225892262223286   0
0.0959020973655686   0.0589380346458405   -0.00637570835982101   -0.021387210164699   0
0.109455957237559   0.0639153049480491   0.0135538598719907   0.00497727030220858   0
0.104332068709144   0.0737658878577998   -0.00512388852841565   0.00985058290975074   0
0.0995823877961645   0.0604808458884587   -0.00474968091297909   -0.0132850419693412   0
0.137795773120406   0.101826803765683   0.0382133853242417   0.0413459578772242   0
0.168820477173398   0.105562427635264   0.0310247040529916   0.00373562386958126   0
0.113135562488257   0.0681203656589467   -0.0556849146851408   -0.0374420619763174   0
0.11332263336148   0.0724108994353065   0.000187070873223477   0.00429053377635982   0
0.154254639356315   0.0824156132549856   0.0409320059948347   0.0100047138196791   0
0.159144071859777   0.0872709957442472   0.00488943250346155   0.00485538248926155   0
0.0926654172760868   0.0904527348874559   -0.0664786545836899   0.00318173914320873   0
0.10715702879036   0.0818803886700028   0.0144916115142727   -0.00857234621745308   0
0.090589530588849   0.0982292874030384   -0.0165674982015106   0.0163488987330356   0
0.0904637466052151   0.0975670321082504   -0.000125783983633901   -0.000662255294788056   0
0.0838661907383859   0.0936430004187525   -0.00659755586682922   -0.0039240316894979   0
0.083541995433102   0.094419888315928   -0.000324195305283909   0.000776887897175546   0
