1.1268131e-14   3.15931065e-50   0   0   0
0.128995454320075   0.0769618575159157   0.128995454320064   0.0769618575159157   0
0.109874216674299   0.282393650367085   -0.019121237645776   0.205431792851169   0
0.150888074717541   0.701699964677094   0.0410138580432417   0.419306314310009   0
0.26040405734228   1.24061853243386   0.109515982624739   0.538918567756768   0
0.257754736637296   1.37558182696243   -0.00264932070498408   0.134963294528566   0
0.393970806734259   1.57454258543793   0.136216070096964   0.198960758475499   0
0.458893878194559   1.75105881083884   0.0649230714602995   0.176516225400909   0
0.541844184290428   1.87743528554084   0.0829503060958693   0.126376474702005   0
0.601957119693004   2.03563721012851   0.0601129354025753   0.158201924587672   0
0.66128680915426   2.06313897431016   0.0593296894612568   0.027501764181646   0
0.74947653339944   2.07968179469886   0.08818972424518   0.0165428203887035   0
0.743292534413421   2.21131647399557   -0.0061839989860194   0.131634679296708   0
0.8141084474685   2.28848473446619   0.0708159130550794   0.0771682604706232   0
0.641368361673013   2.25502414017648   -0.172740085795487   -0.0334605942897159   0
0.639098351769774   2.28269486795783   -0.00227000990323911   0.027670727781357   0
0.64322049461729   2.38073965085777   0.00412214284751589   0.0980447828999367   0
0.774472272758052   2.39474470563836   0.131251778140762   0.0140050547805934   0
0.681457822200964   2.42859406523959   -0.0930144505570881   0.0338493596012235   0
0.753381129899413   2.5418217258156   0.0719233076984492   0.113227660576011   0
0.613959082486927   2.57587967552024   -0.139422047412486   0.0340579497046445   0
0.741156263508188   2.62927216526327   0.127197181021261   0.0533924897430262   0
0.66322366107699   2.69958471370911   -0.0779326024311984   0.0703125484458433   0
0.743765545706444   2.64969982835741   0.0805418846294541   -0.0498848853517027   0
0.791588568586593   2.65261546397256   0.0478230228801491   0.00291563561515451   0
0.748021549295386   2.62589305528034   -0.0435670192912072   -0.0267224086922258   0
0.732523068638082   2.57014394626066   -0.0154984806573043   -0.0557491090196836   0
0.730546257808291   2.5308060039212   -0.00197681082979051   -0.0393379423394586   0
0.758760239797241   2.54882413106452   0.0282139819889495   0.0180181271433266   0
0.723321679629274   2.5247423181334   -0.0354385601679672   -0.0240818129311209   0
0.814928757942278   2.54760619842131   0.0916070783130042   0.0228638802879124   0
0.799902284721392   2.58418920944185   -0.0150264732208855   0.0365830110205367   0
0.891866927321994   2.61571086824662   0.0919646426006014   0.0315216588047655   0
0.737500986607269   2.62609583305908   -0.154365940714725   0.0103849648124625   0
0.771367340691714   2.57511632026976   0.0338663540844447   -0.0509795127893184   0
0.612351203800022   2.59962496327831   -0.159016136891692   0.0245086430085451   0
0.744609397780707   2.59777487859735   0.132258193980685   -0.00185008468096104   0
0.587897935266607   2.60703331686724   -0.1567114625141   0.00925843826989725   0
0.755879700874901   2.55362804150574   0.167981765608294   -0.0534052753615071   0
0.660204463080878   2.53000290317716   -0.0956752377940234   -0.0236251383285726   0
0.800680269051367   2.56062747674718   0.140475805970489   0.0306245735700217   0
0.679249597900954   2.55488149810287   -0.121430671150413   -0.00574597864431015   0
0.748671383214271   2.60729662109874   0.0694217853133164   0.052415122995868   0
0.642260227152162   2.63009607024865   -0.106411156062109   0.0227994491499044   0
0.731712805496767   2.64194048295906   0.0894525783446053   0.0118444127104116   0
0.6603976172068   2.728128289825   -0.0713151882899677   0.0861878068659379   0
0.806667061072411   2.62187468567644   0.146269443865612   -0.106253604148561   0
0.653958711193171   2.68095215928258   -0.15270834987924   0.0590774736061475   0
0.836204443487464   2.66546934321988   0.182245732294293   -0.0154828160626983   0
0.837576007994062   2.60894853765507   0.00137156450659726   -0.0565208055648125   0
0.917821819470116   2.59440171962202   0.0802458114760539   -0.0145468180330495   0
0.756950449543413   2.56692409503614   -0.160871369926702   -0.0274776245858828   0
0.892703964332321   2.55337622685479   0.135753514788908   -0.0135478681813486   0
0.760050477350269   2.60691510835055   -0.132653486982053   0.0535388814957587   0
0.817526809081461   2.60045841880405   0.0574763317311927   -0.00645668954649592   0
0.763783824910643   2.57700018035586   -0.0537429841708185   -0.0234582384481956   0
0.85655250740614   2.53693305849943   0.0927686824954974   -0.0400671218564299   0
0.684164467466428   2.63084570367611   -0.172388039939712   0.093912645176677   0
0.828409131422686   2.59406331551529   0.144244663956258   -0.0367823881608169   0
0.634266979210515   2.59920353406052   -0.194142152212171   0.00514021854523072   0
0.115726704736269   2.4277484679449   -0.518540274474246   -0.171455066115624   0
0.202216121551044   2.34346350623635   0.0864894168147743   -0.0842849617085424   0
0.418868817059482   2.35058479813827   0.216652695508439   0.00712129190192146   0
0.7836448427387   2.4337510599478   0.364776025679218   0.083166261809529   0
0.956112230316312   2.44591996615182   0.172467387577612   0.0121689062040153   0
0.857499237882831   2.50769108612834   -0.0986129924334807   0.0617711199765205   0
0.78024559372799   2.54719806426323   -0.0772536441548413   0.0395069781348911   0
0.883820377423748   2.56914379050756   0.103574783695758   0.0219457262443274   0
0.802257545060408   2.58225343206685   -0.0815628323633398   0.0131096415592924   0
0.969406292584595   2.65296302811697   0.167148747524187   0.0707095960501243   0
0.923687867596654   2.63174310941883   -0.0457184249879415   -0.0212199186981423   0
1.0363889675076   2.62390850512677   0.112701099910948   -0.00783460429205851   0
0.780178965903977   2.63839142617488   -0.256210001603625   0.0144829210481028   0
0.914490271717041   2.65777545418311   0.134311305813064   0.019384028008238   0
0.849525902798912   2.65101400425422   -0.0649643689181284   -0.00676144992889727   0
0.871087209389347   2.63296826980014   0.0215613065904342   -0.0180457344540739   0
0.898675408984465   2.6657649571452   0.0275881995951187   0.0327966873450527   0
