1.0753277e-14   6.541546e-50   0   0   0
0.0659092483537421   0.0250384712340781   0.0659092483537313   0.0250384712340781   0
0.0892835253522898   0.0553816897341165   0.0233742769985477   0.0303432185000383   0
0.0688203450480181   0.0422640404213041   -0.0204631803042717   -0.0131176493128123   0
0.0883374429702086   0.0583616703245772   0.0195170979221905   0.0160976299032731   0
0.115464565455517   0.122809630388596   0.0271271224853081   0.0644479600640184   0
0.108602535898657   0.112988499482608   -0.00686202955686013   -0.00982113090598755   0
0.128553847520353   0.124856978090983   0.0199513116216966   0.0118684786083754   0
0.12252942316854   0.113723192490277   -0.00602442435181279   -0.0111337856007062   0
0.133030901646384   0.125339194553794   0.0105014784778438   0.0116160020635172   0
0.117939279654464   0.0905318959580055   -0.0150916219919205   -0.0348072985957889   0
0.131088944042308   0.0983293131728793   0.0131496643878442   0.00779741721487381   0
0.121178292016851   0.110012216576996   -0.00991065202545696   0.0116829034041167   0
0.143347616399294   0.121123051014483   0.022169324382443   0.0111108344374874   0
0.165881539905759   0.131876759791381   0.0225339235064651   0.0107537087768976   0
0.154779648838241   0.139659808915002   -0.0111018910675184   0.00778304912362132   0
0.156070187036734   0.137027277127645   0.00129053819849323   -0.00263253178735778   0
0.154929655854019   0.141949465652607   -0.00114053118271509   0.00492218852496232   0
0.159167218875275   0.145235491986655   0.0042375630212565   0.00328602633404843   0
0.156348577776054   0.145544342112038   -0.00281864109922159   0.00030885012538262   0
0.165495701215949   0.159838986937131   0.00914712343989479   0.0142946448250927   0
0.168138712785343   0.1805409491819   0.00264301156939423   0.0207019622447694   0
0.162597871995099   0.182995575858396   -0.00554084079024342   0.00245462667649551   0
0.151005592730783   0.164399984343774   -0.0115922792643167   -0.0185955915146219   0
0.15110410448587   0.158611286586798   9.85117550872661e-05   -0.00578869775697524   0
0.184442218993402   0.183721872180056   0.0333381145075319   0.0251105855932578   0
0.169343973675629   0.172055058059041   -0.0150982453177727   -0.0116668141210155   0
0.140818993512246   0.15363369904997   -0.0285249801633833   -0.0184213590090706   0
0.154921998942876   0.171603240307604   0.0141030054306299   0.017969541257634   0
0.170735051154026   0.175090468792645   0.0158130522111498   0.00348722848504046   0
0.188505673708691   0.183845029874813   0.017770622554665   0.00875456108216818   0
0.178151730185422   0.193087548699938   -0.0103539435232683   0.00924251882512495   0
0.164746861464748   0.187886623887785   -0.0134048687206739   -0.00520092481215223   0
0.146542054262259   0.167890748639234   -0.018204807202489   -0.0199958752485518   0
0.130016771201444   0.12947165006844   -0.0165252830608157   -0.0384190985707934   0
0.152904517282581   0.0993807077575655   0.0228877460811376   -0.0300909423108748   0
0.174432287091469   0.0951756834328023   0.0215277698088875   -0.00420502432476316   0
0.148237790650084   0.0906022575954972   -0.0261944964413845   -0.00457342583730511   0
0.149721897467781   0.106539357677744   0.00148410681769715   0.0159371000822465   0
0.139439324068649   0.119109261071176   -0.0102825733991328   0.0125699033934319   0
0.154123251160408   0.132125262429669   0.0146839270917595   0.0130160013584932   0
0.141414460441718   0.117021252799405   -0.0127087907186906   -0.0151040096302642   0
0.165476531377308   0.131581104991404   0.02406207093559   0.0145598521919996   0
0.138242101525343   0.103711439908947   -0.0272344298519642   -0.0278696650824576   0
0.17380292266638   0.143171995734877   0.035560821141037   0.0394605558259309   0
0.184567698967288   0.127810342281629   0.0107647763009073   -0.0153616534532486   0
0.176856431634711   0.129792427664965   -0.0077112673325764   0.00198208538333586   0
0.164121021430157   0.114099260149126   -0.0127354102045543   -0.0156931675158384   0
0.261379030174964   0.122143470873041   0.097258008744807   0.00804421072391501   0
0.269174259106677   0.153545265149237   0.00779522893171292   0.0314017942761954   0
0.283927995746228   0.196533029677511   0.0147537366395511   0.0429877645282747   0
0.30803760471924   0.235296294035059   0.0241096089730115   0.0387632643575473   0
0.282810585260223   0.241952869021452   -0.0252270194590169   0.00665657498639355   0
0.284888277358948   0.243549627540345   0.00207769209872488   0.00159675851889265   0
0.276776841228105   0.228624942762437   -0.00811143613084297   -0.0149246847779081   0
0.298257087440072   0.237500886577118   0.0214802462119672   0.00887594381468065   0
0.270947307192918   0.212128928469434   -0.0273097802471538   -0.0253719581076831   0
0.290881940506341   0.228791231558466   0.019934633313423   0.0166623030890314   0
0.277876974476397   0.21168975604326   -0.0130049660299442   -0.0171014755152056   0
0.268621978867722   0.209054330744632   -0.0092549956086751   -0.00263542529862801   0
0.278123247439325   0.217618470898738   0.00950126857160366   0.00856414015410556   0
0.270684417319101   0.20417196041702   -0.00743883012022462   -0.0134465104817176   0
0.238612347795748   0.162391307122542   -0.0320720695233526   -0.0417806532944778   0
0.259877582363799   0.179518264100822   0.0212652345680511   0.0171269569782793   0
0.27142414795774   0.178562886927804   0.0115465655939404   -0.000955377173018024   0
0.278774699837742   0.178221748405133   0.00735055188000272   -0.00034113852267087   0
0.27947120782411   0.174692621353653   0.000696507986367612   -0.00352912705147942   0
0.263642439945616   0.168580118325453   -0.0158287678784939   -0.00611250302819988   0
0.243477180408404   0.15371285327237   -0.0201652595372119   -0.0148672650530836   0
0.248892594803925   0.142819894684643   0.0054154143955204   -0.010892958587727   0
0.235029535256252   0.13869912496345   -0.0138630595476726   -0.0041207697211926   0
0.198396471466025   0.13391704959727   -0.0366330637902272   -0.00478207536617969   0
0.243014009684137   0.16097583270453   0.0446175382181126   0.0270587831072598   0
0.212107736579063   0.160904340015723   -0.030906273105074   -7.14926888074896e-05   0
0.238627108345714   0.18854423788273   0.0265193717666501   0.0276398978670068   0
0.249069685602685   0.201383068033931   0.0104425772569711   0.0128388301512018   0
0.207338308673309   0.183303092266883   -0.0417313769293751   -0.0180799757670483   0
0.285364088609878   0.171531297492134   0.0780257799365682   -0.0117717947747488   0
0.248349121938788   0.19195805981523   -0.0370149666710901   0.0204267623230959   0
0.205126455754406   0.17470991402821   -0.0432226661843816   -0.0172481457870201   0
