7.1054274e-15   0   0   0   0
0.0736890062655155   0.0313074583084808   0.0736890062655084   0.0313074583084808   0
0.0365740639802308   0.0439005895300508   -0.0371149422852847   0.0125931312215699   0
0.0455571043459555   0.054247742326778   0.00898304036572472   0.0103471527967272   0
0.0970277388015423   0.0461400747851673   0.0514706344555868   -0.00810766754161068   0
0.10650541792518   0.0652559466459498   0.00947767912363766   0.0191158718607825   0
0.15241139376679   0.0719848456658906   0.0459059758416098   0.00672889901994077   0
0.16795275740476   0.0685285133935454   0.0155413636379704   -0.00345633227234518   0
0.141824820013728   0.0710530462326135   -0.0261279373910317   0.00252453283906807   0
0.190587826267021   0.109227489420898   0.0487630062532927   0.0381744431882847   0
0.170001378148706   0.0570322260843901   -0.0205864481183154   -0.0521952633365081   0
0.143326643599597   0.0569000354036679   -0.0266747345491087   -0.000132190680722122   0
0.124818658343665   0.0766928553390906   -0.0185079852559323   0.0197928199354226   0
0.0310513398539816   0.0628115107051288   -0.0937673184896832   -0.0138813446339618   0
0.0614937323637026   0.0247117941763036   0.0304423925097211   -0.0380997165288252   0
0.0516567198493241   0.0392466800935311   -0.0098370125143785   0.0145348859172276   0
0.0453532128860671   0.034839579484892   -0.00630350696325705   -0.00440710060863909   0
0.0469762939463927   0.0275560111205911   0.00162308106032559   -0.00728356836430096   0
0.0508344146998213   0.0134798842748809   0.0038581207534286   -0.0140761268457101   0
0.0466404768876637   0.0509954842365912   -0.00419393781215756   0.0375155999617103   0
0.0926437197631137   0.0499205174405626   0.04600324287545   -0.00107496679602856   0
0.0856141561058098   0.0587566132028475   -0.00702956365730385   0.00883609576228483   0
0.0507327442432667   0.0587556234327977   -0.0348814118625431   -9.8977004975298e-07   0
0.040685035721621   0.0479998271339217   -0.0100477085216458   -0.010755796298876   0
0.0292284421913871   0.0504923901281353   -0.0114565935302339   0.00249256299421361   0
0.0547828412467716   0.0322614026386634   0.0255543990553846   -0.0182309874894719   0
0.0634512928355086   0.110318168380569   0.00866845158873703   0.0780567657419058   0
0.0712359819486844   0.109531926437996   0.00778468911317574   -0.000786241942572902   0
0.125398217722649   0.0845264948017826   0.0541622357739642   -0.0250054316362137   0
0.0650193097825226   0.0946232234459715   -0.060378907940126   0.0100967286441889   0
0.104890885195089   0.0846830743960464   0.0398715754125668   -0.0099401490499251   0
0.155555529948847   0.0853936756391232   0.0506646447537581   0.000710601243076772   0
0.0374912044193257   0.107960973372005   -0.118064325529522   0.0225672977328816   0
0.0525576722124059   0.11219822707778   0.0150664677930802   0.0042372537057748   0
0.132630076570633   0.13500895300108   0.0800724043582274   0.0228107259233007   0
0.144171025092445   0.138407748828471   0.0115409485218121   0.00339879582739083   0
0.10613023510642   0.107531671553678   -0.0380407899860251   -0.0308760772747931   0
0.0910503642824495   0.0941149144206885   -0.0150798708239707   -0.0134167571329894   0
0.0827900034669022   0.110132602318267   -0.00826036081554732   0.0160176878975786   0
0.0914869583415656   0.137055079615996   0.00869695487466336   0.0269224772977286   0
0.0866639020022927   0.11457316835445   -0.00482305633927291   -0.022481911261546   0
0.0896145955006524   0.0796143959350112   0.00295069349835977   -0.0349587724194385   0
0.25300589523535   0.216487044420954   0.163391299734697   0.136872648485943   0
0.0677092591059787   0.163990136579145   -0.185296636129371   -0.0524969078418091   0
0.0703319962211823   0.139774188445244   0.00262273711520356   -0.0242159481339011   0
0.100649182232409   0.17387152073282   0.0303171860112263   0.0340973322875766   0
0.101480368684251   0.186746016902007   0.000831186451842422   0.0128744961691865   0
0.111090893251127   0.198786623734665   0.00961052456687646   0.0120406068326585   0
0.0815450154006813   0.165606892166413   -0.0295458778504462   -0.0331797315682526   0
0.109351685259421   0.183519570452576   0.0278066698587399   0.0179126782861631   0
0.140281632188991   0.199346883439372   0.0309299469295695   0.0158273129867964   0
0.193212503545565   0.239319822700787   0.052930871356574   0.0399729392614149   0
0.171537891040347   0.237106211230238   -0.021674612505218   -0.00221361147054874   0
0.202848809404649   0.261867992658038   0.0313109183643022   0.0247617814277992   0
0.221775895129503   0.264823390364645   0.018927085724854   0.00295539770660713   0
0.214591910278315   0.28031268984441   -0.00718398485118818   0.0154892994797654   0
0.237077173929361   0.268228668826781   0.0224852636510466   -0.0120840210176291   0
0.256710636930798   0.288812717334223   0.0196334630014369   0.0205840485074424   0
0.290277514900899   0.282039152881178   0.0335668779701004   -0.00677356445304544   0
0.307853706589282   0.302705864015374   0.0175761916883835   0.0206667111341959   0
0.320979544078614   0.296731702137711   0.013125837489332   -0.00597416187766281   0
0.318612702052746   0.304378950946235   -0.00236684202586784   0.00764724880852385   0
