1.3044850198856e-14   4.5290154e-49   0   0   0
0.0134858874829989   0.0197936072592357   0.0134858874829858   0.0197936072592357   0
0.0917267724183191   0.0152102829805697   0.0782408849353202   -0.00458332427866599   0
0.024482857945981   0.0300184687599272   -0.0672439144723381   0.0148081857793574   0
0.0503353436674083   0.0134546976531596   0.0258524857214273   -0.0165637711067676   0
0.0601717997214854   0.0369596783172587   0.00983645605407702   0.0235049806640991   0
0.0122678298151227   0.0623756325478101   -0.0479039699063626   0.0254159542305514   0
0.0714786566351347   0.0554674722243793   0.059210826820012   -0.0069081603234308   0
0.0424007306401732   0.0513872605004244   -0.0290779259949615   -0.0040802117239549   0
0.0508593351881955   0.0643053321661695   0.00845860454802222   0.0129180716657451   0
0.056531567586922   0.0682949705572895   0.00567223239872651   0.00398963839112   0
0.0684646432704506   0.086960244740572   0.0119330756835286   0.0186652741832825   0
0.0946258494276924   0.105699079708952   0.0261612061572418   0.0187388349683797   0
0.0943213780178982   0.107724568401044   -0.000304471409794199   0.00202548869209195   0
0.0984514227999123   0.111896213311094   0.00413004478201413   0.00417164491005025   0
0.113923666226058   0.113904805073171   0.0154722434261453   0.00200859176207749   0
0.109196480758504   0.136244187946871   -0.00472718546755312   0.0223393828736999   0
0.131959232402365   0.140016176885301   0.0227627516438604   0.00377198893842953   0
0.142901940247141   0.153956398468446   0.0109427078447763   0.0139402215831456   0
0.168355374231701   0.172108453949969   0.0254534339845603   0.0181520554815225   0
0.164832767957999   0.164520303249117   -0.00352260627370263   -0.00758815070085192   0
0.17166840252112   0.173449165015988   0.00683563456312158   0.00892886176687058   0
0.186404220964532   0.201066680739507   0.0147358184434118   0.0276175157235192   0
0.196078977826063   0.190863332695539   0.00967475686153083   -0.0102033480439677   0
0.199393695372918   0.206114832141066   0.0033147175468545   0.0152514994455266   0
0.204857507334666   0.198489329243211   0.005463811961748   -0.00762550289785502   0
0.209067541112777   0.194375251112796   0.00421003377811174   -0.00411407813041464   0
0.209444569973318   0.209747740550753   0.000377028860540807   0.0153724894379569   0
0.20963854399733   0.225870035072728   0.000193974024012084   0.016122294521975   0
0.208110798151015   0.224004648630717   -0.00152774584631565   -0.00186538644201059   0
0.210189166123455   0.235624699132598   0.00207836797244018   0.011620050501881   0
0.205438095240821   0.22841300286244   -0.00475107088263355   -0.00721169627015891   0
0.219268737704262   0.234063461980054   0.013830642463441   0.00565045911761497   0
0.212912460342276   0.2352768402058   -0.0063562773619861   0.00121337822574533   0
0.218903355964866   0.221413071334066   0.00599089562258981   -0.0138637688717335   0
0.220473267349452   0.236977322243337   0.00156991138458609   0.0155642509092705   0
0.226750566644647   0.231792027205815   0.00627729929519449   -0.00518529503752199   0
0.224270348311028   0.238797265515106   -0.00248021833361836   0.00700523830929123   0
0.223661300065753   0.240285041122826   -0.000609048245275245   0.00148777560772023   0
0.222501949075413   0.236208187909492   -0.00115935099034023   -0.00407685321333398   0
0.229686515366825   0.242322587087076   0.0071845662914122   0.00611439917758333   0
0.231937614676094   0.239119741153687   0.00225109930926876   -0.0032028459333889   0
0.233646450791931   0.237526827318198   0.00170883611583741   -0.00159291383548826   0
0.231122636821077   0.248076966400637   -0.00252381397085435   0.0105501390824386   0
0.232263853578697   0.230068600417851   0.00114121675762047   -0.0180083659827865   0
0.23380468608836   0.231933417225274   0.001540832509663   0.00186481680742379   0
0.235985405639803   0.234061940230261   0.00218071955144303   0.00212852300498659   0
0.245893819761514   0.232840953557518   0.00990841412171031   -0.00122098667274251   0
0.236568125984345   0.229646792463256   -0.00932569377716802   -0.00319416109426215   0
0.240594101754702   0.21595737833984   0.0040259757703564   -0.0136894141234163   0
0.23602094451444   0.214976449425925   -0.0045731572402618   -0.000980928913914686   0
0.221786641467914   0.224332049520144   -0.0142343030465265   0.00935560009421874   0
0.231145965372084   0.212683102612007   0.00935932390417055   -0.0116489469081372   0
0.236902232898126   0.221701924830264   0.0057562675260423   0.00901882221825678   0
0.243856707007098   0.211092387519191   0.0069544741089719   -0.0106095373110729   0
0.244531659478958   0.212173115102537   0.000674952471859475   0.00108072758334621   0
0.244591140849852   0.216899571536047   5.94813708937603e-05   0.00472645643351027   0
0.247905707388691   0.208303450659944   0.00331456653883955   -0.0085961208761029   0
0.256384627376827   0.211142204634103   0.00847891998813624   0.00283875397415834   0
0.235653663109346   0.205927696916488   -0.0207309642674811   -0.00521450771761417   0
0.245083426720064   0.204623273601151   0.00942976361071771   -0.00130442331533753   0
0.251875853746918   0.218277079153401   0.00679242702685404   0.0136538055522499   0
0.257354768383647   0.215709915483702   0.00547891463672884   -0.00256716366969931   0
0.270509365745195   0.226193950357539   0.0131545973615483   0.010484034873837   0
0.240344168955202   0.215534924149089   -0.0301651967899934   -0.0106590262084499   0
0.264642396013733   0.203162071466973   0.024298227058531   -0.0123728526821158   0
0.242939897790783   0.209747378917177   -0.0217024982229497   0.00658530745020453   0
0.238098048134066   0.195687951105209   -0.00484184965671688   -0.0140594278119685   0
0.251529772902614   0.217979819922666   0.0134317247685478   0.0222918688174573   0
0.244007322992468   0.213351177976753   -0.00752244991014567   -0.00462864194591298   0
0.232888641588834   0.196168410931744   -0.0111186814036343   -0.0171827670450091   0
0.231114577510674   0.21082274834484   -0.00177406407816011   0.0146543374130956   0
