0   0   0   0   0
0.040391186647195   0.0397427364874523   0.040391186647195   0.0397427364874523   0
0.0722693077383505   0.0618291286195316   0.0318781210911555   0.0220863921320793   0
0.124612574673965   0.11160603885597   0.0523432669356147   0.0497769102364385   0
0.139035952453113   0.148850750674427   0.014423377779148   0.0372447118184574   0
0.132175076450213   0.143584329605909   -0.00686087600290053   -0.00526642106851813   0
0.15439083801024   0.143732435628648   0.0222157615600277   0.000148106022738903   0
0.175740952497608   0.162913550462851   0.0213501144873675   0.0191811148342025   0
0.194125319969462   0.151786238538729   0.0183843674718538   -0.0111273119241214   0
0.205600826033939   0.139606186933162   0.011475506064477   -0.0121800516055676   0
0.225451193068507   0.118575649960809   0.0198503670345683   -0.0210305369723526   0
0.253811105521324   0.140917384249756   0.0283599124528169   0.022341734288947   0
0.339278547895112   0.177946360952111   0.0854674423737881   0.0370289767023549   0
0.390097771652863   0.231293047034588   0.0508192237577513   0.0533466860824771   0
0.398203482542501   0.212831821524726   0.00810571088963802   -0.0184612255098625   0
0.367693559694227   0.195753484740779   -0.0305099228482747   -0.0170783367839465   0
0.421223662056533   0.252082764401458   0.0535301023623067   0.056329279660679   0
0.407303640512496   0.236563594485332   -0.0139200215440368   -0.0155191699161265   0
0.39803068056238   0.226197346822147   -0.00927295995011651   -0.0103662476631849   0
0.351942430632193   0.214759866931266   -0.0460882499301866   -0.0114374798908812   0
0.354465604759815   0.202282894818356   0.00252317412762154   -0.0124769721129099   0
0.366997723026599   0.207483928828066   0.0125321182667839   0.00520103400971053   0
0.369374605133973   0.235799420657188   0.00237688210737441   0.0283154918291217   0
0.374073577412516   0.259631844351566   0.0046989722785426   0.0238324236943786   0
0.389312600674734   0.288916914901458   0.0152390232622184   0.0292850705498918   0
0.383544721136431   0.255696663073391   -0.00576787953830293   -0.0332202518280675   0
0.413863476487388   0.304848363223215   0.0303187553509566   0.0491517001498241   0
0.414160698992609   0.291000471965328   0.000297222505221073   -0.0138478912578868   0
0.316630491274531   0.237853454762621   -0.0975302077180783   -0.0531470172027073   0
0.298443688785363   0.221696178198553   -0.0181868024891678   -0.0161572765640679   0
0.329359171961639   0.239031011987789   0.0309154831762762   0.0173348337892362   0
0.306545893656192   0.247250320689222   -0.0228132783054466   0.00821930870143295   0
0.404584305048173   0.270904177897543   0.0980384113919803   0.023653857208321   0
0.331208362180981   0.256652888532952   -0.0733759428671914   -0.0142512893645915   0
0.347869111284764   0.276315524614916   0.016660749103783   0.0196626360819643   0
0.388657934576382   0.25598096955702   0.0407888232916181   -0.0203345550578957   0
0.397243242118354   0.268418140855338   0.00858530754197134   0.0124371712983178   0
0.392960247285729   0.287803344487438   -0.00428299483262518   0.0193852036320998   0
0.398038474877835   0.294379840388838   0.00507822759210597   0.00657649590140014   0
0.407129686456808   0.316630815509003   0.00909121157897363   0.0222509751201653   0
0.443733441927015   0.361521606943026   0.0366037554702065   0.0448907914340231   0
0.374912678444955   0.341363480922857   -0.0688207634820593   -0.0201581260201694   0
0.410513410407597   0.36707115923705   0.0356007319626417   0.0257076783141933   0
0.470994815310285   0.385237949213352   0.0604814049026877   0.0181667899763022   0
0.422160558844129   0.346347422806509   -0.0488342564661556   -0.0388905264068437   0
0.412954622254444   0.329239696527333   -0.00920593658968522   -0.0171077262791756   0
0.414965874315039   0.323498561237364   0.00201125206059483   -0.00574113528996922   0
0.431156728643741   0.363475094930482   0.0161908543287022   0.0399765336931178   0
0.418663475283845   0.355807876515552   -0.0124932533598964   -0.00766721841493001   0
0.41178935629728   0.370262488317913   -0.00687411898656476   0.0144546118023617   0
0.418477599778253   0.391941362173548   0.00668824348097324   0.0216788738556344   0
0.44544420519078   0.405496037139503   0.0269666054125274   0.0135546749659547   0
0.445931613838993   0.403433357114965   0.000487408648212784   -0.00206268002453791   0
0.433527094568449   0.394341892479582   -0.0124045192705447   -0.00909146463538296   0
0.433958370601734   0.390009833681131   0.000431276033285632   -0.00433205879845033   0
0.414744382956638   0.385553881328677   -0.0192139876450966   -0.00445595235245483   0
0.405376348028687   0.367115131020256   -0.00936803492795024   -0.0184387503084203   0
0.449088048966766   0.396214093695922   0.0437117009380783   0.0290989626756658   0
0.470299749514449   0.405699823308941   0.0212117005476832   0.00948572961301863   0
0.481744905975231   0.435205030322498   0.0114451564607821   0.0295052070135572   0
0.520181709975682   0.452432702474888   0.0384368040004512   0.0172276721523902   0
0.480670565718159   0.323619522960356   -0.0395111442575231   -0.128813179514532   0
0.507387236504969   0.342765298362639   0.0267166707868101   0.0191457754022828   0
0.482617860430988   0.304352364315701   -0.0247693760739808   -0.038412934046938   0
0.4516203594356   0.286479827789016   -0.0309975009953884   -0.0178725365266852   0
0.476732814088762   0.29414223213426   0.0251124546531622   0.00766240434524479   0
0.485996361070655   0.278578227282933   0.00926354698189313   -0.0155640048513271   0
