0   0   0   0   0
0.251965774940235   0.0543485094198119   0.251965774940235   0.0543485094198119   0
0.227870868027341   0.0661647381923243   -0.0240949069128935   0.0118162287725124   0
0.158824218258475   0.0357901135645302   -0.0690466497688663   -0.0303746246277941   0
0.0695131755754689   0.0191058825710715   -0.0893110426830058   -0.0166842309934587   0
0.0464240549368598   0.0388767170914409   -0.0230891206386091   0.0197708345203694   0
0.0647759869483143   0.0802806095268257   0.0183519320114545   0.0414038924353848   0
0.0764633815775775   0.100484750740375   0.0116873946292633   0.0202041412135488   0
0.0741048752909758   0.0905534225735566   -0.00235850628660171   -0.0099313281668179   0
0.0985283820522959   0.0889119308517901   0.0244235067613201   -0.00164149172176649   0
0.0774280690334652   0.103432269173385   -0.0211003130188308   0.0145203383215948   0
0.15548364361561   0.132029828711257   0.0780555745821452   0.0285975595378723   0
0.12431142536958   0.124533115312515   -0.0311722182460308   -0.00749671339874229   0
0.17840783663517   0.152513303968243   0.0540964112655901   0.0279801886557278   0
0.225257509422025   0.179860058856388   0.0468496727868555   0.0273467548881448   0
0.194672306697084   0.179232052961284   -0.0305852027249413   -0.000628005895103534   0
0.239166910164256   0.186984969930633   0.0444946034671726   0.00775291696934899   0
0.234481496344811   0.19024317617555   -0.00468541381944529   0.00325820624491685   0
0.133995178545246   0.146369145800158   -0.100486317799565   -0.0438740303753923   0
0.164492394271592   0.0786673424464807   0.0304972157263455   -0.0677018033536769   0
0.154477831765336   0.156282184872278   -0.0100145625062556   0.0776148424257973   0
0.213768722995906   0.193967136622905   0.0592908912305699   0.0376849517506267   0
0.2385021527145   0.19159281515868   0.0247334297185941   -0.00237432146422445   0
0.207523578170825   0.184819982819562   -0.0309785745436747   -0.00677283233911827   0
0.2343600275768   0.217890641162643   0.0268364494059745   0.033070658343081   0
0.194135570102356   0.172608366576135   -0.0402244574744438   -0.0452822745865082   0
0.161269144480903   0.180509770589871   -0.0328664256214532   0.00790140401373593   0
0.242324101472619   0.222663642314935   0.0810549569917157   0.0421538717250647   0
0.213753743522762   0.185166547607971   -0.0285703579498562   -0.0374970947069645   0
0.220995650093773   0.207179088877487   0.00724190657101006   0.0220125412695162   0
0.239646959111467   0.211480928929543   0.0186513090176944   0.0043018400520563   0
0.211034423744147   0.201378314404142   -0.0286125353673202   -0.0101026145254013   0
0.216122732212719   0.233095161090462   0.00508830846857186   0.0317168466863197   0
0.273072414601273   0.246780176102573   0.0569496823885546   0.0136850150121114   0
0.248606583271383   0.220784960553363   -0.0244658313298902   -0.0259952155492098   0
0.16961904167154   0.0480936504684784   -0.0789875415998429   -0.172691310084885   0
0.0383393335732445   0.0774749625530889   -0.131279708098296   0.0293813120846105   0
0.0752074216261051   0.131327566627487   0.0368680880528606   0.0538526040743979   0
0.165412844204859   0.168744294323816   0.0902054225787539   0.0374167276963294   0
0.165099383548738   0.168949922181453   -0.00031346065612084   0.000205627857636725   0
0.13082807978847   0.161308984608177   -0.0342713037602685   -0.00764093757327566   0
0.172176846011362   0.213292282392247   0.0413487662228922   0.0519832977840696   0
0.159027350642312   0.206680571741424   -0.01314949536905   -0.0066117106508225   0
0.0713433902042348   0.180927032343346   -0.0876839604380771   -0.0257535393980789   0
0.162124143451331   0.2244914106143   0.0907807532470961   0.0435643782709547   0
0.133041350605977   0.190167253005416   -0.0290827928453539   -0.0343241576088843   0
0.166465157234489   0.232249899292608   0.0334238066285124   0.0420826462871916   0
0.213796518131234   0.250891407226107   0.0473313608967447   0.0186415079334997   0
0.166551765792602   0.230605797310185   -0.0472447523386323   -0.0202856099159225   0
0.219370313846072   0.223307852134214   0.05281854805347   -0.00729794517597052   0
0.207092934696654   0.22738043502029   -0.0122773791494175   0.00407258288607631   0
0.212385959813572   0.237055501730348   0.00529302511691793   0.00967506671005749   0
0.262295321435489   0.254781952361182   0.0499093616219169   0.0177264506308342   0
0.103330851314535   0.189476883151495   -0.158964470120954   -0.0653050692096867   0
0.169260079915268   0.218992609509391   0.0659292286007335   0.0295157263578953   0
0.158757655050747   0.217345665644181   -0.0105024248645214   -0.00164694386520986   0
0.259252693450383   0.243798594804151   0.100495038399636   0.02645292915997   0
0.159283698047561   0.214545246304648   -0.099968995402822   -0.0292533484995032   0
0.239382406839554   0.258283360916972   0.0800987087919932   0.0437381146123239   0
0.212177080060469   0.242477164479146   -0.0272053267790852   -0.0158061964378255   0
0.175303127024494   0.233951200021182   -0.0368739530359746   -0.00852596445796414   0
0.269879905535783   0.291500126695096   0.0945767785112885   0.0575489266739141   0
0.252844619207527   0.262207188158198   -0.0170352863282562   -0.0292929385368983   0
0.194206610442148   0.226188698086261   -0.0586380087653789   -0.0360184900719371   0
0.286224251652522   0.28289444278198   0.0920176412103748   0.0567057446957197   0
0.243356034290873   0.266007817173862   -0.0428682173616497   -0.0168866256081178   0
0.220509217027152   0.2530344362749   -0.0228468172637203   -0.012973380898962   0
0.265407117419575   0.278254646963265   0.0448979003924226   0.0252202106883645   0
0.256092649990817   0.272411196589978   -0.00931446742875847   -0.0058434503732866   0
0.236724808629906   0.260586056012394   -0.0193678413609105   -0.0118251405775847   0
0.239598247878421   0.292804535106868   0.0028734392485146   0.0322184790944739   0
0.259780629770565   0.282413617254285   0.0201823818921439   -0.0103909178525822   0
0.189788833839163   0.268663391033532   -0.0699917959314021   -0.0137502262207538   0
0.0569126269338151   0.281178573169468   -0.132876206905348   0.0125151821359363   0
0.381098065710918   0.280783743592775   0.324185438777103   -0.000394829576692846   0
0.330491781645259   0.251333838524487   -0.0506062840656593   -0.0294499050682875   0
0.315552820074863   0.227099669993816   -0.0149389615703964   -0.0242341685306719   0
