0   0   0   0   0
0.0479062188438637   0.0250679182767478   0.0479062188438637   0.0250679182767478   0
0.0962217507562504   0.0618054769228161   0.0483155319123867   0.0367375586460683   0
0.332434540086959   0.180124757910174   0.236212789330708   0.118319280987358   0
0.264290447396554   0.167212520516932   -0.0681440926904052   -0.0129122373932414   0
0.262090083132873   0.165212785569956   -0.00220036426368081   -0.00199973494697647   0
0.147409734841896   0.0870164544884121   -0.114680348290977   -0.0781963310815438   0
0.116503071209165   0.0305364817148844   -0.0309066636327315   -0.0564799727735277   0
0.233313426665751   0.141023481728957   0.116810355456587   0.110487000014073   0
0.10084747030129   0.0751586718669801   -0.132465956364461   -0.065864809861977   0
0.0479162594030345   0.110045026976714   -0.0529312108982554   0.0348863551097339   0
0.0488595978103596   0.0329278601926604   0.000943338407325085   -0.0771171667840535   0
0.124650854798963   0.0646146866588533   0.0757912569886037   0.0316868264661929   0
0.074002662351239   0.0611070711293592   -0.0506481924477243   -0.00350761552949416   0
0.115507579017463   0.189630879660112   0.0415049166662238   0.128523808530753   0
0.129227450231992   0.230858867374179   0.0137198712145296   0.0412279877140668   0
0.0749158788861983   0.0746996558263205   -0.0543115713457941   -0.156159211547859   0
0.140146960605827   0.116196668898673   0.0652310817196286   0.041497013072352   0
0.112015616201507   0.122010362722965   -0.0281313444043202   0.00581369382429291   0
0.133718886879636   0.0988717522872506   0.0217032706781293   -0.0231386104357148   0
0.0446357537740961   0.071715233710648   -0.0890831331055399   -0.0271565185766027   0
0.037439136323914   0.0377004532356621   -0.00719661745018212   -0.0340147804749859   0
0.0639514834059155   0.0751649312901289   0.0265123470820015   0.0374644780544669   0
0.0379876316164327   0.048382095845218   -0.0259638517894827   -0.026782835444911   0
0.0906812035818317   0.0989614242247485   0.0526935719653989   0.0505793283795305   0
0.119521661802723   0.0839308773419851   0.0288404582208918   -0.0150305468827633   0
0.222045188806261   0.126504167239513   0.102523527003537   0.0425732898975274   0
0.12660835998727   0.169176438058886   -0.0954368288189902   0.0426722708193739   0
0.120974284966747   0.137001630421997   -0.00563407502052315   -0.0321748076368892   0
0.195539925012319   0.101057537950124   0.0745656400455715   -0.0359440924718732   0
0.222406615731849   0.079793275552077   0.0268666907195307   -0.0212642623980469   0
0.361375234382419   0.159357952591736   0.138968618650569   0.0795646770396591   0
0.286541266478395   0.0836520490737688   -0.0748339679040239   -0.0757059035179672   0
0.287017077814641   0.087579562463288   0.000475811336245968   0.00392751338951913   0
0.300880575743944   0.110119587349256   0.0138634979293036   0.0225400248859676   0
0.392341899004333   0.13130234814701   0.0914613232603889   0.0211827607977542   0
0.263471807620276   0.0905339469832917   -0.128870091384057   -0.0407684011637181   0
0.338494515535115   0.123356654759838   0.0750227079148387   0.0328227077765467   0
0.301994330088358   0.112194517289907   -0.0365001854467569   -0.0111621374699312   0
0.203806031984848   0.0659965409692121   -0.0981882981035097   -0.0461979763206951   0
0.308336688922925   0.104629702755153   0.104530656938077   0.0386331617859406   0
0.332364703532755   0.044013603515898   0.0240280146098297   -0.0606160992392548   0
0.371123301284239   0.0663427165981339   0.0387585977514844   0.0223291130822359   0
0.329200356472753   0.0593070122849155   -0.0419229448114859   -0.00703570431321845   0
0.365580202157174   0.0363577005344619   0.0363798456844202   -0.0229493117504536   0
0.358336647664601   0.0792158244683721   -0.00724355449257269   0.0428581239339102   0
0.512884655686721   0.12310017851387   0.154548008022121   0.0438843540454979   0
0.46808908948423   0.113970766678381   -0.0447955662024916   -0.00912941183548888   0
0.448663627600609   0.132920008969073   -0.0194254618836204   0.0189492422906915   0
0.389140645706379   0.10151002890629   -0.0595229818942307   -0.0314099800627824   0
0.295944137083243   0.0941868581795015   -0.0931965086231354   -0.00732317072678873   0
0.3058535325861   0.133114857559169   0.00990939550285691   0.038927999379667   0
0.275007179593915   0.139205681618608   -0.0308463529921849   0.00609082405943981   0
0.357766017111769   0.153741265932129   0.0827588375178542   0.0145355843135202   0
0.215240149536846   0.16256011247304   -0.142525867574923   0.00881884654091142   0
0.267192495397402   0.161088343773621   0.0519523458605559   -0.00147176869941879   0
0.256677692232924   0.136188063544579   -0.0105148031644777   -0.0249002802290419   0
0.285174144171908   0.14554525302753   0.0284964519389836   0.00935718948295097   0
0.30298295684503   0.124472326043146   0.017808812673122   -0.0210729269843842   0
0.29064036074974   0.117057047462013   -0.0123425960952896   -0.00741527858113265   0
0.296093575465771   0.120675764335612   0.00545321471603077   0.00361871687359894   0
0.317053342784701   0.135679099881038   0.02095976731893   0.0150033355454258   0
0.350992232126342   0.120260212771731   0.0339388893416412   -0.0154188871093073   0
0.327243716838714   0.121151896171815   -0.0237485152876287   0.000891683400083998   0
0.253611887502523   0.127359975188551   -0.0736318293361904   0.00620807901673646   0
0.384338648486628   0.130692738872111   0.130726760984105   0.00333276368356   0
0.328812029917322   0.109303380124965   -0.0555266185693062   -0.0213893587471468   0
0.41667590904203   0.114626535987739   0.0878638791247081   0.00532315586277488   0
0.262979443758732   0.255143119886704   -0.153696465283298   0.140516583898965   0
0.27830735674868   0.232381874365927   0.0153279129899471   -0.0227612455207769   0
0.297788090149527   0.129810197539898   0.0194807334008471   -0.10257167682603   0
