1.4210855e-14   0   0   0   0
0.0367674295030173   0.0483734417801498   0.0367674295030031   0.0483734417801498   0
0.0631899525389386   0.0959987368760876   0.0264225230359213   0.0476252950959379   0
0.04908794507775   0.0785738947080643   -0.0141020074611886   -0.0174248421680234   0
0.065697222017329   0.101498662008068   0.016609276939579   0.0229247673000038   0
0.121022708639781   0.127029245005054   0.0553254866224517   0.0255305829969858   0
0.142760521222436   0.138552887939121   0.0217378125826549   0.0115236429340675   0
0.143911216438888   0.113230559238471   0.00115069521645236   -0.0253223287006503   0
0.160064290493718   0.161257046896556   0.0161530740548298   0.0480264876580853   0
0.180898457155405   0.147594659666967   0.0208341666616871   -0.0136623872295892   0
0.185768254704899   0.148808047508126   0.00486979754949443   0.00121338784115926   0
0.252804357396873   0.195470483054123   0.0670361026919739   0.0466624355459966   0
0.316756445546599   0.241278253324212   0.0639520881497261   0.0458077702700894   0
0.339423511605188   0.258312251587962   0.0226670660585886   0.0170339982637494   0
0.351055488116242   0.257470228190932   0.0116319765110539   -0.00084202339702999   0
0.315697296066297   0.215799167026863   -0.0353581920499448   -0.0416710611640691   0
0.34966810523958   0.245040759171099   0.0339708091732826   0.0292415921442363   0
0.380516481319876   0.2739431336642   0.0308483760802967   0.028902374493101   0
0.379293793395817   0.276131649391113   -0.00122268792405944   0.00218851572691303   0
0.389040658708954   0.24870823155474   0.00974686531313673   -0.0274234178363727   0
0.410318763565817   0.258412008949352   0.0212781048568631   0.0097037773946117   0
0.398935981172809   0.26448986674792   -0.0113827823930079   0.00607785779856762   0
0.441033801990216   0.294833351340076   0.0420978208174075   0.0303434845921566   0
0.467269816029429   0.293152210717718   0.0262360140392123   -0.00168114062235819   0
0.482344636205343   0.289955910499746   0.0150748201759145   -0.00319630021797257   0
0.473576147034577   0.29433169405758   -0.00876848917076617   0.00437578355783436   0
0.499547638182571   0.308092971051928   0.0259714911479936   0.0137612769943479   0
0.45540396525171   0.31662265309455   -0.0441436729308604   0.008529682042622   0
0.450096362846805   0.291071261368948   -0.00530760240490513   -0.0255513917256019   0
0.433717195717432   0.263270078135821   -0.0163791671293731   -0.0278011832331271   0
0.416705355939887   0.245166513325048   -0.0170118397775454   -0.0181035648107726   0
0.414022310870234   0.250319285534448   -0.00268304506965289   0.00515277220939991   0
0.42476110019257   0.276424909753341   0.0107387893223367   0.0261056242188927   0
0.415057039130086   0.282088201190594   -0.00970406106248478   0.00566329143725319   0
0.45453086312759   0.335989368320439   0.0394738239975042   0.0539011671298452   0
0.502314285870138   0.339597191399978   0.0477834227425478   0.00360782307953905   0
0.509081511973023   0.349883642291348   0.00676722610288516   0.0102864508913698   0
0.518198868541106   0.348685726762634   0.00911735656808288   -0.00119791552871379   0
0.523145724175009   0.349862130424384   0.0049468556339034   0.00117640366174948   0
0.519493866410555   0.345997867160579   -0.00365185776445442   -0.00386426326380451   0
0.508724322853486   0.335113644155327   -0.0107695435570688   -0.0108842230052529   0
0.515364557832724   0.334212924078897   0.00664023497923805   -0.000900720076429662   0
0.497917715615337   0.349909260196061   -0.0174468422173863   0.0156963361171637   0
0.54485446378577   0.364159657198116   0.0469367481704326   0.0142503970020553   0
0.522755603250686   0.41507123594437   -0.0220988605350843   0.0509115787462537   0
0.589736994135228   0.460045892002728   0.0669813908845424   0.0449746560583587   0
0.600351350468457   0.484728053296467   0.0106143563332292   0.024682161293739   0
0.587992486914247   0.447563635857014   -0.0123588635542105   -0.0371644174394531   0
0.432684990803248   0.320897274164745   -0.155307496110999   -0.126666361692269   0
0.432240767943758   0.390869699621322   -0.000444222859489807   0.0699724254565766   0
0.504366047568078   0.515304685883341   0.0721252796243199   0.12443498626202   0
0.581428537959524   0.546840495194017   0.0770624903914455   0.0315358093106756   0
0.642933660345566   0.570641558122268   0.0615051223860426   0.0238010629282516   0
0.645844924416179   0.58385032467115   0.00291126407061282   0.0132087665488813   0
0.673320259575457   0.613271632034399   0.027475335159278   0.0294213073632498   0
0.68863045944067   0.636499817946301   0.0153101998652131   0.0232281859119021   0
0.683321567059205   0.612087468088261   -0.00530889238146459   -0.0244123498580406   0
0.670257980860618   0.627544044883271   -0.0130635861985869   0.0154565767950107   0
0.704911963935158   0.664967777724856   0.034653983074539   0.0374237328415848   0
0.751389512040143   0.70222822458258   0.0464775481049859   0.0372604468577233   0
0.694435707005929   0.658929890223589   -0.0569538050342142   -0.0432983343589909   0
0.674002429765391   0.65290307319035   -0.0204332772405381   -0.00602681703323904   0
0.709808530124988   0.655237371617684   0.0358061003595969   0.00233429842733412   0
0.385061898578053   0.523630170546167   -0.324746631546935   -0.131607201071516   0
0.293797810289906   0.426566256692749   -0.0912640882881478   -0.0970639138534182   0
0.332999254737704   0.355537187061861   0.0392014444477983   -0.0710290696308887   0
0.319257716376035   0.367223214672808   -0.0137415383616689   0.0116860276109474   0
0.33378702119347   0.379583154189297   0.0145293048174354   0.0123599395164889   0
0.348271436991921   0.40076599637729   0.0144844157984501   0.0211828421879927   0
