1.00485917955374e-14   0   0   0   0
0.0508131279198177   0.0271980595595507   0.0508131279198077   0.0271980595595507   0
0.0451026060495777   0.0347342169504462   -0.00571052187024002   0.00753615739089548   0
0.0804804435226208   0.0685022218022027   0.035377837473043   0.0337680048517565   0
0.0960289020038436   0.0830703057504441   0.0155484584812229   0.0145680839482414   0
0.103782808267592   0.0960779014540564   0.00775390626374867   0.0130075957036123   0
0.157813809936818   0.169414435686694   0.0540310016692257   0.0733365342326377   0
0.158924461737167   0.184272359316893   0.00111065180034886   0.0148579236301985   0
0.15328268824547   0.181361600536602   -0.00564177349169723   -0.00291075878029051   0
0.144797197029724   0.178424095728922   -0.00848549121574532   -0.00293750480767963   0
0.158319465051771   0.195003146675898   0.0135222680220465   0.0165790509469751   0
0.163466384706368   0.197701233480653   0.00514691965459715   0.00269808680475536   0
0.169129776727525   0.209859050815839   0.00566339202115751   0.0121578173351859   0
0.1657714901075   0.219583424844161   -0.00335828662002532   0.00972437402832174   0
0.174675336034737   0.22152824489292   0.0089038459272365   0.00194482004875904   0
0.200802549495307   0.223164707076386   0.0261272134605705   0.001636462183466   0
0.188760440115026   0.209543499802464   -0.0120421093802811   -0.0136212072739217   0
0.141272132112853   0.195963386570039   -0.0474883080021727   -0.0135801132324251   0
0.207167955318614   0.201352211304676   0.065895823205761   0.00538882473463684   0
0.210253015246648   0.218279325378324   0.00308505992803393   0.0169271140736489   0
0.188017323322322   0.209274540064759   -0.0222356919243267   -0.00900478531356522   0
0.181249687240343   0.215681337443024   -0.00676763608197889   0.00640679737826433   0
0.132980816292974   0.192656260118066   -0.0482688709473688   -0.0230250773249571   0
0.168715274241672   0.177520701938438   0.0357344579486983   -0.0151355581796284   0
0.15751729586165   0.197374387171626   -0.0111979783800218   0.0198536852331877   0
0.162556581882177   0.203723817137017   0.00503928602052622   0.00634942996539153   0
0.15815747603002   0.215402979163295   -0.00439910585215694   0.0116791620262782   0
0.171167426213624   0.213661925417484   0.0130099501836046   -0.00174105374581132   0
0.156966811529735   0.191070328077509   -0.0142006146838896   -0.0225915973399753   0
0.172112684159954   0.192008157214329   0.0151458726302198   0.000937829136819668   0
0.14265733857471   0.186190924489757   -0.0294553455852444   -0.00581723272457163   0
0.19451116749796   0.23627107897126   0.0518538289232497   0.0500801544815035   0
1.91224800662863   2.22003957045501   1.71773683913067   1.98376849148375   1
2.00459757677331   1.74613005359678   0.092349570144685   -0.473909516858238   0
1.57869302766526   0.939878027537488   -0.425904549108055   -0.806252026059288   0
0.732683121979943   0.339837798389795   -0.846009905685313   -0.600040229147693   0
0.889623393627628   0.535188089606392   0.156940271647685   0.195350291216597   0
0.758085537598447   0.478095931778026   -0.131537856029181   -0.0570921578283668   0
0.718715289759173   0.458101553309045   -0.0393702478392743   -0.0199943784689807   0
0.626301781580682   0.436015737842854   -0.0924135081784906   -0.0220858154661904   0
0.664755953778055   0.452556026094567   0.0384541721973721   0.0165402882517125   0
0.601429584519905   0.430896926054098   -0.0633263692581491   -0.0216591000404691   0
0.552092273280241   0.422592097884774   -0.0493373112396643   -0.00830482816932376   0
0.59074404020995   0.435549507166385   0.0386517669297084   0.0129574092816112   0
0.565823095952777   0.41148330935862   -0.024920944257173   -0.0240661978077653   0
0.519833153514361   0.410173257406375   -0.0459899424384151   -0.00131005195224526   0
1.27161216020433   1.1995083335617   0.751779006689968   0.789335076155321   0
2.06410452805016   2.12303528367399   0.792492367845834   0.923526950112298   0
1.87625220025614   1.69194619031577   -0.187852327794021   -0.43108909335822   0
1.4905890007598   0.616272542414763   -0.385663199496341   -1.07567364790101   1
1.32055712754516   0.384701469733816   -0.170031873214644   -0.231571072680947   0
1.15686233129134   0.334816617340776   -0.16369479625382   -0.0498848523930402   0
0.792853170484795   0.317036829283408   -0.364009160806543   -0.0177797880573681   0
0.564047954084382   0.817709201834447   -0.228805216400413   0.500672372551039   0
0.484923997397791   0.926073717055771   -0.0791239566865908   0.108364515221325   0
0.324227545028406   0.879996523990939   -0.160696452369385   -0.0460771930648318   0
0.0852228706544077   0.762461098852911   -0.239004674373998   -0.117535425138029   0
0.157207250671661   0.832872000968798   0.0719843800172529   0.0704109021158872   0
0.131620738335868   0.799366908816767   -0.0255865123357924   -0.0335050921520311   0
0.153396427383172   0.708354878035191   0.0217756890473043   -0.091012030781576   0
0.192298332304607   0.666103149123709   0.0389019049214347   -0.0422517289114815   0
0.263226141519785   0.639729894495576   0.0709278092151782   -0.0263732546281326   0
0.27770438475751   0.621763093391117   0.0144782432377243   -0.0179668011044596   0
0.267564295502506   0.585888523989266   -0.0101400892550041   -0.0358745694018512   0
0.276737563924835   0.541550386437501   0.00917326842232985   -0.0443381375517643   0
0.261854790394005   0.550123128949347   -0.01488277353083   0.00857274251184548   0
0.251252646468243   0.549287057522619   -0.0106021439257628   -0.00083607142672748   0
0.267159777839   0.55447498378661   0.0159071313707569   0.00518792626399101   0
0.281760655544103   0.531742324270556   0.0146008777051035   -0.0227326595160545   0
0.441155972350563   0.456360133599373   0.15939531680646   -0.0753821906711833   0
0.657804064601567   0.363492868808636   0.216648092251004   -0.0928672647907363   0
0.571464883585851   0.332979915700141   -0.086339181015716   -0.0305129531084956   0
0.499932262707359   0.32530968496847   -0.0715326208784919   -0.00767023073167061   0
0.46155103137424   0.347372537886399   -0.0383812313331188   0.0220628529179285   0
0.480104649269085   0.349147151455737   0.0185536178948451   0.00177461356933867   0
0.515386060228067   0.3037624979917   0.0352814109589812   -0.0453846534640377   0
0.506922604827437   0.344617491142496   -0.00846345540062965   0.0408549931507966   0
0.475386356751862   0.380605848489143   -0.0315362480755745   0.0359883573466473   0
0.458191879857535   0.369503030421124   -0.0171944768943275   -0.0111028180680196   0
0.459836480199534   0.36237373045653   0.00164460034199959   -0.00712929996459433   0
0.461581678297536   0.361847725332114   0.00174519809800111   -0.000526005124416029   0
0.438247381395495   0.243980831253731   -0.023334296902041   -0.117866894078382   0
0.349165067110774   0.223810687911711   -0.0890823142847206   -0.02017014334202   0
0.315648152539315   0.253204574043423   -0.0335169145714591   0.0293938861317116   0
0.292977344877358   0.275046653746957   -0.0226708076619573   0.0218420797035335   0
0.272409156088996   0.253736134863762   -0.0205681887883615   -0.021310518883195   0
0.239804489234073   0.273138715127328   -0.0326046668549235   0.0194025802635664   0
