1.0898915e-14   4.30651028810277e-32   0   0   0
0.0376114005334631   0.0200345278325454   0.0376114005334522   0.0200345278325454   0
0.0839487221168546   0.0996174055111738   0.0463373215833916   0.0795828776786285   0
0.127707353514468   0.181963896329716   0.0437586313976136   0.0823464908185424   0
0.346482429718114   0.233150450389748   0.218775076203646   0.0511865540600313   0
0.377426343792734   0.168498646893591   0.0309439140746197   -0.0646518034961563   0
0.25775559404892   0.175697489856983   -0.119670749743813   0.0071988429633916   0
0.252363728664392   0.156459860456621   -0.00539186538452796   -0.0192376294003621   0
0.358712552124834   0.264265743836297   0.106348823460442   0.107805883379676   0
0.351590856876784   0.35789178495625   -0.00712169524804968   0.0936260411199534   0
0.27710195768414   0.330308190438001   -0.0744888991926442   -0.0275835945182496   0
0.262795863534786   0.382801972650292   -0.0143060941493542   0.0524937822122913   0
0.170972655325628   0.34722726673436   -0.091823208209158   -0.0355747059159316   0
0.374283800138229   0.16138669085337   0.203311144812601   -0.18584057588099   0
0.319957657715974   0.209144591795225   -0.0543261424222547   0.0477579009418548   0
0.354788124450851   0.233537449457945   0.0348304667348768   0.0243928576627204   0
0.31379107998145   0.226499011796515   -0.0409970444694014   -0.00703843766143047   0
0.400491844930209   0.279097276791341   0.0867007649487591   0.0525982649948265   0
0.436328089656731   0.242371292439755   0.0358362447265224   -0.0367259843515857   0
0.328429740864625   0.24493535268408   -0.107898348792106   0.00256406024432421   0
0.263347671887221   0.215503191660935   -0.0650820689774044   -0.0294321610231442   0
0.28272786737125   0.304104984788953   0.0193801954840294   0.0886017931280176   0
0.270856885074897   0.255891444924977   -0.0118709822963538   -0.0482135398639763   0
0.233176410014671   0.202675450616259   -0.0376804750602256   -0.053215994308718   0
0.255396734090531   0.182386949796073   0.0222203240758601   -0.0202885008201854   0
0.339573380824509   0.180099167404328   0.0841766467339785   -0.00228778239174485   0
0.255198513017176   0.219986491542499   -0.0843748678073334   0.0398873241381705   0
0.310831362109658   0.351767592378641   0.0556328490924817   0.131781100836142   0
0.354196759775855   0.20490757333833   0.043365397666197   -0.146860019040311   0
0.397553709274281   0.227078897645236   0.0433569494984261   0.0221713243069059   0
0.433819965216995   0.248068641874789   0.0362662559427142   0.0209897442295532   0
0.461279694973231   0.289467984822819   0.0274597297562359   0.0413993429480297   0
0.564260630241927   0.309455360826351   0.102980935268696   0.0199873760035316   0
0.254759826684451   0.205545458416037   -0.309500803557476   -0.103909902410314   0
0.143058882158814   0.193106848089547   -0.111700944525637   -0.0124386103264902   0
0.148798885949124   0.378079482347827   0.00574000379031059   0.18497263425828   0
0.297164229107409   0.389964290237869   0.148365343158285   0.0118848078900422   0
0.491765714692867   0.453586368910509   0.194601485585458   0.0636220786726401   0
0.57346369638074   0.529028773600438   0.0816979816878727   0.0754424046899287   0
0.837363290535536   0.623709914405707   0.263899594154797   0.0946811408052689   0
1.18370979216824   0.345799158512941   0.3463465016327   -0.277910755892766   0
0.879446213104776   0.31158086254888   -0.30426357906346   -0.0342182959640605   0
1.04046487754311   0.50804249918311   0.161018664438338   0.196461636634229   0
0.92572432753008   0.446915447136146   -0.114740550013034   -0.0611270520469638   0
0.907822601042592   0.460376504708497   -0.017901726487488   0.0134610575723512   0
0.864802941696231   0.372601230289094   -0.0430196593463609   -0.0877752744194026   0
0.403111905663931   0.168784279582379   -0.4616910360323   -0.203816950706716   0
0.496357922769935   0.151018484918839   0.0932460171060043   -0.0177657946635396   0
0.764711876258679   0.325665247092153   0.268353953488745   0.174646762173314   0
0.717790396726226   0.382699620002196   -0.0469214795324533   0.0570343729100427   0
0.856612516894353   0.431788546869931   0.138822120168127   0.0490889268677352   0
0.854039242137966   0.315649226536143   -0.0025732747563868   -0.116139320333788   0
0.940946205794212   0.3685318708232   0.086906963656246   0.0528826442870575   0
0.692007565119956   0.506598939950979   -0.248938640674256   0.138067069127779   0
0.565202357086257   0.519893850184491   -0.126805208033698   0.0132949102335119   0
0.514983198649535   0.482204972763542   -0.0502191584367226   -0.0376888774209491   0
0.549526052982908   0.512970884825115   0.0345428543333731   0.0307659120615737   0
0.552689347378367   0.468742718103945   0.00316329439545937   -0.0442281667211701   0
0.594259919121982   0.549255114852887   0.0415705717436148   0.0805123967489415   0
0.802444186294151   0.655492169594313   0.208184267172169   0.106237054741426   0
0.917803227886408   0.801047940599434   0.115359041592257   0.14555577100512   0
0.722414032660138   0.67493950560574   -0.19538919522627   -0.126108434993694   0
0.701185461768087   0.652238648865619   -0.0212285708920509   -0.0227008567401209   0
0.619734430892186   0.528075826045528   -0.0814510308759017   -0.124162822820091   0
0.706977345071774   0.617597011201358   0.0872429141795883   0.0895211851558293   0
0.776160633046617   0.709420025898523   0.0691832879748433   0.0918230146971655   0
0.758973655996729   0.711709514085445   -0.017186977049888   0.00228948818692232   0
0.802886720842661   0.660207758796714   0.0439130648459314   -0.0515017552887309   0
0.720984795980452   0.698277101440534   -0.0819019248622092   0.0380693426438193   0
0.5888501152388   0.726747052999956   -0.132134680741651   0.0284699515594226   0
0.715620162876078   0.765285325567044   0.126770047637277   0.0385382725670873   0
0.615044438107824   0.787640943324829   -0.100575724768253   0.0223556177577856   0
0.599333620345839   0.798045303904354   -0.0157108177619849   0.0104043605795252   0
0.691301297330167   0.826026227046938   0.0919676769843273   0.0279809231425836   0
0.464100232289061   0.595396202526322   -0.227201065041105   -0.230630024520616   0
0.466650914901988   0.664257622153366   0.00255068261292657   0.0688614196270435   0
0.458120863960008   0.704317444045632   -0.00853005094198012   0.0400598218922662   0
0.435788631743228   0.679295969980523   -0.0223322322167794   -0.0250214740651089   0
0.392586949013633   0.675102984390778   -0.0432016827295957   -0.00419298558974468   0
0.275622076969835   0.666391145889456   -0.116964872043798   -0.00871183850132207   0
