0   0   0   0   0
0.487470001421143   0.224343527153665   0.487470001421143   0.224343527153665   0
0.199904796400519   0.0546077119350488   -0.287565205020625   -0.169735815218616   0
0.227080070422386   0.107835225984137   0.0271752740218675   0.0532275140490887   0
0.126439932797285   0.0434463798188504   -0.100640137625101   -0.0643888461652871   0
0.116247493317653   0.0551887416259763   -0.0101924394796325   0.0117423618071259   0
0.088461446936328   0.0887439402794739   -0.0277860463813247   0.0335551986534976   0
0.0798214807490532   0.0433765408682033   -0.00863996618727479   -0.0453673994112706   0
0.0817487429217739   0.045237045201504   0.00192726217272067   0.00186050433330073   0
0.124253647740128   0.081123145230298   0.0425049048183537   0.035886100028794   0
0.137074421977012   0.0674339883330459   0.012820774236884   -0.0136891568972521   0
0.190951155885617   0.0998161875585053   0.0538767339086055   0.0323821992254594   0
0.434225897238876   0.457749638179032   0.243274741353259   0.357933450620526   0
0.531001882973601   0.40948510780277   0.0967759857347243   -0.0482645303762614   0
0.470634135333529   0.317033177031545   -0.0603677476400712   -0.0924519307712255   0
0.488518528147114   0.333766585372637   0.0178843928135844   0.0167334083410927   0
0.389608049545059   0.288427736935516   -0.0989104786020548   -0.0453388484371211   0
0.456899287535614   0.352078317669987   0.0672912379905549   0.0636505807344712   0
0.386116144473849   0.308526666977488   -0.0707831430617648   -0.043551650692499   0
0.447172819154849   0.341610693336847   0.0610566746809998   0.0330840263593583   0
0.375261264803876   0.300941234112897   -0.0719115543509724   -0.0406694592239494   0
0.447442928876911   0.321225207834043   0.0721816640730349   0.020283973721146   0
0.355451190298212   0.277077633401137   -0.0919917385786993   -0.044147574432906   0
0.472690957995921   0.342411200815138   0.117239767697709   0.0653335674140009   0
0.451946789228121   0.337174253358154   -0.0207441687677999   -0.00523694745698378   0
0.470788915245354   0.355610966394821   0.018842126017233   0.0184367130366662   0
0.381499278162182   0.323186269272903   -0.0892896370831715   -0.0324246971219179   0
0.417377385917445   0.312591120322257   0.0358781077552631   -0.0105951489506457   0
0.399983912352038   0.301392839483321   -0.0173934735654068   -0.0111982808389361   0
0.386157235344075   0.333555648945653   -0.0138266770079637   0.032162809462332   0
0.392743346167977   0.315467953778257   0.00658611082390187   -0.0180876951673957   0
0.383581606625888   0.302945687519625   -0.0091617395420891   -0.0125222662586321   0
0.406333655382979   0.333365718335428   0.0227520487570914   0.030420030815803   0
0.373670055008308   0.327393181289715   -0.0326636003746705   -0.0059725370457131   0
0.576565137887677   0.435311496735897   0.202895082879369   0.107918315446182   0
0.511797070959877   0.413140836120062   -0.0647680669278002   -0.0221706606158348   0
0.580380540385618   0.443268683957821   0.0685834694257418   0.0301278478377587   0
0.489967367627209   0.403842604804977   -0.0904131727584095   -0.0394260791528445   0
0.577974051226966   0.441028536124154   0.0880066835997572   0.0371859313191775   0
0.389073317672174   0.4060858452786   -0.188900733554792   -0.0349426908455538   0
0.352056588896215   0.392240474869421   -0.0370167287759596   -0.0138453704091794   0
0.304173006529668   0.363410907035987   -0.047883582366547   -0.028829567833434   0
0.463882211785808   0.422814634175842   0.15970920525614   0.0594037271398556   0
0.417370771985212   0.410109577277074   -0.0465114398005959   -0.0127050568987687   0
0.508981691003151   0.444864630632718   0.0916109190179392   0.034755053355644   0
0.124454700818521   0.0550206073331172   -0.384526990184629   -0.389844023299601   0
0.106845132943553   0.243156258661871   -0.017609567874968   0.188135651328753   0
0.0761981066752004   0.224250543414696   -0.0306470262683531   -0.0189057152471742   0
0.204677133316084   0.27789558277054   0.128479026640883   0.0536450393558435   0
0.283105941724934   0.363093631082054   0.0784288084088502   0.0851980483115142   0
0.384840722260815   0.421285090958716   0.101734780535881   0.0581914598766619   0
0.224823911622313   0.329878673589908   -0.160016810638502   -0.0914064173688082   0
0.34109613655698   0.402626880017783   0.116272224934666   0.0727482064278749   0
0.267055258339364   0.35806394125371   -0.0740408782176152   -0.0445629387640723   0
0.405066590917552   0.423553359703374   0.138011332578188   0.0654894184496633   0
0.357699270719102   0.394411973208171   -0.0473673201984501   -0.0291413864952026   0
0.460899744491428   0.451689256779069   0.103200473772326   0.0572772835708976   0
0.357134465425543   0.411857264329488   -0.103765279065885   -0.0398319924495805   0
0.411999492757353   0.438629930981884   0.0548650273318098   0.0267726666523956   0
0.361641144482077   0.391602073158771   -0.0503583482752759   -0.0470278578231128   0
0.454599817018913   0.451260127239697   0.0929586725368362   0.0596580540809262   0
0.345532546751057   0.408760861656536   -0.109067270267856   -0.0424992655831616   0
0.423066940428835   0.444247222740276   0.0775343936777783   0.03548636108374   0
0.4064296589974   0.430591568760756   -0.0166372814314354   -0.0136556539795193   0
0.301316314228994   0.338845544890101   -0.105113344768406   -0.0917460238706551   0
0.188676332971861   0.241174419179764   -0.112639981257134   -0.0976711257103372   0
0.429976031439826   0.465619611242153   0.241299698467966   0.224445192062389   0
0.389341754096806   0.428469947978586   -0.0406342773430203   -0.0371496632635668   0
0.495723328604856   0.480392586049983   0.10638157450805   0.0519226380713974   0
0.418673181351211   0.445662819328358   -0.0770501472536442   -0.0347297667216253   0
0.476079705821601   0.467702087088978   0.0574065244703892   0.0220392677606202   0
0.389274171357284   0.422284761224379   -0.0868055344643167   -0.0454173258645987   0
0.452258075629881   0.44856418494484   0.0629839042725968   0.0262794237204606   0
0.399085821263949   0.450773847190377   -0.0531722543659319   0.00220966224553665   0
0.436924069835526   0.450937706557407   0.0378382485715774   0.000163859367030283   0
