0   0   0   0   0
0.411427813027613   0.170391149117877   0.411427813027613   0.170391149117877   0
0.54923790244816   0.193442716779395   0.137810089420547   0.0230515676615179   0
0.558671392839459   0.17822543096022   0.00943349039129937   -0.0152172858191748   0
0.607840805000846   0.178299829936889   0.0491694121613868   7.43989766689712e-05   0
0.741442364564077   0.203740478755033   0.133601559563231   0.0254406488181441   0
0.927380923066493   0.313156505075082   0.185938558502415   0.109416026320049   0
1.0724819646983   0.303797946688395   0.145101041631805   -0.0093585583866877   0
1.11878621246177   0.315299246658198   0.0463042477634723   0.0115012999698039   0
1.10662039599875   0.325054100598993   -0.0121658164630158   0.00975485394079478   0
1.26042730753994   0.372200699868038   0.153806911541187   0.047146599269045   0
1.32270650155868   0.414479081186811   0.0622791940187353   0.0422783813187729   0
1.30904787215815   0.408324841731811   -0.0136586294005305   -0.00615423945499993   0
1.35403703618488   0.44805005356679   0.0449891640267337   0.0397252118349786   0
1.53128822899633   0.481470504559216   0.177251192811446   0.0334204509924265   0
1.55438121678434   0.494523293431694   0.0230929877880166   0.0130527888724782   0
1.55466250272536   0.487044372711954   0.000281285941021503   -0.00747892071973999   0
1.60293206498123   0.510520115732645   0.0482695622558711   0.0234757430206907   0
1.57341958626161   0.505375031319291   -0.0295124787196241   -0.00514508441335404   0
1.68200312454336   0.559350265530451   0.108583538281752   0.05397523421116   0
1.80539995195939   0.610212387474311   0.123396827416026   0.0508621219438601   0
1.90815317842106   0.614646893793356   0.102753226461676   0.00443450631904496   0
1.97349583470094   0.624486193823484   0.0653426562798776   0.00983930003012778   0
1.89037002307463   0.643902883633556   -0.0831258116263081   0.0194166898100717   0
1.89588939579387   0.675284922991763   0.00551937271923153   0.0313820393582073   0
1.97619001646889   0.69005317119591   0.0803006206750236   0.0147682482041471   0
2.02577905220234   0.705465120630069   0.0495890357334554   0.015411949434159   0
2.09527466320618   0.709365190290637   0.0694956110038314   0.003900069660568   0
2.09925839567912   0.724533644222862   0.00398373247294703   0.0151684539322244   0
2.18523260819531   0.741527059763082   0.0859742125161902   0.0169934155402204   0
2.13102100316848   0.710500613015762   -0.0542116050268349   -0.0310264467473196   0
2.13328785210464   0.715219892699623   0.00226684893616635   0.00471927968386021   0
2.1610028651736   0.754065551268568   0.0277150130689519   0.0388456585689454   0
2.1882002496542   0.764060568150527   0.0271973844806062   0.00999501688195947   0
2.33142347227459   0.786548340120654   0.143223222620391   0.0224877719701261   0
2.44391777391111   0.821699280625395   0.112494301636513   0.0351509405047414   0
2.5034927317582   0.839764638105882   0.0595749578470888   0.0180653574804873   0
2.61746121994654   0.856577767677376   0.113968488188344   0.0168131295714933   0
2.58091166692673   0.874464683522248   -0.0365495530198108   0.0178869158448722   0
2.73964947294466   0.910795863371055   0.158737806017929   0.0363311798488067   0
2.76620766347507   0.923215654086667   0.0265581905304098   0.0124197907156123   0
2.8761123976074   0.960513768702725   0.109904734132329   0.0372981146160579   0
2.80583274932868   0.945523122161465   -0.0702796482787189   -0.0149906465412603   0
2.7863899781249   0.96977160889931   -0.0194427712037735   0.0242484867378451   0
2.69629578458753   0.950676386214129   -0.0900941935373738   -0.0190952226851806   0
2.70850991231841   0.980374968636396   0.0122141277308829   0.0296985824222673   0
2.74884217048684   1.05090299995305   0.0403322581684225   0.0705280313166572   0
2.84293440594491   1.04774693649711   0.0940922354580764   -0.00315606345594577   0
2.84140026273088   1.06587255570623   -0.00153414321402767   0.0181256192091241   0
2.88916793584554   1.07860230387955   0.0477676731146537   0.0127297481733206   0
2.84821537317253   1.05727300831898   -0.0409525626730094   -0.0213292955605693   0
2.83252251517243   1.09737855825783   -0.0156928580000981   0.0401055499388503   0
2.86656926074738   1.09955556572113   0.0340467455749485   0.0021770074633003   0
2.84956719977332   1.07264404469463   -0.0170020609740553   -0.0269115210265016   0
2.77659467340661   1.04311514772042   -0.0729725263667129   -0.029528896974214   0
2.79443558274805   1.02420448453777   0.0178409093414351   -0.0189106631826439   0
2.82435383420683   1.05572577338224   0.0299182514587839   0.0315212888444654   0
2.90296368152081   1.07322459646524   0.07860984731398   0.017498823083004   0
2.91313451412848   1.11505562817496   0.0101708326076748   0.0418310317097199   0
2.94765768662643   1.12583825178206   0.0345231724979502   0.0107826236071007   0
2.94836102133647   1.0950839977996   0.000703334710039805   -0.0307542539824639   0
2.98116959087795   1.13646235926076   0.0328085695414737   0.0413783614611563   0
3.07679671838374   1.17406366055947   0.0956271275057965   0.0376013012987155   0
3.1177791488407   1.19070896757048   0.0409824304569599   0.0166453070110055   0
3.11117484865933   1.16634409370152   -0.00660430018137603   -0.0243648738689619   0
3.13024423363189   1.2173104551369   0.0190693849725632   0.0509663614353795   0
3.07853665983255   1.18013128464939   -0.0517075737993409   -0.037179170487504   0
3.09988522660667   1.2219822162983   0.0213485667741153   0.0418509316489044   0
3.18010377911686   1.21856684012767   0.0802185525101944   -0.00341537617062659   0
3.137855143038   1.20597108040056   -0.0422486360788588   -0.0125957597271129   0
3.21776058229439   1.1936257961086   0.0799054392563834   -0.0123452842919591   0
3.25650644875242   1.26026104799105   0.0387458664580334   0.0666352518824531   0
3.27976142132986   1.28400893687623   0.0232549725774458   0.0237478888851792   0
3.31629824266974   1.26294628434957   0.0365368213398782   -0.0210626525266604   0
3.33615098160783   1.2924512906189   0.0198527389380905   0.0295050062693272   0
3.37440056061502   1.33176808193312   0.0382495790071875   0.0393167913142216   0
3.37787604371088   1.41047588272443   0.0034754830958641   0.078707800791314   0
3.38224191007291   1.3816189733217   0.00436586636202119   -0.0288569094027338   0
3.39841095343741   1.41787590981183   0.0161690433644992   0.0362569364901322   0
3.40409300155294   1.4220837536913   0.0056820481155393   0.00420784387947237   0
3.39821477871244   1.39485499781873   -0.00587822284050832   -0.027228755872573   0
3.42978927855218   1.39544888386421   0.0315744998397407   0.000593886045482384   0
3.47598487138072   1.40971010079467   0.0461955928285458   0.014261216930457   0
3.36916482578698   1.37828330801832   -0.106820045593741   -0.0314267927763474   0
