0   0   0   0   0
0.0365816397300772   0.0397710935537315   0.0365816397300772   0.0397710935537315   0
0.005775791822211   0.0317006526377411   -0.0308058479078662   -0.00807044091599034   0
0.135707858173529   0.0612941941893469   0.129932066351318   0.0295935415516058   0
0.140226191372463   0.0800015768735389   0.00451833319893394   0.018707382684192   0
0.0550137864795005   0.071604992210495   -0.0852124048929627   -0.00839658466304381   0
0.0830035134657479   0.0732774787993033   0.0279897269862474   0.00167248658880821   0
0.162096747379555   0.0862917741468804   0.0790932339138075   0.0130142953475772   0
0.0689503743156968   0.0585166883681136   -0.0931463730638587   -0.0277750857787668   0
0.0448432106993087   0.0686975301297843   -0.024107163616388   0.0101808417616706   0
0.158471641351936   0.0751301358210374   0.113628430652627   0.00643260569125309   0
0.100439840100739   0.0906222733802283   -0.058031801251197   0.015492137559191   0
0.0474472272219127   0.0931785861341789   -0.0529926128788261   0.00255631275395059   0
0.147194455730149   0.144367225509415   0.0997472285082365   0.0511886393752358   0
0.0737826594724039   0.114195002422843   -0.0734117962577454   -0.0301722230865717   0
0.0432129796747759   0.0974294097515291   -0.030569679797628   -0.0167655926713138   0
0.0703827799944341   0.0970797699794803   0.0271698003196582   -0.000349639772048785   0
0.146549482502423   0.102849615690703   0.0761667025079888   0.0057698457112229   0
0.171152539135336   0.116927927262454   0.0246030566329127   0.0140783115717506   0
0.125859328598651   0.123730676944496   -0.0452932105366845   0.0068027496820427   0
0.0513787399724293   0.106384714273763   -0.0744805886262218   -0.0173459626707338   0
0.168369122522828   0.150688175351105   0.116990382550399   0.0443034610773419   0
0.126644754088245   0.153657248709365   -0.0417243684345826   0.00296907335826072   0
0.170241231358726   0.159561692404604   0.0435964772704807   0.0059044436952389   0
0.122813600006642   0.141776246677201   -0.0474276313520837   -0.0177854457274031   0
0.106132460287   0.141627065881136   -0.0166811397196421   -0.000149180796065351   0
0.204625026431827   0.15114006796323   0.0984925661448268   0.00951300208209382   0
0.124593044414026   0.156738874096507   -0.0800319820178011   0.00559880613327787   0
0.0787840459203841   0.135295508940314   -0.0458089984936419   -0.0214433651561937   0
0.13804344946687   0.140486124438196   0.0592594035464858   0.00519061549788238   0
0.126058865142797   0.138428735399711   -0.0119845843240733   -0.00205738903848487   0
0.0680782841449365   0.11897244720653   -0.0579805809978601   -0.019456288193181   0
0.0716862315474697   0.125699290004246   0.00360794740253316   0.0067268427977154   0
0.158383688139143   0.16283590695859   0.0866974565916738   0.0371366169543443   0
0.143209515419292   0.135184304840099   -0.0151741727198514   -0.0276516021184908   0
0.306850951190079   0.21385363491184   0.163641435770787   0.0786693300717405   0
0.141836772221443   0.197705431322961   -0.165014178968636   -0.0161482035888786   0
0.136551704529606   0.213009883676448   -0.00528506769183712   0.0153044523534869   0
0.283741659144355   0.211966210677356   0.147189954614748   -0.00104367299909222   0
0.138926361482009   0.166729982804169   -0.144815297662345   -0.0452362278731865   0
0.105792047213259   0.157099449664848   -0.0331343142687505   -0.00963053313932122   0
0.129490328912836   0.14627879676884   0.0236982816995771   -0.0108206528960075   0
0.205384531262407   0.169673654884918   0.0758942023495714   0.0233948581160774   0
0.229384049650552   0.18980969016473   0.023999518388145   0.0201360352798118   0
0.164133347394869   0.162444419343773   -0.0652507022556834   -0.0273652708209564   0
0.149850018491092   0.160416165365579   -0.0142833289037772   -0.00202825397819434   0
0.247795804507037   0.188629558775396   0.0979457860159458   0.028213393409817   0
0.194055194894769   0.165235211370064   -0.0537406096122685   -0.0233943474053321   0
0.130698736548791   0.154871976812882   -0.0633564583459776   -0.0103632345571815   0
0.164178354160392   0.141988462576094   0.0334796176116005   -0.0128835142367882   0
0.1754879521773   0.164039573794534   0.0113095980169081   0.0220511112184401   0
0.238336804801136   0.199425747337074   0.0628488526238357   0.0353861735425401   0
0.154538405696751   0.178529286820618   -0.0837983991043843   -0.0208964605164566   0
0.14276163681717   0.206146169950595   -0.0117767688795816   0.0276168831299774   0
0.253090784215234   0.218287851531133   0.110329147398064   0.0121416815805384   0
0.173747336035751   0.178129498411375   -0.0793434481794835   -0.0401583531197589   0
0.154825987550491   0.151039577619413   -0.0189213484852596   -0.0270899207919614   0
0.157989810308489   0.132792048761278   0.00316382275799751   -0.0182475288581355   0
0.180891067140185   0.174841519911613   0.0229012568316966   0.0420494711503358   0
0.239469431243261   0.180205321086254   0.0585783641030761   0.00536380117464028   0
0.179572479937594   0.164838041197473   -0.0598969513056671   -0.0153672798887812   0
0.20917750361155   0.188544157024615   0.0296050236739559   0.0237061158271425   0
0.222941795746559   0.219549362853337   0.0137642921350089   0.0310052058287221   0
0.249907301090146   0.206138318568268   0.0269655053435874   -0.0134110442850694   0
0.338052034535097   0.225806934989804   0.0881447334449506   0.0196686164215367   0
0.192371354113364   0.199742205308483   -0.145680680421733   -0.0260647296813216   0
0.182162854142571   0.185205620283063   -0.0102084999707926   -0.0145365850254202   0
0.170210059605954   0.213169479299547   -0.0119527945366169   0.0279638590164841   0
0.0968309912197693   0.262004526256776   -0.0733790683861851   0.0488350469572292   0
0.037988635018608   0.21326338425116   -0.0588423562011613   -0.0487411420056156   0
0.135693409019187   0.242723304059218   0.0977047740005793   0.0294599198080573   0
0.147895014919709   0.322133191467889   0.0122016059005214   0.0794098874086712   0
0.15275061156787   0.308992678835163   0.00485559664816099   -0.0131405126327256   0
