7.9983313e-15   3.98169045e-16   0   0   0
0.0347821652647175   0.0108204682115023   0.0347821652647095   0.0108204682115019   0
0.03839001628856   0.0154124726569403   0.00360785102384245   0.00459200444543793   0
0.0396410372367525   0.0281012603969151   0.00125102094819251   0.0126887877399748   0
0.0357146040640639   0.0352973003134596   -0.00392643317268856   0.00719603991654448   0
0.0529346878546   0.0329208315015408   0.0172200837905361   -0.00237646881191881   0
0.0215456370223801   0.0160266254707012   -0.0313890508322199   -0.0168942060308396   0
0.0513948264645164   0.047482955940849   0.0298491894421363   0.0314563304701478   0
0.0574065636661822   0.0315603412934033   0.00601173720166576   -0.0159226146474457   0
0.0550686490082602   0.0546783894905344   -0.00233791465792196   0.0231180481971311   0
0.0733924183840632   0.0700190531457467   0.018323769375803   0.0153406636552123   0
0.0596561573570003   0.0498518878180505   -0.0137362610270629   -0.0201671653276962   0
0.0632519292938759   0.0480670729114451   0.00359577193687555   -0.00178481490660545   0
0.0653927650206329   0.081144766079084   0.00214083572675704   0.0330776931676389   0
0.078477653392633   0.085140281154733   0.013084888372   0.00399551507564899   0
0.0608342514442616   0.0740471767520902   -0.0176434019483713   -0.0110931044026428   0
0.0529855764447507   0.0642730119973386   -0.00784867499951087   -0.00977416475475165   0
0.103614001575904   0.0754847233634108   0.0506284251311534   0.0112117113660722   0
0.128096248243733   0.073387740987603   0.024482246667829   -0.00209698237580776   0
0.0486350605103347   0.0837253432425189   -0.0794611877333984   0.0103376022549159   0
0.119139162057487   0.128945225171119   0.0705041015471524   0.0452198819285996   0
0.0968603841960578   0.131250066636229   -0.0222787778614294   0.00230484146511095   0
0.078808257810267   0.158207501551045   -0.0180521263857907   0.0269574349148153   0
0.0801046829705448   0.174092838434005   0.00129642516027779   0.0158853368829604   0
0.113293257209001   0.225278128939396   0.0331885742384558   0.0511852905053905   0
0.115913222171449   0.22553045217102   0.00261996496244792   0.000252323231623969   0
0.123054632869417   0.210042878015873   0.00714141069796803   -0.0154875741551468   0
0.161792645865268   0.23530819793965   0.0387380129958515   0.0252653199237768   0
0.156438603689451   0.245079519847531   -0.00535404217581659   0.00977132190788141   0
0.153486823656714   0.230814436288133   -0.00295178003273702   -0.0142650835593985   0
0.158784842205261   0.244999155827574   0.00529801854854703   0.0141847195394411   0
0.169723974287957   0.265456837005486   0.0109391320826951   0.0204576811779118   0
0.198180044497281   0.307357875652753   0.0284560702093243   0.0419010386472677   0
0.180808247180848   0.321424771772826   -0.0173717973164325   0.0140668961200724   0
0.143600213743752   0.280216198737911   -0.0372080334370966   -0.0412085730349143   0
0.12253986048764   0.299368032072645   -0.021060353256112   0.0191518333347336   0
0.158084317494325   0.338238578524933   0.0355444570066855   0.0388705464522882   0
0.15384427264474   0.316308778350491   -0.0042400448495849   -0.0219298001744422   0
0.146565097974363   0.310864602479799   -0.00727917467037739   -0.00544417587069224   0
0.179404571959784   0.335038938036543   0.0328394739854214   0.0241743355567445   0
0.171956912948385   0.305499824999585   -0.00744765901139929   -0.0295391130369579   0
0.131228476081214   0.326257243456108   -0.040728436867171   0.020757418456523   0
0.17082314061188   0.357335231038743   0.0395946645306659   0.0310779875826346   0
0.228533590768604   0.407386085039373   0.0577104501567245   0.0500508540006305   0
0.168022525448099   0.355048440162414   -0.060511065320505   -0.0523376448769595   0
0.173053817878173   0.375758135489417   0.0050312924300738   0.0207096953270026   0
0.146900441020069   0.421451869957299   -0.0261533768581039   0.0456937344678822   0
0.13248906492882   0.431916051315022   -0.0144113760912496   0.0104641813577237   0
0.117930105098156   0.36717805354138   -0.0145589598306639   -0.0647379977736428   0
0.0828592161277439   0.360666056913674   -0.0350708889704119   -0.00651199662770535   0
0.115138156583262   0.384293212198525   0.032278940455518   0.0236271552848512   0
0.110003939018929   0.406481957345405   -0.00513421756433299   0.0221887451468793   0
0.114020764872442   0.410548827363907   0.00401682585351337   0.00406687001850198   0
0.137537360793557   0.407840007532153   0.0235165959211142   -0.00270881983175347   0
0.164282095443634   0.451730797708511   0.0267447346500779   0.0438907901763583   0
0.138767646166681   0.450875421194599   -0.025514449276953   -0.000855376513912431   0
0.151650174750606   0.453867525733073   0.0128825285839244   0.00299210453847359   0
0.199724085148804   0.454747273977011   0.048073910398198   0.000879748243938883   0
0.275436540081905   0.471251967164206   0.0757124549331007   0.0165046931871946   0
0.276043346401554   0.483661210032237   0.000606806319649544   0.0124092428680309   0
0.256551901669155   0.496995368507264   -0.0194914447323987   0.0133341584750274   0
0.255497799000815   0.488281234404603   -0.00105410266834022   -0.00871413410266125   0
0.234942289089876   0.488482858158659   -0.0205555099109388   0.00020162375405619   0
0.211566761704173   0.493257143492144   -0.0233755273857029   0.00477428533348467   0
0.209331766184015   0.533028711448113   -0.0022349955201581   0.0397715679559688   0
0.202164814424877   0.517900507763153   -0.00716695175913823   -0.0151282036849603   0
0.178260464139694   0.51730524996316   -0.0239043502851828   -0.000595257799992255   0
0.178024306085478   0.512923270350132   -0.000236158054216284   -0.00438197961302866   0
0.173470674119274   0.513093826082304   -0.00455363196620429   0.000170555732172062   0
0.172342254106408   0.525158102063859   -0.00112842001286578   0.0120642759815552   0
0.197878192842908   0.531008293856583   0.0255359387364997   0.00585019179272417   0
0.179166337103023   0.511377034516761   -0.0187118557398845   -0.0196312593398226   0
0.153318777906072   0.497027814806821   -0.0258475591969515   -0.0143492197099394   0
