0   0   0   0   0
0.0758336502867568   0.0481256616370597   0.0758336502867568   0.0481256616370597   0
0.10943652510818   0.0677773494452246   0.0336028748214229   0.0196516878081648   0
0.0798921453687892   0.0852392863037202   -0.0295443797393905   0.0174619368584956   0
0.0454661812427006   0.090905019199858   -0.0344259641260887   0.00566573289613787   0
0.0791904610985089   0.0990180593628294   0.0337242798558083   0.00811304016297133   0
0.131722399010102   0.125607595398378   0.0525319379115931   0.0265895360355491   0
0.0933816621955884   0.106091277654253   -0.0383407368145136   -0.0195163177441256   0
0.0812404637866211   0.134836910562354   -0.0121411984089673   0.0287456329081007   0
0.118604378634042   0.158610496250324   0.037363914847421   0.0237735856879706   0
0.0810484409383654   0.161100372332927   -0.0375559376956767   0.00248987608260284   0
0.0449594167657809   0.149373629547654   -0.0360890241725845   -0.0117267427852727   0
0.143878058914842   0.196911536641333   0.0989186421490609   0.0475379070936787   0
0.142597216490194   0.23151008583522   -0.0012808424246474   0.0345985491938875   0
0.0735950043476036   0.215784256052714   -0.0690022121425909   -0.0157258297825066   0
0.0777678010929165   0.21542958043406   0.00417279674531287   -0.000354675618653988   0
0.0644646774849527   0.210398363110144   -0.0133031236079638   -0.00503121732391551   0
0.107688312915909   0.210436610548347   0.0432236354309562   3.82474382030762e-05   0
0.102874502454   0.193807732752626   -0.0048138104619086   -0.0166288777957212   0
0.026536794318269   0.161929872308523   -0.0763377081357312   -0.0318778604441033   0
0.117186241269457   0.186836625236461   0.0906494469511877   0.0249067529279379   0
0.131890086463368   0.187946688819767   0.0147038451939118   0.00111006358330579   0
0.106644771556811   0.157514381419865   -0.0252453149065574   -0.0304323073999019   0
0.0583609334850198   0.124339274649423   -0.0482838380717912   -0.0331751067704417   0
0.00809776081028384   0.117016956941591   -0.050263172674736   -0.0073223177078319   0
0.118231928434735   0.141498326098716   0.110134167624451   0.0244813691571252   0
0.0763725094751   0.125084191017077   -0.0418594189596351   -0.0164141350816393   0
0.0786578287977944   0.136506462573815   0.00228531932269434   0.011422271556738   0
0.0675027695836094   0.13898383614155   -0.011155059214185   0.00247737356773473   0
0.130633482670515   0.156443176052817   0.0631307130869058   0.0174593399112678   0
0.103163970556755   0.167418777109976   -0.0274695121137606   0.0109756010571583   0
0.0751936046619606   0.16451277663641   -0.027970365894794   -0.00290600047356629   0
0.156653166418011   0.161402158298395   0.0814595617560507   -0.00311061833801474   0
0.179910431022593   0.143939506729505   0.0232572646045817   -0.0174626515688895   0
0.0973737730825276   0.129468859820373   -0.0825366579400653   -0.0144706469091325   0
0.13238043716613   0.14667448172211   0.0350066640836027   0.017205621901737   0
0.121971465641571   0.146566817368614   -0.0104089715245588   -0.000107664353496184   0
0.165546660479453   0.168115122599306   0.0435751948378812   0.0215483052306927   0
0.117196436476409   0.149645949964317   -0.0483502240030438   -0.0184691726349898   0
0.174177054649674   0.176904451567701   0.0569806181732647   0.0272585016033847   0
0.112341078308191   0.131383228327299   -0.0618359763414821   -0.0455212232404024   0
0.102446012173154   0.15828167900546   -0.00989506613503782   0.0268984506781614   0
0.0971755969604912   0.17740773005511   -0.00527041521266242   0.0191260510496495   0
0.124855626135548   0.177105317856181   0.0276800291750563   -0.000302412198929181   0
0.137574275834464   0.17413639807054   0.0127186496989165   -0.00296891978564062   0
0.11195555607081   0.192417843638123   -0.0256187197636536   0.0182814455675835   0
0.143140658083668   0.218347157630447   0.0311851020128576   0.025929313992324   0
0.143863803414108   0.206669466533825   0.0007231453304401   -0.0116776910966226   0
0.114812415154176   0.188903657500728   -0.0290513882599318   -0.0177658090330964   0
0.113691280424949   0.201513911112809   -0.00112113472922687   0.0126102536120802   0
0.140994552283613   0.21239597740394   0.0273032718586632   0.0108820662911314   0
0.177784649602516   0.238495773742457   0.0367900973189028   0.0260997963385166   0
0.13533975601414   0.230443344138297   -0.0424448935883759   -0.00805242960415981   0
0.155617898090639   0.226708117506879   0.0202781420764992   -0.00373522663141784   0
0.151322219071917   0.237412980916325   -0.00429567901872174   0.0107048634094458   0
0.107041696114586   0.231264863041589   -0.0442805229573313   -0.00614811787473543   0
0.169093924718802   0.214693862337061   0.0620522286042164   -0.0165710007045286   0
0.0933904345398989   0.174153308029867   -0.0757034901789033   -0.0405405543071932   0
0.0877887683607253   0.179083537303716   -0.0056016661791736   0.00493022927384817   0
0.0901629347850281   0.2006476321227   0.00237416642430278   0.0215640948189847   0
0.080585179986909   0.224942730500903   -0.00957775479811911   0.0242950983782023   0
0.101640866795899   0.230909319858221   0.0210556868089901   0.0059665893573185   0
0.171958633389419   0.249596010434654   0.07031776659352   0.0186866905764333   0
0.248572626197815   0.277714058695807   0.0766139928083957   0.0281180482611525   0
0.148848614399585   0.257374294372571   -0.0997240117982301   -0.0203397643232364   0
0.228829147332566   0.285747934024157   0.0799805329329808   0.0283736396515869   0
