3.5443578e-16   0   0   0   0
0.0384915332802537   0.0416461240449972   0.0384915332802533   0.0416461240449972   0
0.0308661356828373   0.0438667593564092   -0.00762539759741632   0.00222063531141198   0
0.0426467775266401   0.051974246287866   0.0117806418438027   0.00810748693145678   0
0.0510542337574946   0.0743202450700295   0.00840745623085458   0.0223459987821635   0
0.056207438221878   0.0622296997889411   0.00515320446438337   -0.0120905452810884   0
0.0496118399386032   0.0698613761395941   -0.00659559828327481   0.007631676350653   0
0.0537559251669726   0.0861921021997278   0.00414408522836938   0.0163307260601337   0
0.0577632173440366   0.0938597682908865   0.00400729217706397   0.00766766609115874   0
0.0680610014804054   0.0887028030146689   0.0102977841363689   -0.00515696527621767   0
0.0527268204153885   0.0836827607027867   -0.015334181065017   -0.00502004231188216   0
0.0595406312283179   0.11623639737032   0.00681381081292943   0.032553636667533   0
0.0827562813423799   0.131274571459123   0.0232156501140621   0.0150381740888032   0
0.077258605283416   0.144689323967312   -0.00549767605896391   0.0134147525081892   0
0.087793960272618   0.132075587962041   0.010535354989202   -0.0126137360052712   0
0.0974965805522834   0.147952917254055   0.00970262027966533   0.0158773292920145   0
0.0874989918727454   0.132750322606246   -0.00999758867953793   -0.015202594647809   0
0.122948136671887   0.18383654465803   0.0354491447991414   0.0510862220517831   0
0.143876792689228   0.207725902566391   0.0209286560173412   0.0238893579083619   0
0.129691835415643   0.214671973408596   -0.0141849572735853   0.00694607084220433   0
0.140731505252726   0.192111852608594   0.0110396698370833   -0.0225601208000018   0
0.161988651807928   0.213584256855739   0.0212571465552018   0.0214724042471449   0
0.173294944320386   0.212180972661883   0.0113062925124577   -0.00140328419385627   0
0.151787965478726   0.195046739799989   -0.0215069788416597   -0.0171342328618941   0
0.140128802426633   0.192689068780121   -0.0116591630520924   -0.00235767101986747   0
0.154727273602328   0.21473617264978   0.0145984711756949   0.0220471038696587   0
0.165524881150377   0.234768723142117   0.0107976075480492   0.0200325504923372   0
0.191374468966567   0.217561748000558   0.0258495878161895   -0.0172069751415594   0
0.180500825967764   0.225108494186795   -0.0108736429988028   0.00754674618623713   0
0.174242331768348   0.224474732853528   -0.00625849419941593   -0.000633761333266536   0
0.195758896454469   0.26685425203738   0.0215165646861206   0.0423795191838519   0
0.213312079203442   0.283366584153916   0.0175531827489731   0.0165123321165361   0
0.217818431869275   0.256244025252214   0.0045063526658331   -0.0271225589017019   0
0.209931291692066   0.258966575174061   -0.00788714017720915   0.00272254992184662   0
0.209085334257051   0.256075291182219   -0.000845957435015365   -0.00289128399184152   0
0.194554679340432   0.253494617233169   -0.0145306549166181   -0.00258067394905082   0
0.235353829704755   0.294117360724119   0.0407991503643226   0.0406227434909507   0
0.228190050070849   0.294815810295509   -0.00716377963390658   0.000698449571390036   0
0.243882081041485   0.310587472260489   0.0156920309706366   0.0157716619649803   0
0.237060987161223   0.292604319230258   -0.00682109388026259   -0.0179831530302315   0
0.263988536994737   0.318619685620648   0.0269275498335141   0.0260153663903898   0
0.269264011866872   0.341936358069879   0.00527547487213526   0.0233166724492312   0
0.269376634317875   0.327792269998247   0.000112622451002686   -0.0141440880716321   0
0.28015730479089   0.342765107398211   0.0107806704730156   0.0149728373999637   0
0.275348914811752   0.346405149176245   -0.00480838997913857   0.00364004177803406   0
0.281858203680449   0.361644526258818   0.00650928886869689   0.0152393770825734   0
0.275515831125422   0.365418082500464   -0.0063423725550264   0.00377355624164644   0
0.311695483123886   0.384609441783373   0.0361796519984637   0.0191913592829084   0
0.307711615433847   0.38621407897808   -0.00398386769003883   0.00160463719470688   0
0.342310525341706   0.425560120520733   0.0345989099078593   0.0393460415426534   0
0.366427234563223   0.468284150785937   0.024116709221517   0.0427240302652042   0
0.365683473771223   0.462692583633611   -0.000743760792000059   -0.00559156715232584   0
0.394326619302549   0.464894149727228   0.0286431455313254   0.00220156609361688   0
0.386673868859853   0.454516349550967   -0.00765275044269509   -0.010377800176261   0
0.400135538797619   0.499087173672503   0.0134616699377657   0.0445708241215358   0
0.45653540473516   0.516251493805142   0.0563998659375409   0.017164320132639   0
0.440756377913108   0.513463348276675   -0.015779026822052   -0.00278814552846696   0
0.44686332306701   0.530558055392569   0.00610694515390187   0.0170947071158939   0
0.426182704401579   0.524601564267721   -0.020680618665431   -0.00595649112484775   0
0.463520960204593   0.554002647673809   0.0373382558030143   0.029401083406088   0
0.495490665178658   0.620156400927867   0.0319697049740645   0.0661537532540573   0
0.539329395947052   0.600111825414556   0.0438387307683943   -0.0200445755133104   0
0.527182026680142   0.583575586544186   -0.0121473692669104   -0.0165362388703703   0
0.509509878171656   0.568424825675882   -0.0176721485084854   -0.0151507608683035   0
0.513460815909775   0.577590391371302   0.00395093773811839   0.00916556569541904   0
0.554367104514748   0.62149309125309   0.0409062886049735   0.0439026998817882   0
0.527500946633072   0.594771545571056   -0.0268661578816759   -0.0267215456820341   0
0.532901725842333   0.622249749121292   0.00540077920926041   0.027478203550236   0
0.209135986391064   0.470461476531966   -0.323765739451269   -0.151788272589326   0
0.164117545298133   0.176432106058531   -0.0450184410929312   -0.294029370473434   0
0.296421083099063   0.33147939465866   0.13230353780093   0.155047288600128   0
0.333496848251095   0.452778446053421   0.0370757651520321   0.121299051394761   0
0.321335640886801   0.440539708516593   -0.0121612073642938   -0.0122387375368274   0
0.295073096909598   0.439958411047819   -0.0262625439772029   -0.000581297468774278   0
