0   0   0   0   0
0.0232232549205013   0.0115388489845395   0.0232232549205013   0.0115388489845395   0
0.0480217380586855   0.0321547234262623   0.0247984831381842   0.0206158744417228   0
0.040493729429298   0.0503782656795894   -0.00752800862938748   0.0182235422533271   0
0.0647332978300163   0.0622839980617915   0.0242395684007183   0.0119057323822021   0
0.0492325400347757   0.069960987807418   -0.0155007577952407   0.00767698974562649   0
0.0833520021281922   0.0859120288546407   0.0341194620934166   0.0159510410472226   0
0.0409154457336776   0.0611137167393467   -0.0424365563945146   -0.024798312115294   0
0.0360702313385284   0.0500800234840903   -0.00484521439514918   -0.0110336932552564   0
0.171705978176674   0.194917472086959   0.135635746838146   0.144837448602869   0
0.2060488842439   0.213015320213688   0.0343429060672254   0.0180978481267292   0
0.163972558716229   0.186180699848972   -0.0420763255276707   -0.0268346203647158   0
0.126809903734855   0.179752485562319   -0.0371626549813739   -0.00642821428665327   0
0.146064915840396   0.182223081398176   0.0192550121055411   0.00247059583585715   0
0.188302492024458   0.218431911222275   0.0422375761840618   0.0362088298240989   0
0.212536386724239   0.239447625228665   0.0242338946997809   0.02101571400639   0
0.161614415754771   0.21599627984627   -0.0509219709694677   -0.0234513453823955   0
0.204253111832756   0.240093110546871   0.042638696077985   0.0240968307006013   0
0.220614523505328   0.25492453346238   0.0163614116725723   0.0148314229155089   0
0.185805717525971   0.225110324589697   -0.0348088059793574   -0.0298142088726827   0
0.193610501639682   0.238197731040808   0.00780478411371088   0.0130874064511111   0
0.214221505537831   0.259925961425743   0.0206110038981489   0.0217282303849347   0
0.224484636702879   0.260144253122836   0.0102631311650486   0.000218291697092698   0
0.214015495165583   0.259374777525267   -0.0104691415372962   -0.000769475597568958   0
0.197320640406106   0.247840616106751   -0.0166948547594772   -0.011534161418516   0
0.2358620129763   0.27944917908165   0.0385413725701936   0.0316085629748989   0
0.246647263014947   0.28802564885691   0.010785250038647   0.00857646977526089   0
0.254220766987092   0.293748090902173   0.00757350397214496   0.00572244204526223   0
0.244094274317882   0.28601927002312   -0.0101264926692095   -0.00772882087905302   0
0.19785046421055   0.294076126635747   -0.0462438101073316   0.00805685661262712   0
0.243153037533993   0.30459748982515   0.0453025733234423   0.0105213631894036   0
0.250203526887157   0.307722417409772   0.00705048935316469   0.00312492758462157   0
0.211967572132772   0.279684281760066   -0.038235954754385   -0.028038135649706   0
0.277802937588778   0.327048019357234   0.0658353654560051   0.0473637375971678   0
0.272435508186422   0.320485890201726   -0.00536742940235552   -0.00656212915550791   0
0.252829998317949   0.308217320497169   -0.019605509868473   -0.0122685697045565   0
0.21912499229368   0.30166654477371   -0.0337050060242688   -0.00655077572345952   0
0.271314453834108   0.320763065529581   0.0521894615404275   0.0190965207558712   0
0.276610849094   0.330614603136095   0.00529639525989251   0.00985153760651364   0
0.263738139899097   0.322334536974949   -0.0128727091949035   -0.00828006616114552   0
0.266180063987984   0.318796561605659   0.0024419240888876   -0.00353797536928974   0
0.276046748500243   0.327235052126577   0.00986668451225853   0.00843849052091761   0
0.241999584578885   0.281519910266162   -0.0340471639213578   -0.0457151418604151   0
0.243748892482239   0.293972897393023   0.00174930790335442   0.0124529871268607   0
0.242329971799836   0.296260413450772   -0.00141892068240301   0.00228751605774941   0
0.284618802204305   0.327049238915488   0.0422888304044683   0.0307888254647157   0
0.267999050387265   0.315636594013431   -0.0166197518170393   -0.0114126449020568   0
0.271918284223501   0.334600317185802   0.0039192338362361   0.0189637231723714   0
0.29448089475912   0.343828995983685   0.022562610535619   0.00922867879788275   0
0.290587405152677   0.348785957287153   -0.00389348960644392   0.00495696130346779   0
0.266213201493367   0.327313426327994   -0.02437420365931   -0.0214725309591585   0
0.241494934181031   0.299633053299445   -0.0247182673123361   -0.0276803730285492   0
0.268769185772586   0.328742270163434   0.0272742515915551   0.0291092168639884   0
0.251679441119281   0.304895057429229   -0.0170897446533049   -0.0238472127342045   0
0.265637645960308   0.313039830985579   0.0139582048410272   0.00814477355635013   0
0.296823070953614   0.344897011673362   0.0311854249933064   0.0318571806877831   0
0.289264185355374   0.336443624190217   -0.00755888559824014   -0.00845338748314522   0
0.187296409318045   0.287929074779701   -0.101967776037329   -0.0485145494105165   0
0.236447392139248   0.283081389188483   0.0491509828212027   -0.00484768559121757   0
0.251868361111383   0.307445782909627   0.0154209689721348   0.0243643937211439   0
0.240634164674587   0.295409930184532   -0.0112341964367954   -0.0120358527250949   0
0.255722473421894   0.307686159345527   0.0150883087473063   0.0122762291609945   0
0.252439516662726   0.330508132314028   -0.00328295675916773   0.0228219729685015   0
0.290701291031659   0.353386431429708   0.0382617743689328   0.0228782991156803   0
0.287722704960799   0.33950210641234   -0.00297858607085949   -0.0138843250173687   0
0.245265259003198   0.335823699579828   -0.042457445957601   -0.00367840683251203   0
0.302310057798354   0.359055011898309   0.0570447987951561   0.0232313123184814   0
0.317700097986602   0.37831631803912   0.0153900401882474   0.0192613061408107   0
0.318974601536025   0.373207556860928   0.00127450354942321   -0.00510876117819142   0
0.33934139898321   0.385322090147184   0.0203667974471854   0.0121145332862559   0
0.341075757323802   0.41443647942368   0.00173435834059177   0.0291143892764961   0
0.403128330338107   0.450766089448293   0.0620525730143048   0.0363296100246128   0
0.371942135086671   0.423590187245864   -0.0311861952514363   -0.0271759022024296   0
0.378270616104524   0.435891454070208   0.00632848101785355   0.0123012668243446   0
0.337525998463671   0.424507125897949   -0.0407446176408535   -0.011384328172259   0
0.41623515792793   0.155658715157818   0.0787091594642597   -0.268848410740131   0
0.717061627231266   0.152377129225102   0.300826469303335   -0.00328158593271613   0
0.744976418108902   0.879466664576056   0.0279147908776367   0.727089535350954   0
0.815231458883942   0.849830968758907   0.0702550407750399   -0.0296356958171491   0
0.883594567107114   0.895070603743986   0.0683631082231713   0.0452396349850792   0
0.859056875245782   0.843463760280465   -0.0245376918613319   -0.0516068434635212   0
0.771356468561313   0.696754189688284   -0.0877004066844682   -0.146709570592181   0
0.815003506519161   0.70183952846701   0.0436470379578475   0.00508533877872563   0
0.34904892356019   0.485005124169215   -0.465954582958971   -0.216834404297795   0
