0   0   0   0   0
0.0160755498398446   0.00894468414741313   0.0160755498398446   0.00894468414741313   0
0.0268631570328458   0.0506747245213225   0.0107876071930012   0.0417300403739093   0
0.0503626907189249   0.0312332563885519   0.0234995336860792   -0.0194414681327706   0
0.0325074986387348   0.046046962705361   -0.0178551920801901   0.0148137063168091   0
0.0546919674025712   0.0902726222436571   0.0221844687638364   0.0442256595382961   0
0.0643667868328248   0.103574570233376   0.00967481943025357   0.0133019479897184   0
0.0479791226136335   0.060628954220812   -0.0163876642191913   -0.0429456160125635   0
0.0372117975903379   0.10023526310221   -0.0107673250232957   0.0396063088813975   0
0.0494263098455813   0.0807915331616926   0.0122145122552435   -0.019443729940517   0
0.0532677438263768   0.0826378834907095   0.00384143398079547   0.00184635032901689   0
0.0395322660762315   0.107106113455153   -0.0137354777501453   0.0244682299644432   0
0.0600442438400599   0.0766020217157202   0.0205119777638284   -0.0305040917394325   0
0.0220544670612452   0.143005871117576   -0.0379897767788147   0.0664038494018555   0
0.0579908080863487   0.0741967998449178   0.0359363410251035   -0.0688090712726579   0
0.0202530596448749   0.0876317653616482   -0.0377377484414739   0.0134349655167304   0
0.0695858554177421   0.0954941845925746   0.0493327957728673   0.00786241923092641   0
0.0496040181003935   0.138480844586577   -0.0199818373173486   0.0429866599940028   0
0.0638219535025902   0.16266292801393   0.0142179354021967   0.0241820834273521   0
0.0622130165500065   0.176191073816212   -0.00160893695258375   0.0135281458022825   0
0.0458891829119611   0.146807513469895   -0.0163238336380454   -0.0293835603463168   0
0.0653125932038184   0.122777278671838   0.0194234102918573   -0.0240302347980569   0
0.0338702655255895   0.141945792422572   -0.0314423276782289   0.0191685137507336   0
0.0529203236650797   0.17750208608205   0.0190500581394902   0.0355562936594777   0
0.0607814041434176   0.187432819112701   0.00786108047833793   0.00993073303065178   0
0.0688809837106194   0.196429603583111   0.00809957956720173   0.00899678447040975   0
0.065441465317162   0.191205150224443   -0.00343951839345737   -0.00522445335866792   0
0.0722907241342373   0.210200928778631   0.00684925881707528   0.0189957785541878   0
0.0814386536436383   0.2316192691557   0.00914792950940099   0.0214183403770686   0
0.0974678323659228   0.215457764687856   0.0160291787222845   -0.0161615044678434   0
0.0701852145859555   0.237523743822909   -0.0272826177799673   0.0220659791350522   0
0.116889225484882   0.242008816603224   0.0467040108989263   0.00448507278031543   0
0.10255353134213   0.232841687873119   -0.014335694142752   -0.00916712873010517   0
0.0948803288822518   0.274737406739227   -0.007673202459878   0.0418957188661078   0
0.121961535205946   0.270118671960408   0.0270812063236938   -0.00461873477881902   0
0.0958847186053532   0.266564917359501   -0.0260768166005923   -0.00355375460090618   0
0.154605142125662   0.244070388259498   0.0587204235203083   -0.0224945291000035   0
0.12074427481672   0.28501356863204   -0.0338608673089418   0.0409431803725417   0
0.124583677873108   0.27420941663351   0.00383940305638783   -0.0108041519985294   0
0.109001441321006   0.286337804446003   -0.0155822365521017   0.0121283878124923   0
0.0984163906531331   0.309178435368003   -0.0105850506678727   0.022840630922   0
0.117880599819038   0.349684425103623   0.019464209165905   0.0405059897356201   0
0.124426952929138   0.36395486013122   0.00654635311010017   0.0142704350275969   0
0.116255762770104   0.330423008611991   -0.00817119015903403   -0.0335318515192281   0
0.128791302396915   0.386919734838907   0.0125355396268104   0.0564967262269158   0
0.133365916773833   0.373330342560737   0.00457461437691845   -0.0135893922781699   0
0.162160899993005   0.365590055187843   0.0287949832191723   -0.00774028737289384   0
0.103508335396663   0.33739648061769   -0.0586525645963422   -0.0281935745701539   0
0.120006250252961   0.379609578073461   0.0164979148562974   0.0422130974557711   0
0.13532504197318   0.376638130214818   0.0153187917202191   -0.00297144785864234   0
0.131550976681196   0.371378836113253   -0.0037740652919836   -0.00525929410156528   0
0.13008364065001   0.348269674809798   -0.00146733603118598   -0.0231091613034547   0
0.115816800782512   0.376986290195253   -0.014266839867498   0.028716615385455   0
0.116168664236256   0.391002703410487   0.000351863453744078   0.0140164132152332   0
0.0938392578284812   0.421329615124941   -0.022329406407775   0.0303269117144547   0
0.101584572921127   0.426471473148667   0.00774531509264534   0.00514185802372535   0
0.0883855200475633   0.441733622401797   -0.0131990528735633   0.0152621492531307   0
0.084383785590878   0.434568141144765   -0.00400173445668525   -0.0071654812570327   0
0.076522910818255   0.436166941603578   -0.00786087477262301   0.00159880045881289   0
0.104944881436115   0.454350833310972   0.0284219706178602   0.0181838917073947   0
0.113341196812921   0.42323815719361   0.00839631537680541   -0.0311126761173622   0
0.0827313889991942   0.404916606771466   -0.0306098078137264   -0.0183215504221446   0
0.0951837816823061   0.452229108424529   0.0124523926831119   0.0473125016530633   0
0.0966146926114976   0.438371580174309   0.00143091092919148   -0.0138575282502196   0
0.0965836683465623   0.436922514890702   -3.10242649352727e-05   -0.00144906528360672   0
0.121941881320588   0.431603853349509   0.0253582129740259   -0.0053186615411932   0
0.122540896925201   0.458568453623015   0.000599015604613118   0.0269646002735058   0
0.131308422405906   0.477122986396194   0.00876752548070422   0.0185545327731789   0
0.127307751770613   0.501473465332649   -0.00400067063529261   0.0243504789364552   0
0.135772652936587   0.490451725045138   0.00846490116597445   -0.0110217402875113   0
0.138581330304381   0.479980429888391   0.00280867736779342   -0.0104712951567467   0
0.172037774398052   0.494985246521532   0.0334564440936712   0.0150048166331411   0
0.113902263092384   0.493275949232437   -0.0581355113056678   -0.00170929728909558   0
0.156398177185411   0.558492625980446   0.0424959140930271   0.0652166767480095   0
0.148286669459582   0.560546812266763   -0.00811150772582958   0.00205418628631704   0
0.145174262070838   0.605058679564245   -0.00311240738874338   0.044511867297482   0
