7.1054274e-15   0   0   0   0
0.0374430833031292   0.0142925321787532   0.0374430833031221   0.0142925321787532   0
0.0443669563662975   0.0226647634619446   0.00692387306316827   0.00837223128319138   0
0.0303238604815471   0.0262523270987941   -0.0140430958847504   0.00358756363684952   0
0.0449408654810471   0.0416007059051966   0.0146170049995   0.0153483788064025   0
0.0762454578428489   0.0691140586851506   0.0313045923618018   0.0275133527799539   0
0.0515728849679002   0.0487956900148375   -0.0246725728749487   -0.0203183686703131   0
0.0923380294116549   0.0708216837611844   0.0407651444437546   0.0220259937463469   0
0.0772941940904991   0.0673664345587899   -0.0150438353211557   -0.00345524920239446   0
0.0768691888325691   0.0705124728451279   -0.000425005257929989   0.003146038286338   0
0.0693197788020704   0.0727334937048525   -0.00754941003049872   0.00222102085972462   0
0.058600704556778   0.0640479738192185   -0.0107190742452924   -0.00868551988563397   0
0.0860912060948349   0.0745807086231012   0.0274905015380569   0.0105327348038826   0
0.066414636145995   0.0579789845583016   -0.0196765699488399   -0.0166017240647996   0
0.0651151844689118   0.0569540247793016   -0.00129945167708319   -0.001024959779   0
0.0515210409985757   0.0482419444103632   -0.013594143470336   -0.00871208036893837   0
0.0363424675307117   0.0441802780885387   -0.015178573467864   -0.00406166632182455   0
0.0464405942702835   0.0465735676972043   0.0100981267395718   0.00239328960866562   0
0.0543317691177829   0.0539828148874131   0.00789117484749937   0.00740924719020881   0
0.0419942703407387   0.0467388880025504   -0.0123374987770443   -0.00724392688486267   0
0.037612133716097   0.0436793305825807   -0.00438213662464168   -0.00305955741996977   0
0.0443231810160783   0.0550876350399473   0.0067110472999813   0.0114083044573667   0
0.0807476815895149   0.0769191503809258   0.0364245005734367   0.0218315153409785   0
0.065787469261782   0.0656777221080632   -0.014960212327733   -0.0112414282728626   0
0.0704259143405572   0.0742492475626378   0.00463844507877517   0.00857152545457461   0
0.0885049525682349   0.0974027358221294   0.0180790382276777   0.0231534882594915   0
0.0470701484781913   0.0754368001698986   -0.0414348040900435   -0.0219659356522308   0
0.0506511827546374   0.0606785840036904   0.00358103427644606   -0.0147582161662081   0
0.0592059830041668   0.062568077459657   0.00855480024952936   0.00188949345596653   0
0.055573206520408   0.0620157664953435   -0.0036327764837588   -0.000552310964313511   0
0.0476280011758316   0.0553758971182738   -0.00794520534457641   -0.00663986937706962   0
0.0515446277448427   0.0642162510801312   0.00391662656901119   0.00884035396185736   0
0.0817171115925797   0.0701632704062724   0.0301724838477369   0.00594701932614121   0
0.0758675553689806   0.0659501949191855   -0.00584955622359906   -0.00421307548708691   0
0.0766605555731078   0.071587844401725   0.000793000204127189   0.0056376494825395   0
0.10098502396431   0.101927176693649   0.0243244683912027   0.0303393322919239   0
0.0935997584604493   0.0857543463268366   -0.00738526550386115   -0.0161728303668123   0
0.10768966102995   0.0923221015641321   0.0140899025695005   0.00656775523729558   0
0.156206831387486   0.12989771384016   0.0485171703575359   0.0375756122760279   0
0.15776678184535   0.130773434686829   0.00155995045786478   0.000875720846668648   0
0.155930299013173   0.127980495592982   -0.00183648283217736   -0.00279293909384698   0
0.201534260679767   0.161103716087747   0.0456039616665939   0.0331232204947655   0
0.208444677931774   0.155511958960899   0.00691041725200719   -0.00559175712684823   0
0.204306323683885   0.153773375094723   -0.00413835424788928   -0.00173858386617631   0
0.182438295539785   0.164453923743494   -0.0218680281441003   0.010680548648771   0
0.195236280834577   0.182472259607231   0.0127979852947928   0.0180183358637377   0
0.087169247255793   0.168240638269867   -0.108067033578785   -0.0142316213373641   0
0.209469167923396   0.168210568652138   0.122299920667603   -3.00696177295556e-05   0
0.0928932426161104   0.12685460093973   -0.116575925307285   -0.0413559677124075   0
0.089500624152375   0.114096904592746   -0.0033926184637354   -0.012757696346984   0
0.138286296929977   0.139460957374   0.048785672777602   0.0253640527812539   0
0.103260426481201   0.106464352613783   -0.0350258704487758   -0.0329966047602177   0
0.113725101417567   0.112058608796184   0.0104646749363663   0.00559425618240136   0
0.103867126349625   0.0893662069345324   -0.00985797506794256   -0.0226924018616515   0
0.0996079280304664   0.0921625757459803   -0.00425919831915848   0.00279636881144789   0
0.130292892845926   0.119049421210045   0.0306849648154599   0.0268868454640649   0
0.110975563616908   0.0959441629151267   -0.0193173292290182   -0.0231052582949185   0
0.11290677899636   0.0919073957632505   0.00193121537945168   -0.0040367671518762   0
0.114399875836777   0.106941931237209   0.00149309684041765   0.0150345354739587   0
0.0856369022907743   0.0710349712030131   -0.0287629735460031   -0.0359069600341961   0
0.0646317156743416   0.0570191289537134   -0.0210051866164327   -0.0140158422492996   0
0.051372138831399   0.0579332378773234   -0.0132595768429426   0.000914108923609935   0
0.0852651189934132   0.0717607184840771   0.0338929801620143   0.0138274806067538   0
