2.42246133383555e-14   4.0971245e-16   0   0   0
0.082259364271534   0.0559479314887729   0.0822593642715098   0.0559479314887725   0
0.125748834473891   0.0585745443685272   0.0434894702023569   0.00262661287975431   0
0.0936896857766656   0.0349965751697019   -0.0320591486972253   -0.0235779691988253   0
0.108490738808501   0.0458609939806706   0.0148010530318354   0.0108644188109687   0
0.134143308674369   0.0683890745966014   0.0256525698658684   0.0225280806159308   0
0.11111302026853   0.0548444459117836   -0.0230302884058399   -0.0135446286848178   0
0.0950540400869258   0.0479272244502028   -0.0160589801816037   -0.00691722146158082   0
0.0595277727184183   0.0704810433530271   -0.0355262673685075   0.0225538189028243   0
0.0890970483773102   0.0721474027209175   0.0295692756588919   0.00166635936789036   0
0.0598140619501798   0.0738504366179635   -0.0292829864271304   0.0017030338970461   0
0.0756189326959076   0.0806550893669336   0.0158048707457278   0.00680465274897003   0
0.061455179890879   0.0840882349581439   -0.0141637528050285   0.00343314559121032   0
0.102051109698722   0.0673497815996369   0.0405959298078431   -0.016738453358507   0
0.102855800095543   0.0825934025579562   0.000804690396821253   0.0152436209583193   0
0.0908925332800892   0.0833215143128364   -0.0119632668154541   0.000728111754880217   0
0.109299837858934   0.0736509293794529   0.0184073045788452   -0.00967058493338352   0
0.135216122521786   0.0771789743314198   0.0259162846628511   0.00352804495196693   0
0.141377315294075   0.0780196293461213   0.0061611927722893   0.000840655014701472   0
0.155342228694503   0.0792067755696621   0.013964913400428   0.00118714622354081   0
0.14781204662558   0.0821328165771479   -0.00753018206892278   0.00292604100748585   0
0.203359942945312   0.0863380644552252   0.0555478963197321   0.00420524787807729   0
0.21905438246803   0.0883477640894092   0.0156944395227176   0.00200969963418399   0
0.21475656065386   0.0893467988382478   -0.00429782181416982   0.000999034748838598   0
0.246803340470764   0.104069825039356   0.0320467798169038   0.0147230262011085   0
0.199630939539741   0.0926152217084107   -0.0471724009310232   -0.0114546033309455   0
0.140883657802528   0.0978560497045616   -0.058747281737213   0.00524082799615085   0
0.150115590353697   0.0943419892585146   0.0092319325511695   -0.00351406044604699   0
0.167308729488384   0.0990057202285277   0.0171931391346869   0.00466373097001312   0
0.167040476869454   0.104965939639475   -0.000268252618930098   0.0059602194109475   0
0.173935618359763   0.0999543502450195   0.00689514149030884   -0.00501158939445571   0
0.14337964411177   0.13004715074293   -0.0305559742479931   0.0300928004979102   0
0.178226596754074   0.129570268520105   0.0348469526423045   -0.00047688222282441   0
0.193407034200249   0.137249493640915   0.0151804374461746   0.00767922512081012   0
0.185265244324439   0.13020102801371   -0.00814178987580932   -0.00704846562720496   0
0.186522047536542   0.126421112654783   0.00125680321210245   -0.00377991535892697   0
0.214576122853124   0.140269058873018   0.0280540753165822   0.013847946218235   0
0.207950587268029   0.132446934749765   -0.00662553558509513   -0.00782212412325342   0
0.204816633068939   0.132835462186234   -0.00313395419909016   0.000388527436468666   0
0.201012174199071   0.134841486068651   -0.00380445886986744   0.00200602388241744   0
0.232385874006196   0.142488798086711   0.0313736998071248   0.00764731201805988   0
0.219475322829592   0.138877530942857   -0.0129105511766038   -0.00361126714385407   0
0.235297465329994   0.134410162638824   0.0158221425004011   -0.00446736830403247   0
0.215913630218572   0.136782303646315   -0.019383835111422   0.00237214100749059   0
0.224218634364195   0.142614792400333   0.00830500414562316   0.00583248875401834   0
0.348496608025883   0.219471878148201   0.124277973661688   0.0768570857478678   0
0.429460622965157   0.312702421642843   0.080964014939275   0.0932305434946419   0
0.388576538674926   0.271489748582829   -0.0408840842902318   -0.0412126730600145   0
0.404802843102912   0.273346414064203   0.0162263044279859   0.00185666548137425   0
0.359885056432093   0.231571624163135   -0.0449177866708184   -0.0417747899010678   0
0.34524145841785   0.224502158303433   -0.0146435980142429   -0.00706946585970245   0
0.388848841807456   0.258055843333534   0.0436073833896062   0.0335536850301012   0
0.378774031417234   0.243752328617018   -0.010074810390222   -0.0143035147165158   0
0.374679154874128   0.230258386013207   -0.0040948765431062   -0.0134939426038111   0
0.370966112655174   0.227400472382807   -0.00371304221895452   -0.00285791363040017   0
0.452720758468267   0.306855403325279   0.0817546458130932   0.0794549309424727   0
0.395754676465477   0.250662960201861   -0.0569660820027902   -0.0561924431234182   0
0.408044570082927   0.260566532968153   0.0122898936174503   0.00990357276629172   0
0.418219723301743   0.269061709735884   0.0101751532188158   0.00849517676773071   0
0.429541231344861   0.273458909334255   0.0113215080431187   0.00439719959837176   0
0.461673431978598   0.28790414829755   0.0321322006337368   0.0144452389632947   0
0.451350269979624   0.27160164701473   -0.0103231619989739   -0.0163025012828204   0
0.463176492347417   0.299231338591292   0.0118262223677924   0.0276296915765624   0
0.492801794437032   0.334276204773862   0.0296253020896155   0.03504486618257   0
0.521582664428906   0.345564813152162   0.028780869991874   0.0112886083783   0
0.540916026644418   0.377944855513306   0.0193333622155113   0.0323800423611441   0
0.529402617352928   0.387979417749999   -0.0115134092914895   0.0100345622366929   0
0.526509501808681   0.395702092231965   -0.00289311554424676   0.00772267448196606   0
0.472816638826632   0.328348572746245   -0.053692862982049   -0.0673535194857201   0
0.451338433700571   0.304588546501758   -0.0214782051260611   -0.0237600262444874   0
0.430802327179744   0.311154405873324   -0.0205361065208267   0.00656585937156656   0
0.472358630973293   0.356093306796813   0.0415563037935482   0.0449389009234886   0
0.432966026325479   0.317415242104747   -0.0393926046478132   -0.0386780646920659   0
