0   0   0   0   0
0.027476731005427   0.011453628694156   0.027476731005427   0.011453628694156   0
0.0301828861678671   0.0355363294718306   0.00270615516244015   0.0240827007776746   0
0.0447773652558129   0.0397670354522061   0.0145944790879457   0.00423070598037554   0
0.0635786334806615   0.0572578182319545   0.0188012682248486   0.0174907827797484   0
0.063877710803136   0.0510269370105993   0.00029907732247457   -0.00623088122135519   0
0.0713169329672077   0.0730047597284088   0.00743922216407164   0.0219778227178094   0
0.0956236717284886   0.0982543878123464   0.0243067387612809   0.0252496280839376   0
0.0785976471404476   0.07658250361097   -0.017026024588041   -0.0216718842013763   0
0.0734157706639188   0.0798699583143983   -0.00518187647652879   0.0032874547034283   0
0.0723801279033993   0.095373516048952   -0.00103564276051955   0.0155035577345536   0
0.0919656409210527   0.0937693468007682   0.0195855130176534   -0.00160416924818377   0
0.0916511892117662   0.0881881448160637   -0.000314451709286442   -0.00558120198470449   0
0.0368870498230971   0.0462538757423792   -0.0547641393886691   -0.0419342690736846   0
0.0568320299717484   0.0834001680901271   0.0199449801486513   0.0371462923477479   0
0.0901938445611772   0.105455612727735   0.0333618145894288   0.0220554446376079   0
0.0844949902194801   0.108334006536428   -0.00569885434169706   0.00287839380869348   0
0.0864815742658578   0.0876761836129353   0.00198658404637765   -0.0206578229234931   0
0.0662267281788511   0.109924181211273   -0.0202548460870067   0.0222479975983372   0
0.0804177878760564   0.140076665696784   0.0141910596972053   0.0301524844855111   0
0.0807632181307278   0.132060380980693   0.000345430254671375   -0.00801628471609059   0
0.0807949339417763   0.15010860337985   3.17158110485494e-05   0.0180482223991567   0
0.0864704340773654   0.157550131331753   0.00567550013558903   0.00744152795190353   0
0.104327935156241   0.163973334037017   0.0178575010788757   0.00642320270526348   0
0.136671526205402   0.177137920928606   0.0323435910491606   0.0131645868915894   0
0.129190301078976   0.184141520069732   -0.00748122512642568   0.00700359914112539   0
0.109883474021802   0.156930464738014   -0.0193068270571739   -0.0272110553317172   0
0.121283206697337   0.176308482896636   0.0113997326755346   0.0193780181586219   0
0.137170531360661   0.192854673425062   0.015887324663324   0.016546190528426   0
0.136643793670698   0.195966930268288   -0.000526737689962281   0.0031122568432253   0
0.183077993366765   0.209578362442293   0.0464341996960668   0.0136114321740053   0
0.124341904679755   0.217289317653   -0.0587360886870103   0.00771095521070705   0
0.186984812454731   0.237842876320791   0.0626429077749759   0.0205535586677914   0
0.167640392256872   0.229334914832295   -0.0193444201978582   -0.00850796148849658   0
0.16182009233893   0.231306116160697   -0.00582029991794258   0.00197120132840189   0
0.159669140760442   0.228862408881108   -0.0021509515784876   -0.00244370727958834   0
0.183632497381628   0.239823823147122   0.0239633566211856   0.0109614142660138   0
0.198334033525792   0.261936901383598   0.0147015361441639   0.0221130782364758   0
0.198748449394894   0.280192691108484   0.000414415869102347   0.0182557897248856   0
0.203637146426686   0.284185318606188   0.00488869703179148   0.0039926274977044   0
0.179931585557961   0.281914722153853   -0.0237055608687244   -0.00227059645233463   0
0.217723563704343   0.288218433072699   0.037791978146382   0.00630371091884546   0
0.24022096600568   0.285932807092739   0.0224974023013371   -0.00228562597995985   0
0.237458918137283   0.292860701641938   -0.00276204786839732   0.00692789454919929   0
0.234801870224704   0.290775469022941   -0.00265704791257951   -0.00208523261899685   0
0.236119135077813   0.304386427145509   0.00131726485310904   0.0136109581225674   0
0.236032564324611   0.304556410601398   -8.65707532014814e-05   0.000169983455888867   0
0.251250622163267   0.298423204919578   0.0152180578386563   -0.00613320568182008   0
0.230714956456333   0.292080187975902   -0.0205356657069347   -0.00634301694367517   0
0.231214034281588   0.294760546665967   0.000499077825255739   0.002680358690065   0
0.248170632551531   0.312490546539844   0.0169565982699423   0.0177299998738763   0
0.184932909190298   0.258846031982508   -0.0632377233612327   -0.0536445145573352   0
0.176651668111363   0.274464429640834   -0.0082812410789348   0.015618397658326   0
0.216251645004078   0.299705235839171   0.0395999768927146   0.0252408061983368   0
0.205317291917292   0.281374372953542   -0.0109343530867859   -0.0183308628856294   0
0.20597597831625   0.285277835986304   0.000658686398957858   0.00390346303276257   0
0.206827430613868   0.294474828489937   0.000851452297618432   0.00919699250363232   0
0.1941493244963   0.28928328023481   -0.0126781061175684   -0.00519154825512697   0
0.218169638784319   0.314673053190488   0.0240203142880195   0.025389772955678   0
0.227535075918718   0.314339853829009   0.009365437134399   -0.000333199361478687   0
0.227325402938462   0.307850699775349   -0.000209672980255982   -0.00648915405366041   0
0.221732868569506   0.288471123328589   -0.00559253436895613   -0.0193795764467597   0
0.220995808477258   0.303380514480423   -0.000737060092248026   0.0149093911518335   0
0.21035502327696   0.291469129936734   -0.0106407852002983   -0.0119113845436881   0
0.206360752238009   0.286705379218652   -0.00399427103895092   -0.00476375071808222   0
0.207066649372426   0.281341419805612   0.000705897134417516   -0.00536395941304008   0
0.212504231018012   0.286359065619602   0.00543758164558597   0.00501764581398972   0
0.231332850578324   0.283264710475596   0.0188286195603115   -0.00309435514400613   0
0.226587366112303   0.298508198819669   -0.00474548446602047   0.0152434883440732   0
0.212970174724963   0.305606007244437   -0.0136171913873405   0.00709780842476798   0
0.236437477252001   0.323136752819754   0.0234673025270377   0.0175307455753169   0
0.24912545848787   0.27012163395458   0.0126879812358698   -0.0530151188651736   0
0.248384160977804   0.288081605505761   -0.000741297510066075   0.0179599715511806   0
0.30098782279975   0.28217257128772   0.0526036618219453   -0.00590903421804045   0
