0   0   0   0   0
0.0207037433854253   0.00648925565584287   0.0207037433854253   0.00648925565584287   0
0.0305383714507508   0.0151606930843598   0.0098346280653255   0.00867143742851689   0
0.0412036834471928   0.0431063517225878   0.0106653119964421   0.0279456586382281   0
0.022555013963506   0.0351971051725996   -0.0186486694836869   -0.00790924654998821   0
0.029240449859364   0.0399173380710015   0.00668543589585805   0.00472023289840188   0
0.0479574042690082   0.0681059574233524   0.0187169544096442   0.0281886193523509   0
0.054196728274488   0.034385551660713   0.00623932400547981   -0.0337204057626394   0
0.0436983225913822   0.0297964122256657   -0.0104984056831059   -0.00458913943504732   0
0.0558877973476809   0.04092843486132   0.0121894747562987   0.0111320226356543   0
0.039518924831287   0.0428630763277837   -0.0163688725163938   0.00193464146646374   0
0.050322568765179   0.0606125780205879   0.010803643933892   0.0177495016928042   0
0.0605785530081516   0.0549945802593803   0.0102559842429725   -0.00561799776120758   0
0.0452962375085692   0.0456394683499395   -0.0152823154995824   -0.00935511190944088   0
0.0440759853131579   0.050904019900552   -0.00122025219541131   0.00526455155061251   0
0.0631824107484023   0.0642037307024588   0.0191064254352445   0.0132997108019068   0
0.0707606909852978   0.0603722574720644   0.00757828023689545   -0.0038314732303944   0
0.0723835158325946   0.0493646648021774   0.00162282484729684   -0.0110075926698869   0
0.0743964298191931   0.0622049594072248   0.00201291398659842   0.0128402946050473   0
0.0607085649026498   0.0566084781586661   -0.0136878649165433   -0.00559648124855869   0
0.0414976061349773   0.0410694586783084   -0.0192109587676725   -0.0155390194803577   0
0.0216769463084531   0.0686080364861761   -0.0198206598265241   0.0275385778078677   0
0.0345303060514157   0.0322377231555833   0.0128533597429626   -0.0363703133305928   0
0.0797517572443915   0.0405929208702776   0.0452214511929758   0.00835519771469431   0
0.0477016635505588   0.0670453273555153   -0.0320500936938327   0.0264524064852377   0
0.0432252527878984   0.070710238412366   -0.0044764107626604   0.00366491105685067   0
0.039366470336722   0.0546857771259731   -0.00385878245117631   -0.0160244612863929   0
0.0579566264451568   0.0597521503335381   0.0185901561084348   0.00506637320756502   0
0.0424944689323364   0.0808641346010674   -0.0154621575128204   0.0211119842675293   0
0.0446858662374716   0.0551049086134669   0.00219139730513526   -0.0257592259876005   0
0.0783859724867166   0.0542370203041222   0.033700106249245   -0.000867888309344728   0
0.0774414808906975   0.0700051359197521   -0.000944491596019142   0.0157681156156299   0
0.0615126472217539   0.0843026100543011   -0.0159288336689436   0.0142974741345491   0
0.105376969145268   0.0837554499026148   0.0438643219235143   -0.000547160151686321   0
0.0871382717552433   0.0854151452674291   -0.0182386973900249   0.00165969536481426   0
0.0950305430525677   0.0839070023213407   0.00789227129732444   -0.00150814294608839   0
0.0867878601931139   0.0891293006352303   -0.0082426828594538   0.00522229831388958   0
0.11736515444511   0.109217122263166   0.0305772942519961   0.0200878216279359   0
0.105710097665868   0.102471854061789   -0.0116550567792425   -0.00674526820137672   0
0.0832414945203652   0.104568737319957   -0.0224686031455023   0.00209688325816777   0
0.075465379332901   0.102675874880828   -0.00777611518746422   -0.00189286243912931   0
0.137861481372676   0.10520957584435   0.0623961020397748   0.0025337009635218   0
0.114707391391731   0.10852588824442   -0.0231540899809449   0.00331631240007041   0
0.0960464059166972   0.0946148265554747   -0.0186609854750337   -0.0139110616889454   0
0.106194552207947   0.0794089891602301   0.0101481462912498   -0.0152058373952446   0
0.172520044044087   0.0865068682769374   0.0663254918361399   0.00709787911670727   0
0.131698556009381   0.0912872700011405   -0.0408214880347057   0.00478040172420312   0
0.130652440022752   0.102824081193851   -0.00104611598662913   0.0115368111927105   0
0.125991922852248   0.103348019705341   -0.00466051717050434   0.000523938511490435   0
0.114037836817784   0.120999910846142   -0.0119540860344638   0.0176518911408007   0
0.103250749188718   0.0966702185408248   -0.0107870876290664   -0.0243296923053174   0
0.0890992687217792   0.110181552943198   -0.0141514804669384   0.013511334402373   0
0.0777018019706071   0.107962675680087   -0.0113974667511721   -0.00221887726311124   0
0.0978367196824615   0.119437995082746   0.0201349177118543   0.0114753194026595   0
0.0881164340564104   0.114486746091708   -0.00972028562605103   -0.00495124899103769   0
0.0901101276740011   0.109086705143766   0.00199369361759066   -0.00540004094794269   0
0.109860603787222   0.135336685127009   0.0197504761132207   0.0262499799832437   0
0.0943182137763703   0.153477068108584   -0.0155423900108515   0.0181403829815746   0
0.0983144528645324   0.161739353349682   0.0039962390881621   0.00826228524109848   0
0.118192660525753   0.13281163942132   0.0198782076612211   -0.0289277139283626   0
0.0829663686698797   0.111597320380782   -0.0352262918558737   -0.0212143190405382   0
0.091199803924292   0.113731820419138   0.00823343525441225   0.00213450003835639   0
0.126697523663639   0.0878452013586878   0.035497719739347   -0.0258866190604502   0
0.109551713588237   0.0901620843838003   -0.017145810075402   0.00231688302511247   0
0.0533725738663767   0.108514700794819   -0.0561791397218604   0.0183526164110188   0
0.0771798641058045   0.135900322549534   0.0238072902394278   0.0273856217547152   0
0.0769058379998782   0.145898131139502   -0.000274026105926306   0.00999780858996771   0
0.0782385568825392   0.13995572458776   0.00133271888266102   -0.00594240655174225   0
0.0671292323914954   0.140089665494721   -0.0111093244910438   0.000133940906961005   0
0.0707805752708271   0.169601041308672   0.00365134287933173   0.0295113758139515   0
0.0839499395367611   0.179829203249339   0.013169364265934   0.0102281619406664   0
0.0878453541407244   0.168024542073057   0.00389541460396325   -0.0118046611762818   0
0.0769346844909083   0.169834859589215   -0.0109106696498161   0.00181031751615776   0
0.0813732091650626   0.182185794667211   0.00443852467415431   0.0123509350779964   0
0.081208257324113   0.17140552765765   -0.000164951840949584   -0.010780267009561   0
0.091055496314783   0.14996378513066   0.00984723899066998   -0.0214417425269903   0
