0   0   0   0   0
0.0601728916512133   0.0445233644504451   0.0601728916512133   0.0445233644504451   0
0.0240953489774527   0.0297096407887626   -0.0360775426737606   -0.0148137236616825   0
0.0758414084772075   0.0669908769476258   0.0517460594997549   0.0372812361588632   0
0.0718193706790453   0.0791550321197543   -0.0040220377981622   0.0121641551721285   0
0.103083681662201   0.114913681490018   0.0312643109831555   0.035758649370264   0
0.0830644012314465   0.0958566439507825   -0.0200192804307543   -0.0190570375392358   0
0.0831384947468083   0.10357952483465   7.409351536182e-05   0.00772288088386713   0
0.103142089151841   0.111455717772766   0.0200035944050323   0.00787619293811624   0
0.139564848890299   0.118923930717092   0.0364227597384579   0.00746821294432656   0
0.168634239169995   0.146044140987536   0.0290693902796961   0.0271202102704436   0
0.158901036355673   0.138280683030817   -0.00973320281432205   -0.00776345795671859   0
0.143388000740026   0.14195196504079   -0.0155130356156462   0.00367128200997213   0
0.112272947130284   0.128226946581189   -0.0311150536097428   -0.0137250184596001   0
0.149014656830726   0.192182222477735   0.0367417097004424   0.0639552758965452   0
0.140137874510317   0.181412483353359   -0.00887678232040934   -0.0107697391243761   0
0.163958547441763   0.187201250673866   0.0238206729314468   0.00578876732050695   0
0.17070520949456   0.188995679922078   0.00674666205279664   0.00179442924821246   0
0.201685124404178   0.213164123009516   0.0309799149096181   0.0241684430874383   0
0.192844747776534   0.2035229603019   -0.00884037662764442   -0.0096411627076162   0
0.182867796993809   0.215271506416785   -0.00997695078272484   0.0117485461148848   0
0.200290378693719   0.223133110884955   0.0174225816999106   0.00786160446817027   0
0.219184856283141   0.232880844760639   0.0188944775894212   0.0097477338756834   0
0.2339509492345   0.271647543670732   0.0147660929513591   0.0387666989100938   0
0.169206610145037   0.232478558947664   -0.0647443390894631   -0.0391689847230684   0
0.0696620190419504   0.0543135768834479   -0.0995445911030863   -0.178164982064216   0
0.0983253791486291   0.098792881636866   0.0286633601066788   0.0444793047534181   0
0.120216580765414   0.139523770057501   0.021891201616785   0.0407308884206349   0
0.119143873675553   0.125568773178685   -0.00107270708986069   -0.0139549968788155   0
0.180623863091434   0.179771827505073   0.061479989415881   0.0542030543263875   0
0.202559394211763   0.200590394198855   0.0219355311203286   0.0208185666937822   0
0.189361488211151   0.205952248955983   -0.0131979060006122   0.00536185475712811   0
0.177014636278804   0.220256571592061   -0.0123468519323464   0.0143043226360776   0
0.135468620669754   0.179683807098378   -0.0415460156090506   -0.0405727644936831   0
0.184958379676561   0.199672916658736   0.0494897590068072   0.0199891095603585   0
0.240421154683679   0.233745428539685   0.0554627750071181   0.0340725118809486   0
0.249970960859297   0.25993749821577   0.00954980617561821   0.0261920696760852   0
0.23625280545959   0.260600059071939   -0.0137181553997076   0.000662560856169225   0
0.257165182871689   0.215424938729015   0.0209123774120993   -0.0451751203429245   0
0.285374312382983   0.247247534766592   0.0282091295112937   0.0318225960375773   0
0.256674995405127   0.256250156521841   -0.0286993169778562   0.00900262175524852   0
0.250881046486655   0.256238741099904   -0.00579394891847185   -1.14154219363338e-05   0
0.28321571674419   0.273531071728204   0.0323346702575351   0.0172923306282994   0
0.310659122915792   0.315013495921377   0.027443406171602   0.0414824241931732   0
0.267829221346549   0.282706819208848   -0.0428299015692433   -0.0323066767125287   0
0.25859412394565   0.279486995040882   -0.00923509740089884   -0.00321982416796623   0
0.260148651558184   0.272752327879098   0.00155452761253394   -0.00673466716178406   0
0.265782107276485   0.276017633538895   0.00563345571830165   0.00326530565979749   0
0.279021118759339   0.300317630622626   0.0132390114828532   0.0242999970837303   0
0.252729322498341   0.27326062128221   -0.0262917962609974   -0.0270570093404152   0
0.248675549604464   0.260301923378321   -0.00405377289387765   -0.0129586979038891   0
0.270328582961209   0.280205378425787   0.0216530333567457   0.0199034550474654   0
0.250859884652198   0.276173193969856   -0.0194686983090117   -0.00403218445593123   0
0.227030649195848   0.260799058037333   -0.0238292354563494   -0.0153741359325222   0
0.274485886923233   0.290805833723309   0.0474552377273847   0.0300067756859762   0
0.281303723167084   0.296109910642804   0.00681783624385102   0.0053040769194943   0
0.296208110193448   0.300691757811845   0.014904387026364   0.00458184716904153   0
0.283946622225825   0.296013377284629   -0.0122614879676233   -0.00467838052721614   0
0.253846657716957   0.260678578788885   -0.0300999645088679   -0.0353347984957443   0
0.307791766140794   0.305975826081204   0.0539451084238377   0.0452972472923192   0
0.286408419091629   0.301343142681095   -0.0213833470491649   -0.00463268340010869   0
0.296915792170284   0.336986712931633   0.0105073730786551   0.0356435702505379   0
0.284301935520306   0.31187093619602   -0.0126138566499789   -0.0251157767356132   0
0.272128564830479   0.302852763078929   -0.0121733706898266   -0.00901817311709086   0
0.269302780515188   0.298206312465786   -0.00282578431529107   -0.00464645061314334   0
0.272125544750661   0.297491044713678   0.00282276423547279   -0.000715267752107507   0
0.234675851280026   0.275387482686271   -0.0374496934706346   -0.0221035620274069   0
0.290614554125029   0.306727826992696   0.0559387028450029   0.0313403443064245   0
0.289619155784346   0.303171633503546   -0.000995398340682796   -0.00355619348915009   0
0.258332234561748   0.309830107967792   -0.0312869212225985   0.00665847446424622   0
0.304751223923371   0.346263191774075   0.0464189893616234   0.0364330838062826   0
0.290733902739925   0.359030126073449   -0.014017321183446   0.0127669342993748   0
0.28848890282629   0.317856026235743   -0.00224499991363469   -0.0411740998377061   0
0.338958708260773   0.326751682741734   0.0504698054344826   0.00889565650599078   0
