0   0   0   0   0
0.0233845341882545   0.0183251750469174   0.0233845341882545   0.0183251750469174   0
0.0204024977682092   0.0154728856571769   -0.00298203642004534   -0.00285228938974046   0
0.0433645309809682   0.0123774070972071   0.022962033212759   -0.00309547855996976   0
0.0197944542641387   0.0337712520239781   -0.0235700767168295   0.021393844926771   0
0.0321592160890359   0.0221608077914403   0.0123647618248972   -0.0116104442325378   0
0.0394480518394696   0.0264824054624111   0.00728883575043376   0.00432159767097076   0
0.0379207452651162   0.0531557858801251   -0.0015273065743534   0.026673380417714   0
0.0504719911298711   0.0653872267412659   0.0125512458647548   0.0122314408611408   0
0.0303626830772526   0.0906548955784417   -0.0201093080526184   0.0252676688371758   0
0.0827707002165013   0.134722589772693   0.0524080171392487   0.0440676941942517   0
0.100297953369767   0.188703377408728   0.017527253153266   0.0539807876360351   0
0.137599097808761   0.161806607531301   0.0373011444389932   -0.0268967698774276   0
0.12663177834555   0.22352957195967   -0.0109673194632101   0.0617229644283691   0
0.143191609959538   0.217701904572131   0.0165598316139874   -0.00582766738753934   0
0.133784013655741   0.240426548540739   -0.00940759630379714   0.0227246439686082   0
0.127890499621521   0.226345523731433   -0.00589351403421934   -0.0140810248093053   0
0.130740423517383   0.249361909237636   0.00284992389586144   0.0230163855062027   0
0.0906315473033266   0.218799587407595   -0.0401088762140561   -0.0305623218300411   0
0.108678348234787   0.256852826255542   0.0180468009314603   0.0380532388479466   0
0.107740819146759   0.249306405216746   -0.000937529088028105   -0.00754642103879599   0
0.142321869753503   0.275750359409572   0.0345810506067442   0.0264439541928262   0
0.120802903768795   0.259429765768482   -0.0215189659847081   -0.0163205936410896   0
0.128136610740662   0.251410648512151   0.00733370697186718   -0.00801911725633131   0
0.16392090660523   0.29235357764078   0.0357842958645676   0.0409429291286294   0
0.153478915271696   0.260730458144929   -0.010441991333534   -0.0316231194958516   0
0.138328846294756   0.260096622945179   -0.0151500689769398   -0.000633835199749522   0
0.16443781384886   0.250178517478749   0.0261089675541045   -0.00991810546643035   0
0.168660738022833   0.239127893840471   0.00422292417397291   -0.011050623638278   0
0.183263268954559   0.248820402542582   0.0146025309317252   0.00969250870211122   0
0.145551912508142   0.233684426593863   -0.0377113564464169   -0.0151359759487193   0
0.140785198424835   0.252420698416313   -0.00476671408330659   0.0187362718224505   0
0.151313319993716   0.285622204292324   0.0105281215688811   0.0332015058760109   0
0.155909189253638   0.282806657159528   0.0045958692599222   -0.00281554713279636   0
0.0996680812082327   0.256936789550411   -0.0562411080454055   -0.0258698676091165   0
0.0867623740204119   0.26902414689391   -0.0129057071878208   0.0120873573434991   0
0.0860098524353824   0.284387359818684   -0.000752521585029545   0.0153632129247738   0
0.0875081867792579   0.274856779345334   0.00149833434387549   -0.00953058047334976   0
0.10124107842469   0.268768876795361   0.0137328916454319   -0.0060879025499731   0
0.0692497826985443   0.260324228988738   -0.0319912957261455   -0.00844464780662352   0
0.0760263349531668   0.262572093267223   0.00677655225462255   0.00224786427848522   0
0.10375589923521   0.308508725939036   0.0277295642820434   0.045936632671813   0
0.0933503868478536   0.308603712139511   -0.0104055123873566   9.49862004746005e-05   0
0.121667202000068   0.332103808093412   0.0283168151522141   0.0235000959539015   0
0.104931389981506   0.299661559610415   -0.0167358120185617   -0.032442248482997   0
0.116458722979684   0.321564866364426   0.0115273329981782   0.0219033067540108   0
0.101455379436481   0.32903191523529   -0.0150033435432031   0.00746704887086419   0
0.0943924859671622   0.313924776238089   -0.00706289346931889   -0.0151071389972006   0
0.102120322605624   0.355596220031435   0.00772783663846177   0.0416714437933452   0
0.0857684251559959   0.326616214965316   -0.0163518974496281   -0.0289800050661191   0
0.0757243168563911   0.357263632266029   -0.0100441082996048   0.0306474173007139   0
0.0662959000108652   0.338036028595974   -0.00942841684552594   -0.0192276036700549   0
0.0975947293906921   0.369066802335214   0.0312988293798269   0.0310307737392396   0
0.0850393678283776   0.337433960303412   -0.0125553615623146   -0.0316328420318022   0
0.075755724089233   0.343267007161732   -0.00928364373914457   0.00583304685832053   0
0.0945482486697656   0.371978934826095   0.0187925245805326   0.0287119276643626   0
0.0766789446715595   0.381909172655498   -0.0178693039982061   0.00993023782940283   0
0.0860039625470259   0.394747721017655   0.00932501787546638   0.0128385483621566   0
0.0714802388821476   0.367881138740263   -0.0145237236648783   -0.0268665822773913   0
0.0752915212300622   0.366189268692184   0.00381128234791459   -0.00169187004807947   0
0.115151126131921   0.40112447268057   0.0398596049018591   0.034935203988386   0
0.0893069467206254   0.381194414801321   -0.0258441794112958   -0.0199300578792483   0
0.103353168491624   0.400818452810532   0.0140462217709982   0.0196240380092104   0
0.0844393771961481   0.376508971154432   -0.0189137912954755   -0.0243094816560998   0
0.108467194553638   0.414572266518649   0.0240278173574902   0.0380632953642174   0
0.114296969822421   0.408139957667414   0.00582977526878246   -0.00643230885123541   0
0.0984362342297674   0.412573408748447   -0.0158607355926534   0.00443345108103338   0
0.132843366489208   0.425616563411258   0.0344071322594402   0.0130431546628108   0
0.1185755470784   0.379293161092446   -0.014267819410808   -0.0463234023188118   0
0.187375386685722   0.407046758460721   0.0687998396073223   0.0277535973682744   0
0.245292197307075   0.414109887005367   0.0579168106213533   0.00706312854464614   0
0.230978417302006   0.359578925485592   -0.0143137800050693   -0.0545309615197744   0
