1.1103129e-14   3.85937573141981e-32   0   0   0
0.0322408169056024   0.0234713886812717   0.0322408169055913   0.0234713886812717   0
0.0210922263871717   0.0221819273735492   -0.0111485905184307   -0.00128946130772255   0
0.105964042562378   0.0632799044915104   0.0848718161752064   0.0410979771179613   0
0.0391452664133437   0.136856923522751   -0.0668187761490344   0.0735770190312405   0
0.0779335952598908   0.167328412985897   0.0387883288465471   0.030471489463146   0
0.0340815961560326   0.176899491934989   -0.0438519991038582   0.00957107894909234   0
0.0530596270784823   0.248312753803619   0.0189780309224497   0.0714132618686296   0
0.088533490963035   0.21381099224334   0.0354738638845527   -0.0345017615602793   0
0.11022066948671   0.29840815195282   0.0216871785236752   0.0845971597094808   0
0.140675624861026   0.346872396676582   0.0304549553743157   0.0484642447237619   0
0.193868014944098   0.348311613279509   0.0531923900830722   0.00143921660292723   0
0.182470654990566   0.396765955260964   -0.0113973599535317   0.0484543419814541   0
0.139242914671033   0.306563449023462   -0.0432277403195333   -0.0902025062375015   0
0.042182735503054   0.259727181710362   -0.0970601791679791   -0.0468362673130998   0
0.116126621654184   0.277039995793163   0.0739438861511298   0.0173128140828007   0
0.177460532018807   0.356338116128369   0.0613339103646234   0.0792981203352058   0
0.251324938781104   0.478667162317495   0.0738644067622971   0.122329046189126   0
0.207751326965678   0.435702817810631   -0.0435736118154268   -0.0429643445068639   0
0.148489001195339   0.498604334466403   -0.0592623257703385   0.0629015166557716   0
0.0425571854602827   0.500274416806151   -0.105931815735056   0.00167008233974802   0
0.117925414546837   0.475379276556024   0.0753682290865545   -0.0248951402501263   0
0.0860198227619643   0.495614988333801   -0.0319055917848729   0.0202357117777766   0
0.0914540714925906   0.517041823681675   0.00543424873062626   0.0214268353478738   0
0.068464103082756   0.472162351996076   -0.0229899684098346   -0.0448794716855992   0
0.111471311987512   0.513702473437978   0.0430072089047565   0.0415401214419024   0
0.0413229224422558   0.513580848420348   -0.0701483895452567   -0.00012162501762969   0
0.151857016289989   0.553729054389872   0.110534093847734   0.0401482059695237   0
0.0615040848206505   0.571362163549284   -0.0903529314693389   0.0176331091594119   0
0.0686525711517292   0.583255970169676   0.00714848633107868   0.0118938066203925   0
0.141058086002873   0.585156681166436   0.0724055148511438   0.00190071099675959   0
0.0396800292151188   0.524015351089788   -0.101378056787754   -0.0611413300766482   0
0.055092417175726   0.535291609533154   0.0154123879606072   0.0112762584433663   0
0.0910838428368812   0.491489823514417   0.0359914256611552   -0.0438017860187372   0
0.0532469728672288   0.484747890000168   -0.0378368699696524   -0.00674193351424873   0
0.0707228814771504   0.514323417160375   0.0174759086099216   0.0295755271602071   0
0.0225045291966124   0.503397220142321   -0.048218352280538   -0.0109261970180545   0
0.108619219914147   0.463636604532017   0.0861146907175345   -0.0397606156103036   0
0.128279485092673   0.564487384696572   0.019660265178526   0.100850780164555   0
0.137442296586806   0.574299172972613   0.0091628114941332   0.00981178827604057   0
0.177194142401534   0.609684977352481   0.0397518458147279   0.0353858043798678   0
0.0800531584547935   0.580435708557597   -0.0971409839467405   -0.029249268794884   0
0.0819727600797552   0.590971989408886   0.0019196016249617   0.0105362808512895   0
0.235682379043856   0.652182907510003   0.153709618964101   0.0612109181011165   0
0.154098344485316   0.570901210613979   -0.0815840345585404   -0.0812816968960239   0
0.0794277903021974   0.540332769578633   -0.0746705541831186   -0.0305684410353457   0
0.107663386672229   0.564682678446608   0.0282355963700315   0.0243499088679747   0
0.064602331980207   0.532999466413351   -0.043061054692022   -0.0316832120332571   0
0.17823882366089   0.615128505732599   0.113636491680683   0.0821290393192488   0
0.197500035422293   0.644633493673482   0.0192612117614026   0.0295049879408822   0
0.223708808906087   0.625673446362804   0.0262087734837942   -0.0189600473106772   0
0.169881590584735   0.595561945737044   -0.0538272183213523   -0.03011150062576   0
0.162090249128218   0.631659164504858   -0.00779134145651753   0.0360972187678141   0
0.279539775734394   0.798830511036876   0.117449526606177   0.167171346532018   0
0.345519390666538   0.928320494748818   0.0659796149321438   0.129489983711942   0
0.294266858041728   0.972656797665328   -0.0512525326248101   0.0443363029165096   0
0.249121283787555   1.02265125738371   -0.0451455742541732   0.0499944597183821   0
0.287128906765853   0.9574651573584   0.0380076229782986   -0.0651861000253096   0
0.288284170338162   0.972649386492233   0.00115526357230827   0.015184229133833   0
0.333403517615489   0.999250284511539   0.0451193472773276   0.0266008980193063   0
0.270868986984029   1.00839500689358   -0.0625345306314606   0.00914472238204289   0
0.225628503342229   0.951349688737224   -0.0452404836417999   -0.057045318156358   0
0.189162618324075   0.932399764054925   -0.0364658850181541   -0.0189499246822989   0
0.260885315298699   0.989303989058959   0.0717226969746242   0.0569042250040335   0
0.236105755809627   0.987831311694624   -0.0247795594890715   -0.00147267736433521   0
0.280414539681741   1.0197690955268   0.0443087838721133   0.0319377838321742   0
0.253760905394008   0.973452956879673   -0.026653634287733   -0.0463161386471251   0
0.206290642758851   0.93809192867324   -0.0474702626351566   -0.0353610282064328   0
0.181018981318794   0.945251681839377   -0.0252716614400573   0.00715975316613771   0
0.260505482055388   1.02320667896119   0.0794865007365941   0.0779549971218088   0
0.350019164384817   1.06527010353065   0.0895136823294286   0.0420634245694629   0
0.269565728305709   1.01990615773996   -0.0804534360791073   -0.0453639457906887   0
0.258385175191021   1.04980340664385   -0.0111805531146885   0.0298972489038873   0
0.484663064638263   1.03176661069625   0.226277889447242   -0.0180367959476   0
1.42508254469446   0.508183589660926   0.940419480056193   -0.523583021035322   0
1.59743417164715   0.6041738660144   0.17235162695269   0.0959902763534741   0
1.4961038077124   0.709267674739747   -0.101330363934744   0.105093808725347   0
1.16084895459802   0.495447522016782   -0.335254853114384   -0.213820152722965   0
