0   0   0   0   0
0.0563909767935684   0.0651512105935091   0.0563909767935684   0.0651512105935091   0
0.0633137889842203   0.0524204208369815   0.00692281219065195   -0.0127307897565276   0
0.0751815833532595   0.0666671795844939   0.0118677943690391   0.0142467587475124   0
0.0583057496919883   0.0474006946372452   -0.0168758336612712   -0.0192664849472487   0
0.047444936901236   0.0485216188924903   -0.0108608127907522   0.00112092425524507   0
0.0388313864134385   0.055147256682697   -0.00861355048779758   0.00662563779020676   0
0.0237676004947562   0.0289018407528815   -0.0150637859186823   -0.0262454159298155   0
0.0393819425793274   0.0611989516797008   0.0156143420845712   0.0322971109268193   0
0.0679163289091157   0.0963129418403684   0.0285343863297884   0.0351139901606676   0
0.0951601605225026   0.116910788495896   0.0272438316133869   0.0205978466555271   0
0.151237718113325   0.221980198620338   0.0560775575908223   0.105069410124442   0
0.0387431938834291   0.123383864544927   -0.112494524229896   -0.0985963340754108   0
0.0523224244380219   0.117034892713476   0.0135792305545928   -0.00634897183145079   0
0.0428783742651089   0.130682125228871   -0.00944405017291298   0.0136472325153951   0
0.201090944367179   0.112245738976229   0.15821257010207   -0.0184363862526424   0
0.249662131426441   0.107910867162445   0.0485711870592619   -0.00433487181378392   0
0.153689650355371   0.109302873704996   -0.0959724810710706   0.00139200654255099   0
0.0952880286544309   0.113551973483235   -0.0584016217009396   0.00424909977823928   0
0.115198807208789   0.0868821944526907   0.0199107785543585   -0.0266697790305443   0
0.106136933337636   0.0599639948149142   -0.00906187387115376   -0.0269181996377764   0
0.103267020831721   0.0820449072155538   -0.00286991250591477   0.0220809124006395   0
0.0590091989482643   0.123679203238471   -0.0442578218834566   0.0416342960229173   0
0.0483847709410967   0.134071346572636   -0.0106244280071677   0.0103921433341651   0
0.0664395595513042   0.131743856575673   0.0180547886102076   -0.00232748999696311   0
0.0678506519642299   0.152423805949493   0.00141109241292567   0.0206799493738199   0
0.0663081779391458   0.12930324675   -0.00154247402508412   -0.0231205591994932   0
0.0727335138084667   0.139444866424889   0.00642533586932088   0.0101416196748893   0
0.0850436678365224   0.143101844916991   0.0123101540280557   0.00365697849210173   0
0.10226973223325   0.152591263690003   0.0172260643967279   0.00948941877301196   0
0.136350346721333   0.165660348902486   0.0340806144880824   0.0130690852124831   0
0.114195030232966   0.180345409162921   -0.0221553164883663   0.0146850602604349   0
0.0810184639095856   0.185496935126863   -0.0331765663233808   0.00515152596394255   0
0.0831826403986459   0.190666231976252   0.00216417648906027   0.00516929684938866   0
0.103640188034407   0.150449678893789   0.0204575476357614   -0.0402165530824632   0
0.0999882674569679   0.152782110145196   -0.00365192057743936   0.00233243125140709   0
0.0814085987212488   0.152621752036734   -0.0185796687357191   -0.000160358108461545   0
0.0738373567847812   0.146845800710095   -0.0075712419364676   -0.00577595132663916   0
0.128018626899179   0.137767362572351   0.0541812701143978   -0.00907843813774448   0
0.139261304602254   0.153181559496551   0.0112426777030753   0.0154141969242002   0
0.131039224150183   0.16907082124236   -0.00822208045207146   0.0158892617458089   0
0.128985360350356   0.164431843518742   -0.00205386379982636   -0.00463897772361804   0
0.131522016275759   0.157552631146205   0.00253665592540284   -0.00687921237253669   0
0.129218643146375   0.165851983158008   -0.00230337312938383   0.00829935201180354   0
0.0976348343817296   0.19715795661615   -0.0315838087646459   0.0313059734581418   0
0.0969101584897305   0.193277985412374   -0.00072467589199908   -0.00387997120377626   0
0.037428306608526   0.264852580200409   -0.0594818518812045   0.0715745947880345   0
0.0462710968073531   0.286139420496484   0.00884279019882708   0.0212868402960755   0
0.0711917812103712   0.274974735099694   0.0249206844030181   -0.0111646853967904   0
0.0680985357494302   0.270629862065705   -0.00309324546094102   -0.00434487303398839   0
0.0486039551385727   0.257424670638174   -0.0194945806108575   -0.0132051914275316   0
0.0320331758563034   0.24054227005272   -0.0165707792822693   -0.0168824005854539   0
0.050510110811509   0.246499403924372   0.0184769349552056   0.00595713387165259   0
0.0433932245489918   0.2379507870166   -0.00711688626251725   -0.00854861690777245   0
0.0181800021209808   0.241233344944839   -0.025213222428011   0.00328255792823945   0
0.0156503643771613   0.234058040169682   -0.00252963774381945   -0.00717530477515776   0
0.0357655106692957   0.244233791917631   0.0201151462921343   0.0101757517479499   0
0.0369961845129115   0.263573579556899   0.0012306738436158   0.0193397876392673   0
0.0559953675628839   0.240283531416833   0.0189991830499724   -0.0232900481400662   0
0.0436039643973522   0.257234597815734   -0.0123914031655316   0.016951066398901   0
0.0209846810737634   0.22275033548121   -0.0226192833235889   -0.0344842623345234   0
0.053266900818764   0.213196511203729   0.0322822197450006   -0.00955382427748125   0
0.0271430683597415   0.211945882143163   -0.0261238324590225   -0.00125062906056586   0
0.0350632416217955   0.194459633661891   0.00792017326205401   -0.0174862484812725   0
