0   0   0   0   0
0.0420302171933822   0.046149184303545   0.0420302171933822   0.046149184303545   0
0.0485663769326132   0.049467904698063   0.00653615973923094   0.00331872039451798   0
0.0219608174964237   0.0391257510456299   -0.0266055594361895   -0.0103421536524331   0
0.0920324258259787   0.0327974236560225   0.070071608329555   -0.00632832738960741   0
0.0888167976546186   0.0512201086108638   -0.00321562817136005   0.0184226849548414   0
0.100410450954406   0.0556792094274575   0.0115936532997872   0.00445910081659362   0
0.0869738926272323   0.107529244331403   -0.0134365583271736   0.0518500349039454   0
0.140142116739645   0.123294771785181   0.0531682241124124   0.0157655274537781   0
0.139687832417379   0.118996102245761   -0.000454284322265269   -0.0042986695394204   0
0.373495339869754   0.10398434163951   0.233807507452375   -0.0150117606062507   0
0.341459472013451   0.152964186129214   -0.0320358678563032   0.0489798444897045   0
0.320965295080122   0.17478600529883   -0.0204941769333294   0.0218218191696156   0
0.306800370535111   0.164247541418664   -0.0141649245450111   -0.0105384638801663   0
0.30062524120488   0.194943080191201   -0.00617512933023057   0.0306955387725375   0
0.344190494851285   0.189880698392376   0.0435652536464051   -0.0050623817988249   0
0.413588993298988   0.182652184645101   0.0693984984477027   -0.00722851374727523   0
0.335438130517672   0.192545833122202   -0.0781508627813153   0.00989364847710064   0
0.310538114338186   0.174924990885618   -0.0249000161794866   -0.0176208422365838   0
0.327085199847392   0.199482060745666   0.016547085509206   0.0245570698600479   0
0.313301229763053   0.211362953420779   -0.0137839700843386   0.0118808926751138   0
0.340847561367615   0.238915186340227   0.0275463316045619   0.0275522329194478   0
0.354344795637078   0.216009959487458   0.013497234269463   -0.0229052268527688   0
0.305981935750091   0.272388199351475   -0.0483628598869867   0.0563782398640167   0
0.300224203715783   0.254569994181691   -0.00575773203430802   -0.0178182051697842   0
0.28524007526106   0.274792618577883   -0.0149841284547236   0.0202226243961917   0
0.331628656772963   0.270343447841662   0.0463885815119036   -0.00444917073622098   0
0.328016307514473   0.268596095318875   -0.0036123492584903   -0.00174735252278718   0
0.425119308459687   0.186696123404864   0.0971030009452141   -0.0818999719140109   0
0.389277095953272   0.221473532451737   -0.0358422125064153   0.0347774090468731   0
0.331488793302472   0.267220445701522   -0.0577883026507994   0.0457469132497853   0
0.311732224048027   0.252574396285669   -0.019756569254445   -0.0146460494158528   0
0.237665228203535   0.286474477629802   -0.0740669958444928   0.0339000813441328   0
0.16814480619968   0.299916276220271   -0.0695204220038545   0.0134417985904693   0
0.211039790584642   0.306398266362975   0.0428949843849618   0.00648199014270373   0
0.240064539726184   0.306324705435511   0.0290247491415422   -7.3560927463856e-05   0
0.269024089198094   0.30113648710675   0.0289595494719102   -0.00518821832876126   0
0.291126054763463   0.282442766030134   0.0221019655653686   -0.0186937210766162   0
0.310506840343773   0.263470115884764   0.0193807855803099   -0.0189726501453699   0
0.303003223374737   0.303105495710093   -0.00750361696903573   0.0396353798253294   0
0.286016878556408   0.320821584599288   -0.0169863448183288   0.017716088889195   0
0.311130632237783   0.327707110347576   0.0251137536813746   0.00688552574828777   0
0.296677894859526   0.315979827835855   -0.0144527373782573   -0.0117272825117207   0
0.294202065862909   0.299019543760831   -0.00247582899661686   -0.0169602840750245   0
0.293742807156149   0.345667815554095   -0.000459258706759447   0.0466482717932643   0
0.343962857546266   0.326015571765948   0.050220050390117   -0.0196522437881468   0
0.189938650933383   0.399645462532299   -0.154024206612883   0.0736298907663503   0
0.20929004743176   0.394717521575952   0.0193513964983766   -0.00492794095634652   0
0.176216449038442   0.443398160869723   -0.033073598393318   0.0486806392937707   0
0.198875818957766   0.435259655642011   0.022659369919324   -0.0081385052277122   0
0.138893111568051   0.429391304971697   -0.0599827073897153   -0.00586835067031327   0
0.156729641076651   0.418761464769658   0.0178365295085999   -0.0106298402020398   0
0.147629429599546   0.436550741539384   -0.00910021147710438   0.017789276769726   0
0.146009489121621   0.418109951599965   -0.00161994047792577   -0.018440789939419   0
0.138804191670158   0.433097733843829   -0.00720529745146245   0.0149877822438646   0
0.155171178224816   0.448391001141222   0.0163669865546579   0.0152932672973931   0
0.152628582967124   0.45624703166866   -0.0025425952576924   0.00785603052743788   0
0.170913700898485   0.467948075311724   0.0182851179313613   0.0117010436430638   0
0.184142058812577   0.439494604719464   0.0132283579140924   -0.02845347059226   0
0.209982723396491   0.431735733704679   0.0258406645839132   -0.0077588710147849   0
0.171883687394044   0.438930050683181   -0.0380990360024467   0.00719431697850187   0
0.179359093271223   0.46137381542042   0.00747540587717915   0.0224437647372391   0
0.204799908268912   0.474974381203146   0.0254408149976894   0.013600565782726   0
0.203187778922179   0.487831069966516   -0.00161212934673335   0.01285668876337   0
0.222439262045579   0.47442850449544   0.0192514831234003   -0.0134025654710764   0
0.221393304072356   0.474028137059607   -0.00104595797322379   -0.000400367435832549   0
0.256831063159921   0.48097627674445   0.0354377590875654   0.00694813968484326   0
0.245241318678144   0.491276361813083   -0.0115897444817771   0.0103000850686329   0
0.238843214831139   0.508874003721849   -0.00639810384700454   0.0175976419087653   0
0.261277516903226   0.498824459229384   0.0224343020720864   -0.0100495444924649   0
0.256683764409237   0.512163640283938   -0.00459375249398897   0.0133391810545547   0
0.262261399995388   0.475257410032103   0.0055776355861511   -0.0369062302518354   0
0.236879967651208   0.499391178161417   -0.0253814323441802   0.0241337681293142   0
0.203454852491608   0.530894005570808   -0.0334251151595998   0.0315028274093909   0
0.127489055083717   0.570367694587502   -0.0759657974078909   0.0394736890166945   0
0.148439084296135   0.550084940265941   0.0209500292124178   -0.0202827543215619   0
0.132216752986719   0.526098247527813   -0.0162223313094156   -0.0239866927381275   0
0.137973311304208   0.494140680227906   0.00575655831748864   -0.0319575672999075   0
0.157951575456883   0.475661493036019   0.0199782641526751   -0.0184791871918864   0
