0   0   0   0   0
0.031876045739929   0.0271025288566705   0.031876045739929   0.0271025288566705   0
0.0390023015628421   0.0600229477880014   0.00712625582291304   0.0329204189313309   0
0.0477983281347705   0.0449081119464093   0.00879602657192846   -0.0151148358415921   0
0.0430245327310302   0.0401356001717548   -0.0047737954037403   -0.0047725117746545   0
0.044307307026714   0.0605331088857282   0.00128277429568379   0.0203975087139734   0
0.0324465188794292   0.0245039315721059   -0.0118607881472848   -0.0360291773136223   0
0.0256924704046717   0.0384462431636167   -0.00675404847475755   0.0139423115915108   0
0.0122640209476125   0.0337940699314067   -0.0134284494570592   -0.00465217323220997   0
0.0518690590485675   0.0601005862831107   0.039605038100955   0.026306516351704   0
0.077983047902433   0.108605248423049   0.0261139888538654   0.0485046621399383   0
0.154074890231909   0.159372962424996   0.0760918423294757   0.0507677140019472   0
0.1711220878056   0.162814875118796   0.0170471975736912   0.00344191269379965   0
0.149707333316774   0.162145009405426   -0.021414754488826   -0.000669865713370327   0
0.186555907019362   0.208599388656225   0.0368485737025885   0.0464543792507994   0
0.19456420528684   0.217712358774729   0.00800829826747732   0.00911297011850379   0
0.248219211034983   0.243344866414639   0.053655005748143   0.0256325076399106   0
0.249924818198106   0.267793520948379   0.00170560716312304   0.0244486545337394   0
0.273204061853384   0.30720445536678   0.0232792436552784   0.0394109344184014   0
0.317505053577229   0.323036020598191   0.0443009917238448   0.0158315652314105   0
0.335270988810392   0.328382933020609   0.0177659352331631   0.00534691242241847   0
0.29271505534772   0.322479741319005   -0.0425559334626724   -0.00590319170160425   0
0.350913316917559   0.348861497646101   0.0581982615698394   0.0263817563270964   0
0.353607808088489   0.357238950417581   0.00269449117092957   0.00837745277147989   0
0.326304271782737   0.345993932209774   -0.0273035363057516   -0.0112450182078074   0
0.317769345937836   0.350078681660726   -0.00853492584490062   0.00408474945095211   0
0.360370823766814   0.358955773214946   0.0426014778289772   0.00887709155422056   0
0.372614613533719   0.365255792926415   0.0122437897669059   0.00630001971146871   0
0.338498488057813   0.35469090947933   -0.0341161254759066   -0.0105648834470848   0
0.351896925287577   0.373435534653922   0.0133984372297642   0.018744625174592   0
0.377638817886467   0.365619053919786   0.0257418925988897   -0.00781648073413677   0
0.349431251662867   0.365782214722769   -0.0282075662235994   0.000163160802982953   0
0.33654220974685   0.374950881677282   -0.012889041916017   0.00916866695451357   0
0.386865073110746   0.374966991826891   0.0503228633638953   1.61101496091165e-05   0
0.403023585749014   0.394485222169776   0.0161585126382687   0.0195182303428848   0
0.381106228590863   0.38327427982322   -0.0219173571581517   -0.0112109423465556   0
0.38750021563368   0.409703209722396   0.00639398704281713   0.0264289298991758   0
0.418728521093291   0.411860883492657   0.0312283054596115   0.0021576737702606   0
0.413166886406552   0.413363262296945   -0.00556163468673959   0.0015023788042885   0
0.403910344668279   0.41887375817493   -0.00925654173827267   0.00551049587798486   0
0.432233159122027   0.432097853464233   0.0283228144537485   0.013224095289303   0
0.46938647108423   0.433239238548277   0.0371533119622025   0.00114138508404427   0
0.432285257174803   0.430498766059226   -0.0371012139094269   -0.00274047248905163   0
0.443456961201075   0.452476508704826   0.011171704026272   0.0219777426456007   0
0.498145659195931   0.467724163955255   0.0546886979948559   0.0152476552504284   0
0.44508263046678   0.449300748220324   -0.0530630287291511   -0.018423415734931   0
0.419768624502382   0.45178259543234   -0.0253140059643979   0.0024818472120165   0
0.471760801168516   0.445454097095035   0.0519921766661346   -0.00632849833730548   0
0.447354401988733   0.442910228150119   -0.0244063991797833   -0.00254386894491554   0
0.451632471635512   0.46134915956519   0.00427806964677885   0.0184389314150707   0
0.471878558465901   0.471439512603077   0.0202460868303885   0.0100903530378876   0
0.450598272477269   0.4555323703766   -0.0212802859886311   -0.0159071422264778   0
0.472994933217554   0.464023512512436   0.0223966607402841   0.00849114213583668   0
0.44734451557996   0.461923183777066   -0.0256504176375932   -0.0021003287353703   0
0.485644492085239   0.493790345846118   0.0382999765052787   0.0318671620690522   0
0.495215718904603   0.467711503212964   0.00957122681936406   -0.0260788426331538   0
0.502274864003231   0.473207653008388   0.00705914509862748   0.00549614979542329   0
0.466856091278887   0.47199351573536   -0.0354187727243436   -0.00121413727302816   0
0.512296494649891   0.493957082822051   0.045440403371004   0.0219635670866917   0
0.500219412437424   0.485737362236698   -0.0120770822124666   -0.0082197205853537   0
0.494057132028744   0.478958106148683   -0.00616228040868   -0.00677925608801411   0
0.476446809163061   0.492119988510895   -0.0176103228656829   0.0131618823622114   0
0.506904756274397   0.485454951913909   0.030457947111336   -0.00666503659698559   0
0.518268078914382   0.491651116713413   0.0113633226399849   0.00619616479950397   0
0.472309779917912   0.495500907838317   -0.0459582989964699   0.00384979112490341   0
0.508791368587118   0.494783442002524   0.0364815886692057   -0.00071746583579263   0
0.500548039540957   0.4934813081026   -0.0082433290461611   -0.00130213389992373   0
0.352814547498786   0.402728427501452   -0.147733492042171   -0.0907528806011479   0
0.381019831569354   0.426719182551486   0.0282052840705683   0.0239907550500336   0
0.365040391345289   0.424551685423158   -0.0159794402240659   -0.00216749712832764   0
0.429522978901152   0.425047498025898   0.0644825875558637   0.000495812602739898   0
0.41999646600882   0.441416290723489   -0.00952651289233203   0.0163687926975911   0
0.457368390343339   0.46657106220896   0.0373719243345189   0.0251547714854712   0
0.466777217665488   0.474578097089283   0.00940882732214887   0.00800703488032234   0
