1.0700199e-14   7.70372e-32   0   0   0
0.0614178720958624   0.0156391046416044   0.0614178720958517   0.0156391046416044   0
0.038422412193748   0.0394757456345309   -0.0229954599021143   0.0238366409929266   0
0.0573427610592244   0.130770437207001   0.0189203488654764   0.0912946915724699   0
0.0617144907011911   0.126537208212657   0.00437172964196669   -0.00423322899434389   0
0.0304428309636486   0.0569675396688599   -0.0312716597375425   -0.069569668543797   0
0.0486346165193699   0.127792610684334   0.0181917855557212   0.0708250710154739   0
0.0287097800475734   0.144175084937913   -0.0199248364717965   0.0163824742535791   0
0.0447731790932808   0.18283329180911   0.0160633990457074   0.0386582068711967   0
0.0728483895789931   0.152848061444335   0.0280752104857123   -0.0299852303647745   0
0.0507030597559559   0.108627680917432   -0.0221453298230372   -0.0442203805269035   0
0.0465467228085101   0.112161577330632   -0.00415633694744584   0.00353389641319987   0
0.0291422389985592   0.101332353213686   -0.0174044838099508   -0.0108292241169456   0
0.0347860196393213   0.103564991618091   0.00564378064076212   0.00223263840440535   0
0.0315609427174139   0.119463768333253   -0.00322507692190746   0.0158987767151617   0
0.0825913244525815   0.138549719075116   0.0510303817351676   0.019085950741863   0
0.0861424936414948   0.115947436996288   0.00355116918891335   -0.0226022820788278   0
0.0308279163272   0.0641227843864836   -0.0553145773142948   -0.0518246526098046   0
0.0593621125074206   0.0611316201164932   0.0285341961802206   -0.00299116426999035   0
0.0813615503253207   0.151153871735732   0.0219994378179   0.0900222516192392   0
0.0515834664814201   0.111338778794414   -0.0297780838439006   -0.0398150929413184   0
0.0844056551667166   0.108456852436257   0.0328221886852965   -0.00288192635815675   0
0.0806373880836759   0.0936498100106739   -0.00376826708304068   -0.0148070424255834   0
0.0304276097259466   0.0939911162635476   -0.0502097783577293   0.000341306252873694   0
0.0323589432022836   0.0884245570652387   0.00193133347633704   -0.00556655919830885   0
0.0119291459413821   0.0719160697504947   -0.0204297972609015   -0.016508487314744   0
0.0295604396743698   0.0668907259018405   0.0176312937329877   -0.00502534384865425   0
0.0727227605467651   0.120224657017667   0.0431623208723952   0.0533339311158268   0
0.133734584267355   0.189758497246287   0.0610118237205899   0.0695338402286199   0
0.109887875198371   0.170657655665458   -0.0238467090689841   -0.0191008415808288   0
0.0863000592979662   0.178979329384257   -0.0235878159004046   0.0083216737187983   0
0.104951581738248   0.254507909812977   0.0186515224402817   0.0755285804287204   0
0.0850474057700554   0.201327573866425   -0.0199041759681926   -0.0531803359465526   0
0.0652372771669084   0.183390177631147   -0.019810128603147   -0.0179373962352775   0
0.0306599004605807   0.202575111444301   -0.0345773767063277   0.0191849338131543   0
0.0593912282519707   0.228438974277776   0.02873132779139   0.0258638628334746   0
0.0439320073545533   0.238169118037611   -0.0154592208974175   0.00973014375983533   0
0.0337771256125016   0.250278985117386   -0.0101548817420517   0.0121098670797749   0
0.0492360051410929   0.216091568606603   0.0154588795285913   -0.0341874165107834   0
0.103780042288444   0.244021394139696   0.0545440371473508   0.0279298255330937   0
0.0646631623832703   0.291449519882207   -0.0391168799051734   0.047428125742511   0
0.0777901480533097   0.268105492940787   0.0131269856700394   -0.0233440269414204   0
0.0876224753219762   0.245641589848396   0.00983232726866641   -0.0224639030923908   0
0.0424751138158711   0.246417556238165   -0.0451473615061051   0.000775966389768901   0
0.0518528771861617   0.258556092691745   0.0093777633702906   0.0121385364535797   0
0.0844878573957198   0.27424104909302   0.0326349802095581   0.015684956401275   0
0.119298071874215   0.298673696143645   0.0348102144784947   0.0244326470506252   0
0.128417274075276   0.285517226676128   0.00911920220106113   -0.0131564694675167   0
0.125292988079807   0.265720005459788   -0.00312428599546907   -0.0197972212163403   0
0.162683412628682   0.292359767601015   0.0373904245488755   0.0266397621412267   0
0.175698463506525   0.307323189685143   0.0130150508778427   0.014963422084128   0
0.141418118458502   0.315386759243514   -0.0342803450480228   0.00806356955837162   0
0.102728013194261   0.29251625316725   -0.0386901052642406   -0.0228705060762642   0
0.143038785612064   0.242363830581636   0.0403107724178024   -0.0501524225856139   0
0.152369656041355   0.250445330515481   0.00933087042929115   0.0080814999338446   0
0.185031993071208   0.210631461116274   0.0326623370298531   -0.0398138693992073   0
0.233267148635183   0.181872345093815   0.0482351555639748   -0.028759116022459   0
0.177962473922203   0.175142502464517   -0.0553046747129795   -0.00672984262929788   0
0.187213079021452   0.226161969257698   0.00925060509924855   0.0510194667931815   0
0.192730897883718   0.218483641889398   0.00551781886226568   -0.00767832736830043   0
0.201691560341667   0.173675482028337   0.00896066245794935   -0.0448081598610612   0
0.184482201975646   0.209406152686032   -0.0172093583660206   0.0357306706576954   0
0.180040479769878   0.176281903185496   -0.00444172220576808   -0.0331242495005357   0
0.20786419117723   0.185560570985312   0.0278237114073514   0.00927866779981593   0
0.207529562589355   0.178773927395498   -0.000334628587875085   -0.00678664358981404   0
0.203583018787371   0.192784988949079   -0.00394654380198325   0.0140110615535807   0
0.226092920658414   0.227344691486864   0.0225099018710423   0.0345597025377852   0
0.248915119742918   0.226549528151128   0.0228221990845043   -0.000795163335735566   0
0.210446987916103   0.232127515637624   -0.0384681318268148   0.00557798748649535   0
0.224994651669413   0.27653824934292   0.0145476637533094   0.0444107337052967   0
0.237199486379115   0.23887225189875   0.0122048347097024   -0.0376659974441705   0
0.230524685695947   0.229890379908831   -0.00667480068316834   -0.00898187198991907   0
0.279823961705128   0.199591747128741   0.0492992760091814   -0.0302986327800903   0
0.293047164825457   0.185583429742175   0.0132232031203284   -0.0140083173865657   0
0.23412228246314   0.194116384437552   -0.0589248823623168   0.00853295469537693   0
0.195326212264488   0.19523273388207   -0.0387960701986519   0.00111634944451858   0
