0   0   0   0   0
0.187937406135395   0.117868961285815   0.187937406135395   0.117868961285815   0
0.18576491868058   0.105229957082753   -0.00217248745481446   -0.012639004203062   0
0.146372620243624   0.105138423393034   -0.039392298436956   -9.15336897192726e-05   0
0.130038139348182   0.100826817272147   -0.0163344808954424   -0.00431160612088635   0
0.169196998772661   0.133542860085655   0.0391588594244786   0.0327160428135078   0
0.132810191935145   0.126519954235722   -0.0363868068375153   -0.00702290584993362   0
0.118213976260544   0.114541311570734   -0.0145962156746014   -0.0119786426649874   0
0.143126728561537   0.107104213290561   0.0249127523009927   -0.00743709828017297   0
0.150584220697279   0.13901772809647   0.00745749213574204   0.0319135148059088   0
0.156997801795142   0.131327731886427   0.00641358109786333   -0.00768999621004307   0
0.171200328629321   0.114266584468177   0.0142025268341788   -0.0170611474182503   0
0.181375703029058   0.137593229827471   0.0101753743997369   0.0233266453592944   0
0.174867778823161   0.114515557485606   -0.00650792420589702   -0.0230776723418653   0
0.174190524910885   0.1311944467325   -0.000677253912275355   0.0166788892468944   0
0.189859993102021   0.130955309724373   0.0156694681911353   -0.000239137008126611   0
0.170167304875331   0.114217441559332   -0.0196926882266893   -0.0167378681650418   0
0.192860864811798   0.141506656635061   0.0226935599364669   0.0272892150757293   0
0.166389827271662   0.131783609022254   -0.0264710375401361   -0.00972304761280732   0
0.081465294791364   0.110757340558431   -0.0849245324802981   -0.0210262684638231   0
0.13271706258539   0.110233745798209   0.0512517677940261   -0.000523594760221152   0
0.108092385468701   0.0950661262858844   -0.0246246771166895   -0.0151676195123249   0
0.0980328682644959   0.080475298616161   -0.0100595172042047   -0.0145908276697234   0
0.121609467418062   0.0843412733541825   0.0235765991535661   0.00386597473802153   0
0.0734753823873892   0.0841088231393425   -0.0481340850306728   -0.000232450214839988   0
0.0446685091185565   0.108539566552879   -0.0288068732688327   0.0244307434135363   0
0.0728482900640484   0.099809081271168   0.0281797809454919   -0.00873048528171086   0
0.0244112042019422   0.0969772883260641   -0.0484370858621062   -0.00283179294510388   0
0.109371823211848   0.110452450772669   0.0849606190099059   0.0134751624466045   0
0.024161049783076   0.10989765404765   -0.0852107734287721   -0.00055479672501825   0
0.0763145491212176   0.111232042236129   0.0521534993381416   0.00133438818847886   0
0.0105048854382895   0.114490523140382   -0.065809663682928   0.00325848090425318   0
0.0530887055984384   0.131278264327581   0.0425838201601489   0.0167877411871991   0
0.105820021827129   0.126340870882154   0.0527313162286904   -0.00493739344542776   0
0.0788502927017749   0.11551145019832   -0.026969729125354   -0.0108294206838337   0
0.146610300313393   0.150236701821048   0.0677600076116185   0.0347252516227285   0
0.079414429530933   0.145575911978544   -0.0671958707824604   -0.00466078984250487   0
0.0890895665766347   0.148933616915781   0.00967513704570169   0.00335770493723769   0
0.139554527414415   0.162521514300747   0.0504649608377798   0.0135878973849657   0
0.0784399928740439   0.154362287541345   -0.0611145345403706   -0.00815922675940187   0
0.159198023859492   0.155429251859642   0.080758030985448   0.00106696431829711   0
0.143905258911693   0.167377019490747   -0.015292764947799   0.0119477676311043   0
0.166488160304022   0.147274242842091   0.0225829013923292   -0.0201027766486558   0
0.167211986771501   0.151581223102634   0.000723826467479344   0.00430698026054321   0
0.0614228836711072   0.168446298368555   -0.105789103100394   0.0168650752659211   0
0.117282182742156   0.176432364503056   0.0558592990710484   0.00798606613450051   0
0.0564989212682627   0.165143010057915   -0.0607832614738928   -0.0112893544451408   0
0.104104685819271   0.160965747298052   0.0476057645510084   -0.00417726275986238   0
0.131374596560362   0.145773979437539   0.027269910741091   -0.0151917678605129   0
0.0561045093300095   0.127254889169604   -0.0752700872303527   -0.0185190902679355   0
0.146659738297998   0.148406145733612   0.0905552289679881   0.0211512565640083   0
0.0807905451121804   0.13403335139078   -0.0658691931858172   -0.0143727943428326   0
0.165182399314755   0.154698318275928   0.0843918542025742   0.0206649668851487   0
0.0924928210826731   0.145721253867712   -0.0726895782320814   -0.00897706440821677   0
0.107534475496172   0.149248059189601   0.0150416544134991   0.00352680532188956   0
0.162842005897635   0.150359494577454   0.0553075304014631   0.00111143538785308   0
0.0747103135870597   0.156393398192485   -0.0881316923105755   0.00603390361503039   0
0.178052984112428   0.154773940813187   0.103342670525369   -0.00161945737929717   0
0.111263617620447   0.157800015277771   -0.0667893664919815   0.00302607446458394   0
0.0648881114252049   0.156609795773083   -0.0463755061952421   -0.00119021950468887   0
0.168452896760972   0.136665877921773   0.103564785335767   -0.0199439178513094   0
0.0872156290046932   0.131584807359333   -0.0812372677562783   -0.00508107056243984   0
0.148662639554622   0.145539036608128   0.0614470105499284   0.0139542292487943   0
0.087652229595892   0.168783701849724   -0.0610104099587296   0.0232446652415962   0
0.083446272443009   0.14525384303637   -0.00420595715288304   -0.0235298588133535   0
0.123044565438096   0.155455871226426   0.0395982929950868   0.0102020281900558   0
0.0315749681911851   0.195404399365929   -0.0914695972469107   0.039948528139503   0
0.120580223266253   0.162577618829871   0.0890052550750674   -0.0328267805360584   0
0.106330981798991   0.172620254991316   -0.0142492414672612   0.0100426361614453   0
