7.1054274e-15   0   0   0   0
0.044685701024006   0.0344575604472147   0.0446857010239989   0.0344575604472147   0
0.0373565832727645   0.0621549236384318   -0.0073291177512415   0.0276973631912171   0
0.0358011692641453   0.0839204218002949   -0.00155541400861926   0.021765498161863   0
0.027949285240487   0.0241697994978478   -0.00785188402365827   -0.0597506223024471   0
0.0711742554051326   0.0379647380027758   0.0432249701646457   0.0137949385049281   0
0.0638612241072267   0.0594472343296333   -0.00731303129790589   0.0214824963268575   0
0.119353811211878   0.0859228481968577   0.055492587104651   0.0264756138672244   0
0.145879055542837   0.0905184986315352   0.0265252443309596   0.00459565043467751   0
0.0877861905790021   0.0768857744494698   -0.0580928649638353   -0.0136327241820654   0
0.0813074521055357   0.0917103246744824   -0.00647873847346647   0.0148245502250126   0
0.119221743702615   0.0637068438878785   0.0379142915970792   -0.0280034807866039   0
0.105750107025065   0.090933442262377   -0.01347163667755   0.0272265983744985   0
0.163164955096162   0.0868046321245063   0.0574148480710971   -0.00412881013787077   0
0.167251824606949   0.0722641857783571   0.00408686951078668   -0.0145404463461492   0
0.145800931728947   0.101758944362807   -0.0214508928780015   0.0294947585844499   0
0.135469389847143   0.105134114634092   -0.0103315418818043   0.00337517027128502   0
0.124032028423314   0.0850490596985031   -0.0114373614238293   -0.0200850549355888   0
0.156235852015449   0.108074380257254   0.032203823592135   0.0230253205587506   0
0.206824801114953   0.120900673643676   0.050588949099504   0.0128262933864221   0
0.15925956769315   0.0999305587096887   -0.0475652334218029   -0.0209701149339871   0
0.126857160088516   0.0515468911090906   -0.0324024076046342   -0.0483836676005982   0
0.166103831610516   0.0977760282030747   0.0392466715220008   0.0462291370939841   0
0.269218037265051   0.16544843261471   0.103114205654535   0.067672404411635   0
0.275278897382626   0.211709767510465   0.00606086011757478   0.0462613348957553   0
0.233804530495749   0.205123622629905   -0.0414743668868776   -0.00658614488056003   0
0.265182079568012   0.197897691469566   0.0313775490722633   -0.00722593116033893   0
0.313401294284894   0.183568601377165   0.0482192147168819   -0.0143290900924012   0
0.300879086495286   0.211996226376425   -0.0125222077896077   0.0284276249992598   0
0.277654786553706   0.189485002275736   -0.0232242999415797   -0.0225112241006883   0
0.28197712999204   0.175914572082432   0.00432234343833404   -0.0135704301933039   0
0.312002949291645   0.182695514178024   0.030025819299604   0.00678094209559166   0
0.283602698718714   0.169243937710856   -0.0284002505729301   -0.0134515764671678   0
0.326613415125159   0.179068764267488   0.043010716406445   0.00982482655663186   0
0.302629023097344   0.166853435318758   -0.0239843920278157   -0.0122153289487297   0
0.304651016233374   0.172474030899601   0.00202199313603074   0.00562059558084241   0
0.303203008284066   0.195162951286431   -0.00144800794930866   0.0226889203868298   0
0.325601076979034   0.196349284469339   0.022398068694968   0.00118633318290781   0
0.339141856150708   0.202795485946128   0.0135407791716741   0.00644620147678948   0
0.226522319287249   0.168967933731103   -0.112619536863459   -0.0338275522150246   0
0.330900829339643   0.184256133828882   0.104378510052394   0.0152882000977787   0
0.212293669513508   0.173161348439203   -0.118607159826135   -0.0110947853896796   0
0.282175167575621   0.217707411276098   0.0698814980621129   0.0445460628368952   0
0.315172045761539   0.261460591332595   0.0329968781859178   0.0437531800564977   0
0.267708136771635   0.150209513784372   -0.0474639089899038   -0.111251077548223   0
0.278664673151076   0.211656688651315   0.010956536379441   0.061447174866943   0
0.262184890602574   0.276254254827414   -0.0164797825485015   0.0645975661760987   0
0.357529393665691   0.288249361327759   0.0953445030631169   0.0119951065003445   0
0.308240688363218   0.290217388239015   -0.049288705302473   0.00196802691125675   0
0.313003995848525   0.32039806506312   0.00476330748530723   0.0301806768241047   0
0.318826116565505   0.310644184307983   0.00582212071697963   -0.009753880755137   0
0.348437614941096   0.28369249999098   0.029611498375591   -0.0269516843170033   0
0.247739804136393   0.259266776467709   -0.100697810804703   -0.024425723523271   0
0.314279986397294   0.243304814582696   0.0665401822609012   -0.0159619618850128   0
0.295709011501163   0.255772942380016   -0.0185709748961309   0.0124681277973206   0
0.313138941486107   0.158671316137251   0.0174299299849436   -0.0971016262427656   0
0.334243005061806   0.180459662545023   0.021104063575699   0.0217883464077723   0
0.22459447682911   0.148955531021317   -0.109648528232696   -0.031504131523706   0
0.308899786708808   0.162801103133585   0.0843053098796978   0.0138455721122682   0
0.284303916940097   0.216875325147524   -0.0245958697687104   0.0540742220139389   0
0.312138436318372   0.258607594958708   0.0278345193782744   0.041732269811184   0
0.357172634707394   0.294652782279753   0.0450341983890221   0.0360451873210446   0
0.357050411079181   0.306993193284121   -0.000122223628213458   0.0123404110043676   0
0.28202188322286   0.275343201529124   -0.0750285278563206   -0.0316499917549969   0
0.354508314678839   0.289449435341872   0.0724864314559795   0.0141062338127483   0
0.34804818656585   0.198047894060528   -0.00646012811298968   -0.0914015412813436   0
0.365769289479732   0.27266027366067   0.0177211029138821   0.0746123796001414   0
0.417608560464415   0.337305194538616   0.0518392709846828   0.0646449208779462   0
0.340314146932421   0.308829433470695   -0.0772944135319936   -0.0284757610679214   0
0.294166603603459   0.341924359856551   -0.0461475433289621   0.0330949263858564   0
0.300017088563183   0.358139694211904   0.00585048495972368   0.0162153343553531   0
0.286227089722108   0.317617142248781   -0.0137899988410747   -0.0405225519631226   0
