1.39536719356884e-14   3.5980909e-16   0   0   0
0.0554723395398778   0.0403292098993363   0.0554723395398638   0.040329209899336   0
0.0524110504105514   0.0186986543886877   -0.00306128912932635   -0.0216305555106486   0
0.0437284782280963   0.0277866232727654   -0.0086825721824552   0.00908796888407763   0
0.0509307331820192   0.0705434368875796   0.00720225495392297   0.0427568136148142   0
0.0610718521583574   0.0213743685529127   0.0101411189763381   -0.049169068334667   0
0.0448430966372619   0.0173085830186479   -0.0162287555210955   -0.00406578553426476   0
0.0720898668315803   0.0152876416262477   0.0272467701943184   -0.00202094139240016   0
0.0351045095958586   0.01286431433516   -0.0369853572357218   -0.00242332729108772   0
0.0200233123712025   0.0326617850235867   -0.0150811972246561   0.0197974706884267   0
0.0969796250575356   0.0244861070180107   0.0769563126863331   -0.00817567800557594   0
0.0245665994807963   0.0431318980369737   -0.0724130255767393   0.0186457910189629   0
0.0219275191212051   0.0198963274940741   -0.00263908035959124   -0.0232355705428996   0
0.0859857070327946   0.034259751187788   0.0640581879115895   0.0143634236937139   0
0.0665438085968632   0.0384935292682838   -0.0194418984359313   0.00423377808049587   0
0.0358163218723841   0.0502710404328505   -0.0307274867244792   0.0117775111645666   0
0.0747870570962345   0.0347177912724137   0.0389707352238504   -0.0155532491604368   0
0.055507198580822   0.0364512481562622   -0.0192798585154125   0.00173345688384847   0
0.0480944595950593   0.0282388947923425   -0.00741273898576268   -0.00821235336391971   0
0.039902421835492   0.0282196974397893   -0.00819203775956728   -1.91973525531207e-05   0
0.0430305252138753   0.066654614522443   0.00312810337838335   0.0384349170826537   0
0.105637357360594   0.0450087282801028   0.0626068321467183   -0.0216458862423403   0
0.0921075602253947   0.053175047579566   -0.013529797135199   0.00816631929946329   0
0.114190212740602   0.0460641063213037   0.0220826525152076   -0.00711094125826235   0
0.0843564733765995   0.0528329432992262   -0.0298337393640027   0.00676883697792249   0
0.0938493441411066   0.0646700181726994   0.00949287076450708   0.0118370748734733   0
0.125801099331101   0.0516501436661147   0.0319517551899942   -0.0130198745065847   0
0.107224145688336   0.085990624477489   -0.0185769536427653   0.0343404808113743   0
0.104666789633176   0.112030322323236   -0.00255735605516004   0.0260396978457471   0
0.172689081969785   0.100448719742657   0.0680222923366096   -0.0115816025805789   0
0.14821321180572   0.0970535467667562   -0.0244758701640655   -0.00339517297590101   0
0.114174537467207   0.0924519774107792   -0.034038674338513   -0.00460156935597703   0
0.156560769647522   0.10549565631773   0.0423862321803153   0.0130436789069508   0
0.124320677258035   0.0951068042396804   -0.0322400923894866   -0.0103888520780496   0
0.165716389261769   0.0935565227919485   0.0413957120037339   -0.00155028144773187   0
0.147522476240568   0.093538898847789   -0.0181939130212014   -1.76239441595089e-05   0
0.104322492326805   0.0969942627649323   -0.0431999839137633   0.00345536391714328   0
0.146315279457533   0.0974979819102026   0.041992787130728   0.000503719145270295   0
0.108184280942113   0.0929128083503387   -0.0381309985154192   -0.00458517355986389   0
0.0483555361696861   0.0922727764991786   -0.0598287447724272   -0.000640031851160114   0
0.115003357349691   0.0957965289923039   0.0666478211800046   0.00352375249312527   0
0.133583562566196   0.108852735294106   0.0185802052165049   0.0130562063018022   0
0.102023767253022   0.106789576661633   -0.0315597953131738   -0.00206315863247279   0
0.13937118505102   0.113544924226793   0.0373474177979979   0.00675534756515954   0
0.131259731811594   0.109593930968841   -0.00811145323942575   -0.00395099325795155   0
0.0977016466023684   0.104634687486362   -0.0335580852092256   -0.0049592434824795   0
0.159985882225036   0.117198986520221   0.0622842356226679   0.0125642990338597   0
0.111982755989297   0.107242729440946   -0.0480031262357389   -0.00995625707927589   0
0.0871453729274298   0.107499154379333   -0.0248373830618676   0.000256424938386943   0
0.156548585444696   0.0956597774932763   0.0694032125172663   -0.0118393768860562   0
0.111068157046411   0.102027106294989   -0.0454804283982854   0.00636732880171285   0
0.0968621949020673   0.111506591048735   -0.0142059621443434   0.00947948475374571   0
0.0820026928848334   0.0667829516483722   -0.0148595020172339   -0.0447236394003627   0
0.0528140744632782   0.0853764550314922   -0.0291886184215552   0.0185935033831199   0
0.0558553170159029   0.082920994244496   0.00304124255262476   -0.00245546078699614   0
0.086218830869062   0.0900100123754375   0.0303635138531591   0.00708901813094145   0
0.0869430456750018   0.067025445677273   0.000724214805939774   -0.0229845666981645   0
0.104934751467644   0.0797758143179979   0.0179917057926417   0.0127503686407249   0
0.0610432255428887   0.0776918972373951   -0.0438915259247548   -0.00208391708060279   0
0.100544191546067   0.0695910242056156   0.039500966003178   -0.00810087303177943   0
0.0693558686840004   0.075005266760871   -0.0311883228620662   0.00541424255525537   0
0.0636245085996358   0.0672300673760717   -0.00573136008436462   -0.00777519938479934   0
0.0997085811075182   0.0654662574393625   0.0360840725078824   -0.00176380993670915   0
0.0670762018036739   0.0788358114891411   -0.0326323793038443   0.0133695540497786   0
0.116030098853085   0.0738129425163404   0.0489538970494107   -0.00502286897280073   0
0.101976708394615   0.076896530810588   -0.01405339045847   0.00308358829424761   0
0.113141240785705   0.0772996537730016   0.0111645323910906   0.000403122962413599   0
0.134281591491867   0.0786080296020876   0.0211403507061617   0.00130837582908604   0
0.093732557322786   0.087466217203726   -0.0405490341690809   0.00885818760163833   0
0.150615209988407   0.0795189374167603   0.0568826526656211   -0.00794727978696567   0
0.0979390868822672   0.072972338581479   -0.0526761231061399   -0.00654659883528133   0
0.106593764622692   0.0783443238122469   0.00865467774042525   0.00537198523076796   0
0.111597711042209   0.0808502976112285   0.00500394641951679   0.0025059737989816   0
0.0810877848110596   0.0815766579665913   -0.0305099262311496   0.000726360355362818   0
0.0718415051576804   0.0813981963964828   -0.00924627965337922   -0.000178461570108535   0
0.129768141194281   0.0854416979109809   0.0579266360366006   0.00404350151449814   0
0.0952580603180627   0.0819139445445727   -0.0345100808762183   -0.00352775336640829   0
0.136648209772714   0.0939738458111039   0.0413901494546517   0.0120599012665312   0
0.139747614782231   0.080745313335881   0.00309940500951633   -0.0132285324752229   0
0.118231363382848   0.0844902357478823   -0.0215162513993826   0.00374492241200129   0
0.142406383663585   0.0765675694098278   0.0241750202807367   -0.00792266633805447   0
0.103489840915603   0.0779679627322584   -0.0389165427479817   0.00140039332243064   0
0.100110124715819   0.0794364445449585   -0.00337971619978368   0.0014684818127001   0
