1.5888218854475e-14   0   0   0   0
0.0386519811133499   0.020485972874505   0.0386519811133341   0.020485972874505   0
0.0543749038629937   0.0280247357178554   0.0157229227496437   0.00753876284335041   0
0.041939239998929   0.0399472952536652   -0.0124356638640647   0.0119225595358098   0
0.0602534778259309   0.0310207454714308   0.018314237827002   -0.00892654978223439   0
0.067123603730094   0.0135007091256453   0.00687012590416304   -0.0175200363457856   0
0.0524064356538362   0.0203985520546335   -0.0147171680762578   0.00689784292898825   0
0.0541529462819665   0.031498688682612   0.00174651062813034   0.0111001366279785   0
0.0646410823338372   0.0330474478575639   0.0104881360518707   0.00154875917495181   0
0.0853513134187099   0.0426581799702178   0.0207102310848727   0.00961073211265391   0
0.0701842799961453   0.0521834413907083   -0.0151670334225646   0.00952526142049057   0
0.06051297364262   0.0468817019154843   -0.00967130635352526   -0.00530173947522403   0
0.0760827334415702   0.0551502810322635   0.0155697597989501   0.00826857911677922   0
0.0595913853456637   0.0546136267852897   -0.0164913480959065   -0.000536654246973814   0
0.0462889833457607   0.0576697164016364   -0.013302401999903   0.00305608961634666   0
0.0566609772651222   0.0523910145263175   0.0103719939193615   -0.00527870187531892   0
0.0681930130915926   0.068862531067919   0.0115320358264704   0.0164715165416016   0
0.103430652675822   0.0749008667197127   0.0352376395842297   0.00603833565179374   0
0.100942064219798   0.0829181150319238   -0.00248858845602455   0.00801724831221107   0
0.112612867229557   0.096396372408705   0.0116708030097592   0.0134782573767812   0
0.099347419566766   0.0965845158316687   -0.013265447662791   0.000188143422963624   0
0.114880450209934   0.0953471289643527   0.0155330306431679   -0.00123738686731602   0
0.0953192205854655   0.100964778579514   -0.0195612296244685   0.00561764961516087   0
0.10470031204775   0.10936853238107   0.00938109146228426   0.00840375380155693   0
0.0901350305277403   0.105744084171878   -0.0145652815200094   -0.0036244482091924   0
0.0592637950636396   0.117306152362618   -0.0308712354641007   0.0115620681907401   0
0.0472097006054555   0.118962387958982   -0.0120540944581841   0.00165623559636428   0
0.0844467961517098   0.122187056908897   0.0372370955462543   0.00322466894991467   0
0.0482541777228499   0.11607928723712   -0.03619261842886   -0.00610776967177701   0
0.0784997171982339   0.130537197716792   0.030245539475384   0.0144579104796715   0
0.103150043788607   0.149849192301845   0.024650326590373   0.0193119945850529   0
0.0812157015607872   0.135732079578952   -0.0219343422278197   -0.0141171127228923   0
0.101033271546161   0.143838680432078   0.0198175699853738   0.0081066008531257   0
0.0803698467356568   0.143196350793672   -0.0206634248105041   -0.000642329638405853   0
0.121158764247889   0.157129162746065   0.0407889175122324   0.0139328119523924   0
0.10327112689724   0.146032168903102   -0.0178876373506495   -0.0110969938429628   0
0.0975998691380855   0.158042780539662   -0.00567125775915416   0.0120106116365598   0
0.0878834598091675   0.145441845331972   -0.00971640932891805   -0.0126009352076894   0
0.0850349424178259   0.143321094622316   -0.00284851739134155   -0.00212075070965656   0
0.0699276889558441   0.142603797499154   -0.0151072534619819   -0.000717297123161598   0
0.0600992467976244   0.13393432946715   -0.00982844215821962   -0.00866946803200422   0
0.0576770473377588   0.13712850837049   -0.00242219945986564   0.00319417890334009   0
0.051431041504156   0.15561150835801   -0.00624600583360276   0.0184829999875204   0
0.0664004946653147   0.15014540900187   0.0149694531611586   -0.00546609935614017   0
0.0712479454329615   0.143706702391261   0.00484745076764687   -0.00643870661060927   0
0.049588017086842   0.145383295192677   -0.0216599283461195   0.00167659280141563   0
0.0540548560892305   0.151111896468493   0.00446683900238851   0.0057286012758164   0
0.0644091388364484   0.168138809404474   0.0103542827472179   0.0170269129359809   0
0.060670627069899   0.154266328814871   -0.00373851176654937   -0.0138724805896029   0
0.0548169130602631   0.147114566358791   -0.00585371400963587   -0.00715176245607987   0
0.0654303261360346   0.148422292609007   0.0106134130757714   0.00130772625021569   0
0.0764082836053031   0.146426551257913   0.0109779574692686   -0.0019957413510942   0
0.090441802303129   0.149639756367384   0.0140335186978259   0.00321320510947179   0
0.0722197580015093   0.150782009512961   -0.0182220443016197   0.00114225314557642   0
0.102716583478264   0.156126826419679   0.0304968254767551   0.00534481690671787   0
0.108544845491003   0.157344981830041   0.0058282620127386   0.00121815541036213   0
0.0990608101971274   0.160510245615111   -0.00948403529387556   0.00316526378507001   0
0.103145277955858   0.173282791490104   0.00408446775873103   0.0127725458749928   0
0.113430948828592   0.178199251072047   0.0102856708727337   0.00491645958194351   0
0.112224510370706   0.178721868065595   -0.00120643845788619   0.000522616993547581   0
0.101240717189029   0.172453470489811   -0.0109837931816765   -0.00626839757578329   0
0.125487360088452   0.182593505187966   0.0242466428994228   0.0101400346981549   0
0.138451539696437   0.18499457665596   0.0129641796079852   0.0024010714679942   0
0.137471417081694   0.188672620349728   -0.000980122614743145   0.0036780436937677   0
0.134652705369926   0.195436316325497   -0.0028187117117687   0.00676369597576887   0
0.11674846301477   0.18380519511404   -0.0179042423551551   -0.011631121211457   0
0.133601170043389   0.182402995960675   0.0168527070286182   -0.0014021991533654   0
0.124766587196598   0.182859032575736   -0.0088345828467904   0.000456036615061384   0
0.130613200484385   0.179683120409727   0.00584661328778702   -0.00317591216600929   0
0.11548387473426   0.185211192189752   -0.0151293257501248   0.00552807178002557   0
0.110134525747948   0.162520289276537   -0.0053493489863127   -0.0226909029132157   0
0.11765868757135   0.153003487024243   0.00752416182340178   -0.0095168022522939   0
0.160384600654014   0.152337103601768   0.0427259130826644   -0.000666383422474548   0
0.14146526715081   0.158022106631071   -0.0189193335032044   0.00568500302930275   0
0.152187622321097   0.15951559540472   0.0107223551702877   0.00149348877364913   0
0.156887902811598   0.15701829277441   0.00470028049050078   -0.00249730263030964   0
0.13997382670482   0.160919872222337   -0.0169140761067776   0.00390157944792691   0
0.148121980921719   0.173471720373296   0.00814815421689868   0.0125518481509588   0
0.135938519403968   0.176097360390123   -0.0121834615177509   0.00262564001682672   0
0.145510646272186   0.16839324037436   0.00957212686821801   -0.00770412001576229   0
0.156661447237771   0.163758673087833   0.0111508009655848   -0.004634567286527   0
0.14289625654011   0.139602350152062   -0.0137651906976606   -0.0241563229357719   0
0.13889207461477   0.135084511035493   -0.00400418192534027   -0.00451783911656897   0
0.140865504723519   0.135361695550377   0.00197343010874917   0.000277184514884621   0
0.123320988951879   0.135769083046618   -0.0175445157716399   0.000407387496241224   0
0.109686550628073   0.149390050392975   -0.0136344383238066   0.0136209673463567   0
0.110120513135934   0.157305846487773   0.000433962507861568   0.00791579609479803   0
