0   0   0   0   0
0.101369546304069   0.104064344429188   0.101369546304069   0.104064344429188   0
0.181330856263928   0.1883358096001   0.079961309959859   0.0842714651709121   0
0.252220791880015   0.287545388508537   0.0708899356160875   0.0992095789084371   0
0.314800480887736   0.352465974295929   0.0625796890077203   0.0649205857873923   0
0.389963395285428   0.431969502724641   0.075162914397692   0.0795035284287115   0
0.436469103677977   0.485938868596411   0.0465057083925492   0.05396936587177   0
0.486967522746535   0.536930413478971   0.0504984190685581   0.0509915448825603   0
0.545910585744504   0.588330256002345   0.0589430629979693   0.0513998425233742   0
0.50172602970272   0.580277077205113   -0.044184556041784   -0.00805317879723189   0
0.492860337485528   0.593020059240609   -0.00886569221719197   0.0127429820354953   0
0.524064957782399   0.640203278189857   0.0312046202968706   0.0471832189492483   0
0.381814915373784   0.646120538317531   -0.142250042408614   0.00591726012767368   0
0.378332152933087   0.673989585270628   -0.00348276244069778   0.0278690469530973   0
0.439732964135997   0.692262771281342   0.0614008112029102   0.0182731860107137   0
0.421148857746035   0.697074823623884   -0.0185841063899621   0.00481205234254212   0
0.434088068718797   0.707975209173383   0.012939210972762   0.0109003855494995   0
0.478983715137702   0.73291320701429   0.0448956464189053   0.0249379978409069   0
0.488690866598697   0.72559449589801   0.0097071514609951   -0.00731871111628002   0
0.455810285723047   0.730162301480837   -0.0328805808756502   0.00456780558282677   0
0.473640372396192   0.75123474348129   0.0178300866731452   0.0210724420004533   0
0.477350235755827   0.738304232871449   0.00370986335963447   -0.0129305106098412   0
0.463538952918185   0.772414973304459   -0.013811282837642   0.0341107404330104   0
0.478433711890238   0.790216149839483   0.0148947589720531   0.0178011765350237   0
0.51488685422458   0.775832010398706   0.0364531423343425   -0.0143841394407771   0
0.460419544722473   0.759455993873016   -0.0544673095021077   -0.0163760165256898   0
0.414744579648452   0.831220350261914   -0.0456749650740209   0.0717643563888978   0
0.428804276243093   0.858752695925243   0.0140596965946415   0.0275323456633288   0
0.433476157539196   0.854258727236114   0.00467188129610319   -0.00449396868912866   0
0.439383704651237   0.860127625010686   0.00590754711204078   0.00586889777457134   0
0.504185994172379   0.857820708922536   0.0648022895211416   -0.00230691608814926   0
0.466046203646433   0.859941832883561   -0.0381397905259457   0.00212112396102493   0
0.455255165552876   0.818203424412348   -0.0107910380935573   -0.0417384084712134   0
0.495198702246884   0.852459362097189   0.0399435366940082   0.0342559376848408   0
0.509914237773316   0.875420622134055   0.0147155355264316   0.0229612600368665   0
0.509915129564355   0.877748888552575   8.91791039459022e-07   0.00232826641852002   0
0.59993177343647   0.904950308209037   0.0900166438721145   0.0272014196564621   0
0.574057481388606   0.888614880090567   -0.0258742920478638   -0.0163354281184704   0
0.550855073313836   0.871665312256621   -0.0232024080747697   -0.0169495678339459   0
0.494347977212254   0.859965922819362   -0.0565070961015822   -0.0116993894372593   0
0.54480987269542   0.830640229747694   0.0504618954831659   -0.0293256930716672   0
0.522242555781365   0.839043542249392   -0.0225673169140546   0.00840331250169724   0
0.501742226573174   0.811322377856129   -0.0205003292081908   -0.0277211643932628   0
0.386596721449981   0.687867377843799   -0.115145505123193   -0.12345500001233   0
0.315648561887908   0.613770273593552   -0.0709481595620728   -0.0740971042502467   0
0.337161455513194   0.63430836704855   0.0215128936252855   0.020538093454998   0
0.372454620769351   0.652899271973306   0.035293165256157   0.0185909049247561   0
0.358070430590516   0.629143330282141   -0.0143841901788343   -0.0237559416911649   0
0.351292845704771   0.666661478891298   -0.00677758488574542   0.0375181486091566   0
0.341790626875365   0.649775577219433   -0.00950221882940633   -0.0168859016718648   0
0.273972322757531   0.734857405443673   -0.0678183041178335   0.0850818282242402   0
0.220272557479842   0.942700322171138   -0.0536997652776891   0.207842916727465   0
0.342244311939933   0.91630096510719   0.121971754460091   -0.0263993570639485   0
0.375865482452187   0.981109033933417   0.0336211705122532   0.0648080688262277   0
0.439160837971072   0.968148211191992   0.0632953555188852   -0.0129608227414253   0
0.430022084316319   0.905016369601239   -0.00913875365475325   -0.0631318415907535   0
1.69240535445785   0.844252587604434   1.26238327014153   -0.0607637819968045   1
1.83917283656868   1.24135563139336   0.146767482110831   0.397103043788924   0
0.689267111706209   1.08400283432668   -1.14990572486247   -0.157352797066677   1
0.867177523392714   1.27703972914069   0.177910411686505   0.193036894814009   0
0.879689629819938   1.275688365414   0.0125121064272233   -0.00135136372668665   0
0.770652687947256   1.2292254774184   -0.109036941872681   -0.0464628879956006   0
