1.98821013281138e-14   4.3368087e-17   0   0   0
0.160672294103399   0.0579722218608085   0.160672294103379   0.0579722218608085   0
0.154125799827621   0.0585765416558257   -0.00654649427577786   0.000604319795017211   0
0.21643303091991   0.0848288948539588   0.0623072310922887   0.026252353198133   0
0.195149276590597   0.0870868532243626   -0.0212837543293132   0.00225795837040388   0
0.149394800745332   0.129671450592237   -0.0457544758452651   0.0425845973678742   0
0.171468765056473   0.131201010532238   0.0220739643111415   0.00152955994000142   0
0.0837514632847567   0.114522990391915   -0.0877173017717163   -0.0166780201403236   0
0.153087525686829   0.140399579176229   0.0693360624020719   0.0258765887843145   0
0.1699709579764   0.153326638093209   0.0168834322895713   0.0129270589169798   0
0.267201349177294   0.192152752723902   0.0972303912008941   0.0388261146306929   0
0.275345699011346   0.197865773931157   0.0081443498340516   0.00571302120725511   0
0.300338535354812   0.236544100878075   0.0249928363434662   0.0386783269469179   0
0.248126368932661   0.194519276746994   -0.0522121664221503   -0.0420248241310809   0
0.224291654329976   0.126353152706556   -0.0238347146026851   -0.0681661240404383   0
0.379038047294228   0.151898141428043   0.154746392964252   0.0255449887214876   0
0.391343942053637   0.121938998091719   0.0123058947594087   -0.0299591433363243   0
0.411125357063647   0.175765096062813   0.0197814150100101   0.0538260979710945   0
0.426352823764622   0.191622229505401   0.0152274667009752   0.0158571334425879   0
0.314218103490622   0.0909225792996682   -0.112134720274001   -0.100699650205733   0
0.588477117019198   0.549723115968315   0.274259013528576   0.458800536668647   0
0.133047395580749   0.240843009784578   -0.455429721438449   -0.308880106183737   0
0.232206513447567   0.212226300857317   0.0991591178668175   -0.0286167089272606   0
0.210637663838887   0.0767418629230254   -0.02156884960868   -0.135484437934292   0
0.372943539225668   0.113286512461624   0.162305875386781   0.0365446495385983   0
0.727615084695886   0.514255940391461   0.354671545470218   0.400969427929837   0
0.738096710782653   0.50449821732261   0.0104816260867675   -0.00975772306885103   0
0.665706030832089   0.400445429642496   -0.072390679950564   -0.104052787680114   0
0.77331154257742   0.433657120322172   0.107605511745331   0.0332116906796764   0
0.820434009535856   0.475754352850272   0.0471224669584354   0.0420972325281002   0
0.862646439342604   0.494900612388901   0.0422124298067487   0.0191462595386284   0
0.764005603657295   0.441888605850518   -0.0986408356853093   -0.0530120065383823   0
0.732803229653492   0.429501896000362   -0.0312023740038035   -0.0123867098501561   0
0.781107776850335   0.50647806503464   0.0483045471968435   0.0769761690342777   0
0.782649097859422   0.511029509301208   0.00154132100908744   0.00455144426656817   0
0.741177934912021   0.525203230033179   -0.0414711629474019   0.0141737207319709   0
0.835789875458229   0.514917025209362   0.0946119405462087   -0.0102862048238167   0
0.881198565736081   0.476515499029101   0.0454086902778519   -0.0384015261802617   0
0.955657102739432   0.490551565232296   0.0744585370033511   0.014036066203195   0
0.884919680178305   0.475596606994998   -0.0707374225611269   -0.0149549582372978   0
0.916380976829793   0.468714326325453   0.0314612966514878   -0.00688228066954538   0
0.984694170579854   0.501428292875712   0.0683131937500605   0.0327139665502597   0
0.966524847160277   0.560202848832337   -0.0181693234195768   0.0587745559566242   0
0.935006734347034   0.544195252289079   -0.031518112813243   -0.0160075965432573   0
0.89989607868112   0.551577413866357   -0.0351106556659139   0.00738216157727756   0
0.992801857156314   0.555404311032209   0.0929057784751939   0.00382689716585194   0
1.01279763668686   0.540979149611055   0.0199957795305493   -0.0144251614211535   0
0.992306820972695   0.556305145946198   -0.0204908157141678   0.0153259963351423   0
1.01603895925047   0.576328426007051   0.023732138277777   0.0200232800608532   0
1.14989803484511   0.530593014986173   0.133859075594633   -0.0457354110208776   0
1.10160564986053   0.531672911955997   -0.0482923849845782   0.00107989696982391   0
1.04866148602622   0.529838133901268   -0.05294416383431   -0.00183477805472876   0
1.01447792710411   0.534155210860788   -0.0341835589221116   0.00431707695951988   0
1.03394614334393   0.53518571001543   0.019468216239823   0.00103049915464215   0
1.03757511904441   0.565831134219237   0.00362897570048193   0.0306454242038064   0
1.04887587895299   0.573833719243297   0.0113007599085784   0.00800258502406026   0
1.02843047843386   0.557571257123108   -0.020445400519133   -0.0162624621201894   0
1.09351806769516   0.505919463852488   0.0650875892613043   -0.0516517932706198   0
1.25758707461023   0.388919257582384   0.164069006915072   -0.117000206270103   0
1.06674303299304   0.460487904832906   -0.190844041617193   0.071568647250522   0
1.06287890191053   0.490536391018835   -0.00386413108251049   0.0300484861859288   0
1.04839280661536   0.491125688919252   -0.0144860952951666   0.000589297900416952   0
1.01248901866193   0.527433977262431   -0.0359037879534312   0.0363082883431792   0
0.956397333603024   0.538953884223684   -0.0560916850589065   0.0115199069612532   0
0.839655352544451   0.479401362666277   -0.116741981058573   -0.0595525215574071   0
0.74353238371146   0.330662251867509   -0.0961229688329918   -0.148739110798768   0
0.594374427326949   0.41410494340624   -0.149157956384511   0.0834426915387311   0
0.689499032850551   0.45288207312461   0.0951246055236024   0.0387771297183693   0
0.742617707402106   0.474124286617942   0.0531186745515549   0.0212422134933325   0
