1.0541018e-14   7.70372e-32   0   0   0
0.0120526805229384   0.0538098055269818   0.0120526805229279   0.0538098055269818   0
0.0547413335845513   0.0850427651838249   0.0426886530616128   0.0312329596568431   0
0.0664372664069154   0.128333082334597   0.0116959328223641   0.0432903171507724   0
0.0509868915798451   0.0891617199426241   -0.0154503748270703   -0.0391713623919732   0
0.0554703353109311   0.107944460626052   0.00448344373108602   0.018782740683428   0
0.0435312958105373   0.117292464894169   -0.0119390395003939   0.00934800426811662   0
0.0478513244381099   0.10904522960252   0.00432002862757259   -0.00824723529164852   0
0.0586910668563703   0.0871480714733083   0.0108397424182604   -0.0218971581292119   0
0.0433417643857479   0.0785728485575734   -0.0153493024706224   -0.00857522291573497   0
0.0646580620111099   0.114921672967244   0.021316297625362   0.0363488244096702   0
0.0600651770588387   0.0826937641210264   -0.00459288495227117   -0.0322279088462171   0
0.051590324277019   0.0833345331214409   -0.00847485278181977   0.000640769000414446   0
0.0471877197232141   0.0819345167811997   -0.0044026045538049   -0.00140001634024121   0
0.0847003223530557   0.0928633797847996   0.0375126026298416   0.0109288630035999   0
0.0704079927591387   0.0657782410159476   -0.014292329593917   -0.027085138768852   0
0.0592974928927689   0.0732358848125028   -0.0111104998663698   0.00745764379655518   0
0.0623362445689409   0.0828815592580054   0.00303875167617204   0.00964567444550263   0
0.0698735791889145   0.07013306583649   0.00753733461997357   -0.0127484934215154   0
0.0721240107744053   0.0669645350946746   0.00225043158549076   -0.00316853074181533   0
0.122116774955319   0.0979574474323848   0.0499927641809135   0.0309929123377101   0
0.107280891614077   0.0919286015483236   -0.0148358833412421   -0.00602884588406118   0
0.0853302740491906   0.0812398816842586   -0.0219506175648861   -0.0106887198640649   0
0.063654551615566   0.106799025580695   -0.0216757224336246   0.0255591438964364   0
0.0984410505989986   0.0968806758367054   0.0347864989834326   -0.00991834974398963   0
0.0845007217588559   0.0638136426936853   -0.0139403288401427   -0.03306703314302   0
0.0693600212931346   0.0955445560234845   -0.0151407004657213   0.0317309133297992   0
0.119748502431183   0.11359282751313   0.0503884811380481   0.0180482714896456   0
0.0642342366290901   0.0865570428100914   -0.0555142658020926   -0.0270357847030387   0
0.0792318632940879   0.0742243588559401   0.0149976266649978   -0.0123326839541513   0
0.138252157348905   0.0633692009594841   0.0590202940548173   -0.010855157896456   0
0.137450821260346   0.0622629439607141   -0.000801336088559368   -0.00110625699877   0
0.168999837313995   0.0888770548747713   0.0315490160536497   0.0266141109140572   0
0.149359087447534   0.0797053547324509   -0.0196407498664613   -0.00917170014232035   0
0.140627444111346   0.10574234172838   -0.00873164333618812   0.0260369869959291   0
0.168316935382364   0.0919555130398012   0.027689491271018   -0.0137868286885788   0
0.135018731819321   0.0863842622039784   -0.0332982035630432   -0.00557125083582276   0
0.162055853542231   0.108327106839841   0.0270371217229101   0.0219428446358624   0
0.187524994434316   0.0991103364258434   0.0254691408920852   -0.00921677041399743   0
0.158238976094532   0.0703016285546722   -0.0292860183397836   -0.0288087078711712   0
0.0924762286223112   0.0669059793532871   -0.0657627474722212   -0.00339564920138506   0
0.0614756598533333   0.0499882790740815   -0.031000568768978   -0.0169177002792057   0
0.0937878425435604   0.0767011384490555   0.0323121826902271   0.026712859374974   0
0.09852228749183   0.05926617340191   0.00473444494826959   -0.0174349650471455   0
0.0809946847172331   0.0792513438558551   -0.0175276027745969   0.0199851704539451   0
0.0863336078957941   0.0715381584315801   0.00533892317856101   -0.00771318542427496   0
0.0642721905195932   0.0943932406970249   -0.0220614173762009   0.0228550822654448   0
0.0966680773433706   0.113168783074866   0.0323958868237774   0.0187755423778407   0
0.0685475854086443   0.0484629749079965   -0.0281204919347264   -0.0647058081668691   0
0.0405700615511067   0.0392017397683157   -0.0279775238575376   -0.00926123513968084   0
0.0791966732935668   0.0762951261950763   0.0386266117424602   0.0370933864267607   0
0.0890389322640304   0.0614533334190636   0.00984225897046362   -0.0148417927760128   0
0.135289282164515   0.155740287052058   0.0462503499004847   0.0942869536329946   0
0.24138141935036   0.226363026934723   0.106092137185845   0.0706227398826644   0
0.190065268059496   0.16853563010906   -0.0513161512908642   -0.057827396825663   0
0.170149806080771   0.204186594717763   -0.0199154619787255   0.0356509646087031   0
0.159647730895706   0.222447927695258   -0.010502075185065   0.0182613329774949   0
0.166320146605015   0.198433769044518   0.00667241570930963   -0.0240141586507395   0
0.176090330694955   0.207442517558182   0.0097701840899396   0.00900874851366351   0
0.188580311393883   0.21838341706066   0.012489980698928   0.0109408995024786   0
0.181841331289163   0.210623452243391   -0.00673898010471985   -0.00775996481726918   0
0.166725985152457   0.202621588457055   -0.0151153461367061   -0.00800186378633591   0
0.17276035935946   0.239204054758513   0.00603437420700331   0.0365824663014578   0
0.182340425893056   0.212404285133563   0.00958006653359561   -0.0267997696249501   0
0.18310319133556   0.199286149564242   0.000762765442504004   -0.013118135569321   0
0.183865030382676   0.225330950545155   0.000761839047116408   0.0260448009809133   0
0.174566199262824   0.206449362673972   -0.00929883111985172   -0.0188815878711836   0
0.164401629157572   0.185766386305866   -0.0101645701052519   -0.0206829763681051   0
0.190974769411527   0.211764152891742   0.0265731402539544   0.0259977665858754   0
0.219608631396756   0.20432450174294   0.0286338619852294   -0.00743965114880138   0
0.180258635945525   0.190945712729143   -0.0393499954512317   -0.0133787890137971   0
0.20055961146106   0.22684443274259   0.020300975515535   0.0358987200134472   0
0.221266820236197   0.219272805933893   0.0207072087751376   -0.00757162680869719   0
0.18158366486991   0.197424593716498   -0.0396831553662876   -0.0218482122173956   0
0.161766620759089   0.179824371170231   -0.0198170441108207   -0.0176002225462668   0
0.14452434721458   0.155552770760211   -0.0172422735445087   -0.0242716004100202   0
0.633187586277632   0.708360773286766   0.488663239063052   0.552808002526555   0
0.509359408088011   0.584748130880535   -0.123828178189621   -0.123612642406231   0
