0   0   0   0   0
0.032947461881732   0.0537164099877979   0.032947461881732   0.0537164099877979   0
0.725000845947836   0.504743793537043   0.692053384066104   0.451027383549245   0
1.14114854011973   0.179927373231511   0.416147694171899   -0.324816420305532   0
0.794802669673395   0.199668399453326   -0.34634587044634   0.019741026221815   0
0.840537590681751   0.43743014576041   0.045734921008356   0.237761746307084   0
0.848587214100028   0.561322353129523   0.00804962341827697   0.123892207369113   0
0.838301010874544   0.593282567929888   -0.0102862032254843   0.031960214800365   0
0.933166736514982   0.71246194354472   0.0948657256404388   0.119179375614832   0
0.975352543011295   0.751684963133168   0.0421858064963125   0.0392230195884478   0
0.925728830856372   0.694381512142518   -0.0496237121549228   -0.0573034509906495   0
0.936939474061061   0.563115545775864   0.0112106432046887   -0.131265966366655   0
0.980470866253784   0.641300414931019   0.0435313921927235   0.0781848691551555   0
1.01063082032466   0.684614456908243   0.0301599540708757   0.0433140419772242   0
0.992287516931444   0.654792458383022   -0.018343303393216   -0.0298219985252214   0
1.07410132818258   0.702330415695085   0.0818138112511319   0.047537957312063   0
1.00903327199057   0.705458671772722   -0.0650680561920058   0.00312825607763678   0
1.0202942130133   0.68397374133835   0.0112609410227285   -0.0214849304343719   0
1.09317931369469   0.638867051089702   0.0728851006813902   -0.0451066902486481   0
1.02227030097717   0.628502713678035   -0.0709090127175225   -0.0103643374116672   0
1.03588004488388   0.608412799569744   0.0136097439067131   -0.0200899141082906   0
1.05296347876303   0.594987725143385   0.0170834338791517   -0.0134250744263589   0
0.961172683999825   0.594984019460925   -0.0917907947632058   -3.70568245966485e-06   0
0.80144390125672   0.624062074862853   -0.159728782743105   0.029078055401928   0
0.865510383223585   0.601651527710085   0.0640664819668649   -0.0224105471527681   0
0.907200977542491   0.577019924817464   0.041690594318906   -0.0246316028926213   0
0.910433062069252   0.534324471891659   0.00323208452676127   -0.0426954529258046   0
0.854133107449193   0.555193780036471   -0.0562999546200592   0.0208693081448115   0
0.879398657676483   0.516224192886186   0.0252655502272897   -0.0389695871502849   0
0.894722131590469   0.511095715559303   0.0153234739139865   -0.0051284773268826   0
0.898761097470668   0.484588536749082   0.00403896588019848   -0.0265071788102211   0
0.892139361943407   0.459940010825494   -0.00662173552726053   -0.0246485259235882   0
0.79238926990309   0.435431324899205   -0.0997500920403168   -0.0245086859262886   0
0.613667991085431   0.341967459870451   -0.178721278817659   -0.0934638650287544   0
0.706761757443686   0.481831011356077   0.0930937663582551   0.139863551485626   0
0.769028252364527   0.387823609370275   0.0622664949208415   -0.094007401985802   0
0.756848803987914   0.426637560769143   -0.0121794483766137   0.0388139513988677   0
0.746689300092886   0.417066018497911   -0.0101595038950273   -0.00957154227123191   0
0.824218571670311   0.382478853125207   0.0775292715774247   -0.0345871653727041   0
0.775525078803514   0.386042474663236   -0.0486934928667975   0.00356362153802847   0
0.829017015029159   0.377380759633404   0.0534919362256453   -0.00866171502983176   0
0.809104953768421   0.407050506426224   -0.0199120612607375   0.0296697467928204   0
0.952179755916937   0.392065923768287   0.143074802148515   -0.0149845826579376   0
0.958122933789676   0.307391008386085   0.00594317787273979   -0.0846749153822012   0
0.941251915456139   0.277342805083846   -0.0168710183335379   -0.03004820330224   0
0.948502170607247   0.275352585665174   0.00725025515110833   -0.00199021941867122   0
0.933765900610611   0.292748792804785   -0.014736269996636   0.0173962071396104   0
0.897364239665375   0.283437663968173   -0.0364016609452354   -0.00931112883661178   0
0.881866686526971   0.272220165577884   -0.0154975531384048   -0.0112174983902888   0
0.930311002268696   0.23508357673818   0.0484443157417259   -0.0371365888397039   0
0.875338454697326   0.220971616094338   -0.0549725475713704   -0.0141119606438422   0
0.951717545874293   0.210381432039148   0.0763790911769665   -0.01059018405519   0
0.883273576574657   0.234658425796643   -0.0684439692996351   0.0242769937574949   0
0.901038653501276   0.207778198339615   0.0177650769266184   -0.0268802274570283   0
0.8853577622288   0.208389341448475   -0.0156808912724755   0.00061114310886079   0
0.882845324472807   0.193262283258491   -0.00251243775599375   -0.0151270581899839   0
0.881892325476262   0.195794871881683   -0.000952998996544219   0.00253258862319164   0
0.885535494632684   0.217647123808109   0.0036431691564216   0.0218522519264265   0
0.913913867608449   0.247504745200529   0.0283783729757654   0.0298576213924194   0
0.914946030168483   0.261010886796678   0.00103216256003391   0.0135061415961489   0
0.929107980693085   0.281149978805839   0.0141619505246021   0.0201390920091615   0
0.867283697559647   0.296223666254068   -0.0618242831334382   0.0150736874482284   0
0.936211937072513   0.285816062500959   0.0689282395128654   -0.0104076037531083   0
0.901208853384147   0.288164117851437   -0.0350030836883656   0.00234805535047794   0
0.952281252774989   0.269974673597166   0.0510723993908417   -0.018189444254271   0
0.883116666583938   0.272600342427853   -0.0691645861910509   0.00262566883068671   0
0.890016625161451   0.255028579687414   0.00689995857751335   -0.0175717627404386   0
0.877559023324233   0.265159131974638   -0.0124576018372183   0.0101305522872236   0
0.885835856668353   0.272851194937919   0.00827683334412022   0.00769206296328145   0
0.901789596941656   0.257902440164601   0.0159537402733033   -0.0149487547733183   0
0.882374503240934   0.267772801751811   -0.0194150937007221   0.00987036158720994   0
0.918780579020298   0.239274525955742   0.0364060757793635   -0.0284982757960689   0
0.842014821664443   0.256044815160654   -0.0767657573558549   0.0167702892049122   0
0.907113675122106   0.243121518950472   0.0650988534576633   -0.0129232962101827   0
0.841860710310147   0.27066723001215   -0.0652529648119594   0.0275457110616781   0
0.876702552043951   0.239965881972293   0.0348418417338038   -0.030701348039857   0
0.785846641067059   0.239456352468532   -0.0908559109768918   -0.000509529503760292   0
0.85337019990627   0.324408642266963   0.0675235588392114   0.0849522897984309   0
0.890938748531743   0.298334524194338   0.0375685486254727   -0.026074118072625   0
