7.1054274e-15   0   0   0   0
0.0667942445281022   0.0586947650605001   0.0667942445280951   0.0586947650605001   0
0.137523204958484   0.0948068527699933   0.0707289604303817   0.0361120877094931   0
0.167439554663424   0.133278361064847   0.0299163497049399   0.0384715082948542   0
0.113922992853153   0.127133958696327   -0.0535165618102709   -0.00614440236851999   0
0.178923260384434   0.169252859857511   0.0650002675312809   0.0421189011611834   0
0.264677825806473   0.262144892061822   0.085754565422039   0.0928920322043111   0
0.259060240229776   0.254872388044866   -0.00561758557669678   -0.00727250401695634   0
0.299932496218713   0.296024031233635   0.0408722559889367   0.0411516431887696   0
0.278621302172442   0.267420529190241   -0.0213111940462708   -0.028603502043394   0
0.272370135452746   0.254412266777059   -0.0062511667196955   -0.0130082624131818   0
0.278640083386158   0.274622068751705   0.00626994793341168   0.0202098019746455   0
0.280800180461936   0.276138080829327   0.00216009707577813   0.0015160120776217   0
0.291597569706236   0.283657523344663   0.0107973892442994   0.00751944251533615   0
0.285336531738607   0.26913090670778   -0.00626103796762872   -0.0145266166368823   0
0.329126859283473   0.307904333134421   0.0437903275448666   0.0387734264266402   0
0.329188180693047   0.325183795219972   6.13214095735448e-05   0.017279462085551   0
0.313860471275794   0.324699484661875   -0.0153277094172527   -0.000484310558096224   0
0.328600205611142   0.336800732663332   0.0147397343353474   0.0121012480014561   0
0.319057072682742   0.319128770301833   -0.0095431329283997   -0.0176719623614986   0
0.283123653403065   0.28753437377156   -0.0359334192796766   -0.0315943965302733   0
0.336498081313392   0.345092962511348   0.053374427910327   0.0575585887397884   0
0.34522500703561   0.353077707777912   0.00872692572221784   0.00798474526656417   0
0.35224783136605   0.351483951117029   0.00702282433043994   -0.00159375666088274   0
0.380777635832119   0.369481542619952   0.0285298044660687   0.0179975915029224   0
0.340861519650071   0.350904172065082   -0.0399161161820484   -0.0185773705548699   0
0.348144983005555   0.355758500930334   0.00728346335548491   0.00485432886525222   0
0.345972167819372   0.358437413701939   -0.00217281518618367   0.00267891277160454   0
0.367383732026099   0.381214967938421   0.0214115642067275   0.0227775542364823   0
0.371430493418655   0.386467750003064   0.00404676139255594   0.0052527820646433   0
0.370611318967344   0.381693560723978   -0.000819174451311411   -0.00477418927908657   0
0.372209060717073   0.379884234244701   0.00159774174972971   -0.00180932647927634   0
0.358860096183493   0.39233881492914   -0.0133489645335805   0.0124545806844388   0
0.352993021452588   0.381843154422301   -0.00586707473090486   -0.0104956605068395   0
0.375140191997405   0.409800647918899   0.0221471705448171   0.027957493496598   0
0.367215750182488   0.384850324912946   -0.00792444181491686   -0.0249503230059532   0
0.336352403972981   0.341577509596944   -0.0308633462095075   -0.0432728153160015   0
0.333894898751141   0.34503358048464   -0.00245750522184002   0.00345607088769539   0
0.362954813167902   0.356590383715407   0.0290599144167613   0.0115568032307679   0
0.422828349433775   0.435439502555973   0.0598735362658726   0.0788491188405652   0
0.404801171818396   0.411149930033211   -0.0180271776153791   -0.0242895725227611   0
0.394468327447498   0.416153173200527   -0.0103328443708975   0.00500324316731593   0
0.210917969440582   0.269678353939036   -0.183550358006916   -0.146474819261491   0
0.219967272059507   0.269778023137105   0.00904930261892442   9.96691980690301e-05   0
0.306174146333805   0.350566606990547   0.0862068742742984   0.0807885838534416   0
0.287861146296936   0.340756265513284   -0.0183130000368688   -0.00981034147726295   0
0.303802166883296   0.361529708621064   0.0159410205863603   0.0207734431077805   0
0.275741556251531   0.338266525737418   -0.0280606106317653   -0.0232631828836468   0
0.281011385719672   0.33674396962001   0.00526982946814047   -0.00152255611740737   0
0.333362768219508   0.371070289125056   0.0523513824998363   0.0343263195050461   0
0.350853142358989   0.383656913162088   0.017490374139481   0.012586624037032   0
0.338925759174018   0.385972564943697   -0.011927383184971   0.00231565178160897   0
0.330945643570594   0.385323063350263   -0.00798011560342388   -0.000649501593434576   0
0.338912151082719   0.401289288644732   0.00796650751212535   0.0159662252944689   0
0.38849183648257   0.431846377104357   0.0495796853998509   0.0305570884596251   0
0.365650373484961   0.424042988418209   -0.0228414629976096   -0.00780338868614772   0
0.327186965602809   0.381547589424958   -0.0384634078821516   -0.0424953989932506   0
0.347124508431667   0.40090235799576   0.0199375428288579   0.0193547685708019   0
0.363698703843991   0.416207525195501   0.0165741954123244   0.0153051671997404   0
0.361827561054291   0.404024071086967   -0.00187114278970041   -0.0121834541085337   0
0.362702564911775   0.412670013570278   0.000875003857484402   0.00864594248331141   0
0.344549867469113   0.393769594755707   -0.0181526974426624   -0.0189004188145717   0
0.356947130917067   0.396578533173714   0.0123972634479543   0.00280893841800772   0
0.454569100743578   0.494305914211236   0.097621969826511   0.0977273810375213   0
0.423529191017541   0.479507426793111   -0.0310399097260374   -0.0147984874181242   0
0.449533592949124   0.501515732122392   0.0260044019315828   0.0220083053292803   0
0.412083476650689   0.463095089023226   -0.0374501162984348   -0.0384206430991653   0
0.316573210667593   0.392278438712532   -0.0955102659830956   -0.0708166503106946   0
0.405747162638811   0.461026236758899   0.0891739519712181   0.0687477980463668   0
0.416562337147649   0.471110422955007   0.0108151745088381   0.0100841861961086   0
0.438109997250196   0.487001840943628   0.0215476601025463   0.0158914179886206   0
0.420966332757987   0.485629065073277   -0.0171436644922082   -0.00137277587035112   0
0.386344678270664   0.454036347257666   -0.0346216544873238   -0.0315927178156111   0
0.376280748377612   0.434028012264134   -0.0100639298930519   -0.0200083349935318   0
0.46784271976871   0.491440705305016   0.0915619713910986   0.0574126930408826   0
0.42506466521834   0.451379637498884   -0.0427780545503708   -0.0400610678061324   0
0.425215332598756   0.46778619504369   0.000150667380416025   0.0164065575448064   0
0.47001218917138   0.510529212787963   0.0447968565726248   0.0427430177442726   0
