2.27800369279661e-14   3.8518599e-32   0   0   0
0.0994474557150202   0.0758885701347525   0.0994474557149974   0.0758885701347525   0
0.0773234674685895   0.102887635761642   -0.0221239882464307   0.0269990656268895   0
0.121292192006069   0.168792268220614   0.0439687245374793   0.0659046324589717   0
0.102462805175916   0.112185162204652   -0.0188293868301532   -0.0566071060159618   0
0.0639884125238359   0.0650543599388151   -0.0384743926520797   -0.0471308022658369   0
0.100488491703947   0.0977054055618748   0.0365000791801112   0.0326510456230597   0
0.136757422467729   0.108276942373379   0.0362689307637823   0.0105715368115043   0
0.10923013508441   0.115470583594091   -0.0275272873833194   0.00719364122071192   0
0.168900938346582   0.11176251998966   0.0596708032621722   -0.00370806360443157   0
0.0824145546278225   0.103061426817488   -0.0864863837187596   -0.00870109317217141   0
0.128594933375767   0.128191883866333   0.0461803787479448   0.0251304570488446   0
0.143131483070803   0.123149969505874   0.0145365496950358   -0.00504191436045902   0
0.333846934979072   0.137411008530634   0.190715451908269   0.0142610390247607   0
0.312555795311606   0.117416730801165   -0.0212911396674664   -0.0199942777294693   0
0.24321875744562   0.161578146441692   -0.0693370378659854   0.0441614156405273   0
0.216156053309914   0.0564787002503314   -0.027062704135706   -0.105099446191361   0
0.249873855693899   0.04309990976766   0.0337178023839853   -0.0133787904826714   0
0.242663963227792   0.0461465239570904   -0.00720989246610776   0.00304661418943038   0
0.302995508165643   0.0561187288574613   0.0603315449378511   0.00997220490037094   0
0.336809447272372   0.0598896200330878   0.0338139391067294   0.00377089117562646   0
0.284294616598419   0.0908741674206122   -0.0525148306739532   0.0309845473875244   0
0.381085741642993   0.108673055308672   0.0967911250445742   0.0177988878880594   0
0.293487360416313   0.0835738266876009   -0.0875983812266801   -0.0250992286210707   0
0.329649087990126   0.0995059184580313   0.0361617275738126   0.0159320917704304   0
0.330051473833713   0.127076751728034   0.00040238584358715   0.0275708332700026   0
0.368002998841253   0.171274018543163   0.0379515250075402   0.0441972668151293   0
0.450031102364622   0.163212422359947   0.082028103523369   -0.00806159618321606   0
0.305633393016329   0.131307402618612   -0.144397709348293   -0.0319050197413351   0
0.455488402239895   0.138233931768873   0.149855009223566   0.00692652915026074   0
0.418018043921759   0.165200741598367   -0.0374703583181358   0.0269668098294946   0
0.499481998148839   0.184706750556163   0.0814639542270799   0.0195060089577959   0
0.518651361480971   0.243421446721587   0.0191693633321325   0.0587146961654238   0
0.549626226400794   0.191662690238567   0.0309748649198228   -0.0517587564830199   0
0.537502299676736   0.226280830407932   -0.0121239267240585   0.0346181401693653   0
0.476184883481068   0.189264417250883   -0.0613174161956678   -0.0370164131570496   0
0.469592741663417   0.210854610246109   -0.00659214181765111   0.0215901929952264   0
0.507296353992329   0.216374063674658   0.0377036123289125   0.00551945342854893   0
0.494261089096772   0.18916207746423   -0.0130352648955567   -0.027211986210428   0
0.572995336134112   0.231903759962026   0.0787342470373396   0.0427416824977953   0
0.546045432298793   0.190602298552613   -0.0269499038353191   -0.0413014614094126   0
0.538424451921303   0.210021353285512   -0.00762098037749015   0.0194190547328991   0
0.50669458521048   0.202326091862792   -0.0317298667108231   -0.00769526142272045   0
0.459431839866944   0.202722631284094   -0.0472627453435355   0.000396539421302605   0
0.481243123990375   0.219339892300359   0.0218112841234309   0.0166172610162652   0
0.488984881101558   0.208751050760633   0.0077417571111833   -0.0105888415397265   0
0.591324766566063   0.236675610283674   0.102339885464505   0.027924559523041   0
0.532821757405498   0.20288340818824   -0.0585030091605648   -0.0337922020954339   0
0.58306552879851   0.254482007472748   0.0502437713930121   0.0515985992845083   0
0.283656156877906   0.243330531730148   -0.299409371920604   -0.0111514757426002   0
0.356129689196701   0.185359024271227   0.0724735323187944   -0.0579715074589214   0
0.392120814334023   0.206898671716073   0.0359911251373221   0.0215396474448465   0
0.384228412218285   0.301099658721749   -0.0078924021157375   0.094200987005676   0
0.399903705143326   0.334546100483732   0.0156752929250411   0.0334464417619829   0
0.417052974661002   0.338714906309355   0.0171492695176761   0.00416880582562268   0
0.482076006600327   0.321194849385045   0.0650230319393249   -0.0175200569243099   0
0.470136642677249   0.280772905146518   -0.0119393639230782   -0.0404219442385274   0
0.499864870744708   0.321424455212184   0.0297282280674591   0.0406515500656665   0
0.421600674518395   0.282461316617484   -0.078264196226313   -0.0389631385947   0
0.486193332658094   0.281828039825086   0.0645926581396994   -0.000633276792397774   0
0.497297702647844   0.265700478515267   0.0111043699897491   -0.0161275613098197   0
0.563199280795285   0.334407738765514   0.065901578147441   0.0687072602502473   0
0.556861679717499   0.315466645778417   -0.00633760107778591   -0.0189410929870965   0
0.574479779654381   0.330147884600424   0.0176180999368823   0.0146812388220062   0
0.563833695678601   0.322200564391746   -0.0106460839757804   -0.007947320208678   0
0.615951448876988   0.341476570560779   0.052117753198387   0.0192760061690329   0
0.617348359232997   0.34498739008877   0.00139691035600964   0.00351081952799143   0
