1.4210855e-14   0   0   0   0
0.0474757284670771   0.0166491226056619   0.0474757284670629   0.0166491226056619   0
0.021206184721712   0.0173421884632673   -0.0262695437453652   0.000693065857605368   0
0.0137520710317983   0.0151406336896042   -0.00745411368991367   -0.00220155477366304   0
0.0210837459999886   0.012492137941923   0.00733167496819032   -0.00264849574768121   0
0.045071730702713   0.0186377159667835   0.0239879847027244   0.00614557802486052   0
0.0286742696586341   0.0377648704259696   -0.0163974610440788   0.019127154459186   0
0.0464352224530478   0.0253926838198931   0.0177609527944137   -0.0123721866060765   0
0.0762504494087275   0.0457157900237357   0.0298152269556797   0.0203231062038426   0
0.0695785192231776   0.0430099904079531   -0.0066719301855499   -0.00270579961578254   0
0.0539528326584809   0.0228226959984253   -0.0156256865646967   -0.0201872944095278   0
0.0655497987052177   0.0540314805735629   0.0115969660467368   0.0312087845751376   0
0.107704076957682   0.090045233592597   0.0421542782524642   0.036013753019034   0
0.0829517027557801   0.0665881519675161   -0.0247523742019017   -0.0234570816250809   0
0.0836839807668911   0.070365879086252   0.000732278011110934   0.00377772711873585   0
0.086635825290034   0.0796920558781961   0.00295184452314293   0.00932617679194414   0
0.0897052738142263   0.0747426002919612   0.00306944852419233   -0.00494945558623486   0
0.0873675770927995   0.0791048702183649   -0.00233769672142685   0.00436226992640365   0
0.109980225452759   0.106536619970875   0.02261264835996   0.0274317497525101   0
0.133180940432705   0.0972590938296489   0.0232007149799456   -0.00927752614122611   0
0.128390614811093   0.0855748522355427   -0.00479032562161175   -0.0116842415941062   0
0.114284161215723   0.0768263157040781   -0.0141064535953699   -0.00874853653146454   0
0.139680133285013   0.0902101560753211   0.0253959720692897   0.0133838403712429   0
0.135369989815363   0.139375645573463   -0.00431014346965025   0.049165489498142   0
0.188422647574891   0.128080052976601   0.053052657759528   -0.0112955925968622   0
0.1907295080529   0.135930427369001   0.00230686047800951   0.00785037439240036   0
0.156495516409196   0.125801040301733   -0.0342339916437048   -0.010129387067268   0
0.173963483333934   0.141407054448442   0.0174679669247386   0.0156060141467083   0
0.232014547937748   0.175293790507847   0.0580510646038133   0.0338867360594057   0
0.141370294143998   0.134929398116745   -0.0906442537937491   -0.0403643923911025   0
0.269561670350261   0.195607148973371   0.128191376206262   0.0606777508566263   0
0.360213704218252   0.206867798209626   0.090652033867991   0.011260649236255   0
0.309292950227091   0.224771461604303   -0.0509207539911608   0.0179036633946768   0
0.370972293079959   0.238949781818394   0.0616793428528679   0.014178320214091   0
0.573584800660578   0.115897857382668   0.202612507580619   -0.123051924435726   0
0.510893294418781   0.0383866475502289   -0.0626915062417969   -0.0775112098324394   0
0.505938378394269   0.0617356450141394   -0.00495491602451237   0.0233489974639104   0
0.472595347964873   0.0891617896417738   -0.0333430304293961   0.0274261446276344   0
0.342500791509372   0.0579564607304284   -0.130094556455501   -0.0312053289113454   0
0.174318104347554   0.145022677520333   -0.168182687161818   0.0870662167899051   0
0.333334073378399   0.125359649013423   0.159015969030846   -0.0196630285069102   0
0.325841140450001   0.0966398732468142   -0.00749293292839859   -0.0287197757666089   0
0.365015367829485   0.0881873544388168   0.0391742273794843   -0.00845251880799743   0
0.329187186482288   0.112204843115754   -0.0358281813471966   0.0240174886769373   0
0.336733455751503   0.141843078749103   0.00754626926921459   0.0296382356333485   0
0.305587408601031   0.127388497310198   -0.0311460471504723   -0.0144545814389048   0
0.323315371792214   0.150299739960377   0.0177279631911831   0.0229112426501796   0
0.314242152208317   0.152478263213674   -0.00907321958389645   0.00217852325329665   0
0.309851964361149   0.15774950761811   -0.0043901878471686   0.00527124440443547   0
0.304380287575478   0.149746289700672   -0.00547167678567123   -0.00800321791743777   0
0.28879614768539   0.144101964823197   -0.0155841398900877   -0.00564432487747488   0
0.274080500759931   0.126518804127802   -0.0147156469254589   -0.0175831606953953   0
0.27518310716912   0.138428520452403   0.00110260640918924   0.0119097163246012   0
0.283588867352539   0.143363001013885   0.00840576018341838   0.00493448056148227   0
0.244876026894303   0.125178460089381   -0.0387128404582356   -0.0181845409245045   0
0.236863513192147   0.131250904563487   -0.00801251370215636   0.0060724444741066   0
0.234744607340292   0.12486646131469   -0.00211890585185476   -0.00638444324879711   0
0.279524109362361   0.161389777878341   0.0447795020220687   0.0365233165636505   0
0.303946131609644   0.167922765301393   0.0244220222472839   0.00653298742305256   0
0.308286239603539   0.160129653631046   0.00434010799389445   -0.00779311167034699   0
0.321907027136431   0.158873010019346   0.0136207875328922   -0.00125664361170016   0
