1.3972261609352e-14   6.7354295e-17   0   0   0
0.0128002256045176   0.0165914153812977   0.0128002256045036   0.0165914153812976   0
0.080307043034666   0.0333195699070799   0.0675068174301484   0.0167281545257823   0
0.0735727844612229   0.0273438378609635   -0.00673425857344315   -0.00597573204611644   0
0.109188648982419   0.0161584035532165   0.0356158645211957   -0.011185434307747   0
0.0309517250461114   0.0865935795748679   -0.0782369239363072   0.0704351760216514   0
0.0484332594139272   0.0494015136442879   0.0174815343678158   -0.03719206593058   0
0.0548114948598292   0.0541828593895348   0.00637823544590201   0.00478134574524691   0
0.084490576606832   0.0777476554102788   0.0296790817470029   0.023564796020744   0
0.0725801696287592   0.0623132706390121   -0.0119104069780728   -0.0154343847712667   0
0.0840124797517623   0.0759224425687578   0.0114323101230032   0.0136091719297457   0
0.0804894856958071   0.0805204860286374   -0.00352299405595528   0.00459804345987959   0
0.100420178457155   0.0679056048481155   0.0199306927613475   -0.0126148811805219   0
0.129232187764149   0.0884111210834585   0.0288120093069945   0.0205055162353431   0
0.12585252190303   0.0651452578512263   -0.00337966586111901   -0.0232658632322322   0
0.12869410447413   0.0678419492572176   0.00284158257109968   0.00269669140599131   0
0.133201921231671   0.0773686155201754   0.00450781675754144   0.0095266662629578   0
0.147686223087594   0.0815336536602536   0.0144843018559226   0.00416503814007819   0
0.175857411699502   0.0964247204783631   0.0281711886119084   0.0148910668181094   0
0.498119005565636   0.170319917393587   0.322261593866134   0.0738951969152238   0
0.367563317670338   0.228043500097745   -0.130555687895298   0.0577235827041582   0
0.325486835561304   0.231389093982932   -0.042076482109034   0.00334559388518679   0
0.308062494160028   0.254111594625941   -0.0174243414012759   0.0227225006430092   0
0.237967569343961   0.247514997124273   -0.0700949248160674   -0.00659659750166769   0
0.273280748871618   0.221141037047653   0.0353131795276566   -0.02637396007662   0
0.248891343351369   0.167789423046138   -0.0243894055202486   -0.053351614001515   0
0.247503960620994   0.174371150572997   -0.00138738273037467   0.00658172752685843   0
0.245049351705204   0.164778708710239   -0.00245460891579002   -0.0095924418627579   0
0.247868013544005   0.158418553526063   0.00281866183880103   -0.00636015518417588   0
0.170909705044534   0.108107708359864   -0.0769583084994718   -0.0503108451661986   0
0.171210843096961   0.11952000586858   0.000301138052427097   0.0114122975087153   0
0.154618165867396   0.131542925226273   -0.0165926772295642   0.0120229193576935   0
0.127730355370516   0.0875958175685448   -0.0268878104968803   -0.0439471076577283   0
0.150506712403451   0.0905213773321717   0.0227763570329353   0.00292555976362684   0
0.16144631553674   0.112613050289629   0.0109396031332886   0.0220916729574572   0
0.14873866659658   0.07181693949633   -0.01270764894016   -0.0407961107932988   0
0.15057256844888   0.0831552651521735   0.00183390185229998   0.0113383256558435   0
0.128365297394921   0.0934141291159595   -0.022207271053959   0.0102588639637859   0
0.116684581102623   0.083828814156047   -0.0116807162922978   -0.00958531495991248   0
0.100122618449504   0.0783931652184882   -0.0165619626531193   -0.00543564893755878   0
0.15414062669656   0.076699902896103   0.0540180082470558   -0.00169326232238523   0
0.113680695972568   0.0758976479587064   -0.0404599307239918   -0.000802254937396621   0
0.132258041590968   0.0923324837255691   0.0185773456184   0.0164348357668627   0
0.147800888476231   0.099605217444894   0.0155428468852633   0.00727273371932487   0
0.151519203095495   0.0871482597509904   0.00371831461926336   -0.0124569576939036   0
0.162589351941981   0.10126127943251   0.0110701488464865   0.0141130196815193   0
0.138021209590652   0.102079924232112   -0.0245681423513291   0.000818644799602253   0
0.167858216291399   0.111159610748569   0.0298370067007473   0.00907968651645714   0
0.141625116158131   0.109285551242488   -0.0262331001332682   -0.0018740595060807   0
0.139434627860216   0.0869385768204162   -0.00219048829791524   -0.0223469744220722   0
0.177731527061417   0.100035641147306   0.0382968992012016   0.01309706432689   0
0.12828233325265   0.141332276992505   -0.0494491938087675   0.0412966358451988   0
0.153693864424905   0.0900917933412106   0.0254115311722552   -0.0512404836512944   0
0.15412429967756   0.0879232785955761   0.000430435252654793   -0.00216851474563454   0
0.172879956535802   0.0873428700633466   0.0187556568582417   -0.000580408532229473   0
0.199550341052183   0.0887109590644606   0.0266703845163815   0.00136808900111395   0
0.173910964585259   0.0872280786808112   -0.0256393764669244   -0.00148288038364934   0
0.162385936371874   0.074848003202404   -0.0115250282133844   -0.0123800754784072   0
0.146706477004216   0.058707731933629   -0.015679459367658   -0.016140271268775   0
0.627271741105726   0.226403215329106   0.48056526410151   0.167695483395477   0
0.586983430877774   0.268226339677127   -0.0402883102279524   0.0418231243480216   0
0.172964488682248   0.150315629091863   -0.414018942195526   -0.117910710585264   0
0.135437176449823   0.148329048080044   -0.0375273122324247   -0.00198658101181834   0
0.15342156939155   0.149602633707463   0.0179843929417269   0.00127358562741892   0
0.208798900119671   0.147396148043529   0.0553773307281211   -0.00220648566393425   0
0.203606143622833   0.140321351415116   -0.00519275649683762   -0.00707479662841279   0
0.290619010118139   0.350294417924254   0.0870128664953053   0.209973066509138   0
0.258684741540798   0.322423382468828   -0.0319342685773408   -0.027871035455426   0
