7.4617838e-15   2.35179525e-16   0   0   0
0.0439566075410211   0.0350635554214912   0.0439566075410136   0.035063555421491   0
0.067735653042632   0.0385395574705591   0.0237790455016109   0.00347600204906791   0
0.138850963902546   0.0728168561907208   0.0711153108599141   0.0342772987201617   0
0.16442723993552   0.0853332359249529   0.0255762760329739   0.0125163797342321   0
0.128079562486167   0.0765470357181536   -0.0363476774493527   -0.00878620020679931   0
0.164240736145616   0.0759188799199896   0.0361611736594487   -0.000628155798164068   0
0.139876128334486   0.0650514118060544   -0.0243646078111304   -0.0108674681139352   0
0.197980587760223   0.101218717259197   0.0581044594257376   0.0361673054531427   0
0.145107358491641   0.0820912004043514   -0.0528732292685825   -0.0191275168548456   0
0.133118943967455   0.0800493302363116   -0.0119884145241852   -0.00204187016803979   0
0.173478741814549   0.082949977959797   0.040359797847094   0.00290064772348536   0
0.167447580387468   0.0897679181591699   -0.00603116142708185   0.00681794019937294   0
0.210621534354997   0.106062463922252   0.0431739539675297   0.0162945457630824   0
0.222176107646456   0.126477198307187   0.0115545732914588   0.0204147343849348   0
0.215611775414271   0.11433065029744   -0.00656433223218514   -0.0121465480097477   0
0.216561885576605   0.115993296553467   0.000950110162334539   0.0016626462560277   0
0.215782050598843   0.132047790918418   -0.000779834977762295   0.016054494364951   0
0.209776130816203   0.127631376107988   -0.00600591978264012   -0.0044164148104297   0
0.243883058917422   0.135877694848178   0.0341069281012187   0.00824631874018933   0
0.24032464391775   0.158590095151346   -0.00355841499967166   0.0227124003031677   0
0.212079397672534   0.174412140952822   -0.0282452462452162   0.0158220458014764   0
0.297030390767347   0.186296696611046   0.0849509930948134   0.0118845556582245   0
0.246495739550796   0.190765598169437   -0.0505346512165514   0.00446890155839089   0
0.251987899470342   0.200776262072372   0.00549215991954596   0.0100106639029352   0
0.284032508906459   0.197625550558445   0.032044609436117   -0.0031507115139271   0
0.240087900232765   0.202715226108704   -0.043944608673694   0.00508967555025858   0
0.293550186437997   0.202102351177155   0.0534622862052325   -0.000612874931549295   0
0.225089804693881   0.191892340272572   -0.068460381744116   -0.0102100109045825   0
0.26696092495253   0.193998201886315   0.0418711202586492   0.00210586161374315   0
0.267074185045409   0.199618541771569   0.000113260092878709   0.00562033988525418   0
0.266632463023948   0.197141416152725   -0.000441722021461199   -0.00247712561884439   0
0.327418959482816   0.212418421346679   0.0607864964588684   0.0152770051939541   0
0.267966619220683   0.197579997119089   -0.0594523402621332   -0.0148384242275904   0
0.287136029369326   0.193089844909108   0.0191694101486433   -0.00449015220998045   0
0.321603024119141   0.19793307650765   0.0344669947498148   0.00484323159854169   0
0.297249648828245   0.196930415637498   -0.0243533752908967   -0.0010026608701523   0
0.34595404928037   0.211130431958997   0.0487044004521259   0.0142000163214991   0
0.312817099772268   0.215747551220803   -0.0331369495081029   0.0046171192618065   0
0.29702622381882   0.21080721222896   -0.0157908759534475   -0.00494033899184337   0
0.347353505751048   0.207932379539117   0.0503272819322275   -0.00287483268984301   0
0.305039586439715   0.212420494344264   -0.042313919311332   0.00448811480514702   0
0.321295504380728   0.214362144531753   0.0162559179410122   0.00194165018748876   0
0.313808835362064   0.211922849446395   -0.00748666901866346   -0.00243929508535803   0
0.292880783327553   0.215136603050485   -0.0209280520345115   0.00321375360409051   0
0.303238405380127   0.218577753157461   0.0103576220525739   0.0034411501069756   0
0.282246245070033   0.220079486816718   -0.0209921603100936   0.0015017336592571   0
0.333739161688045   0.231420961889532   0.0514929166180118   0.0113414750728136   0
0.307599439023081   0.210638185509745   -0.0261397226649634   -0.0207827763797871   0
0.286621021614102   0.205632855617522   -0.020978417408979   -0.00500532989222291   0
0.329009752650089   0.206325486697246   0.0423887310359869   0.00069263107972406   0
0.323379907402995   0.203684557942033   -0.00562984524709431   -0.00264092875521274   0
0.337809544667474   0.221901682898967   0.0144296372644795   0.0182171249569337   0
0.305480406011567   0.227156903733521   -0.0323291386559071   0.00525522083455446   0
0.34730696777362   0.220140909413007   0.0418265617620525   -0.0070159943205142   0
0.356324574465253   0.221995019998943   0.00901760669163304   0.00185411058593607   0
0.372593608250891   0.219316894427098   0.0162690337856382   -0.00267812557184538   0
0.391915000454676   0.213349259393755   0.0193213922037853   -0.00596763503334205   0
0.470896075932422   0.22921160405755   0.0789810754777461   0.015862344663795   0
0.427375282058752   0.214737981821141   -0.0435207938736706   -0.014473622236409   0
0.499629186308637   0.23758619534243   0.0722539042498849   0.0228482135212884   0
0.474840120748319   0.229463677747489   -0.0247890655603171   -0.0081225175949404   0
0.466170682287482   0.224164223243471   -0.00866943846083723   -0.00529945450401867   0
0.455139852906585   0.228463305548594   -0.0110308293808977   0.00429908230512319   0
0.48315918711879   0.242041118886916   0.0280193342122059   0.0135778133383219   0
0.488732404906235   0.23427838752164   0.00557321778744424   -0.00776273136527564   0
0.542657099911425   0.2530224599934   0.0539246950051907   0.0187440724717602   0
0.476566723583626   0.239975612003102   -0.0660903763277991   -0.0130468479902987   0
0.452875371233232   0.247708378068423   -0.023691352350394   0.0077327660653215   0
0.406141831455625   0.26498179526215   -0.0467335397776077   0.017273417193727   0
