0   0   0   0   0
0.0672784474989104   0.106984885344128   0.0672784474989104   0.106984885344128   0
0.0487221084280677   0.149621455289098   -0.0185563390708428   0.04263656994497   0
0.0438393849906008   0.156277003540097   -0.00488272343746689   0.00665554825099879   0
0.0547949046825768   0.153152676032734   0.010955519691976   -0.00312432750736275   0
0.077845039621775   0.155334215118026   0.0230501349391982   0.00218153908529164   0
0.0695405926260143   0.136215468812694   -0.00830444699576063   -0.0191187463053317   0
0.086922544174428   0.178230317714079   0.0173819515484136   0.042014848901385   0
0.114604724284119   0.17532213562958   0.0276821801096914   -0.00290818208449917   0
0.129851466212621   0.167484414867976   0.0152467419285013   -0.00783772076160452   0
0.0822430480244691   0.163895072829201   -0.0476084181881516   -0.00358934203877517   0
0.0735003292451909   0.1624274767776   -0.00874271877927815   -0.00146759605160007   0
0.110883646753144   0.167191745560135   0.037383317507953   0.00476426878253469   0
0.115182721496031   0.149716175707703   0.0042990747428869   -0.0174755698524326   0
0.114404255681105   0.149679026804246   -0.000778465814925369   -3.71489034564909e-05   0
0.121421251399608   0.140628466009461   0.00701699571850227   -0.00905056079478542   0
0.0868598152288248   0.151877108664825   -0.0345614361707829   0.0112486426553641   0
0.0703032768996319   0.146275743268899   -0.0165565383291929   -0.00560136539592609   0
0.108073797533369   0.299667249838067   0.0377705206337367   0.153391506569168   0
0.093985462308688   0.270757259054285   -0.0140883352246805   -0.0289099907837824   0
0.0930668945231797   0.294404781529152   -0.000918567785508348   0.0236475224748675   0
0.115822511449752   0.302574751887569   0.0227556169265723   0.00816997035841693   0
0.157413031489888   0.257694399928694   0.0415905200401358   -0.0448803519588749   0
0.15785659760593   0.246298806142068   0.000443566116042043   -0.011395593786626   0
0.14431901332   0.255547439537579   -0.0135375842859294   0.00924863339551071   0
0.130532048353242   0.26581465686681   -0.013786964966758   0.0102672173292315   0
0.177490638479291   0.272722185662181   0.0469585901260487   0.00690752879537065   0
0.120687399416352   0.333177009860912   -0.0568032390629392   0.0604548241987307   0
0.117673738574957   0.213575537634974   -0.00301366084139516   -0.119601472225938   0
0.130695906779145   0.250788524779039   0.0130221682041885   0.0372129871440656   0
0.137343256184676   0.22416896322235   0.00664734940553047   -0.0266195615566889   0
0.27611976032344   0.407768827012147   0.138776504138764   0.183599863789797   0
0.352154264724073   0.349791873193177   0.0760345044006338   -0.0579769538189696   0
0.169403559122971   0.144771962974494   -0.182750705601103   -0.205019910218683   0
0.162448433981424   0.198964755996732   -0.00695512514154636   0.0541927930222378   0
0.166716016551792   0.208689982946353   0.0042675825703675   0.00972522694962047   0
0.184356803796939   0.297812279723687   0.0176407872451472   0.0891222967773341   0
0.250754401793949   0.292503405413514   0.0663975979970105   -0.00530887431017263   0
0.356833425778488   0.26010483153333   0.106079023984538   -0.032398573880184   0
0.30705287817659   0.228346963807843   -0.0497805476018976   -0.031757867725487   0
0.342459687691206   0.197725081070065   0.0354068095146161   -0.0306218827377777   0
0.345607286009265   0.163006966456159   0.00314759831805828   -0.0347181146139061   0
0.323668615729996   0.175845018703161   -0.0219386702792684   0.012838052247002   0
0.379823603101807   0.202005921024854   0.0561549873718104   0.0261609023216926   0
0.32108628786646   0.214106762107029   -0.0587373152353466   0.0121008410821755   0
0.349010888450683   0.225463492413711   0.0279246005842226   0.0113567303066812   0
0.395853241995618   0.214470321360229   0.0468423535449354   -0.0109931710534815   0
0.414061061444032   0.225882608277051   0.0182078194484137   0.0114122869168214   0
0.365305414217049   0.188028526744507   -0.0487556472269828   -0.0378540815325436   0
0.393527281719003   0.224814323148117   0.0282218675019545   0.0367857964036105   0
0.39192170596114   0.204738467026085   -0.00160557575786396   -0.0200758561220323   0
0.37318519505081   0.185301379949946   -0.0187365109103294   -0.0194370870761389   0
0.35202982682689   0.220908867137424   -0.0211553682239201   0.0356074871874778   0
0.432217673678043   0.221202403138252   0.0801878468511526   0.000293536000827876   0
0.430045496247413   0.219884792181476   -0.00217217743063008   -0.00131761095677624   0
0.43225938180898   0.203583799945286   0.00221388556156693   -0.0163009922361896   0
0.401683957268978   0.206095704576745   -0.0305754245400017   0.00251190463145901   0
0.389537888804826   0.210909090406097   -0.0121460684641519   0.00481338582935181   0
0.332484528974122   0.21010097167401   -0.0570533598307044   -0.000808118732086582   0
0.352490124980719   0.194754758848192   0.0200055960065978   -0.0153462128258186   0
0.356409188196124   0.183244956550661   0.00391906321540414   -0.0115098022975304   0
0.374239658239426   0.173027623631849   0.0178304700433026   -0.0102173329188122   0
0.323337986682261   0.18258767578456   -0.0509016715571654   0.00956005215271133   0
0.305474344890134   0.19907870936622   -0.0178636417921268   0.0164910335816595   0
0.288139426742715   0.212581640390466   -0.0173349181474191   0.013502931024246   0
0.348709048330653   0.20706309950724   0.060569621587938   -0.00551854088322568   0
0.37516806968592   0.203541161878824   0.0264590213552676   -0.00352193762841627   0
0.211984540032157   0.272715954851626   -0.163183529653763   0.0691747929728021   0
0.276128108639074   0.270331125502378   0.0641435686069172   -0.002384829349248   0
0.305518734640681   0.254029225819468   0.0293906260016064   -0.0163018996829097   0
0.33256510966278   0.235737563991795   0.0270463750220997   -0.0182916618276729   0
0.262508340295721   0.252247719936403   -0.0700567693670589   0.0165101559446077   0
0.230933897176898   0.274568854252575   -0.0315744431188233   0.0223211343161721   0
0.198570783172322   0.534440390804412   -0.0323631140045763   0.259871536551836   0
0.836274513192002   0.524925576054918   0.63770373001968   -0.00951481474949345   0
0.932210828836907   0.316990379857983   0.0959363156449057   -0.207935196196935   0
0.594387595390737   0.359686722904566   -0.337823233446171   0.0426963430465835   0
0.168486462607712   0.534050596256678   -0.425901132783025   0.174363873352111   0
0.108459160703546   0.358639931538615   -0.0600273019041652   -0.175410664718063   0
