0   0   0   0   0
0.0582780125224196   0.00576107529072472   0.0582780125224196   0.00576107529072472   0
0.0430196816751487   0.0120722312994604   -0.0152583308472709   0.00631115600873567   0
0.0890628714786361   0.0536717508552774   0.0460431898034874   0.041599519555817   0
0.102824316711327   0.0527061225758432   0.0137614452326908   -0.000965628279434222   0
0.129028164488332   0.045918893944935   0.0262038477770049   -0.0067872286309082   0
0.14256137866171   0.0498604394841823   0.0135332141733785   0.0039415455392473   0
0.15676567800988   0.0553100185730189   0.0142042993481694   0.00544957908883659   0
0.199269470172801   0.0444427542354492   0.0425037921629217   -0.0108672643375697   0
0.203889697973138   0.0270773341062285   0.0046202278003368   -0.0173654201292207   0
0.211211883370639   0.0526138500215376   0.00732218539750121   0.0255365159153091   0
0.209632048331671   0.0454946307369528   -0.0015798350389685   -0.00711921928458473   0
0.252450686205387   0.0458961976327781   0.0428186378737163   0.000401566895825239   0
0.268626380157737   0.0398228956518991   0.01617569395235   -0.00607330198087903   0
0.243777514640548   0.0294112280720642   -0.0248488655171889   -0.0104116675798348   0
0.252951041067863   0.049352173640346   0.00917352642731431   0.0199409455682818   0
0.264553527302938   0.0784089708459635   0.0116024862350753   0.0290567972056175   0
0.30832977812333   0.0717109556654766   0.0437762508203918   -0.00669801518048693   0
0.269348312437478   0.0651669170790143   -0.0389814656858521   -0.00654403858646231   0
0.313451437894637   0.0659484366049493   0.0441031254571596   0.000781519525934998   0
0.313014939192214   0.0761995284734925   -0.000436498702422683   0.0102510918685433   0
0.327032070011014   0.0759698504650578   0.0140171308187998   -0.000229678008434708   0
0.32235914088499   0.0750673016140204   -0.00467292912602468   -0.000902548851037438   0
0.340632080527336   0.0890753049001034   0.0182729396423466   0.014008003286083   0
0.343757409008942   0.0866508776166436   0.00312532848160574   -0.00242442728345975   0
0.344467585868764   0.0854787003582003   0.000710176859822498   -0.00117217725844326   0
0.36325570171414   0.0865079557644556   0.018788115845376   0.00102925540625529   0
0.34467581836068   0.0820701003647653   -0.0185798833534602   -0.0044378553996903   0
0.375044191143849   0.099241303157278   0.030368372783169   0.0171712027925127   0
0.350427341803055   0.0828433200517341   -0.0246168493407946   -0.0163979831055439   0
0.332684035850839   0.0921855211702945   -0.0177433059522151   0.00934220111856045   0
0.34743723951329   0.100372754646367   0.014753203662451   0.00818723347607288   0
0.349072140628327   0.0936910146692643   0.00163490111503622   -0.0066817399771031   0
0.35239681533988   0.0982549944780721   0.00332467471155312   0.00456397980880777   0
0.367591438271648   0.102294139620382   0.0151946229317685   0.00403914514230977   0
0.385098030033259   0.10148358785971   0.0175065917616103   -0.000810551760672309   0
0.392940204708077   0.0780976159780566   0.00784217467481813   -0.023385971881653   0
0.403531728289717   0.0954776034486445   0.0105915235816405   0.0173799874705879   0
0.399296585117553   0.0975966722544838   -0.00423514317216428   0.0021190688058393   0
0.378938516306318   0.0914253657748014   -0.0203580688112348   -0.00617130647968239   0
0.36621864495965   0.098692441913888   -0.0127198713466685   0.00726707613908653   0
0.40059873463538   0.0901284878124308   0.0343800896757301   -0.0085639541014572   0
0.374305488762104   0.106860648035853   -0.0262932458732761   0.0167321602234221   0
0.384886074879759   0.100086853931082   0.0105805861176547   -0.00677379410477116   0
0.359429496670363   0.116763837906539   -0.0254565782093958   0.0166769839754572   0
0.369335755350024   0.117130793626247   0.00990625867966105   0.000366955719708045   0
0.377119872982371   0.115039538683396   0.00778411763234726   -0.00209125494285088   0
0.402070709348253   0.11132045414254   0.0249508363658819   -0.00371908454085623   0
0.380153078471947   0.104193844468392   -0.0219176308763062   -0.00712660967414812   0
0.379436773921483   0.110265609576275   -0.000716304550463842   0.00607176510788322   0
0.376242688596388   0.109960215871245   -0.00319408532509508   -0.000305393705030008   0
0.385630247027874   0.0974562581321668   0.00938755843148636   -0.0125039577390781   0
0.403642684219273   0.109986509719709   0.0180124371913992   0.0125302515875421   0
0.412992763915724   0.105784106410466   0.00935007969645102   -0.00420240330924326   0
0.451853336827107   0.109707681336717   0.0388605729113828   0.00392357492625134   0
0.402523157830191   0.112215634660456   -0.0493301789969167   0.00250795332373854   0
0.414978490910464   0.108905000357186   0.0124553330802735   -0.00331063430326978   0
0.40874610069838   0.131143806613121   -0.00623239021208394   0.0222388062559356   0
0.407101576756793   0.13049682702145   -0.00164452394158687   -0.000646979591671509   0
0.401664106741893   0.137037559353639   -0.00543747001489991   0.00654073233218916   0
0.395598576877047   0.135736668335603   -0.00606552986484632   -0.00130089101803596   0
0.394004542345875   0.136721856847499   -0.00159403453117229   0.000985188511896218   0
0.435735159680035   0.134071709783712   0.04173061733416   -0.00265014706378747   0
0.410064884001938   0.125681133909737   -0.0256702756780965   -0.00839057587397479   0
0.42274528080298   0.12106114456835   0.0126803968010414   -0.00461998934138691   0
0.430115919068081   0.116717382804557   0.00737063826510115   -0.0043437617637935   0
0.482068409434378   0.137278346469908   0.0519524903662969   0.0205609636653517   0
0.460673905843478   0.154831532255913   -0.0213945035908996   0.0175531857860048   0
0.518199788904262   0.147765434441999   0.0575258830607842   -0.00706609781391432   0
0.490573998129139   0.158248223530489   -0.0276257907751229   0.0104827890884898   0
0.510892591079937   0.155519320326072   0.0203185929507975   -0.00272890320441624   0
0.454124326120551   0.139943272188558   -0.0567682649593861   -0.0155760481375139   0
0.483617317347108   0.135620105599464   0.0294929912265568   -0.0043231665890946   0
