7.8638459e-15   2.77310975e-16   0   0   0
0.0333457860130126   0.0437850437859755   0.0333457860130047   0.0437850437859753   0
0.0361340569367395   0.0646491103445814   0.00278827092372694   0.0208640665586059   0
0.0903707247534409   0.110403673241356   0.0542366678167014   0.0457545628967745   0
0.0974865981774097   0.130614981514059   0.0071158734239687   0.0202113082727026   0
0.18408757378278   0.187707125674645   0.0866009756053707   0.0570921441605861   0
0.192602476338094   0.184109214217894   0.00851490255531379   -0.00359791145675084   0
0.202283173313398   0.225912566200073   0.00968069697530413   0.0418033519821795   0
0.393984674267967   0.311894754001851   0.191701500954569   0.0859821878017781   0
1.40779259743897   0.488682216349572   1.013807923171   0.176787462347721   1
1.6945547573549   0.599497132176112   0.286762159915931   0.11081491582654   0
1.85244948650035   0.681814642110426   0.157894729145448   0.0823175099343136   0
1.86323069086693   0.675022922212801   0.0107812043665896   -0.00679171989762539   0
1.87906573202514   0.684694203312439   0.0158350411582013   0.00967128109963833   0
1.933547151072   0.709086230083266   0.0544814190468679   0.0243920267708272   0
1.92810288940764   0.719835290139165   -0.00544426166436751   0.0107490600558993   0
2.19767718947753   0.866378515303981   0.26957430006989   0.146543225164816   0
2.23128767226233   0.881075902682519   0.0336104827848049   0.0146973873785377   0
2.25487069246055   0.91632917863657   0.0235830201982146   0.0352532759540506   0
2.31302302379644   0.967147916005394   0.0581523313358945   0.0508187373688244   0
2.3775908873001   0.990048956106294   0.06456786350366   0.0229010401009002   0
2.44134096134513   1.03247747170629   0.0637500740450303   0.0424285155999913   0
2.52095869662976   1.04547634832244   0.0796177352846312   0.0129988766161502   0
2.53339115008733   1.00395020084074   0.0124324534575653   -0.0415261474816984   0
2.52830624747121   1.03109973110738   -0.00508490261611749   0.02714953026664   0
2.52389860938719   1.02299674166883   -0.00440763808402123   -0.00810298943854693   0
2.56766659567272   1.06466405179208   0.0437679862855309   0.0416673101232461   0
2.58517850421722   1.06001673758038   0.017511908544499   -0.00464731421170095   0
2.57754054376652   1.06965348386862   -0.00763796045070331   0.00963674628824607   0
2.60760104745125   1.07101071114323   0.0300605036847328   0.00135722727460585   0
2.59292122666201   1.04728456239454   -0.0146798207892429   -0.0237261487486904   0
2.63952331034682   1.08034088150214   0.0466020836848116   0.0330563191075997   0
2.64924706642088   1.08113702865986   0.00972375607405906   0.000796147157725802   0
2.64503386947041   1.07039849543257   -0.00421319695046929   -0.0107385332272973   0
2.6521047752521   1.07698805971355   0.00707090578169334   0.00658956428098634   0
2.64935026583485   1.08131795294782   -0.00275450941725097   0.00432989323426414   0
2.65263989937699   1.08458818654892   0.00328963354214595   0.00327023360110879   0
2.64075078512065   1.07722066197851   -0.0118891142563431   -0.00736752457041256   0
2.65216844880152   1.08937774797414   0.0114176636808683   0.0121570859956321   0
2.64651270436818   1.08855445090546   -0.00565574443334382   -0.00082329706868145   0
2.64213312435199   1.08370793322764   -0.00437958001619076   -0.00484651767782274   0
2.62154695288309   1.06691220132525   -0.0205861714688944   -0.0167957319023855   0
2.6505770537579   1.07955663863134   0.0290301008748064   0.0126444373060886   0
2.55548423007153   1.01089552419486   -0.0950928236863628   -0.0686611144364859   0
2.56531437475517   1.02243972505474   0.00983014468363086   0.0115442008598832   0
2.54894865664241   1.00377276780591   -0.0163657181127594   -0.0186669572488274   0
2.58799262934089   1.02285900774002   0.039043972698487   0.0190862399341023   0
2.58450456832084   1.02225470000284   -0.00348806102005517   -0.000604307737179122   0
2.59688900648698   1.02325684416102   0.0123844381661424   0.00100214415817979   0
2.57649932190051   1.02450680717791   -0.0203896845864717   0.00124996301689917   0
2.53541680549425   1.02331426957298   -0.0410825164062611   -0.00119253760493532   0
2.55048339672562   1.0047468730141   0.0150665912313741   -0.0185673965588804   0
2.54711098840593   0.993918042456535   -0.00337240831969199   -0.0108288305575637   0
2.5271345114906   1.00025490510792   -0.0199764769153261   0.00633686265138733   0
2.60425987153027   1.06244082217532   0.0771253600396626   0.0621859170673926   0
2.59449665764994   1.03048777923032   -0.0097632138803303   -0.0319530429449983   0
0.774559824450925   0.164228737787638   -1.81993683319901   -0.866259041442679   1
0.508332870580367   0.659863073503916   -0.266226953870558   0.495634335716277   0
0.943124150429955   0.330642658134609   0.434791279849588   -0.329220415369307   0
1.4664737200766   0.386394999756687   0.523349569646645   0.0557523416220778   0
1.60674142147824   0.443486929629549   0.14026770140164   0.0570919298728624   0
1.46493708798935   0.478899804570289   -0.141804333488887   0.0354128749407404   0
1.56163106581596   0.537730522661209   0.0966939778266038   0.0588307180909198   0
2.28937676885117   0.628984655312137   0.727745703035215   0.091254132650928   0
2.47343153433739   0.640486689702696   0.184054765486222   0.0115020343905586   0
2.59098187058603   0.615969282460113   0.11755033624864   -0.024517407242583   0
2.64821886463806   0.698271950405667   0.0572369940520296   0.082302667945554   0
2.70167140509743   0.738601399665025   0.0534525404593715   0.0403294492593586   0
2.630383821627   0.722368077969901   -0.0712875834704345   -0.0162333216951247   0
2.72242214284891   0.774838376669485   0.0920383212219122   0.0524702986995843   0
2.64336637803697   0.773845002613919   -0.079055764811947   -0.000993374055566321   0
3.3393179407008   1.03375637365289   0.695951562663836   0.259911371038973   0
3.39014384479887   1.2119103374537   0.0508259040980685   0.178153963800813   0
3.87156652874463   1.71722515875758   0.481422683945759   0.505314821303879   0
3.50929917183194   1.59421094719973   -0.362267356912692   -0.123014211557855   0
