0   0   0   0   0
0.0269228236503154   0.00652961209223972   0.0269228236503154   0.00652961209223972   0
0.0788322535729011   0.0540159362402959   0.0519094299225856   0.0474863241480562   0
0.085608513686537   0.0706668625605112   0.00677626011363593   0.0166509263202154   0
0.127148744354815   0.0813757225167064   0.0415402306682778   0.0107088599561952   0
0.0803803214282154   0.0526067369191326   -0.0467684229265994   -0.0287689855975738   0
0.123149204582   0.090530382149428   0.0427688831537841   0.0379236452302954   0
0.151278184103909   0.114070936816247   0.0281289795219095   0.0235405546668189   0
0.193159452946822   0.13630915521728   0.0418812688429125   0.022238218401033   0
0.166575248309273   0.117578631799736   -0.0265842046375482   -0.0187305234175434   0
0.176660079500372   0.121338220257582   0.010084831191099   0.00375958845784555   0
0.194012380991931   0.130665629561727   0.017352301491559   0.00932740930414452   0
0.237277967833267   0.154890833137906   0.0432655868413357   0.0242252035761793   0
0.240817082023296   0.154063572198876   0.00353911419002928   -0.000827260939030294   0
0.244408297625023   0.180640630239121   0.00359121560172643   0.0265770580402457   0
0.293717214303531   0.204696965693574   0.0493089166785087   0.0240563354544528   0
0.293552734909662   0.20260108324418   -0.000164479393869099   -0.00209588244939374   0
0.237897419246633   0.138306814858838   -0.0556553156630291   -0.0642942683853421   0
0.237510119091319   0.157985249984563   -0.000387300155313935   0.0196784351257244   0
0.261350153585393   0.172329494002265   0.0238400344940737   0.014344244017702   0
0.291018708018738   0.187046259389015   0.0296685544333447   0.0147167653867504   0
0.261734989095946   0.173106222459992   -0.0292837189227921   -0.0139400369290228   0
0.254350578563376   0.152525312617482   -0.00738441053256955   -0.0205809098425102   0
0.286547246179702   0.204462989870369   0.0321966676163256   0.0519376772528873   0
0.304278536087463   0.21890829663733   0.0177312899077609   0.0144453067669604   0
0.258637565769418   0.19582578437079   -0.0456409703180445   -0.0230825122665398   0
0.287770062562934   0.212443027263072   0.0291324967935155   0.0166172428922822   0
0.287200887010564   0.217513200464798   -0.000569175552370071   0.00507017320172562   0
0.320429404551667   0.23745946100503   0.0332285175411035   0.0199462605402322   0
0.363811355416822   0.266498999483143   0.0433819508651547   0.0290395384781134   0
0.312587676429716   0.225144765106379   -0.0512236789871054   -0.0413542343767645   0
0.331325841360435   0.232070993742133   0.0187381649307189   0.00692622863575437   0
0.311696608608375   0.208887756771103   -0.0196292327520605   -0.0231832369710298   0
0.379149292143661   0.261062335225029   0.0674526835352861   0.0521745784539263   0
0.360543254092574   0.273993788161459   -0.0186060380510865   0.0129314529364293   0
0.365633813770293   0.262462793879074   0.00509055967771871   -0.011530994282385   0
0.412183000247718   0.312469372901756   0.0465491864774247   0.050006579022682   0
0.397971284521759   0.283425980486383   -0.0142117157259585   -0.0290433924153726   0
0.412984833592826   0.301936252420855   0.0150135490710662   0.0185102719344715   0
0.438246835068816   0.332115475705249   0.0252620014759902   0.0301792232843939   0
0.442559126758253   0.32445970765253   0.00431229168943681   -0.00765576805271884   0
0.444069023582845   0.312438096854444   0.00150989682459246   -0.0120216107980857   0
0.460970614092612   0.363291786061871   0.0169015905097666   0.050853689207427   0
0.472589252562911   0.412543376254081   0.0116186384702991   0.0492515901922096   0
0.531273220516133   0.4351963777901   0.0586839679532217   0.0226530015360194   0
0.543712213120917   0.448764928150859   0.0124389926047846   0.0135685503607592   0
0.530678890938959   0.456817366234408   -0.0130333221819582   0.00805243808354872   0
0.523373035640561   0.453982397251154   -0.00730585529839833   -0.00283496898325442   0
0.531016482803225   0.459106399395536   0.00764344716266396   0.00512400214438291   0
0.527424877215664   0.459660962020855   -0.00359160558756033   0.0005545626253185   0
0.569511090564957   0.48006038119987   0.0420862133492923   0.0203994191790155   0
0.570983280151811   0.501207162798621   0.00147218958685402   0.0211467815987508   0
0.559841447926674   0.503812715630675   -0.0111418322251371   0.00260555283205366   0
0.560278858292038   0.520610567783231   0.000437410365364044   0.016797852152556   0
0.5940235264927   0.548117023893911   0.0337446682006627   0.0275064561106805   0
0.610087383707321   0.543016373519542   0.0160638572146207   -0.0051006503743698   0
0.658647273953953   0.584097203941882   0.0485598902466317   0.0410808304223403   0
0.64189596504514   0.594054589450284   -0.0167513089088126   0.00995738550840197   0
0.623023292343057   0.581232398589422   -0.0188726727020831   -0.0128221908608618   0
0.604814529686587   0.548629280778255   -0.0182087626564702   -0.032603117811167   0
0.611358047823501   0.567355070757157   0.00654351813691456   0.0187257899789014   0
0.590426341206667   0.572507417869565   -0.0209317066168343   0.0051523471124082   0
0.607210532693944   0.578103348278553   0.0167841914872768   0.00559593040898865   0
0.634096058951752   0.595668668251456   0.0268855262578085   0.0175653199729022   0
0.65558455110285   0.603302538848468   0.021488492151098   0.00763387059701204   0
0.638901931995872   0.596165993853293   -0.0166826191069787   -0.00713654499517502   0
0.636282385728973   0.588016983665756   -0.00261954626689842   -0.008149010187537   0
0.631387979082747   0.579224154981744   -0.00489440664622598   -0.00879282868401166   0
0.595670235253172   0.550583768867701   -0.0357177438295753   -0.0286403861140433   0
0.444689416753855   0.40946491869628   -0.150980818499317   -0.141118850171421   0
0.304266112948029   0.204442774422713   -0.140423303805826   -0.205022144273567   0
0.28529647812374   0.173139804529665   -0.0189696348242896   -0.0313029698930479   0
0.555287319107917   0.332072286755792   0.269990840984177   0.158932482226127   0
0.568878326914528   0.30521577279203   0.0135910078066112   -0.0268565139637613   0
0.554603392226147   0.335030476272724   -0.0142749346883809   0.0298147034806936   0
0.578178061825916   0.359909747005777   0.0235746695997691   0.0248792707330531   0
0.413151574576617   0.275740012451684   -0.165026487249299   -0.0841697345540927   0
