0   0   0   0   0
0.0211042775625503   0.039403569251795   0.0211042775625503   0.039403569251795   0
0.0520083296279981   0.0354430904141585   0.0309040520654478   -0.00396047883763646   0
0.0471809096629877   0.0253587645512431   -0.0048274199650104   -0.0100843258629154   0
0.0273382627780644   0.0534202790450532   -0.0198426468849233   0.0280615144938101   0
0.107433956088685   0.103992756572038   0.0800956933106202   0.0505724775269848   0
0.0991266965624728   0.0809491661150399   -0.00830725952621175   -0.0230435904569982   0
0.0906423208099874   0.0795703204320991   -0.00848437575248544   -0.00137884568294083   0
0.0790275723948863   0.0799898508900444   -0.011614748415101   0.00041953045794535   0
0.110495726744085   0.110756652388148   0.0314681543491988   0.0307668014981036   0
0.14484874466956   0.135241413560196   0.0343530179254745   0.0244847611720478   0
0.113710121211814   0.0934069815852397   -0.0311386234577461   -0.041834431974956   0
0.117488306797509   0.10045497740151   0.00377818558569551   0.00704799581627066   0
0.158175026053491   0.128113455340223   0.0406867192559815   0.0276584779387124   0
0.131776614796525   0.112787795445343   -0.026398411256966   -0.0153256598948802   0
0.167584550356701   0.143845674712149   0.0358079355601763   0.0310578792668065   0
0.189121853233206   0.178201221159347   0.0215373028765049   0.0343555464471983   0
0.160614156402615   0.141191845575802   -0.0285076968305909   -0.0370093755835449   0
0.181129348405796   0.156892650935378   0.0205151920031812   0.0157008053595759   0
0.233311217527769   0.171982757881803   0.0521818691219726   0.0150901069464246   0
0.253405134834995   0.171081766164287   0.0200939173072262   -0.000900991717515648   0
0.226286025082791   0.195360134520817   -0.0271191097522039   0.0242783683565296   0
0.204805491892999   0.181541595453054   -0.0214805331897917   -0.0138185390677626   0
0.251252008652733   0.201546902122919   0.0464465167597335   0.0200053066698649   0
0.175513059090921   0.160842558307424   -0.0757389495618115   -0.0407043438154955   0
0.177410306557961   0.148441091746805   0.00189724746703995   -0.0124014665606193   0
0.200332100991381   0.170568135346792   0.0229217944334199   0.0221270435999875   0
0.174989916583837   0.14194593063765   -0.0253421844075439   -0.0286222047091421   0
0.209216177053041   0.160015114536856   0.0342262604692039   0.018069183899206   0
0.18780578891283   0.135604304988032   -0.0214103881402116   -0.0244108095488238   0
0.216711041657524   0.157541885128448   0.0289052527446941   0.0219375801404157   0
0.214049465060447   0.178005576844231   -0.00266157659707655   0.0204636917157829   0
0.17792307670388   0.160747058026841   -0.0361263883565667   -0.01725851881739   0
0.218377124067136   0.176361812662209   0.0404540473632553   0.0156147546353684   0
0.203308662994957   0.170012728005794   -0.0150684610721784   -0.00634908465641529   0
0.210492502826682   0.182751957207281   0.00718383983172446   0.0127392292014873   0
0.24799274176375   0.198269734501567   0.0375002389370687   0.0155177772942856   0
0.239477609656731   0.185104175603542   -0.00851513210701949   -0.0131655588980246   0
0.248348927546872   0.194399859137185   0.00887131789014084   0.00929568353364313   0
0.278242419449573   0.197585360663081   0.0298934919027009   0.00318550152589547   0
0.222904975658774   0.173616293861485   -0.0553374437907984   -0.0239690668015962   0
0.24462070486735   0.185031224647015   0.0217157292085756   0.0114149307855302   0
0.288242918999816   0.202239317170692   0.0436222141324665   0.0172080925236775   0
0.241518102642819   0.194473564332153   -0.0467248163569972   -0.00776575283853934   0
0.309181419709587   0.227930505083641   0.0676633170667681   0.0334569407514886   0
0.268419078414545   0.218466870657303   -0.0407623412950427   -0.00946363442633849   0
0.290088346111347   0.218488592192586   0.0216692676968021   2.17215352825983e-05   0
0.346774355609544   0.252971139864667   0.0566860094981975   0.0344825476720815   0
0.277938077761239   0.216341592251703   -0.0688362778483053   -0.0366295476129645   0
0.299350673647517   0.242788715172198   0.0214125958862786   0.0264471229204953   0
0.335549701791727   0.250164547369386   0.0361990281442094   0.00737583219718815   0
0.337559737806877   0.263724546181341   0.00201003601514999   0.0135599988119546   0
0.34196369724943   0.260445042779873   0.00440395944255273   -0.00327950340146771   0
0.365805050471397   0.261075264606605   0.0238413532219678   0.000630221826732114   0
0.366975470283703   0.289307078757191   0.0011704198123052   0.0282318141505863   0
0.365367810004386   0.267234561474322   -0.00160766027931697   -0.0220725172828694   0
0.410058616249845   0.286765404451662   0.0446908062454597   0.0195308429773399   0
0.343957494029744   0.266006310725121   -0.0661011222201014   -0.0207590937265407   0
0.416851719130206   0.295441862652209   0.0728942251004617   0.029435551927088   0
0.421422745125939   0.311820788751667   0.00457102599573384   0.0163789260994576   0
0.398766059828444   0.284180301657282   -0.0226566852974954   -0.0276404870943843   0
0.473241743042385   0.340602799422312   0.0744756832139415   0.0564224977650291   0
0.394721223193988   0.292069404986782   -0.0785205198483971   -0.0485333944355299   0
0.479628738402044   0.352281113893974   0.0849075152080555   0.0602117089071928   0
0.416792908536263   0.336214451593333   -0.0628358298657806   -0.0160666623006419   0
0.461135560598604   0.355939231588278   0.0443426520623411   0.0197247799949459   0
