1.0755263e-14   9.6296495e-33   0   0   0
0.0520324899362037   0.0328066495544411   0.052032489936193   0.0328066495544411   0
0.0310751096994271   0.00977205340014521   -0.0209573802367766   -0.0230345961542959   0
0.0502081346614201   0.041902102060162   0.0191330249619929   0.0321300486600168   0
0.030887786632115   0.0496739722320237   -0.0193203480293051   0.00777187017186166   0
0.0727272589592894   0.0427035275146653   0.0418394723271744   -0.00697044471735832   0
0.0913246113239947   0.0457586754214853   0.0185973523647053   0.00305514790681993   0
0.0586662246761922   0.0650809823765135   -0.0326583866478025   0.0193223069550282   0
0.0747746812135897   0.0553118817401785   0.0161084565373975   -0.00976910063633499   0
0.0451292898918696   0.0471350111121683   -0.0296453913217201   -0.00817687062801018   0
0.0891478485099837   0.0306503099171802   0.0440185586181141   -0.0164847011949881   0
0.106737371578094   0.064354779636267   0.0175895230681104   0.0337044697190869   0
0.0406379870310145   0.0947284372146327   -0.0660993845470796   0.0303736575783657   0
0.0604486489806016   0.107772451828374   0.0198106619495871   0.0130440146137409   0
0.0670463849235435   0.113713036746427   0.00659773594294187   0.00594058491805345   0
0.0796383772884406   0.115549755615143   0.0125919923648971   0.00183671886871617   0
0.0831733836933667   0.121832328565691   0.00353500640492609   0.00628257295054772   0
0.0986560141095772   0.147394645508191   0.0154826304162105   0.0255623169425003   0
0.0886347996382799   0.153321317722323   -0.0100212144712973   0.00592667221413196   0
0.10654770773543   0.127644375936179   0.0179129080971497   -0.0256769417861437   0
0.123923009597888   0.132567091443343   0.0173753018624588   0.00492271550716344   0
0.123181006784208   0.156580666626318   -0.000742002813680614   0.0240135751829749   0
0.118792180811317   0.153126746606519   -0.00438882597289053   -0.00345392001979877   0
0.117600019110061   0.152337040934658   -0.00119216170125587   -0.000789705671861179   0
0.0861008751502782   0.1534952239495   -0.0314991439597831   0.00115818301484233   0
0.0715169950102292   0.180072179929533   -0.0145838801400491   0.0265769559800326   0
0.0769782322046316   0.178308230367673   0.00546123719440243   -0.00176394956185963   0
0.109235979804457   0.159128296099981   0.0322577475998252   -0.0191799342676919   0
0.118467016274503   0.158672173943259   0.00923103647004636   -0.000456122156722749   0
0.123135616116799   0.154218811422774   0.00466859984229545   -0.00445336252048414   0
0.120172221253201   0.168160754942997   -0.00296339486359805   0.0139419435202224   0
0.0921294683970463   0.197040361743527   -0.0280427528561543   0.0288796068005306   0
0.13119822416608   0.175412017530306   0.0390687557690332   -0.021628344213221   0
0.144317849725739   0.169011694835522   0.013119625559659   -0.00640032269478474   0
0.152746590627093   0.15124962320914   0.00842874090135473   -0.0177620716263812   0
0.0782905104032891   0.17816720250837   -0.0744560802238042   0.0269175792992291   0
0.0705256763790935   0.209110991366912   -0.00776483402419562   0.0309437888585421   0
0.116379510646988   0.216174992384941   0.0458538342678942   0.00706400101802893   0
0.170125877821194   0.176688995742684   0.0537463671742065   -0.0394859966422569   0
0.174125686049537   0.165005793823687   0.00399980822834264   -0.0116832019189967   0
0.162363344025941   0.193747560862385   -0.0117623420235954   0.0287417670386981   0
0.143537327879833   0.198281933574628   -0.0188260161461085   0.00453437271224275   0
0.133960190670805   0.189590564201725   -0.00957713720902756   -0.00869136937290321   0
0.0952378873367015   0.220465963625585   -0.0387223033341038   0.0308753994238601   0
0.135565721551047   0.203408316499857   0.0403278342143457   -0.0170576471257282   0
0.164863897892481   0.216097591577838   0.0292981763414337   0.0126892750779817   0
0.156269252783557   0.234665441088659   -0.00859464510892399   0.0185678495108206   0
0.134641860085517   0.260247134127999   -0.0216273926980398   0.02558169303934   0
0.146047904189228   0.246725072386482   0.0114060441037113   -0.0135220617415167   0
0.163802923537091   0.271755996783885   0.0177550193478625   0.025030924397403   0
0.187013279786913   0.256778311754514   0.0232103562498221   -0.0149776850293712   0
0.203430480814577   0.268988853117343   0.0164172010276644   0.0122105413628293   0
0.177582016253001   0.28230197606443   -0.0258484645615769   0.0133131229470869   0
0.23061616377746   0.27786039034911   0.0530341475244595   -0.00444158571531983   0
0.263018196090462   0.239457700303554   0.0324020323130021   -0.0384026900455558   0
0.242039466471318   0.224536183664358   -0.020978729619144   -0.014921516639196   0
0.232135876116096   0.239410579989887   -0.00990359035522198   0.0148743963255281   0
0.277625050413652   0.221866137166599   0.0454891742975562   -0.0175444428232873   0
0.253807829846973   0.217694211409242   -0.0238172205666798   -0.00417192575735723   0
0.231278326116317   0.215231264561431   -0.0225295037306558   -0.00246294684781112   0
0.210863751202087   0.229525466391848   -0.0204145749142295   0.0142942018304168   0
0.255027864387395   0.222862698691868   0.0441641131853079   -0.00666276769997981   0
0.269720050299232   0.222761120906113   0.014692185911837   -0.000101577785754758   0
0.254147801470221   0.232741593267755   -0.0155722488290114   0.00998047236164171   0
0.274338914419398   0.233910582885955   0.0201911129491777   0.00116898961820019   0
0.237802423233653   0.227291326285148   -0.0365364911857451   -0.00661925660080709   0
0.226197901774447   0.25764196477524   -0.011604521459206   0.0303506384900919   0
0.214873511365991   0.264069212599152   -0.0113243904084568   0.00642724782391163   0
0.201980443188572   0.284103681724605   -0.0128930681774182   0.0200344691254531   0
0.18512016088986   0.286512210442283   -0.0168602822987125   0.00240852871767877   0
0.212434293325076   0.27776294423679   0.0273141324352158   -0.00874926620549327   0
0.252680045890488   0.284780161506506   0.0402457525654127   0.00701721726971588   0
0.211880357201837   0.279116727695881   -0.0407996886886509   -0.00566343381062523   0
0.135738950101703   0.306461755402635   -0.0761414071001339   0.0273450277067541   0
0.154057722614822   0.321292106953104   0.0183187725131189   0.0148303515504692   0
0.174362409843417   0.303614265254465   0.0203046872285947   -0.0176778416986388   0
0.185516360412702   0.29533711310458   0.0111539505692848   -0.00827715214988506   0
0.177465825014636   0.29977354677052   -0.00805053539806574   0.00443643366593993   0
0.163341678421847   0.334958394258958   -0.0141241465927897   0.0351848474884379   0
0.172324015367398   0.331623770627945   0.00898233694555148   -0.00333462363101328   0
