1.06777589267998e-14   4.77444295e-17   0   0   0
0.120366002501218   0.0590026991465732   0.120366002501208   0.0590026991465732   0
0.0452332650019115   0.136131194914529   -0.0751327374993067   0.077128495767956   0
0.035854251020377   0.0905939602970497   -0.00937901398153456   -0.0455372346174795   0
0.0636077609084834   0.152990717349345   0.0277535098881064   0.062396757052295   0
0.0420585309829603   0.143773870385915   -0.0215492299255231   -0.00921684696343006   0
0.0970465172102804   0.116580232407858   0.0549879862273201   -0.0271936379780571   0
0.164331598162007   0.177044712885156   0.0672850809517266   0.0604644804772981   0
0.192001736663054   0.18370474214803   0.0276701385010475   0.00666002926287407   0
0.212741631670262   0.193891532203291   0.020739895007207   0.0101867900552615   0
0.269634040036804   0.194390513568992   0.0568924083665421   0.000498981365700313   0
0.2142586303938   0.261469159520312   -0.0553754096430034   0.06707864595132   0
0.165230260530699   0.242477113821275   -0.0490283698631017   -0.0189920456990361   0
0.113616075541753   0.258408812969893   -0.0516141849889453   0.0159316991486179   0
0.198707887133092   0.263719045345745   0.0850918115913392   0.00531023237585154   0
0.250602497372119   0.255621291136564   0.0518946102390268   -0.00809775420918046   0
0.212305389349317   0.209654381830085   -0.0382971080228019   -0.0459669093064791   0
0.269853484222963   0.225790538807109   0.0575480948736454   0.0161361569770237   0
0.301765301109183   0.260030227184025   0.03191181688622   0.0342396883769157   0
0.297200726295487   0.221896470238312   -0.00456457481369604   -0.0381337569457124   0
0.27397185439695   0.193266276394186   -0.0232288718985368   -0.0286301938441259   0
0.314882317936605   0.220888783729218   0.0409104635396551   0.0276225073350318   0
0.206255680261257   0.224451314445423   -0.108626637675348   0.00356253071620499   0
0.0946174281889956   0.252439738059978   -0.111638252072262   0.0279884236145551   0
0.0730953234478785   0.259323525599671   -0.0215221047411171   0.0068837875396926   0
0.165004799831287   0.193361808416716   0.0919094763834088   -0.0659617171829553   0
0.165069270206647   0.24932322775277   6.44703753593934e-05   0.0559614193360545   0
0.196452443566467   0.276148393815782   0.0313831733598198   0.026825166063012   0
0.1486054973305   0.283135006509943   -0.0478469462359661   0.0069866126941614   0
0.09921188219789   0.251945521363795   -0.0493936151326103   -0.0311894851461487   0
0.0905996529222414   0.227939716844324   -0.00861222927564867   -0.0240058045194711   0
0.0627374988505614   0.207210564421654   -0.02786215407168   -0.0207291524226695   0
0.102190132908119   0.202002715597226   0.0394526340575572   -0.00520784882442835   0
0.145305477869965   0.170810083594144   0.0431153449618459   -0.0311926320030816   0
0.172033389567221   0.176275144965784   0.0267279116972568   0.00546506137163963   0
0.14663347149462   0.118913293135586   -0.025399918072601   -0.0573618518301976   0
0.177322454372734   0.125883073549538   0.0306889828781136   0.0069697804139517   0
0.202087764894191   0.107993588220594   0.024765310521457   -0.0178894853289438   0
0.241394625791679   0.139101800596832   0.0393068608974884   0.0311082123762377   0
0.272490754202298   0.176405932213621   0.0310961284106187   0.0373041316167886   0
0.275826098200555   0.179231253587134   0.00333534399825691   0.00282532137351377   0
0.270883505973867   0.175887728028195   -0.00494259222668769   -0.00334352555893913   0
0.260592265894755   0.165084131220757   -0.0102912400791126   -0.0108035968074386   0
0.26581521715341   0.164614836043273   0.00522295125865507   -0.000469295177483786   0
0.247947952753027   0.169836620813094   -0.0178672644003832   0.00522178476982058   0
0.278892725580791   0.207329613313432   0.030944772827764   0.037492992500338   0
0.230559620238807   0.162156368419784   -0.0483331053419831   -0.0451732448936471   0
0.224246061569473   0.159780796434277   -0.00631355866933422   -0.00237557198550725   0
0.20078109795127   0.13958685411242   -0.0234649636182035   -0.0201939423218568   0
0.245467069816763   0.151888986725996   0.0446859718654934   0.0123021326135759   0
0.321832497191917   0.197255191197132   0.0763654273751533   0.0453662044711359   0
0.276529082993006   0.20567450132233   -0.0453034141989102   0.00841931012519756   0
0.250283553067072   0.200677483692739   -0.0262455299259343   -0.00499701762959051   0
0.274954517639865   0.206874090305732   0.0246709645727925   0.00619660661299259   0
0.294966588079172   0.211042906463058   0.0200120704393073   0.00416881615732576   0
0.29313342782452   0.217322594377152   -0.00183316025465191   0.00627968791409472   0
0.296554370964681   0.228377315871077   0.00342094314016156   0.0110547214939246   0
0.252565108498404   0.180100865774228   -0.0439892624662772   -0.0482764500968486   0
0.233222653459672   0.162628150615214   -0.0193424550387325   -0.0174727151590145   0
0.24712639139458   0.160376228104429   0.0139037379349087   -0.0022519225107846   0
0.32007571400719   0.217764528357765   0.0729493226126091   0.057388300253336   0
0.410617827286992   0.287492359014641   0.0905421132798028   0.0697278306568761   0
0.392633198801966   0.266666641645703   -0.0179846284850261   -0.0208257173689386   0
0.368517650290764   0.365408363197857   -0.0241155485112024   0.0987417215521543   0
0.341210112837244   0.287551811233637   -0.0273075374535195   -0.0778565519642199   0
0.396199125949875   0.312797510398374   0.054989013112631   0.0252456991647364   0
0.315426716748717   0.348183983173267   -0.0807724092011582   0.0353864727748932   0
0.331030456039704   0.282077986958935   0.0156037392909874   -0.0661059962143313   0
0.233338980959748   0.256885874640139   -0.0976914750799568   -0.0251921123187966   0
0.278515275740859   0.149725113818228   0.0451762947811117   -0.107160760821911   0
0.380408186643684   0.178061054600594   0.101892910902825   0.0283359407823668   0
0.425192393715239   0.203803598011719   0.0447842070715549   0.0257425434111249   0
0.48326628275333   0.229332448299929   0.058073889038091   0.02552885028821   0
0.524044675713242   0.247949886710899   0.0407783929599119   0.0186174384109694   0
0.507960169636687   0.247556890445242   -0.0160845060765555   -0.000392996265657086   0
0.516668236123323   0.265146568703124   0.00870806648663602   0.0175896782578828   0
0.292256988290442   0.183901976044189   -0.224411247832881   -0.0812445926589355   0
0.226574207251887   0.198387837969081   -0.0656827810385549   0.0144858619248921   0
0.263030953099402   0.22276092181041   0.0364567458475149   0.0243730838413287   0
