1.4210855e-14   0   0   0   0
0.0935398254414827   0.0770820419750309   0.0935398254414685   0.0770820419750309   0
0.131142890975631   0.119797247762539   0.0376030655341482   0.0427152057875076   0
0.201536928569246   0.128943278273305   0.0703940375936151   0.00914603051076618   0
0.225534290092192   0.209535620901393   0.0239973615229464   0.080592342628088   0
0.33457966760872   0.326594654587885   0.109045377516527   0.117059033686493   0
0.349442852016829   0.29127714070797   0.0148631844081094   -0.0353175138799152   0
0.468345778805421   0.370937651831085   0.118902926788592   0.0796605111231146   0
0.432628254252027   0.366802850719142   -0.0357175245533944   -0.00413480111194259   0
0.483451150613791   0.447331525717842   0.0508228963617638   0.0805286749987004   0
0.561097943791484   0.471125405780507   0.0776467931776936   0.0237938800626649   0
0.546951809628365   0.492704735797597   -0.0141461341631194   0.02157933001709   0
0.620470612671987   0.528484643158111   0.0735188030436223   0.0357799073605137   0
0.738649032320625   0.547320068878779   0.118178419648637   0.0188354257206677   0
0.684939389209872   0.507152295563768   -0.0537096431107522   -0.0401677733150111   0
0.743181758112486   0.53483301925623   0.0582423689026138   0.0276807236924628   0
0.680958359166688   0.526174985923131   -0.0622233989457979   -0.00865803333309911   0
0.672294870794573   0.506819727704797   -0.00866348837211495   -0.0193552582183346   0
0.697145997932987   0.549905232021544   0.0248511271384138   0.0430855043167472   0
0.739878601693197   0.534808094607807   0.0427326037602098   -0.0150971374137366   0
0.701959480788307   0.516230198397158   -0.03791912090489   -0.0185778962106496   0
0.659617239018741   0.463513979670881   -0.0423422417695655   -0.0527162187262764   0
0.745508306906893   0.560384951051805   0.0858910678881512   0.0968709713809235   0
0.711207150003094   0.527912629730263   -0.0343011569037983   -0.0324723213215414   0
0.70073813096732   0.476978170893834   -0.0104690190357741   -0.0509344588364294   0
0.815275940647591   0.560207868029995   0.114537809680271   0.083229697136161   0
0.706460338567684   0.531616945941087   -0.108815602079908   -0.0285909220889081   0
0.845281162569654   0.616598100201684   0.13882082400197   0.0849811542605972   0
0.858582836873628   0.577073649172322   0.0133016743039747   -0.0395244510293618   0
0.874241282220202   0.579630466978466   0.0156584453465736   0.00255681780614392   0
0.908057144071586   0.598342074814466   0.0338158618513837   0.0187116078360003   0
0.21644536555508   0.204025596623712   -0.691611778516506   -0.394316478190755   0
0.224867526783339   0.582208375779797   0.00842216122825909   0.378182779156085   0
0.424245647045491   0.434808121976208   0.199378120262152   -0.147400253803589   0
0.484610505641279   0.242936016665282   0.0603648585957877   -0.191872105310926   0
0.542162346507873   0.108860822057375   0.0575518408665944   -0.134075194607907   0
0.584591897561673   0.153962551212206   0.0424295510537991   0.0451017291548307   0
0.627732102258143   0.245596355106016   0.0431402046964704   0.0916338038938106   0
0.73163741182267   0.235826537120784   0.103905309564527   -0.00976981798523202   0
0.690232680472857   0.233723420429758   -0.0414047313498124   -0.00210311669102628   0
0.661554674245598   0.274869456221034   -0.0286780062272589   0.0411460357912758   0
0.595930193046779   0.240407230601647   -0.0656244811988197   -0.0344622256193864   0
0.584650184580644   0.220777295885759   -0.011280008466135   -0.0196299347158887   0
0.63673113181826   0.261910060808328   0.0520809472376161   0.0411327649225688   0
0.609596453498863   0.263386929810222   -0.0271346783193964   0.00147686900189459   0
0.531124719201358   0.256194158115648   -0.0784717342975053   -0.00719277169457366   0
0.707693713952947   0.269243631830394   0.176568994751589   0.0130494737147456   0
0.578241386160774   0.244475023780463   -0.129452327792173   -0.0247686080499311   0
0.62541056447797   0.291875106254108   0.0471691783171965   0.0474000824736454   0
0.701403160076393   0.304936807647401   0.075992595598423   0.0130617013932928   0
0.766163614110035   0.277726667590425   0.0647604540336422   -0.0272101400569759   0
0.71696389106989   0.317212660581808   -0.0491997230401452   0.0394859929913826   0
0.759933680826798   0.299312821240545   0.0429697897569083   -0.0178998393412627   0
0.744130906112852   0.355780601586642   -0.015802774713946   0.0564677803460971   0
0.746347944454708   0.362910110715352   0.00221703834185571   0.00712950912871019   0
0.698662144933986   0.377101786923815   -0.0476857995207222   0.0141916762084622   0
0.695945043718998   0.400011201551941   -0.00271710121498803   0.0229094146281266   0
0.700292338002669   0.44155542879947   0.00434729428367153   0.0415442272475284   0
0.749512365668449   0.454882907938005   0.0492200276657798   0.0133274791385349   0
0.774031990490177   0.459500260250546   0.0245196248217276   0.0046173523125419   0
0.748688896220462   0.445306268017659   -0.0253430942697146   -0.0141939922328879   0
0.734273792202393   0.418041380468729   -0.0144151040180693   -0.0272648875489299   0
0.729633983457921   0.434324334555011   -0.00463980874447212   0.0162829540862821   0
0.732716314875083   0.454665756004534   0.00308233141716197   0.0203414214495237   0
0.758146440213511   0.469137433929051   0.0254301253384277   0.0144716779245168   0
0.760596842535608   0.482699831961638   0.00245040232209792   0.0135623980325872   0
0.782534389835019   0.450930112280203   0.0219375472994101   -0.0317697196814354   0
0.896761904981995   0.456077166172157   0.114227515146976   0.00514705389195402   0
0.845655278909704   0.496833909773475   -0.0511066260722909   0.0407567436013176   0
0.847611718866434   0.499897437880389   0.00195643995673034   0.00306352810691446   0
0.880087343914798   0.545670132149727   0.0324756250483632   0.0457726942693376   0
0.877949740036754   0.529646948776612   -0.00213760387804374   -0.0160231833731149   0
0.834552756645113   0.495104389078113   -0.0433969833916408   -0.0345425596984983   0
0.785161971525518   0.418914826743656   -0.0493907851195948   -0.0761895623344573   0
0.539774354208661   0.191631700544027   -0.245387617316858   -0.22728312619963   0
0.272072785760251   0.0621598644554844   -0.26770156844841   -0.129471836088542   0
0.373157378734652   0.0907041976246518   0.101084592974401   0.0285443331691674   0
0.390582418313403   0.0351484924140572   0.0174250395787511   -0.0555557052105945   0
0.207449243910393   0.104355303810207   -0.18313317440301   0.06920681139615   0
0.0580024646109541   0.15965573135909   -0.149446779299439   0.0553004275488825   0
