1.3902391e-14   1.8973538e-17   0   0   0
0.0565566195339796   0.0531456669331546   0.0565566195339657   0.0531456669331546   0
0.0669757973582231   0.062659965658216   0.0104191778242435   0.00951429872506135   0
0.101204439062201   0.082879315988532   0.0342286417039774   0.020219350330316   0
0.12492820563055   0.102947379355469   0.0237237665683495   0.0200680633669367   0
0.0705333643141863   0.0511999624412348   -0.0543948413163637   -0.0517474169142338   0
0.13366890875065   0.114789230898871   0.0631355444364637   0.0635892684576367   0
0.148742884472401   0.0745601996338885   0.015073975721751   -0.040229031264983   0
0.120287845930283   0.0592020723365513   -0.0284550385421179   -0.0153581272973372   0
0.157094899875461   0.0782962065025023   0.036807053945178   0.019094134165951   0
0.145923560664365   0.0782154583913271   -0.0111713392110956   -8.07481111751857e-05   0
0.234768172355371   0.118766302171389   0.0888446116910054   0.0405508437800622   0
0.231358935768508   0.121518713621077   -0.00340923658686282   0.00275241144968795   0
0.204649077632301   0.143572171521198   -0.0267098581362068   0.0220534579001212   0
0.519328047756517   0.781078675995899   0.314678970124216   0.637506504474701   0
0.45089329761671   0.769415011436249   -0.0684347501398076   -0.0116636645596506   0
0.217662054004014   0.521435692439823   -0.233231243612695   -0.247979318996426   0
0.307648225047827   0.545857019388924   0.089986171043813   0.0244213269491016   0
0.269309050381478   0.554487203665088   -0.0383391746663496   0.00863018427616347   0
0.364494202327657   0.483265672296337   0.0951851519461786   -0.0712215313687503   0
0.505724388920282   0.434868406673673   0.141230186592626   -0.048397265622664   0
0.435805223539665   0.467976614910602   -0.0699191653806176   0.0331082082369283   0
0.424367954932148   0.538689271008743   -0.0114372686075165   0.0707126560981415   0
0.454548680248649   0.560737627063116   0.0301807253165006   0.0220483560543732   0
0.460233957204224   0.569707234695948   0.00568527695557552   0.0089696076328315   0
0.461642062515184   0.531646066023363   0.00140810531095981   -0.038061168672585   0
0.438902531830928   0.50867236086761   -0.0227395306842558   -0.0229737051557527   0
0.440351933046775   0.496497869760381   0.0014494012158473   -0.0121744911072292   0
0.535321917683283   0.495036164946652   0.0949699846365076   -0.00146170481372881   0
0.541203767192885   0.487214404686421   0.00588184950960147   -0.00782176026023085   0
0.532091330811767   0.446670837520233   -0.00911243638111769   -0.0405435671661886   0
0.502926249061522   0.452531940753985   -0.0291650817502451   0.00586110323375261   0
0.59591700979684   0.469491518338706   0.0929907607353184   0.0169595775847212   0
0.550472443063085   0.459871454628097   -0.0454445667337547   -0.00962006371060897   0
0.569865534684924   0.440667688318053   0.0193930916218381   -0.0192037663100444   0
0.541223534839852   0.421621551072978   -0.0286419998450717   -0.0190461372450751   0
0.514244949010549   0.46354134293805   -0.0269785858293029   0.0419197918650726   0
0.56330518141137   0.461610556673073   0.0490602324008209   -0.00193078626497745   0
0.542636629409915   0.435006520804828   -0.0206685520014549   -0.0266040358682447   0
0.570477279141627   0.475540046560491   0.0278406497317124   0.0405335257556628   0
0.547164317139803   0.429525294790945   -0.0233129620018242   -0.0460147517695464   0
0.555081399007676   0.428281939742416   0.00791708186787277   -0.00124335504852835   0
0.663015447432345   0.408622092405566   0.107934048424669   -0.0196598473368508   0
0.709295838769248   0.361798776475376   0.0462803913369026   -0.0468233159301892   0
0.877285263717639   0.40727796031608   0.167989424948391   0.0454791838407034   0
0.894910163162124   0.597478253830953   0.0176248994444853   0.190200293514873   0
0.858346238411832   0.859007232024871   -0.0365639247502925   0.261528978193918   0
0.935386331009594   0.823933827107894   0.0770400925977617   -0.0350734049169771   0
0.871343917273772   0.730377154544861   -0.0640424137358221   -0.093556672563033   0
0.828773286346785   0.729907287603532   -0.0425706309269865   -0.000469866941328889   0
0.858546965398799   0.716657722695413   0.0297736790520142   -0.0132495649081188   0
0.830616702030418   0.779391429057818   -0.0279302633683814   0.0627337063624049   0
0.823744774696557   0.771669611603656   -0.00687192733386099   -0.00772181745416234   0
0.900468329415435   0.853582379645772   0.076723554718878   0.081912768042116   0
1.03502328318461   0.969511007930592   0.134554953769175   0.11592862828482   0
0.977535639740233   0.920594531497038   -0.0574876434443762   -0.0489164764335539   0
0.977816053159821   0.935979426102665   0.000280413419587622   0.0153848946056276   0
1.06666700598908   0.9552982851914   0.0888509528292623   0.0193188590887349   0
0.96550040035642   0.89036439485423   -0.101166605632663   -0.0649338903371701   0
0.936295665294947   0.89206989200115   -0.0292047350614728   0.00170549714691959   0
0.942282329369361   0.898174532295238   0.00598666407441351   0.00610464029408786   0
0.872621000743924   0.541637000523661   -0.0696613286254366   -0.356537531771577   0
1.01619388047883   0.840577204776779   0.143572879734905   0.298940204253118   0
0.980345615610093   0.763281183984418   -0.035848264868736   -0.0772960207923609   0
1.00211836256671   0.725545884544683   0.0217727469566146   -0.0377352994397351   0
0.977546509926884   0.67896547371752   -0.0245718526398238   -0.0465804108271635   0
0.970445572821167   0.686927095055704   -0.00710093710571691   0.00796162133818457   0
1.00450664955478   0.69819161353965   0.0340610767336109   0.0112645184839461   0
0.950916078085942   0.664105159628435   -0.0535905714688358   -0.0340864539112153   0
0.978498847437518   0.673160730393137   0.0275827693515758   0.00905557076470254   0
0.998305836240972   0.682323062517881   0.019806988803454   0.00916233212474404   0
1.10001787612706   0.678531452924509   0.101712039886087   -0.00379160959337244   0
1.18209682453875   0.652299368080578   0.0820789484116944   -0.0262320848439311   0
1.09777876376638   0.65331457407787   -0.0843180607723708   0.00101520599729255   0
0.992031407280954   0.68950110997715   -0.105747356485428   0.0361865358992798   0
0.920118555413339   0.683657785709078   -0.0719128518676154   -0.00584332426807233   0
0.896822984822253   0.729677379456769   -0.0232955705910859   0.0460195937476915   0
