8.4925771e-15   5.002351e-16   0   0   0
0.106750276440328   0.0874715027434842   0.10675027644032   0.0874715027434837   0
0.11993713336144   0.112089342328881   0.0131868569211124   0.0246178395853967   0
0.173138944957471   0.130588636759208   0.0532018115960306   0.018499294430327   0
0.152231022053364   0.128154342895991   -0.0209079229041072   -0.00243429386321664   0
0.202686221530368   0.161982423506621   0.0504551994770047   0.0338280806106299   0
0.109078833516404   0.117916789943047   -0.0936073880139649   -0.0440656335635739   0
0.246188354224412   0.398405912278741   0.137109520708008   0.280489122335694   0
0.204148702685476   0.277202612362112   -0.0420396515389362   -0.121203299916629   0
0.254756344075937   0.284138185074761   0.0506076413904616   0.00693557271264916   0
0.299453307647194   0.278289551631384   0.0446969635712574   -0.00584863344337722   0
0.332384913329963   0.256856436224375   0.0329316056827689   -0.0214331154070088   0
0.336069588876764   0.267056476312718   0.0036846755468008   0.010200040088343   0
0.338996166183122   0.28082652322912   0.00292657730635781   0.0137700469164015   0
0.347575199757107   0.303192692649914   0.00857903357398521   0.0223661694207942   0
0.376531106810397   0.316148423402489   0.0289559070532902   0.0129557307525756   0
0.347464037900694   0.299403570493958   -0.0290670689097035   -0.0167448529085313   0
0.3455869244789   0.298454833131348   -0.00187711342179397   -0.000948737362609919   0
0.367930329684686   0.306045385111415   0.0223434052057861   0.00759055198006653   0
0.40441960048046   0.33255744114735   0.0364892707957741   0.0265120560359353   0
0.405351098754658   0.339834839438862   0.000931498274197973   0.00727739829151208   0
0.391229678959541   0.333879386811893   -0.0141214197951173   -0.00595545262696895   0
0.409585962776955   0.355814978072312   0.0183562838174142   0.0219355912604191   0
0.408947236603358   0.349853797284012   -0.000638726173596893   -0.00596118078829966   0
0.43828639556764   0.370977364729651   0.029339158964282   0.0211235674456384   0
0.435152631156175   0.362063484556294   -0.00313376441146518   -0.00891388017335715   0
0.425066592761116   0.356726187376058   -0.0100860383950593   -0.00533729718023562   0
0.459650105583002   0.393629813151447   0.0345835128218864   0.0369036257753894   0
0.50921869117529   0.404153936043057   0.0495685855922881   0.0105241228916095   0
0.52405182377455   0.394864173401946   0.0148331325992603   -0.00928976264111087   0
0.472715379637763   0.382267639488953   -0.0513364441367872   -0.0125965339129929   0
0.470839225633285   0.39542126360721   -0.00187615400447866   0.0131536241182566   0
0.490728239337178   0.412066581890775   0.0198890137038937   0.0166453182835654   0
0.484262518921938   0.407485568831592   -0.00646572041524002   -0.00458101305918351   0
0.488545102417262   0.423738984598038   0.00428258349532373   0.0162534157664465   0
0.502222667462777   0.439408747592592   0.0136775650455146   0.015669762994554   0
0.498834582115514   0.430283403981998   -0.00338808534726237   -0.00912534361059369   0
0.521350518991257   0.427890823002286   0.0225159368757432   -0.00239258097971246   0
0.523370365851135   0.447436577311145   0.0020198468598781   0.0195457543088593   0
0.552103829620814   0.470213605569898   0.0287334637696789   0.0227770282587524   0
0.554044213012431   0.461940776772759   0.0019403833916164   -0.00827282879713864   0
0.535341341943413   0.44977748934744   -0.0187028710690175   -0.0121632874253185   0
0.559051838189419   0.455152598911097   0.0237104962460052   0.00537510956365678   0
0.565245747480291   0.449063608923097   0.00619390929087293   -0.00608898998799973   0
0.312094289540734   0.269823403841535   -0.253151457939557   -0.179240205081562   0
0.503486334498962   0.261031201147365   0.191392044958228   -0.00879220269417041   0
0.617690655507415   0.331003813048896   0.114204321008452   0.0699726119015312   0
0.821402757311314   0.475158600385436   0.203712101803899   0.14415478733654   0
0.665196972445144   0.433759767008811   -0.156205784866169   -0.0413988333766245   0
0.669787435343186   0.457655213383932   0.0045904628980421   0.0238954463751206   0
0.704607885751626   0.967079045542446   0.0348204504084398   0.509423832158514   0
0.621085290135054   0.712161923540054   -0.0835225956165722   -0.254917122002391   0
0.653162956832347   0.69976786624131   0.032077666697293   -0.0123940572987447   0
0.640621046090799   0.68847827670826   -0.0125419107415479   -0.0112895895330499   0
0.630400687455787   0.677186887639899   -0.0102203586350116   -0.0112913890683607   0
0.634973653937407   0.643523354427945   0.00457296648161976   -0.0336635332119543   0
0.616762967352012   0.607127852443956   -0.0182106865853949   -0.036395501983989   0
0.618837115695171   0.655395648971949   0.002074148343159   0.0482677965279936   0
0.623407984215346   0.663342380934448   0.00457086852017508   0.00794673196249884   0
0.598084943087608   0.660433975769801   -0.0253230411277388   -0.00290840516464763   0
