9.752042e-15   5.4073175e-17   0   0   0
0.0472701805912368   0.0221956779741305   0.047270180591227   0.0221956779741305   0
0.0552199491403407   0.0285628965188461   0.00794976854910387   0.00636721854471558   0
0.0386163211329533   0.0403105420376826   -0.0166036280073874   0.0117476455188365   0
0.0334051719830272   0.0782031602129789   -0.00521114914992605   0.0378926181752964   0
0.0301868369051646   0.0855772382309474   -0.00321833507786263   0.00737407801796844   0
0.037110444899923   0.0855516591739758   0.00692360799475842   -2.55790569715919e-05   0
0.0369423374642313   0.0943210831040553   -0.000168107435691706   0.00876942393007953   0
0.0564906024219897   0.164541098896018   0.0195482649577583   0.0702200157919625   0
0.0704770377093808   0.214531498453229   0.0139864352873912   0.0499903995572116   0
0.0752464903960114   0.235456907466253   0.00476945268663055   0.020925409013024   0
0.128416767269876   0.248701237319259   0.0531702768738643   0.0132443298530056   0
0.135960704372412   0.264821503928388   0.0075439371025362   0.0161202666091286   0
0.156023987272211   0.210376001692369   0.020063282899799   -0.0544455022360189   0
0.170811040109871   0.245786036156692   0.0147870528376598   0.0354100344643231   0
0.156581059070833   0.243438438089468   -0.0142299810390381   -0.00234759806722354   0
0.161094128784173   0.262038587063986   0.00451306971334053   0.0186001489745173   0
0.156701528060605   0.271327252610237   -0.00439260072356817   0.00928866554625124   0
0.186896240294176   0.276098353444977   0.0301947122335706   0.00477110083473986   0
0.174766867357568   0.270368328868696   -0.0121293729366079   -0.00573002457628013   0
0.205703733413487   0.240349842871312   0.030936866055919   -0.0300184859973842   0
0.18456638208455   0.239737130699724   -0.0211373513289362   -0.000612712171588092   0
0.175440570015491   0.268223681656887   -0.00912581206905991   0.0284865509571629   0
0.208577144632975   0.301251310078493   0.0331365746174843   0.0330276284216063   0
0.237067901298832   0.312604894627426   0.0284907566658568   0.0113535845489329   0
0.219613141831734   0.299230449400295   -0.0174547594670976   -0.0133744452271314   0
0.226600339206514   0.302987603746707   0.00698719737477979   0.00375715434641188   0
0.230375709072813   0.316674042051815   0.0037753698662995   0.013686438305108   0
0.229032730364488   0.2927985482109   -0.00134297870832512   -0.0238754938409145   0
0.213581281509795   0.331853668725505   -0.0154514488546936   0.039055120514605   0
0.235148891331534   0.336068464178756   0.0215676098217398   0.00421479545325032   0
0.289259539590938   0.413180263870214   0.0541106482594038   0.0771117996914586   0
0.308684424785689   0.419518165857792   0.019424885194751   0.00633790198757744   0
0.298078026294227   0.433260339565797   -0.0106063984914617   0.013742173708005   0
0.308364231838647   0.446588894982065   0.0102862055444193   0.0133285554162687   0
0.314625132492711   0.46563539872261   0.00626090065406376   0.0190465037405442   0
0.32130164226354   0.464800721878091   0.00667650977082979   -0.000834676844518156   0
0.3370271373293   0.502383115122434   0.0157254950657598   0.0375823932443426   0
0.290888185037179   0.447889595670985   -0.0461389522921212   -0.0544935194514488   0
0.274985316629158   0.435154704176033   -0.015902868408021   -0.0127348914949518   0
0.294744005052927   0.429731724453311   0.0197586884237686   -0.00542297972272282   0
0.306388226235162   0.449781728498538   0.011644221182235   0.0200500040452274   0
0.289123628336598   0.437225002523961   -0.0172645978985637   -0.0125567259745775   0
0.273135929764764   0.464394352670019   -0.015987698571834   0.0271693501460585   0
0.246503822579473   0.452875770831731   -0.0266321071852907   -0.0115185818382876   0
0.247781496015459   0.437809654351826   0.00127767343598614   -0.0150661164799055   0
0.308448475332573   0.469981864050331   0.0606669793171132   0.0321722096985047   0
0.300720318297716   0.464471147178257   -0.00772815703485713   -0.00551071687207338   0
0.297819395820638   0.456620673475758   -0.00290092247707763   -0.00785047370249964   0
0.326352636478264   0.464014433253954   0.0285332406576256   0.00739375977819595   0
0.366671942616027   0.496977629830944   0.0403193061377637   0.0329631965769906   0
0.319629939707694   0.48701846779944   -0.0470420029083334   -0.0099591620315046   0
0.31570262685154   0.477777323819293   -0.00392731285615344   -0.00924114398014614   0
0.26736905425243   0.472122999155804   -0.0483335725991103   -0.0056543246634897   0
0.295075668342831   0.482978496688271   0.0277066140904006   0.0108554975324676   0
0.312831139975357   0.52817422698708   0.0177554716325264   0.0451957302988092   0
0.28821274047905   0.534743212463073   -0.0246183994963069   0.00656898547599238   0
0.300382011353923   0.519944274466714   0.0121692708748732   -0.0147989379963593   0
0.338578862794107   0.524257517417567   0.0381968514401838   0.00431324295085378   0
0.317491238946489   0.532053028306843   -0.0210876238476185   0.00779551088927521   0
0.325671278845263   0.549666250497148   0.00818003989877386   0.017613222190305   0
0.325584757592918   0.546251649441494   -8.65212523447623e-05   -0.00341460105565394   0
0.334593121481539   0.577692709243892   0.00900836388862158   0.0314410598023983   0
0.30326740800181   0.611959125778933   -0.0313257134797293   0.0342664165350407   0
0.281497664971464   0.616527309130614   -0.0217697430303466   0.00456818335168108   0
0.313535056076558   0.596231999067734   0.032037391105094   -0.0202953100628799   0
0.310351150239445   0.583518772700802   -0.00318390583711275   -0.0127132263669314   0
0.357883147575169   0.583992750143864   0.0475319973357244   0.000473977443061768   0
0.36117520883948   0.586974450654063   0.0032920612643107   0.00298170051019897   0
0.352317768205648   0.566513413050823   -0.00885744063383143   -0.0204610376032405   0
0.361920871611344   0.601644630047181   0.00960310340569548   0.0351312169963583   0
