1.51836119137602e-14   3.72680995e-16   0   0   0
0.0993648376926885   0.0591233114275873   0.0993648376926733   0.0591233114275869   0
0.108118154340524   0.0823616577294006   0.008753316647836   0.0232383463018133   0
0.113379762734032   0.173405844437799   0.00526160839350774   0.0910441867083985   0
0.202363977496821   0.203903164499975   0.0889842147627888   0.030497320062176   0
0.238836922749955   0.235136682110492   0.0364729452531338   0.0312335176105173   0
0.204327866274895   0.244525564914683   -0.0345090564750595   0.00938888280419098   0
0.130135587265716   0.191575481569897   -0.0741922790091793   -0.0529500833447867   0
0.138268715297035   0.22289689603475   0.00813312803131852   0.0313214144648529   0
0.177115051196953   0.273432951881944   0.0388463358999185   0.0505360558471941   0
0.0731997427118097   0.27126652953179   -0.103915308485143   -0.00216642235015396   0
0.151875552229988   0.286828198716726   0.0786758095181788   0.0155616691849363   0
0.0971725728929469   0.28963221559924   -0.0547029793370416   0.0028040168825143   0
0.109005152663718   0.287030388906948   0.0118325797707712   -0.00260182669229247   0
0.121859582937981   0.290765086688108   0.0128544302742632   0.00373469778116042   0
0.122432103495407   0.317823578183783   0.000572520557425987   0.027058491495675   0
0.113379830428767   0.311315949024711   -0.00905227306664012   -0.00650762915907271   0
0.101912107822253   0.304154539910396   -0.0114677226065145   -0.0071614091143149   0
0.13118917203141   0.269685714373425   0.0292770642091575   -0.0344688255369704   0
0.0405047677865574   0.22567007015965   -0.0906844042448528   -0.0440156442137753   0
0.205245612229977   0.260215854195821   0.164740844443419   0.0345457840361708   0
0.102397073359178   0.238404693712737   -0.102848538870799   -0.0218111604830835   0
0.120566178774642   0.267961322042116   0.0181691054154648   0.029556628329379   0
0.143147243196697   0.266945493063326   0.0225810644220548   -0.00101582897879021   0
0.133727609847735   0.244803575954189   -0.00941963334896193   -0.0221419171091372   0
0.173837937654325   0.309391405338099   0.0401103278065893   0.0645878293839101   0
0.166725483770255   0.303369916986767   -0.00711245388407014   -0.0060214883513322   0
0.196033686553967   0.325478423886761   0.0293082027837127   0.0221085068999939   0
0.181011630812972   0.317849342407563   -0.015022055740995   -0.00762908147919766   0
0.0665303336171839   0.344677132584993   -0.114481297195788   0.0268277901774298   0
0.148166725459902   0.345993808934879   0.0816363918427179   0.00131667634988597   0
0.111955998894367   0.347221622534751   -0.0362107265655344   0.00122781359987273   0
0.118764695208611   0.322501463747953   0.00680869631424358   -0.0247201587867986   0
0.210673584068997   0.339555029382777   0.0919088888603857   0.0170535656348239   0
0.121610815798162   0.331733195417615   -0.089062768270835   -0.00782183396516178   0
0.0858611265937829   0.266036202146732   -0.0357496892043788   -0.0656969932708829   0
0.102972207107858   0.288197183903561   0.0171110805140751   0.0221609817568287   0
0.111116766676761   0.204600273649935   0.00814455956890255   -0.0835969102536261   0
0.159025824005727   0.197999533317574   0.0479090573289664   -0.00660074033236055   0
0.0747631229263079   0.21709043773623   -0.0842627010794191   0.0190909044186555   0
0.237272126094546   0.150311018076559   0.162509003168238   -0.0667794196596706   0
0.0956222885076736   0.187955401363814   -0.141649837586872   0.0376443832872548   0
0.111248320661519   0.268841641129365   0.0156260321538458   0.0808862397655508   0
0.154629229696344   0.257308076849676   0.0433809090348245   -0.0115335642796884   0
0.187409594524921   0.287828522769225   0.0327803648285771   0.0305204459195489   0
0.0891065948378833   0.266440742930217   -0.0983029996870377   -0.0213877798390086   0
0.0684517178719235   0.269301442394654   -0.0206548769659598   0.00286069946443751   0
0.0761146149768587   0.261511653809083   0.0076628971049352   -0.007789788585571   0
0.0945105499359458   0.280290406081197   0.018395934959087   0.0187787522721143   0
0.106224184837291   0.300210728191111   0.0117136349013448   0.0199203221099135   0
0.123621540187606   0.316903949404725   0.0173973553503156   0.0166932212136144   0
0.0880292054395568   0.26790278288515   -0.0355923347480493   -0.0490011665195755   0
0.132704377589122   0.358526584670453   0.0446751721495652   0.0906238017853033   0
0.150386522401914   0.364394539304697   0.0176821448127919   0.00586795463424383   0
0.148994712950467   0.351776372825633   -0.00139180945144701   -0.0126181664790637   0
0.115898631708183   0.238585202611786   -0.0330960812422841   -0.113191170213847   0
0.0775846571445387   0.336803323922314   -0.0383139745636441   0.0982181213105278   0
0.112723818423957   0.326546571436859   0.0351391612794187   -0.0102567524854551   0
0.1281455664416   0.293086235730858   0.0154217480176423   -0.0334603357060004   0
0.12338491602685   0.277270303591297   -0.00476065041474961   -0.0158159321395616   0
0.120318623417085   0.274304225251657   -0.0030662926097654   -0.00296607833963963   0
0.108426596558717   0.290279960025788   -0.0118920268583673   0.0159757347741312   0
0.145616976918706   0.283338978190816   0.0371903803599881   -0.00694098183497277   0
0.102394429003929   0.243622141642874   -0.0432225479147766   -0.0397168365479413   0
0.125687314940898   0.267010913930777   0.0232928859369692   0.0233887722879026   0
0.0909560327503673   0.251142332174291   -0.0347312821905308   -0.0158685817564861   0
0.130161002846944   0.360759266581632   0.0392049700965769   0.109616934407341   0
0.16392226630831   0.191146526051227   0.0337612634613662   -0.169612740530405   0
0.385673481728137   0.127314648341927   0.221751215419827   -0.0638318777092992   0
0.313916384406755   0.174475831040983   -0.0717570973213825   0.0471611826990557   0
0.155559318854774   0.188058761405963   -0.15835706555198   0.0135829303649794   0
0.105971660953502   0.256645361948249   -0.0495876579012723   0.0685866005422862   0
0.109293169769575   0.270900788373748   0.0033215088160729   0.0142554264254994   0
0.107597077314467   0.277433812889984   -0.00169609245510809   0.00653302451623583   0
0.103299439863019   0.250816328538775   -0.00429763745144771   -0.0266174843512086   0
0.112336579120135   0.270079813883208   0.00903713925711551   0.0192634853444325   0
0.079043546536576   0.257322828758246   -0.0332930325835587   -0.0127569851249618   0
0.0859422796846395   0.268891183366652   0.00689873314806344   0.0115683546084057   0
