7.1054274e-15   0   0   0   0
0.0365184971013701   0.0404217066036021   0.036518497101363   0.0404217066036021   0
0.0458569919890915   0.024964805646799   0.00933849488772143   -0.0154569009568031   0
0.102717786754449   0.0352116365250383   0.0568607947653572   0.0102468308782393   0
0.0626056624173372   0.0143552203276113   -0.0401121243371114   -0.020856416197427   0
0.10057470972712   0.0259795889612389   0.0379690473097825   0.0116243686336276   0
0.113301372188831   0.0175281620304892   0.0127266624617113   -0.00845142693074974   0
0.150715652248443   0.0254816583245638   0.0374142800596117   0.00795349629407458   0
0.184982210565694   0.0746399504998343   0.0342665583172509   0.0491582921752705   0
0.466167692324268   0.274525579898303   0.281185481758574   0.199885629398468   0
0.476504086410574   0.2142116317563   0.0103363940863061   -0.0603139481420023   0
0.552317183300719   0.225020038583388   0.0758130968901452   0.0108084068270881   0
0.525736512116757   0.183376001541   -0.026580671183962   -0.0416440370423888   0
0.518830978044127   0.160735987993278   -0.00690553407262973   -0.022640013547721   0
0.510040478238213   0.180033579082085   -0.00879049980591418   0.0192975910888061   0
0.431752539986213   0.187120516762651   -0.0782879382519995   0.00708693768056659   0
0.452865937002423   0.176923527906321   0.0211133970162097   -0.0101969888563302   0
0.486818171900475   0.148709430606893   0.0339522348980518   -0.0282140972994279   0
0.246460501523551   0.150095376241243   -0.240357670376924   0.00138594563435035   0
0.280726091975587   0.133575465475234   0.0342655904520359   -0.0165199107660098   0
0.697430656345558   0.441785949860692   0.41670456436997   0.308210484385458   0
1.46217692166521   1.3471890482723   0.764746265319654   0.905403098411605   0
1.4996040243409   1.20672452483089   0.0374271026756903   -0.140464523441408   0
1.2934014085781   1.10707662887248   -0.206202615762802   -0.0996478959584048   0
1.30762346492243   1.12187179605961   0.0142220563443269   0.014795167187128   0
1.3210296130766   1.08735235160635   0.0134061481541714   -0.0345194444532579   0
1.21292635229302   1.01115765274848   -0.108103260783581   -0.0761946988578734   0
1.20980281384015   0.881597594551122   -0.0031235384528645   -0.129560058197359   0
1.08547122558314   0.880347800211512   -0.124331588257015   -0.00124979433961014   0
1.04430660076685   0.813461081044952   -0.0411646248162856   -0.0668867191665595   0
1.05633044041074   0.853401740067143   0.0120238396438914   0.0399406590221906   0
0.982499984371984   0.83707531371936   -0.0738304560387586   -0.016326426347783   0
1.01955528584604   0.83068102229888   0.0370553014740587   -0.00639429142047954   0
1.05419980134869   0.842291849801837   0.034644515502646   0.0116108275029574   0
1.09487776805071   0.829739515016028   0.0406779667020254   -0.0125523347858096   0
0.999585508274442   0.768064561063207   -0.0952922597762724   -0.0616749539528211   0
0.812939090568012   0.559756165212984   -0.18664641770643   -0.208308395850223   0
0.798074163932753   0.588491990808035   -0.014864926635259   0.0287358255950507   0
0.820700658896862   0.606166964151405   0.0226264949641083   0.0176749733433709   0
0.792906264428622   0.618253636196636   -0.0277943944682396   0.0120866720452306   0
0.765664640417057   0.599539197441671   -0.0272416240115653   -0.0187144387549649   0
0.742235447633345   0.570767643163515   -0.0234291927837111   -0.0287715542781557   0
0.697526033671799   0.513269653580489   -0.0447094139615467   -0.0574979895830264   0
0.810523246390818   0.525127866181835   0.112997212719019   0.0118582126013461   0
0.730484479505693   0.516219590282853   -0.0800387668851255   -0.00890827589898213   0
0.72412767534091   0.524447541503124   -0.00635680416478268   0.0082279512202712   0
0.753503603136721   0.537523158651314   0.0293759277958111   0.0130756171481893   0
0.727803852285156   0.542142151379555   -0.0256997508515651   0.00461899272824184   0
0.754217990553059   0.563209918215956   0.0264141382679031   0.0210677668364009   0
0.739376906971015   0.577419735259934   -0.0148410835820442   0.0142098170439781   0
0.706946379046962   0.577046655230698   -0.0324305279240531   -0.000373080029236195   0
0.681733424984862   0.5688449073373   -0.0252129540620996   -0.00820174789339811   0
0.761881929778937   0.577114240222919   0.0801485047940749   0.0082693328856186   0
0.895705876106403   0.62457416471112   0.133823946327466   0.0474599244882014   0
0.704909784822157   0.589811674570156   -0.190796091284246   -0.034762490140964   0
0.673484611122599   0.60863993335194   -0.031425173699558   0.0188282587817842   0
0.750708980090444   0.593533223687142   0.0772243689678451   -0.0151067096647984   0
0.756909443253354   0.565677411299964   0.00620046316291001   -0.0278558123871773   0
0.804946524180485   0.549460862953067   0.0480370809271309   -0.0162165483468978   0
0.795480810567659   0.544519333349745   -0.00946571361282555   -0.00494152960332117   0
0.792542269229156   0.541145239898041   -0.00293854133850324   -0.00337409345170425   0
0.909100495850747   0.55012412989579   0.116558226621591   0.00897888999774887   0
0.832289018875381   0.541480976919807   -0.0768114769753659   -0.00864315297598284   0
0.868178386927241   0.52719713511332   0.0358893680518599   -0.0142838418064875   0
0.844434208858891   0.543284077553946   -0.0237441780683503   0.016086942440626   0
0.815225898687781   0.543914219690431   -0.0292083101711097   0.000630142136485268   0
0.844767959524471   0.573240264608042   0.0295420608366898   0.029326044917611   0
0.826938766560234   0.563745824692628   -0.017829192964237   -0.00949443991541454   0
0.828148362190093   0.505597643243198   0.00120959562985934   -0.0581481814494297   0
0.814878178922688   0.509544170570597   -0.0132701832674048   0.00394652732739909   0
0.821752068058503   0.47683114870529   0.00687388913581499   -0.0327130218653074   0
0.759056657510871   0.467852732218549   -0.0626954105476328   -0.00897841648674069   0
0.809143076975777   0.520929560999218   0.0500864194649069   0.0530768287806693   0
0.799748332657949   0.505028192961064   -0.00939474431782827   -0.0159013680381538   0
