7.1054274e-15   0   0   0   0
0.0403600770172009   0.0486217448015133   0.0403600770171938   0.0486217448015133   0
0.0560559592841094   0.0879193069915045   0.0156958822669084   0.0392975621899913   0
0.0562085742770769   0.0931019557001557   0.000152614992967509   0.00518264870865118   0
0.0629135096561447   0.0983899708963696   0.00670493537906785   0.00528801519621393   0
0.0627101526438152   0.0978052412536191   -0.000203357012329528   -0.000584729642750512   0
0.0619083966777675   0.0978111660395665   -0.000801755966047694   5.92478594732548e-06   0
0.0653208611111168   0.0920196801220766   0.00341246443334924   -0.00579148591748987   0
0.0630513228570712   0.0786743319093108   -0.00226953825404552   -0.0133453482127658   0
0.0408826512379154   0.0790551534548445   -0.0221686716191558   0.000380821545533691   0
0.0798269218570714   0.0981014557797665   0.038944270619156   0.019046302324922   0
0.0997261129401645   0.114759867635279   0.0198991910830931   0.016658411855513   0
0.112905963713292   0.123612473445798   0.0131798507731271   0.00885260581051871   0
0.13595637371627   0.14286155385704   0.0230504100029784   0.0192490804112422   0
0.1077826305237   0.120399550831057   -0.0281737431925701   -0.0224620030259831   0
0.109712300006102   0.117375146560222   0.00192966948240188   -0.00302440427083511   0
0.113215301271658   0.119510669191654   0.00350300126555644   0.00213552263143189   0
0.10904932580474   0.124641682535853   -0.00416597546691848   0.00513101334419941   0
0.0882581323806247   0.111520840500724   -0.0207911934241151   -0.013120842035129   0
0.118085525984663   0.133912988684927   0.0298273936040387   0.0223921481842027   0
0.0959801475836042   0.0903091114812495   -0.0221053784010592   -0.0436038772036777   0
0.136023889618137   0.119142339118088   0.0400437420345327   0.0288332276368389   0
0.142474504580603   0.115095758179485   0.00645061496246593   -0.00404658093860348   0
0.766257732505098   0.61564354898037   0.623783227924495   0.500547790800886   0
1.22035505962194   0.758145571288509   0.454097327116841   0.142502022308139   0
0.246088323186211   0.407983269765338   -0.974266736435728   -0.350162301523172   0
0.117486195494846   0.399264386666175   -0.128602127691365   -0.00871888309916335   0
0.127877241120001   0.394470865140945   0.0103910456251553   -0.00479352152522927   0
0.105063757247485   0.381090714229965   -0.022813483872516   -0.0133801509109802   0
0.118316181883621   0.337096611834243   0.0132524246361358   -0.0439941023957217   0
0.155087993022597   0.289111386908407   0.0367718111389757   -0.0479852249258363   0
0.147572579224098   0.294956752767263   -0.00751541379849852   0.00584536585885548   0
0.149047672929827   0.291803984805164   0.00147509370572943   -0.00315276796209857   0
0.129331105918982   0.283822181211684   -0.0197165670108457   -0.0079818035934805   0
0.0969196161845399   0.267435075465994   -0.0324114897344419   -0.0163871057456897   0
0.0699188552823894   0.255489381386883   -0.0270007609021505   -0.011945694079111   0
0.0724965773811445   0.264543928625942   0.00257772209875512   0.00905454723905896   0
0.11959813659172   0.24289938544523   0.0471015592105752   -0.0216445431807122   0
0.721928115507459   0.739184476376125   0.60232997891574   0.496285090930895   0
0.900573682367789   1.01979436587665   0.17864556686033   0.280609889500523   0
0.818662825220503   0.940692409299722   -0.0819108571472855   -0.0791019565769252   0
0.749856552623523   0.87363091114017   -0.0688062725969802   -0.0670614981595522   0
0.760496621843921   0.856912938135676   0.0106400692203984   -0.0167179730044936   0
0.720771873330292   0.836487991668885   -0.0397247485136296   -0.0204249464667912   0
0.667592620450365   0.829959959708818   -0.0531792528799269   -0.00652803196006668   0
0.54568364896563   0.752569177645193   -0.121908971484735   -0.0773907820636255   0
0.711752266637062   0.76745535535758   0.166068617671432   0.0148861777123867   0
0.670161445079818   0.735769418775357   -0.0415908215572439   -0.0316859365822223   0
0.54874444189673   0.832781513968884   -0.121417003183088   0.0970120951935272   0
0.0953501108577252   0.508486546869316   -0.453394331039005   -0.324294967099568   0
0.115411910824828   0.523106517636478   0.020061799967103   0.0146199707671621   0
0.111195078572261   0.496789366412196   -0.00421683225256692   -0.0263171512242827   0
0.0845294492336044   0.489412318794151   -0.0266656293386569   -0.00737704761804497   0
0.0979048861863836   0.501401293813765   0.0133754369527792   0.0119889750196142   0
0.132085654104838   0.517618170094368   0.0341807679184548   0.0162168762806031   0
0.120278625428392   0.507325634712286   -0.0118070286764462   -0.0102925353820819   0
0.094778175280964   0.451638490919964   -0.0255004501474282   -0.0556871437923217   0
0.0994281690475848   0.452625458673153   0.0046499937666208   0.000986967753188517   0
0.116040834093942   0.450674858336259   0.0166126650463575   -0.00195060033689359   0
0.109320755530722   0.429903221887588   -0.00672007856322041   -0.020771636448671   0
0.104716497510471   0.429235947312225   -0.00460425802025101   -0.000667274575363364   0
0.0912201042328803   0.405587622449618   -0.0134963932775905   -0.0236483248626074   0
0.11878240249795   0.42576566950182   0.0275622982650696   0.0201780470522027   0
0.192501053595691   0.486042042949743   0.0737186510977412   0.0602763734479224   0
0.131856550289473   0.449523153615463   -0.060644503306218   -0.0365188893342797   0
0.119605275606957   0.473707327239258   -0.0122512746825167   0.0241841736237952   0
0.25441100481146   0.457698930301315   0.134805729204504   -0.0160083969379433   0
0.188499933400833   0.412109986623795   -0.0659110714106275   -0.04558894367752   0
0.174102444172543   0.404643134524162   -0.0143974892282898   -0.00746685209963266   0
0.211820594891742   0.386958166056155   0.0377181507191992   -0.0176849684680075   0
0.22443013037025   0.401933110812268   0.0126095354785075   0.0149749447561134   0
0.212794254143548   0.402832803102717   -0.0116358762267012   0.000899692290449061   0
0.125264348523819   0.409784936713356   -0.0875299056197299   0.00695213361063884   0
0.17500239762296   0.396530192941598   0.0497380490991418   -0.0132547437717578   0
0.157763619423115   0.403895405766692   -0.017238778199845   0.00736521282509428   0
0.130016417020676   0.371060798853004   -0.0277472024024397   -0.0328346069136884   0
0.238066344100285   0.421350614206262   0.10804992707961   0.0502898153532578   0
0.292680688560242   0.458998638003876   0.0546143444599568   0.0376480237976142   0
0.321076279027216   0.472615076480984   0.0283955904669734   0.0136164384771083   0
0.263096756148483   0.407068140103456   -0.0579795228787323   -0.0655469363775283   0
