0   0   0   0   0
0.0511427657681124   0.0281926539573321   0.0511427657681124   0.0281926539573321   0
0.0892751118355607   0.0733042044290695   0.0381323460674483   0.0451115504717374   0
0.094269822761415   0.0646737308818751   0.00499471092585431   -0.00863047354719444   0
0.0895429279314409   0.0697849112686018   -0.00472689482997408   0.00511118038672667   0
0.07813662637246   0.0567737996452848   -0.0114063015589809   -0.013011111623317   0
0.135728335418154   0.103829454152852   0.0575917090456941   0.0470556545075675   0
0.0986687253361734   0.0756902893772399   -0.0370596100819807   -0.0281391647756124   0
0.106975629135264   0.0936717895933113   0.00830690379909034   0.0179815002160714   0
0.119980143211641   0.111409582805127   0.0130045140763776   0.0177377932118155   0
0.148328276990555   0.135388734440245   0.0283481337789134   0.0239791516351181   0
0.138770495767611   0.132429494214486   -0.00955778122294379   -0.00295924022575927   0
0.133360837660915   0.133546273789389   -0.00540965810669583   0.00111677957490333   0
0.14661908819948   0.139270207024357   0.0132582505385649   0.00572393323496809   0
0.154905323005159   0.165321043559401   0.00828623480567925   0.0260508365350437   0
0.164722594851481   0.17538929161241   0.00981727184632208   0.0100682480530093   0
0.161641148731649   0.179155191897271   -0.00308144611983216   0.00376590028486065   0
0.163515200488748   0.188548659733586   0.00187405175709854   0.00939346783631501   0
0.168365104458354   0.177447375355231   0.00484990396960608   -0.0111012843783546   0
0.174970880213078   0.193082895635976   0.00660577575472451   0.0156355202807452   0
0.154365489380977   0.214419910115502   -0.0206053908321013   0.0213370144795261   0
0.175827750453297   0.223194741585541   0.0214622610723195   0.00877483147003813   0
0.232328973717996   0.251415975238405   0.0565012232646992   0.0282212336528644   0
0.196527077765495   0.239827497819088   -0.0358018959525006   -0.0115884774193172   0
0.142275907741131   0.175457809638463   -0.054251170024364   -0.064369688180625   0
0.160189837396845   0.213244651655724   0.0179139296557141   0.0377868420172612   0
0.145210412862284   0.215450427021883   -0.0149794245345611   0.00220577536615874   0
0.162181910280966   0.230761491721334   0.016971497418682   0.0153110646994513   0
0.175211159127717   0.260635923838246   0.0130292488467513   0.0298744321169122   0
0.147040527502716   0.251235449638248   -0.0281706316250017   -0.0094004741999984   0
0.163938017513895   0.262996935117532   0.016897490011179   0.0117614854792841   0
0.151557893176901   0.237411071703487   -0.0123801243369942   -0.0255858634140448   0
0.127020303851023   0.222026920014026   -0.0245375893258771   -0.0153841516894614   0
0.14944334146325   0.268644369298995   0.0224230376122269   0.0466174492849695   0
0.153531023855842   0.281006963353659   0.00408768239259116   0.0123625940546636   0
0.157675649361643   0.28738438283915   0.00414462550580186   0.00637741948549142   0
0.136334112688342   0.29120109943215   -0.0213415366733014   0.00381671659300015   0
0.193496947544219   0.308380416826896   0.057162834855877   0.017179317394746   0
0.203119036213165   0.316869191138398   0.00962208866894604   0.00848877431150163   0
0.220754902303788   0.334840513783947   0.0176358660906233   0.0179713226455488   0
0.251272380896433   0.364428022956442   0.0305174785926444   0.0295875091724953   0
0.235080898661672   0.365074994597062   -0.0161914822347612   0.000646971640620109   0
0.231450975339539   0.357003046185687   -0.00362992332213211   -0.00807194841137499   0
0.282598411941904   0.399494783706652   0.051147436602365   0.0424917375209644   0
0.29807151115567   0.425033579495013   0.0154730992137652   0.0255387957883609   0
0.2560712368819   0.355929864686031   -0.0420002742737693   -0.0691037148089819   0
0.220961830278499   0.343982388765805   -0.0351094066034017   -0.0119474759202258   0
0.22398814391084   0.342845528531825   0.00302631363234102   -0.00113686023398024   0
0.237848129756001   0.353283432634716   0.0138599858451612   0.0104379041028918   0
0.255657800295677   0.369541961791797   0.0178096705396757   0.0162585291570804   0
0.2307472641465   0.350827459433379   -0.024910536149177   -0.0187145023584179   0
0.22315392574739   0.352358084660426   -0.00759333839910994   0.00153062522704711   0
0.253000911609049   0.383064762066468   0.0298469858616591   0.0307066774060422   0
0.278276412911413   0.393624631306668   0.0252755013023642   0.0105598692401995   0
0.254841460069739   0.385252495772056   -0.0234349528416737   -0.00837213553461147   0
0.243361460333365   0.369310793033684   -0.0114799997363747   -0.0159417027383724   0
0.248379181574275   0.387138809038506   0.00501772124091057   0.0178280160048224   0
0.279868911094608   0.427165292362636   0.0314897295203327   0.04002648332413   0
0.26140182831184   0.419599186196084   -0.0184670827827679   -0.0075661061665519   0
0.26615878178701   0.427912293416188   0.00475695347516997   0.00831310722010414   0
0.298719024518643   0.451542846114386   0.0325602427316334   0.0236305526981974   0
0.299615603090945   0.44999980018749   0.000896578572301465   -0.00154304592689536   0
0.304930288078974   0.451230035295462   0.00531468498802951   0.00123023510797199   0
0.342829878149657   0.474647781268134   0.0378995900706824   0.0234177459726721   0
0.345980627235327   0.489227504889548   0.00315074908567009   0.0145797236214135   0
0.360290065503106   0.506418036171328   0.0143094382677793   0.0171905312817801   0
0.380562966645567   0.539925914049505   0.0202729011424613   0.0335078778781769   0
0.451165096532458   0.565833036789281   0.0706021298868906   0.0259071227397759   0
0.512985729540343   0.573906601399963   0.0618206330078854   0.00807356461068232   0
0.54165119870821   0.629976678689197   0.0286654691678665   0.0560700772892335   0
0.567286159208516   0.659232961795857   0.0256349605003059   0.0292562831066602   0
0.505748589512159   0.568795530889227   -0.0615375696963568   -0.0904374309066295   0
0.538655124321596   0.566267698508427   0.0329065348094369   -0.00252783238080034   0
0.57850951863279   0.618501710445806   0.0398543943111945   0.0522340119373793   0
