8.2121781e-15   1.1015749e-16   0   0   0
0.165870523947865   0.111826098159345   0.165870523947857   0.111826098159345   0
0.0151874061920076   0.0793579049993534   -0.150683117755857   -0.0324681931599917   0
0.106095881776717   0.0339205948749057   0.0909084755847098   -0.0454373101244477   0
0.0675937115514647   0.0422424240568864   -0.0385021702252527   0.00832182918198068   0
0.0401089879647635   0.0299793448044934   -0.0274847235867012   -0.012263079252393   0
0.04655259178943   0.0911027143110852   0.0064436038246665   0.0611233695065918   0
0.0568556129608074   0.139538392993837   0.0103030211713774   0.0484356786827519   0
0.102515210391389   0.152372928516789   0.0456595974305819   0.0128345355229514   0
0.250860084462783   0.275606707724395   0.148344874071394   0.123233779207606   0
0.431059698429653   0.435686566926065   0.180199613966869   0.16007985920167   0
0.558750780952927   0.626737245906511   0.127691082523275   0.191050678980447   0
0.613510263685267   0.717308436489677   0.0547594827323399   0.0905711905831659   0
0.691097209492475   0.818912371517166   0.0775869458072079   0.101603935027489   0
0.691974041626006   0.802815390903509   0.000876832133530847   -0.0160969806136568   0
0.750681236793606   0.885033687513909   0.0587071951676   0.0822182966103995   0
0.814920517393076   0.899593993855883   0.0642392805994703   0.0145603063419745   0
0.780248086555844   0.909620689659862   -0.0346724308372319   0.0100266958039791   0
0.818093367259328   0.981160424375828   0.0378452807034831   0.0715397347159652   0
0.937667148363519   1.17025796805801   0.119573781104191   0.189097543682182   0
1.17018575063232   1.45033150832844   0.232518602268801   0.280073540270426   0
1.12927017146163   1.44391291025632   -0.0409155791706879   -0.00641859807211742   0
1.11036619504003   1.45930674017767   -0.0189039764216055   0.0153938299213472   0
1.07523165925769   1.40187263697537   -0.0351345357823389   -0.0574341032022974   0
0.98042040891838   1.31261782622631   -0.0948112503393072   -0.0892548107490594   0
0.98441057695021   1.33969176445837   0.00399016803182928   0.0270739382320651   0
0.968869071718268   1.35719651829982   -0.015541505231942   0.0175047538414446   0
0.953635957804338   1.34997552031526   -0.01523311391393   -0.00722099798455389   0
1.05678165383574   1.4695089775572   0.103145696031399   0.119533457241932   0
1.12383855434004   1.5323306556527   0.0670569005043014   0.0628216780955062   0
1.04126355501728   1.46145280699623   -0.0825749993227591   -0.0708778486564687   0
1.09162737766539   1.506853678894   0.0503638226481107   0.0454008718977683   0
1.10655577426479   1.49137734316198   0.0149283965994   -0.0154763357320247   0
1.07912313474255   1.46425517354883   -0.0274326395222371   -0.0271221696131492   0
1.1218555546015   1.50229303142465   0.0427324198589463   0.0380378578758236   0
1.08708452416506   1.49065689583559   -0.0347710304364428   -0.0116361355890644   0
1.08188720201032   1.49541814450202   -0.00519732215473567   0.00476124866643235   0
1.10326102933622   1.50630386666422   0.021373827325901   0.0108857221621999   0
1.0875816117513   1.47152763406822   -0.0156794175849198   -0.0347762325960028   0
1.05976893176695   1.44933369369204   -0.027812679984355   -0.0221939403761773   0
1.10111395877493   1.49118001257017   0.0413450270079814   0.0418463188781342   0
1.05617464660098   1.48015804114262   -0.0449393121739436   -0.0110219714275548   0
1.07370819453549   1.47118346749337   0.0175335479345029   -0.0089745736492457   0
1.0303981595414   1.42084944321492   -0.0433100349940909   -0.050334024278458   0
1.02980089730268   1.43134560375843   -0.000597262238716256   0.0104961605435132   0
1.05829987858059   1.41645834988903   0.0284989812779139   -0.0148872538693958   0
1.01629574426262   1.375244733156   -0.0420041343179773   -0.0412136167330319   0
1.01953525466789   1.31678491238564   0.00323951040526893   -0.0584598207703584   0
0.962389929860533   1.12537704324382   -0.0571453248073521   -0.191407869141818   0
0.970024300187207   1.24410522779358   0.00763437032667402   0.118728184549752   0
0.91869722220367   1.21444917942441   -0.0513270779835365   -0.029656048369163   0
0.956758719214361   1.24115085081171   0.0380614970106901   0.0267016713872934   0
0.906220531278495   1.20315438189964   -0.0505381879358656   -0.0379964689120627   0
0.973861694664983   1.25408388505746   0.0676411633864881   0.0509295031578119   0
0.856570132737774   1.24915657834891   -0.117291561927208   -0.00492730670854424   0
0.826353426700203   1.2137623099204   -0.0302167060375714   -0.0353942684285145   0
0.871059679760291   1.20793475731843   0.0447062530600878   -0.00582755260196355   0
0.797583048142988   1.12783328173101   -0.0734766316173027   -0.0801014755874214   0
0.775928143788364   1.05813109893521   -0.0216549043546237   -0.0697021827958038   0
0.79991565182968   1.06350376122861   0.0239875080413156   0.00537266229340005   0
0.794655434674093   1.06701407337031   -0.00526021715558711   0.00351031214170461   0
0.918252339446517   1.12434611729579   0.123596904772424   0.0573320439254772   0
0.873186366153958   1.14282851329678   -0.0450659732925592   0.0184823960009852   0
0.821094956662322   1.08608217675024   -0.0520914094916363   -0.0567463365465404   0
0.81664172106225   1.1429902938622   -0.00445323560007205   0.0569081171119643   0
0.756507038096887   1.10739716262756   -0.0601346829653626   -0.0355931312346429   0
0.82051031304656   1.17224171325635   0.0640032749496731   0.0648445506287949   0
0.712623103572552   1.03766826965653   -0.107887209474008   -0.134573443599826   0
0.730644577222716   0.999824256035215   0.0180214736501645   -0.0378440136213106   0
0.726838962234485   0.914435355206808   -0.00380561498823173   -0.0853889008284064   0
0.701541741721157   0.848586557436301   -0.0252972205133272   -0.0658487977705069   0
0.530717143866851   0.591939466822621   -0.170824597854307   -0.25664709061368   0
