7.1054274e-15   0   0   0   0
0.0163627786748526   0.014731204985528   0.0163627786748455   0.014731204985528   0
0.0186058635636894   0.0180742373358369   0.00224308488883689   0.00334303235030884   0
0.0533409053286614   0.0369658177060989   0.034735041764972   0.018891580370262   0
0.0456774843469699   0.0397227537809418   -0.00766342098169153   0.00275693607484295   0
0.0587201499616167   0.0816693724506446   0.0130426656146468   0.0419466186697028   0
0.0401271929078578   0.0784821502007617   -0.0185929570537589   -0.00318722224988288   0
0.0392895407509745   0.0776004661586344   -0.000837652156883292   -0.000881684042127337   0
0.0485395592299964   0.108000705650817   0.00925001847902193   0.0304002394921825   0
0.070119272730276   0.0739708643391288   0.0215797135002796   -0.0340298413116881   0
0.0867344845567606   0.0591015465540082   0.0166152118264846   -0.0148693177851206   0
0.0770257603001382   0.0894769781404963   -0.00970872425662238   0.0303754315864882   0
0.0790314515286211   0.122312432004695   0.00200569122848288   0.0328354538641984   0
0.0883478037682107   0.102241568564238   0.00931635223958964   -0.0200708634404572   0
0.0984325905224208   0.126187899524864   0.0100847867542101   0.0239463309606268   0
0.0940921263834206   0.139626073401099   -0.00434046413900017   0.0134381738762343   0
0.0863058829167074   0.154667932491533   -0.00778624346671326   0.0150418590904343   0
0.074915996011304   0.151958126312993   -0.0113898869054034   -0.00270980617853991   0
0.0605316290203959   0.149799794309507   -0.014384366990908   -0.00215833200348567   0
0.0771397660532148   0.147510637033902   0.0166081370328188   -0.00228915727560527   0
0.0665325548977806   0.124532236415558   -0.0106072111554342   -0.0229784006183436   0
0.0788028852397855   0.134056553708517   0.012270330342005   0.00952431729295841   0
0.0932322255434427   0.120453414627412   0.0144293403036571   -0.013603139081105   0
0.0757479305647339   0.161590172112617   -0.0174842949787088   0.0411367574852049   0
0.0800051299957411   0.148178522388556   0.00425719943100718   -0.013411649724061   0
0.0986766598169629   0.16746828525237   0.0186715298212218   0.0192897628638141   0
0.0894097885160268   0.158638259203147   -0.00926687130093611   -0.00883002604922242   0
0.109234353963486   0.148510630512073   0.0198245654474595   -0.0101276286910749   0
0.118790750530239   0.152217676818551   0.0095563965667529   0.00370704630647889   0
0.0719445265149544   0.157294799843432   -0.0468462240152848   0.00507712302488017   0
0.0951940800852963   0.165146553695108   0.0232495535703419   0.00785175385167669   0
0.114512972220303   0.156181275214568   0.0193188921350063   -0.00896527848054063   0
0.0936230381680106   0.172564988488341   -0.020889934052292   0.0163837132737737   0
0.0970195914087195   0.159548337128113   0.00339655324070889   -0.0130166513602282   0
0.124381698931838   0.163628173429921   0.0273621075231184   0.00407983630180775   0
0.117091959950471   0.184873826882388   -0.00728973898136713   0.0212456534524674   0
0.106509786705689   0.14711959780051   -0.0105821732447818   -0.0377542290818779   0
0.1022216285119   0.191893153369017   -0.00428815819378854   0.044773555568507   0
0.0881513887144395   0.192845469237382   -0.014070239797461   0.000952315868364667   0
0.120874184118196   0.15496766157428   0.0327227954037568   -0.0378778076631023   0
0.0943091530855509   0.191775159171854   -0.0265650310326454   0.036807497597574   0
0.0862184569593058   0.225619105791635   -0.00809069612624502   0.0338439466197815   0
0.109634002184453   0.196564931342428   0.0234155452251476   -0.0290541744492067   0
0.145407079168708   0.176588845676755   0.0357730769842549   -0.0199760856656736   0
0.127729012673931   0.192089787552226   -0.0176780664947772   0.015500941875471   0
0.129291422304827   0.194683110415164   0.00156240963089593   0.00259332286293842   0
0.170171854552686   0.161764386271166   0.0408804322478587   -0.032918724143998   0
0.16094107158103   0.180253028993336   -0.00923078297165564   0.0184886427221701   0
0.170589614985601   0.175949188302504   0.00964854340457066   -0.00430384069083203   0
0.209510047490871   0.191785433173494   0.0389204325052703   0.0158362448709895   0
0.0939567698697267   0.210016040879482   -0.115553277621144   0.0182306077059884   0
0.192498244517177   0.1966501380343   0.0985414746474503   -0.013365902845182   0
0.150585744177619   0.220141074482998   -0.0419125003395578   0.023490936448698   0
0.168829565353296   0.230662827904903   0.0182438211756769   0.0105217534219045   0
0.180616766746552   0.238864555266006   0.0117872013932558   0.00820172736110353   0
0.183376462153902   0.228537266017146   0.00275969540734991   -0.0103272892488601   0
0.164874042368131   0.239223632777545   -0.0185024197857713   0.0106863667603984   0
0.181295939110938   0.244128630768995   0.0164218967428073   0.00490499799145072   0
0.233978760266095   0.221449813375421   0.0526828211551567   -0.0226788173935746   0
0.217408508795629   0.216096603355891   -0.0165702514704655   -0.00535321001952982   0
0.210529665603136   0.263866145505055   -0.00687884319249299   0.0477695421491641   0
0.253922484143223   0.243933673562824   0.0433928185400864   -0.0199324719422311   0
0.240775145620625   0.221562270431264   -0.0131473385225973   -0.0223714031315601   0
0.221633158007665   0.245741438568627   -0.0191419876129601   0.0241791681373627   0
0.215666234416663   0.264206631637711   -0.00596692359100176   0.0184651930690848   0
0.259249139305845   0.209458241263741   0.0435829048891815   -0.0547483903739703   0
0.24344479026027   0.199963191144948   -0.0158043490455748   -0.00949505011879268   0
0.253909230745418   0.211546199680136   0.0104644404851483   0.0115830085351875   0
0.292703603597338   0.198737294169907   0.0387943728519193   -0.0128089055102291   0
0.317680208591612   0.20228538490196   0.0249766049942742   0.00354809073205364   0
0.292007546862013   0.223980456255094   -0.0256726617295991   0.0216950713531333   0
0.300104868980085   0.205724024792618   0.00809732211807218   -0.0182564314624753   0
0.351345796074867   0.178061466081059   0.0512409270947818   -0.0276625587115598   0
0.294758026807733   0.230307895741204   -0.0565877692671337   0.0522464296601454   0
0.290575778183521   0.237416978661768   -0.00418224862421174   0.00710908292056425   0
0.340262406682384   0.219410929090882   0.0496866284988621   -0.0180060495708857   0
0.317373967912484   0.248318319442609   -0.0228884387698994   0.0289073903517262   0
0.332458341452882   0.231258614678297   0.0150843735403979   -0.0170597047643121   0
0.339828439342551   0.217213970988035   0.0073700978896693   -0.0140446436902618   0
0.321118474766976   0.181215186758065   -0.0187099645755753   -0.0359987842299694   0
