1.1413572e-14   1.48265735e-50   0   0   0
0.107519850392634   0.031373245947967   0.107519850392623   0.031373245947967   0
0.115031362435297   0.0842849883091977   0.00751151204266248   0.0529117423612308   0
0.127725684020845   0.12733647793655   0.0126943215855484   0.0430514896273522   0
0.167798341483323   0.177483682802542   0.0400726574624775   0.0501472048659917   0
0.211281286978081   0.19963470415769   0.043482945494758   0.0221510213551484   0
0.262876451643873   0.156850079612349   0.0515951646657924   -0.0427846245453414   0
0.127634853850674   0.164665385166174   -0.135241597793199   0.00781530555382529   0
0.157382187964985   0.198967657691799   0.0297473341143105   0.0343022725256254   0
0.197115468017685   0.137560002285198   0.0397332800527   -0.061407655406601   0
0.130543182243404   0.0987094126925556   -0.0665722857742806   -0.0388505895926427   0
0.123404714394947   0.110820807013872   -0.00713846784845672   0.0121113943213159   0
0.11226725957739   0.127456619371009   -0.0111374548175572   0.0166358123571375   0
0.110707076630946   0.133000968559632   -0.00156018294644446   0.00554434918862295   0
0.11969017466976   0.159032776891542   0.00898309803881428   0.0260318083319098   0
0.08478816031138   0.0533921299548092   -0.0349020143583799   -0.105640646936733   0
0.110029866078945   0.0750574437108093   0.0252417057675652   0.0216653137560002   0
0.0775875917133727   0.0845577730502809   -0.0324422743655726   0.00950032933947162   0
0.122566496609025   0.0920273768427363   0.0449789048956526   0.00746960379245538   0
0.109363810704058   0.0858713449271041   -0.0132026859049668   -0.00615603191563227   0
0.0763478771063997   0.0965448551855299   -0.0330159335976588   0.0106735102584258   0
0.117182878283197   0.099411889631031   0.0408350011767972   0.0028670344455011   0
0.126590982031385   0.102583473844389   0.0094081037481879   0.00317158421335759   0
0.11729328607586   0.0748821757719791   -0.00929769595552464   -0.0277012980724094   0
0.149003142786307   0.0712471337059515   0.0317098567104466   -0.00363504206602763   0
0.15756385155827   0.0725708871050457   0.00856070877196297   0.00132375339909424   0
0.0983663632281362   0.0783730808882906   -0.0591974883301335   0.00580219378324487   0
0.0687938906581297   0.0755901803318631   -0.0295724725700065   -0.00278290055642745   0
0.14051201271036   0.0607783912319562   0.0717181220522299   -0.014811789099907   0
0.0562956825776034   0.0744834958600366   -0.0842163301327562   0.0137051046280805   0
0.0844991890145231   0.0667804572432018   0.0282035064369196   -0.00770303861683487   0
0.114143975624292   0.0623880168574079   0.0296447866097689   -0.00439244038579382   0
0.160205962820821   0.0731453729952054   0.0460619871965294   0.0107573561377974   0
0.0842057519248643   0.098111029083608   -0.0760002108959571   0.0249656560884026   0
0.12800851378757   0.0985750490533913   0.043802761862706   0.000464019969783305   0
0.0581441631002967   0.0808848903967564   -0.0698643506872736   -0.0176901586566349   0
0.0896061634881232   0.124329648655232   0.0314620003878265   0.0434447582584756   0
0.087943931112461   0.189671087376372   -0.00166223237566224   0.0653414387211399   0
0.112948824899145   0.202317206473588   0.0250048937866838   0.0126461190972165   0
0.0848789356129049   0.196126202608976   -0.0280698892862399   -0.00619100386461213   0
0.0797510365865961   0.120595741548046   -0.00512789902630879   -0.0755304610609304   0
0.0416607614106393   0.120038867585258   -0.0380902751759567   -0.000556873962787863   0
0.0382362802679563   0.113944427057791   -0.00342448114268306   -0.00609444052746669   0
0.139219836017694   0.221670285061096   0.100983555749737   0.107725858003305   0
0.088583898473445   0.17302463506276   -0.0506359375442485   -0.0486456499983361   0
0.0706323796095989   0.226419405967823   -0.0179515188638461   0.0533947709050623   0
0.103241031803711   0.255434658568366   0.0326086521941126   0.029015252600543   0
0.0825814523140859   0.237604261003014   -0.0206595794896256   -0.017830397565352   0
0.0603133545474428   0.216437118086615   -0.0222680977666431   -0.0211671429163992   0
0.0689799940619751   0.238307793670562   0.0086666395145323   0.0218706755839476   0
0.103379032582179   0.24365334741747   0.0343990385202035   0.00534555374690737   0
0.140847954711581   0.275345894933411   0.0374689221294025   0.0316925475159418   0
0.0568921505809936   0.162675592822897   -0.0839558041305874   -0.112670302110514   0
0.0948937860358312   0.118488379260939   0.0380016354548376   -0.0441872135619587   0
0.123669005162288   0.089744153236746   0.0287752191264567   -0.0287442260241928   0
0.0522739774032622   0.099771265230516   -0.0713950277590256   0.01002711199377   0
0.127614642684438   0.074183022703697   0.0753406652811762   -0.0255882425268189   0
0.112983945045269   0.0667879678141264   -0.0146306976391694   -0.00739505488957062   0
0.159193055476181   0.0626807408977497   0.0462091104309121   -0.00410722691637674   0
0.163308196902394   0.0739482409054667   0.00411514142621333   0.011267500007717   0
0.166267169793579   0.0856703454757182   0.00295897289118432   0.0117221045702515   0
0.207458531050439   0.08237133309618   0.0411913612568602   -0.00329901237953813   0
0.236622159318944   0.0787180618122352   0.0291636282685052   -0.00365327128394487   0
0.312196963934225   0.0762782956220251   0.0755748046152804   -0.00243976619021011   0
0.516350393628071   0.0706178398189127   0.204153429693847   -0.00566045580311232   0
0.401826625325387   0.0851772091864438   -0.114523768302684   0.014559369367531   0
0.125787596872243   0.0649085853107421   -0.276039028453144   -0.0202686238757016   0
0.10946602317347   0.0638035044443165   -0.0163215736987729   -0.00110508086642563   0
