7.1054274e-15   0   0   0   0
0.0709578136870763   0.0218624327239915   0.0709578136870691   0.0218624327239915   0
0.0358449080661583   0.016272976545008   -0.035112905620918   -0.00558945617898354   0
0.0250581334494138   0.0270680612488648   -0.0107867746167445   0.0107950847038569   0
0.0296365412082895   0.0461682256618043   0.00457840775887579   0.0191001644129394   0
0.0363950063948706   0.0155282288030323   0.00675846518658109   -0.030639996858772   0
0.0486639038794259   0.0402909801299968   0.0122688974845553   0.0247627513269645   0
0.065305281723836   0.0929390269723563   0.0166413778444101   0.0526480468423595   0
0.0292656409949929   0.0655840876517496   -0.0360396407288431   -0.0273549393206066   0
0.0272831412358643   0.0842759518780304   -0.00198249975912852   0.0186918642262808   0
0.0347494637222978   0.117296429238525   0.00746632248643344   0.0330204773604947   0
0.100289428889952   0.146936860620246   0.065539965167654   0.0296404313817207   0
0.0911838098235665   0.165795159840823   -0.00910561906638521   0.0188582992205767   0
0.201923206925308   0.216003544828664   0.110739397101742   0.0502083849878413   0
0.160951415010388   0.198658133553546   -0.0409717919149201   -0.0173454112751177   0
0.14529783296714   0.209094702881391   -0.0156535820432478   0.0104365693278446   0
0.123535628253715   0.196184217047749   -0.0217622047134255   -0.0129104858336416   0
0.187028131436864   0.237971875388444   0.0634925031831487   0.0417876583406951   0
0.201801929663912   0.234946397938895   0.0147737982270482   -0.00302547744954965   0
0.152287465022071   0.22317701621805   -0.0495144646418408   -0.0117693817208448   0
0.203889723074109   0.248463476215696   0.0516022580520377   0.0252864599976458   0
0.220802098048318   0.265012366481517   0.0169123749742087   0.0165488902658211   0
0.199813943849612   0.270098451817335   -0.0209881541987058   0.00508608533581839   0
0.232830082154375   0.294770748974297   0.0330161383047635   0.0246722971569622   0
0.229574104228976   0.293808906836818   -0.0032559779253995   -0.000961842137479241   0
0.175890332215444   0.25856302149557   -0.0536837720135317   -0.0352458853412478   0
0.14046591044706   0.23373518683927   -0.0354244217683836   -0.0248278346563002   0
0.122767689737842   0.195554478342547   -0.0176982207092181   -0.0381807084967225   0
0.0928970948251629   0.240137469066576   -0.0298705949126795   0.0445829907240282   0
0.14610030139777   0.258590251157159   0.0532032065726075   0.0184527820905833   0
0.118389016434896   0.278740441337805   -0.0277112849628742   0.0201501901806462   0
0.13694391134434   0.279613127166797   0.0185548949094436   0.000872685828991748   0
0.087412350463874   0.274695024433953   -0.0495315608804658   -0.0049181027328436   0
0.0970137552235618   0.282331589604328   0.00960140475968781   0.00763656517037509   0
0.128580974335349   0.283647455371972   0.0315672191117873   0.00131586576764409   0
0.134693496570134   0.289047221975418   0.00611252223478467   0.00539976660344543   0
0.209775025814539   0.322374708186267   0.0750815292444056   0.0333274862108488   0
0.226710129071149   0.348290919462812   0.0169351032566097   0.0259162112765455   0
0.179757916273909   0.354354552133056   -0.0469522127972404   0.00606363267024357   0
0.215813087258396   0.367495416358102   0.0360551709844873   0.0131408642250467   0
0.225861292992409   0.3711660356067   0.0100482057340135   0.00367061924859718   0
0.232034085088576   0.401871464264868   0.00617279209616686   0.0307054286581687   0
0.305971566019894   0.449165955159103   0.0739374809313181   0.0472944908942345   0
0.291007737523115   0.439475408317051   -0.0149638284967791   -0.00969054684205189   0
0.256811165125537   0.441014563413171   -0.0341965723975782   0.00153915509611974   0
0.274690418074286   0.457647189483904   0.0178792529487488   0.0166326260707332   0
0.293636618235718   0.451346098403673   0.0189462001614321   -0.00630109108023053   0
0.25840207621788   0.441299077164219   -0.0352345420178383   -0.0100470212394539   0
0.278444176212586   0.458136342911082   0.020042099994706   0.0168372657468624   0
0.260212646498531   0.442095003895818   -0.0182315297140548   -0.0160413390152639   0
0.213955223573273   0.426339576718728   -0.0462574229252578   -0.0157554271770903   0
0.291812874528705   0.464261387610751   0.0778576509554319   0.0379218108920236   0
0.293266003225704   0.47155335153243   0.00145312869699921   0.00729196392167869   0
0.270060717267849   0.460063787285409   -0.0232052859578549   -0.0114895642470204   0
0.225976697570309   0.43090089814662   -0.0440840196975404   -0.0291628891387898   0
0.229465040414318   0.430932050185241   0.00348834284400912   3.11520386212516e-05   0
0.246462537943298   0.41914375368364   0.0169974975289799   -0.0117882965016013   0
0.250341443509947   0.435713476224469   0.00387890556664891   0.0165697225408297   0
0.245239746621623   0.440020025911419   -0.00510169688832413   0.00430654968694943   0
0.25330997886805   0.445459219483413   0.00807023224642711   0.00543919357199391   0
0.198455287386361   0.401180989229106   -0.0548546914816891   -0.0442782302543062   0
0.194088750386754   0.401573057975593   -0.00436653699960668   0.000392068746486451   0
0.235086788849483   0.419063979449872   0.0409980384627287   0.0174909214742792   0
0.250770876182377   0.434086628627638   0.0156840873328944   0.015022649177766   0
0.204264362419177   0.405407809823658   -0.0465065137632001   -0.0286788188039805   0
0.201888734301612   0.418475085745655   -0.00237562811756512   0.0130672759219974   0
0.207259941046572   0.442176775510972   0.00537120674496039   0.0237016897653174   0
0.0392605181422349   0.369754612160894   -0.167999422904337   -0.072422163350078   0
0.128974844796099   0.346239395140557   0.0897143266538644   -0.023515217020337   0
0.0686087389103946   0.339081247097069   -0.0603661058857048   -0.0071581480434888   0
0.0721803656382164   0.3847325402888   0.00357162672782185   0.0456512931917315   0
0.0700646344231568   0.373021511418647   -0.00211573121505962   -0.0117110288701534   0
0.0515935967442515   0.376854895135676   -0.0184710376789053   0.00383338371702957   0
