0   0   0   0   0
0.0778675079532044   0.0459401068666853   0.0778675079532044   0.0459401068666853   0
0.0364477504858433   0.0439404588376325   -0.0414197574673611   -0.00199964802905283   0
0.0955793056369424   0.116650297393929   0.0591315551510991   0.072709838556296   0
0.064941495472229   0.130704260732056   -0.0306378101647134   0.0140539633381278   0
0.144474986939348   0.207318715178844   0.0795334914671188   0.076614454446788   0
0.0434768664339611   0.164419470382743   -0.100998120505387   -0.0428992447961014   0
0.16227451344955   0.191662379927141   0.118797647015589   0.027242909544398   0
0.161441726160988   0.13093712268334   -0.000832787288562425   -0.0607252572438014   0
0.0808376148464773   0.0604585596304493   -0.0806041113145106   -0.0704785630528904   0
0.113748725322342   0.079308396170689   0.032911110475865   0.0188498365402397   0
0.136351986844011   0.0766664298298016   0.0226032615216682   -0.00264196634088734   0
0.0836168135644209   0.0866814062746129   -0.0527351732795896   0.0100149764448113   0
0.176870084517137   0.0909313036335855   0.0932532709527165   0.00424989735897256   0
0.140754212319375   0.122483987748862   -0.036115872197762   0.031552684115276   0
0.0519777958966555   0.154448381654162   -0.08877641642272   0.0319643939053005   0
0.0385659442525191   0.253486692434936   -0.0134118516441363   0.099038310780774   0
0.0677479862700765   0.33831843601356   0.0291820420175574   0.0848317435786238   0
0.0487990521412464   0.224896202232335   -0.0189489341288301   -0.113422233781225   0
0.0577291798759575   0.216960443161973   0.00893012773471108   -0.0079357590703619   0
0.0259253188690838   0.237648838411213   -0.0318038610068737   0.0206883952492396   0
0.032495375182682   0.220045772096359   0.00657005631359824   -0.0176030663148535   0
0.0363412391929092   0.26810018289093   0.00384586401022721   0.0480544107945711   0
0.147922737043644   0.222058607214724   0.111581497850735   -0.0460415756762069   0
0.139493195336481   0.119609845349105   -0.00842954170716301   -0.102448761865618   0
0.147211883411371   0.120402714966571   0.00771868807488948   0.000792869617465636   0
0.247101158425235   0.17023292128701   0.0998892750138636   0.0498302063204389   0
0.357755163565886   0.60545421891372   0.110654005140652   0.43522129762671   0
0.234198815819962   0.667085784530253   -0.123556347745924   0.0616315656165337   0
0.353125707348863   0.889934443470718   0.118926891528901   0.222848658940465   0
0.287402577514235   0.832218560977038   -0.0657231298346285   -0.0577158824936804   0
0.376494038152662   0.932572406941731   0.089091460638427   0.100353845964693   0
0.152139129016495   0.850518612037229   -0.224354909136167   -0.0820537949045014   0
0.220052489426768   0.891155000270266   0.0679133604102729   0.0406363882330362   0
0.216522079272156   0.990876344076406   -0.00353041015461175   0.0997213438061403   0
0.203010025938909   0.942129837305182   -0.0135120533332468   -0.0487465067712235   0
0.271087379031974   0.929895177261621   0.0680773530930645   -0.0122346600435618   0
0.352871092212355   0.909988281096992   0.0817837131803817   -0.0199068961646287   0
0.402998949038616   0.965627490920461   0.0501278568262606   0.055639209823469   0
0.383356158509712   1.02248316225271   -0.0196427905289035   0.0568556713322466   0
0.34584253428868   1.06712346294889   -0.0375136242210323   0.0446403006961844   0
0.315048010655131   1.12385598864728   -0.0307945236335488   0.0567325256983839   0
0.302999263802757   1.11279407560327   -0.0120487468523743   -0.0110619130440079   0
0.326693873364851   1.14569726537452   0.0236946095620945   0.0329031897712513   0
0.266660305574967   1.11084649779453   -0.0600335677898843   -0.0348507675799863   0
0.313562046728947   1.21441085655262   0.0469017411539798   0.103564358758083   0
0.331807407962692   1.21849053442132   0.0182453612337455   0.00407967786870178   0
0.337661833079994   1.28955397145921   0.00585442511730178   0.0710634370378915   0
0.271434945438143   1.28139500302325   -0.0662268876418518   -0.00815896843596087   0
0.311456960939866   1.32222837323393   0.0400220155017231   0.0408333702106829   0
0.319931869187197   1.35361019744238   0.00847490824733138   0.0313818242084511   0
0.266633879526517   1.31687764533918   -0.0532979896606803   -0.0367325521031978   0
0.283734433370431   1.29700672315177   0.0171005538439142   -0.019870922187416   0
0.264040321531539   1.32643593606995   -0.0196941118388917   0.0294292129181777   0
0.326497427389563   1.41640619024957   0.0624571058580235   0.0899702541796263   0
0.276638907794638   1.42207908526907   -0.0498585195949247   0.00567289501949575   0
0.150101417870697   1.44570039265285   -0.126537489923941   0.0236213073837803   0
0.129720759837385   1.52696122439615   -0.0203806580333113   0.0812608317433066   0
0.17226538197318   1.55157030295906   0.0425446221357945   0.0246090785629003   0
0.120916407371587   1.56876522345572   -0.0513489746015926   0.0171949204966668   0
0.0616824432047724   1.58309782512253   -0.059233964166815   0.0143326016668102   0
0.333172235398788   1.47861406333485   0.271489792194016   -0.104483761787685   0
0.39949629121639   1.45537098616076   0.0663240558176018   -0.0232430771740832   0
0.349353570485066   1.53482409975951   -0.0501427207313236   0.0794531135987424   0
0.383673483215036   1.62635500740205   0.0343199127299699   0.091530907642541   0
0.388674727577609   1.56495117149682   0.00500124436257254   -0.0614038359052276   0
0.460560617915331   1.63341025333746   0.0718858903377226   0.0684590818406363   0
0.538125351036273   1.67936667369559   0.077564733120942   0.0459564203581371   0
0.649671633321518   2.00903258043207   0.111546282285245   0.329665906736477   0
0.614268925450596   2.13750790342105   -0.0354027078709215   0.128475322988983   0
1.04645323571583   2.05671626286691   0.432184310265236   -0.0807916405541422   0
0.988847679061908   1.93310164705569   -0.0576055566539245   -0.123614615811221   0
1.03676135968159   2.08597141688232   0.0479136806196853   0.152869769826626   0
1.12047825029078   2.00713627051673   0.0837168906091887   -0.0788351463655812   0
1.12155501811481   2.07690392938445   0.00107676782402422   0.0697676588677179   0
1.14842440608665   1.85141300197136   0.0268693879718394   -0.225490927413091   0
2.41043575306865   1.29714581079762   1.26201134698201   -0.554267191173741   1
2.24994783627101   1.28419213244262   -0.160487916797648   -0.0129536783549988   0
1.97002712247247   1.17833230795641   -0.27992071379854   -0.105859824486216   0
2.21432006403243   1.15615836379891   0.244292941559961   -0.0221739441574957   0
1.73105572892926   1.07134867926293   -0.483264335103169   -0.0848096845359823   0
