1.4210855e-14   0   0   0   0
0.0424285694196034   0.0178222012037489   0.0424285694195892   0.0178222012037489   0
0.0261368002100074   0.0228271345936578   -0.016291769209596   0.00500493338990897   0
0.0251509055046543   0.00840848056380477   -0.000985894705353096   -0.014418654029853   0
0.0486189272724384   0.0363741928740895   0.0234680217677841   0.0279657123102847   0
0.0512656375250026   0.0387861129440542   0.00264671025256417   0.00241192006996464   0
0.0528968404870483   0.0295960756436339   0.00163120296204576   -0.00919003730042026   0
0.0630257689348355   0.029611588923444   0.0101289284477872   1.55132798101316e-05   0
0.0926322520568811   0.110462770275551   0.0296064831220455   0.0808511813521066   0
0.0928348650951921   0.086887388769964   0.000202613038311011   -0.0235753815055866   0
0.0708467567165967   0.102229317157409   -0.0219881083785954   0.0153419283874451   0
0.0972859517652202   0.0601007854189379   0.0264391950486235   -0.0421285317384712   0
0.0632670488991361   0.104664159160444   -0.034018902866084   0.0445633737415065   0
0.0537429672750268   0.138661153770713   -0.00952408162410932   0.0339969946102684   0
0.0578741213985091   0.0969480042166702   0.00413115412348227   -0.0417131495540426   0
0.07043352132658   0.141473032767281   0.0125593999280709   0.0445250285506107   0
0.0613725402617442   0.166396344241252   -0.00906098106483576   0.0249233114739711   0
0.0951374065773631   0.166631158588157   0.0337648663156189   0.000234814346905199   0
0.101730798103997   0.211801169010472   0.00659339152663431   0.045170010422315   0
0.124918479012333   0.231240778439885   0.023187680908336   0.0194396094294132   0
0.112711626382334   0.191562664142429   -0.0122068526299994   -0.0396781142974564   0
0.0521831027492245   0.244953607757117   -0.0605285236331096   0.0533909436146883   0
0.10147965346943   0.224198210734652   0.0492965507202059   -0.0207553970224656   0
0.0792092215041486   0.224810394934658   -0.0222704319652817   0.00061218420000661   0
0.103460898836721   0.259337538607853   0.0242516773325725   0.0345271436731952   0
0.111521672931776   0.210741949144867   0.00806077409505478   -0.0485955894629867   0
0.122305204142408   0.23770087042292   0.010783531210632   0.0269589212780537   0
0.141528244145403   0.230678053166961   0.0192230400029946   -0.00702281725595905   0
0.117948951445286   0.234243406098785   -0.0235792927001163   0.00356535293182375   0
0.127687310534183   0.230653537973859   0.00973835908889636   -0.00358986812492626   0
0.120681182072617   0.219186178574445   -0.00700612846156591   -0.0114673593994136   0
0.119676989459686   0.236830578613043   -0.00100419261293089   0.0176444000385975   0
0.149410694347212   0.223566998046554   0.0297337048875262   -0.0132635805664892   0
0.129460516854231   0.219290227639893   -0.0199501774929806   -0.00427677040666072   0
0.107698448733222   0.236435459797482   -0.0217620681210094   0.0171452321575887   0
0.109944504354199   0.196547737776347   0.00224605562097741   -0.0398877220211347   0
0.0997223382844841   0.252859873230793   -0.0102221660697153   0.0563121354544465   0
0.13835596818315   0.27094569621065   0.0386336298986662   0.018085822979857   0
0.096785731511714   0.250999186953371   -0.0415702366714363   -0.0199465092572791   0
0.0689471116712321   0.260290589332498   -0.0278386198404819   0.00929140237912718   0
0.121358667107214   0.23932089195844   0.0524115554359814   -0.020969697374058   0
0.0791380128039011   0.253387247006659   -0.0422206543033125   0.0140663550482191   0
0.116276717374918   0.262000957724437   0.0371387045710169   0.00861371071777717   0
0.131340727255573   0.24103542582501   0.015064009880655   -0.0209655318994263   0
0.0835968556192285   0.250063595502263   -0.0477438716363445   0.00902816967725253   0
0.115059403299682   0.256135437805823   0.0314625476804532   0.00607184230355995   0
0.107509681610295   0.250560933772276   -0.00754972168938647   -0.00557450403354687   0
0.109297854643809   0.298082576829352   0.00178817303351358   0.0475216430570756   0
0.142976679208236   0.283836253225187   0.0336788245644274   -0.0142463236041642   0
0.110460816358538   0.262313211170932   -0.0325158628496984   -0.021523042054255   0
0.107260540608633   0.320748115406764   -0.00320027574990454   0.0584349042358317   0
0.138599215247424   0.305465332822409   0.031338674638791   -0.0152827825843547   0
0.0987343657224063   0.308822676098793   -0.039864849525018   0.00335734327638315   0
0.122240442410593   0.311264878512299   0.0235060766881872   0.00244220241350651   0
0.122688693890648   0.283190491535483   0.000448251480054243   -0.0280743869768162   0
0.0954212609128969   0.299452236000813   -0.0272674329777508   0.0162617444653302   0
0.0957690534762066   0.248011925817207   0.000347792563309676   -0.0514403101836056   0
0.0924045847098183   0.256863445449575   -0.00336446876638823   0.00885151963236749   0
0.0851939708961653   0.280648186802526   -0.007210613813653   0.0237847413529511   0
0.262396497597869   0.310234845663066   0.177202526701704   0.0295866588605402   0
0.167038567601338   0.369428042312474   -0.0953579299965308   0.0591931966494076   0
0.27085029433514   0.322062618002208   0.103811726733802   -0.0473654243102662   0
0.245937453556639   0.360118861297333   -0.0249128407785013   0.0380562432951251   0
0.250170357376156   0.42592881427592   0.0042329038195173   0.065809952978587   0
0.226721932843014   0.381863594914367   -0.0234484245331417   -0.0440652193615523   0
0.215825085433588   0.328258971993242   -0.0108968474094258   -0.0536046229211257   0
0.258757710700427   0.329018138823904   0.0429326252668385   0.000759166830662183   0
0.220815198051069   0.32249801609298   -0.0379425126493583   -0.00652012273092351   0
0.188058207845056   0.338719086086488   -0.0327569902060122   0.0162210699935073   0
