1.29532521840149e-14   3.1345572e-50   0   0   0
0.0483852762102301   0.0320642588717348   0.0483852762102172   0.0320642588717348   0
0.0468672010772811   0.0461943549619294   -0.00151807513294899   0.0141300960901945   0
0.0116189676203863   0.0381527073432743   -0.0352482334568949   -0.00804164761865504   0
0.0508378985270882   0.0455135713038546   0.0392189309067019   0.00736086396058024   0
0.0481698826010372   0.0341627459743665   -0.00266801592605095   -0.011350825329488   0
0.0364483946713017   0.0217984970398928   -0.0117214879297355   -0.0123642489344737   0
0.0620405866014024   0.0332091838677384   0.0255921919301007   0.0114106868278455   0
0.0730555330587759   0.0389036396653863   0.0110149464573735   0.00569445579764797   0
0.0670114264251315   0.033869155507086   -0.00604410663364437   -0.00503448415830033   0
0.0765074564535055   0.0493699170084605   0.00949603002837393   0.0155007615013745   0
0.108743587363421   0.0549721346567888   0.0322361309099151   0.00560221764832834   0
0.103040865614159   0.0772663859886233   -0.00570272174926138   0.0222942513318345   0
0.0759864980870664   0.0590385270422975   -0.0270543675270928   -0.0182278589463258   0
0.102399480332639   0.0688888834964364   0.026412982245573   0.0098503564541389   0
0.114942429313218   0.0681992071438248   0.0125429489805781   -0.000689676352611593   0
0.0950763627674803   0.062039165097296   -0.0198660665457372   -0.00616004204652879   0
0.102376114602418   0.0604673259012618   0.00729975183493767   -0.00157183919603424   0
0.112316712098526   0.0727245807461863   0.00994059749610773   0.0122572548449245   0
0.110187930072694   0.0668413157155985   -0.00212878202583169   -0.00588326503058786   0
0.0723868611131725   0.0537370463748802   -0.0378010689595215   -0.0131042693407183   0
0.13254727769364   0.0652007230835874   0.0601604165804679   0.0114636767087072   0
0.105605505503844   0.0574320216846053   -0.0269417721897962   -0.00776870139898206   0
0.0516234037568133   0.0402773756885957   -0.0539821017470309   -0.0171546459960096   0
0.0901118159561048   0.0736810978159605   0.0384884121992915   0.0334037221273648   0
0.0412849102994665   0.0488982343022981   -0.0488269056566383   -0.0247828635136624   0
0.0743464932203583   0.0523205379780715   0.0330615829208918   0.00342230367577344   0
0.0745407977548709   0.0531042781663846   0.000194304534512565   0.000783740188313058   0
0.032203487760091   0.0604278442298571   -0.0423373099947799   0.00732356606347252   0
0.0800176825219526   0.0532385605523129   0.0478141947618616   -0.00718928367754416   0
0.0689112574014751   0.0704834188865213   -0.0111064251204775   0.0172448583342083   0
0.075805607830097   0.0464562357104153   0.00689435042862192   -0.024027183176106   0
0.142214037854975   0.0975941016113103   0.0664084300248783   0.051137865900895   0
0.0869790481172327   0.0844230648894507   -0.0552349897377426   -0.0131710367218595   0
0.120440380098205   0.0698118456732194   0.0334613319809719   -0.0146112192162313   0
0.118618235207694   0.0822576484640463   -0.00182214489051098   0.0124458027908269   0
0.193348703023433   0.111024583818893   0.0747304678157397   0.0287669353548472   0
0.214548339849842   0.138707242767654   0.021199636826409   0.0276826589487604   0
0.181996865627766   0.122635757974704   -0.0325514742220767   -0.0160714847929497   0
0.176638132347588   0.127884391363692   -0.00535873328017786   0.00524863338898819   0
0.156503009915981   0.116008928921649   -0.0201351224316064   -0.0118754624420431   0
0.160295646042161   0.113816574991174   0.0037926361261798   -0.002192353930475   0
0.175700073073784   0.11158333362281   0.0154044270316231   -0.00223324136836399   0
0.220037969438861   0.0945884379017685   0.0443378963650769   -0.0169948957210417   0
0.206495696711131   0.11422937448849   -0.0135422727277303   0.0196409365867217   0
0.229013696007374   0.112003303356965   0.022517999296243   -0.00222607113152484   0
0.224376295588079   0.112410590138606   -0.00463740041929481   0.000407286781640551   0
0.252370387242787   0.126520447473415   0.0279940916547079   0.0141098573348089   0
0.237884636181433   0.125772033247294   -0.0144857510613542   -0.000748414226121041   0
0.201958948291818   0.127001228088905   -0.0359256878896146   0.00122919484161141   0
0.23282225024751   0.116121362108975   0.0308633019556916   -0.0108798659799305   0
0.229963427220028   0.0957577643549408   -0.00285882302748214   -0.0203635977540339   0
0.209252919043975   0.0902701907769319   -0.0207105081760523   -0.00548757357800897   0
0.255130803425743   0.0882786152617754   0.0458778843817674   -0.00199157551515647   0
0.232252730261167   0.0679402308987143   -0.0228780731645752   -0.0203383843630611   0
0.282588946084526   0.0874302523212853   0.0503362158233583   0.0194900214225711   0
0.238941399812466   0.0792568695227409   -0.0436475462720602   -0.0081733827985444   0
0.189510169693662   0.0959783331635493   -0.0494312301188035   0.0167214636408084   0
0.231842055190876   0.0874343662614938   0.0423318854972141   -0.00854396690205558   0
0.214776408500785   0.0717009435815266   -0.0170656466900907   -0.0157334226799672   0
0.196966322639887   0.0706441319596353   -0.0178100858608983   -0.00105681162189128   0
0.182780451744846   0.0837366291858734   -0.0141858708950411   0.0130924972262381   0
0.120287114284441   0.110840077279532   -0.0624933374604055   0.0271034480936591   0
0.166663224732671   0.0949372528774087   0.0463761104482304   -0.0159028244021238   0
0.158519263324646   0.0957069063095817   -0.00814396140802509   0.000769653432172987   0
0.233342479948788   0.0790623285151919   0.0748232166241418   -0.0166445777943897   0
0.213452412960182   0.0984524038670373   -0.0198900669886054   0.0193900753518453   0
0.17500214099784   0.106269791953239   -0.0384502719623426   0.007817388086202   0
0.222194908147933   0.100354761984999   0.0471927671500938   -0.00591502996823998   0
0.196935566458865   0.105689924524682   -0.0252593416890687   0.00533516253968321   0
0.179130396902525   0.109259293713708   -0.0178051695563398   0.0035693691890257   0
0.179781015398747   0.114050369491053   0.000650618496221639   0.00479107577734456   0
0.195745728538821   0.112718107853447   0.0159647131400749   -0.0013322616376059   0
0.180076299184888   0.12153294052276   -0.0156694293539331   0.0088148326693136   0
0.186084575028613   0.132902634897069   0.00600827584372485   0.0113696943743089   0
0.183132348084545   0.159534699093698   -0.00295222694406838   0.0266320641966283   0
0.237400647583226   0.188756321750154   0.0542682994986816   0.0292216226564564   0
