1.4210855e-14   0   0   0   0
0.0214250549519206   0.0412513908756617   0.0214250549519063   0.0412513908756617   0
0.0453107097955581   0.0570180677892918   0.0238856548436375   0.0157666769136302   0
0.0626217675264326   0.0764088938028667   0.0173110577308746   0.0193908260135748   0
0.0857768739223589   0.0906946799415629   0.0231551063959263   0.0142857861386962   0
0.0538626103204668   0.0746333777606959   -0.0319142636018921   -0.016061302180867   0
0.0737613194179359   0.0930875543504387   0.0198987090974692   0.0184541765897428   0
0.0942712129585005   0.123137582781013   0.0205098935405646   0.0300500284305742   0
0.0657249203993868   0.100215410101374   -0.0285462925591137   -0.0229221726796386   0
0.061142279020631   0.0820089992455844   -0.00458264137875575   -0.01820641085579   0
0.100953655483044   0.0873427626365058   0.0398113764624127   0.00533376339092144   0
0.0536282545456865   0.103909646639321   -0.0473254009373572   0.0165668840028156   0
0.0569743168745887   0.0898768263561627   0.00334606232890224   -0.0140328202831587   0
0.0824194908766985   0.112325547604079   0.0254451740021097   0.0224487212479164   0
0.0947209875032025   0.129702144602216   0.012301496626504   0.0173765969981367   0
0.10074711748011   0.123635429082938   0.0060261299769072   -0.00606671551927772   0
0.122027875747876   0.176912044262367   0.0212807582677664   0.0532766151794287   0
0.117233005864329   0.172285467821623   -0.00479486988354745   -0.0046265764407438   0
0.129523437516023   0.166594047098691   0.0122904316516942   -0.00569142072293211   0
0.174810351222668   0.203332073426744   0.0452869137066454   0.0367380263280534   0
0.178880510375621   0.21535276643232   0.00407015915295281   0.012020693005576   0
0.18411639874821   0.242441620745874   0.00523588837258895   0.0270888543135533   0
0.188646483416226   0.241714397257908   0.0045300846680158   -0.000727223487965556   0
0.184313829277192   0.245277941621243   -0.00433265413903394   0.00356354436333525   0
0.178243608617854   0.218605113788946   -0.00607022065933788   -0.0266728278322974   0
0.168519421341385   0.19562396972224   -0.00972418727646934   -0.0229811440667063   0
0.147117732316533   0.212427029623724   -0.0214016890248511   0.016803059901484   0
0.138134866725512   0.205474315262969   -0.00898286559102196   -0.00695271436075415   0
0.156453779577555   0.189596552145116   0.0183189128520438   -0.0158777631178538   0
0.160256333430431   0.196072400797688   0.00380255385287612   0.00647584865257203   0
0.154385415668184   0.189910834463031   -0.0058709177622473   -0.00616156633465684   0
0.145607021812446   0.219080900292614   -0.00877839385573803   0.0291700658295837   0
0.194004744419821   0.227467377267328   0.048397722607375   0.00838647697471318   0
0.623531315000803   0.185566022392424   0.429526570580982   -0.0419013548749035   0
0.399212356300405   0.271833218503457   -0.224318958700399   0.0862671961110333   0
0.302972086205872   0.305776876671096   -0.0962402700945324   0.0339436581676389   0
0.266587577412021   0.329777174720987   -0.0363845087938509   0.0240002980498906   0
0.291841090930633   0.356855714406933   0.0252535135186119   0.027078539685946   0
0.287927205986584   0.353865945386584   -0.0039138849440491   -0.00298976902034848   0
0.281887980550735   0.373264389791608   -0.00603922543584873   0.0193984444050237   0
0.295442254355893   0.393034200285389   0.0135542738051574   0.0197698104937813   0
0.338254244339236   0.424443506627266   0.0428119899833432   0.0314093063418766   0
0.359914630715215   0.433978525548791   0.0216603863759792   0.00953501892152464   0
0.322230484154254   0.419005310546374   -0.0376841465609613   -0.0149732150024168   0
0.352113382603319   0.406409371851526   0.0298828984490654   -0.0125959386948479   0
0.364362777230823   0.410468051454387   0.0122493946275042   0.00405867960286138   0
0.360825858330358   0.421911585963213   -0.00353691890046559   0.0114435345088252   0
0.343643741994011   0.424217715040798   -0.0171821163363467   0.00230612907758498   0
0.331579495702195   0.419484217435027   -0.0120642462918159   -0.00473349760577035   0
0.343494429227271   0.441923628765609   0.0119149335250759   0.0224394113305818   0
0.356265083154316   0.452644818312972   0.0127706539270444   0.0107211895473632   0
0.358787164851344   0.458621769713759   0.00252208169702856   0.00597695140078669   0
0.357738580473668   0.477789019158236   -0.00104858437767658   0.0191672494444768   0
0.367289455277638   0.482349278102591   0.0095508748039706   0.00456025894435486   0
0.380561718438301   0.491218365473459   0.0132722631606623   0.00886908737086872   0
0.401185550883905   0.49099268501982   0.0206238324456043   -0.000225680453639576   0
0.395597981393717   0.487849611010475   -0.00558756949018752   -0.00314307400934444   0
0.395648834637384   0.499726981278066   5.08532436670484e-05   0.0118773702675906   0
0.408519737966447   0.525088781411428   0.0128709033290623   0.0253618001333625   0
0.422689085701053   0.52669417714914   0.0141693477346068   0.0016053957377119   0
0.426124655131976   0.540188994074632   0.00343556943092255   0.0134948169254918   0
0.442076968131835   0.557556049759044   0.015952312999859   0.0173670556844123   0
0.42846314887316   0.550231638726431   -0.0136138192586752   -0.00732441103261383   0
0.420171511775424   0.554566917127989   -0.00829163709773567   0.00433527840155867   0
0.4290141333986   0.570839299272316   0.00884262162317601   0.0162723821443271   0
0.435487541460537   0.575333752853216   0.00647340806193736   0.00449445358089939   0
0.469597424967822   0.546461538860097   0.0341098835072843   -0.0288722139931186   0
0.461896472558224   0.547784879111086   -0.00770095240959801   0.00132334025098912   0
0.462938448405999   0.571794752894614   0.00104197584777521   0.0240098737835274   0
0.468062450488982   0.571410827058116   0.00512400208298336   -0.000383925836498045   0
0.442547435281592   0.567894547876361   -0.0255150152073906   -0.00351627918175423   0
0.45359603461097   0.587237890232693   0.0110485993293786   0.0193433423563318   0
0.456544950351466   0.568921622118639   0.00294891574049522   -0.0183162681140538   0
0.467538846061678   0.587373484697899   0.0109938957102127   0.0184518625792591   0
0.45187933102152   0.581485574014095   -0.0156595150401583   -0.00588791068380401   0
0.406397872050922   0.527615442108132   -0.0454814589705979   -0.0538701319059621   0
0.446211178292297   0.554967402235649   0.0398133062413751   0.0273519601275163   0
0.444723161040948   0.551951412729231   -0.00148801725134928   -0.00301598950641779   0
