7.8250905e-15   2.4654726e-17   0   0   0
0.140685368521638   0.120244040187834   0.140685368521631   0.120244040187834   0
0.0600115546288959   0.050295138689525   -0.0806738138927425   -0.0699489014983087   0
0.0249369801823532   0.0204552894301743   -0.0350745744465427   -0.0298398492593506   0
0.0412821854496667   0.0710581556801868   0.0163452052673135   0.0506028662500125   0
0.0393124919156238   0.0347874797738477   -0.00196969353404293   -0.0362706759063391   0
0.0777845132921491   0.0238979180051193   0.0384720213765253   -0.0108895617687284   0
0.0647926887894817   0.0513110317284814   -0.0129918245026674   0.0274131137233621   0
0.0808491326529828   0.0434927291691017   0.0160564438635011   -0.00781830255937964   0
0.0658312878375485   0.0725782678868769   -0.0150178448154343   0.0290855387177752   0
0.0334804207767628   0.0949198133682564   -0.0323508670607857   0.0223415454813795   0
0.0812543708286686   0.0923385433182175   0.0477739500519057   -0.00258127005003896   0
0.0908274253852022   0.12702782628407   0.00957305455653369   0.0346892829658527   0
0.0871114986735527   0.087304558250029   -0.00371592671164958   -0.0397232680340412   0
0.0542818617189465   0.0487911078778404   -0.0328296369546062   -0.0385134503721886   0
0.0990565096854343   0.0743481331295335   0.0447746479664878   0.0255570252516931   0
0.0688114130736373   0.0693433496231145   -0.030245096611797   -0.00500478350641902   0
0.0945211905284589   0.0946538848702923   0.0257097774548216   0.0253105352471778   0
0.104608099438039   0.144607472799666   0.0100869089095799   0.049953587929374   0
0.118854153029176   0.162903688283097   0.0142460535911374   0.018296215483431   0
0.107342416280118   0.124613505115535   -0.0115117367490579   -0.0382901831675626   0
0.143642023644149   0.150066582383466   0.0362996073640302   0.0254530772679314   0
0.181018508079608   0.167672825057336   0.0373764844354593   0.0176062426738702   0
0.205703159414158   0.200628670161361   0.0246846513345505   0.0329558451040251   0
0.175464726364727   0.135211348054183   -0.0302384330494314   -0.0654173221071784   0
0.140168275602207   0.174305899503113   -0.0352964507625202   0.0390945514489296   0
0.0754855791454318   0.122781690922178   -0.064682696456775   -0.0515242085809344   0
0.136986498058804   0.102557917303934   0.061500918913372   -0.0202237736182442   0
0.143343159895747   0.112727132917795   0.006356661836943   0.0101692156138612   0
0.170524820428766   0.162030298196016   0.027181660533019   0.0493031652782207   0
0.182794640067036   0.168546612418659   0.0122698196382706   0.00651631422264298   0
0.0912999318609448   0.195271111131848   -0.0914947082060916   0.0267244987131889   0
0.110264034667719   0.193072198146249   0.0189641028067744   -0.00219891298559857   0
0.140188157547689   0.238923933975387   0.0299241228799702   0.0458517358291382   0
0.131785290570539   0.169437457375748   -0.0084028669771499   -0.0694864765996398   0
0.133491439462341   0.222990792726506   0.0017061488918019   0.0535533353507581   0
0.116141819022387   0.219279100122414   -0.0173496204399546   -0.00371169260409152   0
0.180598576423885   0.26572587558918   0.064456757401498   0.0464467754667656   0
0.149479756137457   0.231284797775444   -0.031118820286428   -0.0344410778137357   0
0.157050279693898   0.264481953962388   0.00757052355644144   0.0331971561869443   0
0.1312243328234   0.229685685394163   -0.025825946870498   -0.0347962685682257   0
0.151838892810212   0.282992638017459   0.0206145599868118   0.0533069526232968   0
0.171787267228521   0.265598611665968   0.0199483744183094   -0.0173940263514919   0
0.158645154468865   0.260406047091156   -0.0131421127596562   -0.00519256457481121   0
0.184207342023066   0.304802160834924   0.0255621875542007   0.0443961137437677   0
0.182563228608762   0.29032649434077   -0.0016441134143042   -0.0144756664941538   0
0.208993986008747   0.24251864981925   0.026430757399985   -0.0478078445215206   0
0.251513812432078   0.342568894028113   0.0425198264233312   0.100050244208863   0
0.222260306840759   0.363747585575437   -0.0292535055913185   0.0211786915473239   0
0.189617253949867   0.338901154548383   -0.0326430528908923   -0.0248464310270536   0
0.160909853695321   0.336960152713831   -0.0287074002545462   -0.00194100183455181   0
0.191552960785038   0.365207209205061   0.0306431070897166   0.0282470564912299   0
0.172283272253247   0.33671222902824   -0.0192696885317905   -0.0284949801768215   0
0.198518867140578   0.332361559105991   0.0262355948873306   -0.00435066992224886   0
0.160865888512217   0.353514695200396   -0.0376529786283602   0.021153136094405   0
0.204873797462902   0.324753576081829   0.0440079089506841   -0.0287611191185664   0
0.141984508495492   0.334470311829506   -0.0628892889674097   0.00971673574767629   0
0.113987865704485   0.215121579266471   -0.0279966427910069   -0.119348732563035   0
0.0677911994398945   0.171966709044592   -0.0461966662645904   -0.0431548702218788   0
0.121360212929137   0.20368969154942   0.053569013489242   0.0317229825048279   0
0.539125540793114   0.337749436195953   0.417765327863977   0.134059744646533   0
1.75375155545787   0.469412296151435   1.21462601466475   0.131662859955482   1
1.70591784162646   0.156295283433389   -0.0478337138314111   -0.313117012718046   0
1.49734769236677   0.213955139391144   -0.208570149259684   0.0576598559577543   0
1.67937547534203   0.124401072667417   0.182027782975258   -0.0895540667237266   0
1.62485640825522   0.186703186500919   -0.0545190670868063   0.0623021138335023   0
1.63533558599623   0.198436387784337   0.0104791777410087   0.0117332012834175   0
1.5927826533167   0.194231817318554   -0.0425529326795286   -0.00420457046578313   0
1.58820314216395   0.177070609261346   -0.00457951115274957   -0.0171612080572073   0
1.64784038278702   0.19181865635142   0.0596372406230659   0.0147480470900734   0
1.70860937922865   0.251954049532738   0.0607689964416323   0.0601353931813181   0
1.72006320923911   0.23363123524877   0.0114538300104612   -0.0183228142839676   0
1.72634092981909   0.245303861888187   0.00627772057997555   0.0116726266394171   0
1.68560225016446   0.259508849826934   -0.0407386796546245   0.0142049879387462   0
1.65082371421899   0.320232535914311   -0.0347785359454722   0.060723686087377   0
