0   0   0   0   0
0.0298498266537319   0.0109447968853511   0.0298498266537319   0.0109447968853511   0
0.0656834597487173   0.0245802631478756   0.0358336330949854   0.0136354662625245   0
0.0372030397060186   0.0191386663732953   -0.0284804200426987   -0.0054415967745803   0
0.0469882333003098   0.0318627207506648   0.00978519359429122   0.0127240543773695   0
0.0536528258997999   0.031542226732471   0.00666459259949008   -0.000320494018193805   0
0.0426699989812415   0.0389583487358303   -0.0109828269185583   0.00741612200335932   0
0.067808168351351   0.067875594485639   0.0251381693701095   0.0289172457498087   0
0.0143597897591027   0.0697038024948039   -0.0534483785922483   0.00182820800916488   0
0.0485244256636692   0.0528717891449687   0.0341646359045665   -0.0168320133498352   0
0.0450599521748459   0.0661129105893675   -0.00346447348882335   0.0132411214443988   0
0.0474380345453906   0.0663535986875099   0.00237808237054472   0.0002406880981424   0
0.0514346661728581   0.0759591345465764   0.00399663162746752   0.00960553585906655   0
0.0571975373014786   0.089894484423177   0.00576287112862047   0.0139353498766005   0
0.0339537792849657   0.0552348150889212   -0.0232437580165129   -0.0346596693342558   0
0.1037027195802   0.0351564007940941   0.0697489402952346   -0.020078414294827   0
0.0943818493932395   0.0493524827325188   -0.00932087018696076   0.0141960819384247   0
0.0995102675648692   0.0383594849890002   0.00512841817162971   -0.0109929977435186   0
0.0457023439025807   0.0551645332362821   -0.0538079236622886   0.0168050482472818   0
0.0627331125455345   0.050012044551231   0.0170307686429538   -0.00515248868505108   0
0.0536139759551672   0.0497809521220272   -0.00911913659036731   -0.000231092429203758   0
0.0598594968467368   0.045460376249235   0.00624552089156956   -0.00432057587279226   0
0.0394475311836103   0.0485397652479825   -0.0204119656631264   0.00307938899874755   0
0.0683568671713366   0.0385733763244113   0.0289093359877263   -0.00996638892357122   0
0.0472348298395822   0.0352819241418049   -0.0211220373317544   -0.00329145218260643   0
0.0847716406884251   0.0566174873074398   0.0375368108488429   0.021335563165635   0
0.110782190591691   0.0679131284039377   0.0260105499032656   0.0112956410964979   0
0.0603180907513952   0.0687981422593249   -0.0504640998402954   0.000885013855387182   0
0.0683177886845916   0.0577318224463541   0.00799969793319639   -0.0110663198129708   0
0.084590219800057   0.0561871638127573   0.0162724311154653   -0.0015446586335968   0
0.0582640638270616   0.0443554635455431   -0.0263261559729954   -0.0118317002672142   0
0.13294514061274   0.0300892039389723   0.0746810767856785   -0.0142662596065708   0
0.0578574290044036   0.0252909088014762   -0.0750877116083365   -0.00479829513749617   0
0.0900535718797423   0.0307407007560498   0.0321961428753387   0.00544979195457367   0
0.106319335147759   0.0592510784202406   0.016265763268017   0.0285103776641907   0
0.0688595678557361   0.0553016873848717   -0.0374597672920232   -0.00394939103536889   0
0.160073581867957   0.0630890813290783   0.0912140140122212   0.00778739394420659   0
0.0762680256500096   0.0572314627924552   -0.0838055562179477   -0.00585761853662302   0
0.14702165014388   0.0596095898213147   0.0707536244938704   0.00237812702885943   0
0.0729342033456687   0.0230533798201193   -0.0740874467982114   -0.0365562100011953   0
0.12201229821233   0.0289669053612389   0.0490780948666608   0.00591352554111957   0
0.0530138160810797   0.0448661120544119   -0.0689984821312498   0.015899206693173   0
0.117544833557819   0.0379817898231303   0.0645310174767391   -0.00688432223128161   0
0.0919105222564837   0.05650344863582   -0.0256343113013351   0.0185216588126897   0
0.0598953128530938   0.0508633867756527   -0.0320152094033898   -0.00564006186016732   0
0.100365508912134   0.0693557411108948   0.0404701960590399   0.0184923543352421   0
0.095686862768674   0.0614217455638003   -0.00467864614345971   -0.00793399554709452   0
0.106155095020998   0.0714790674388315   0.0104682322523239   0.0100573218750312   0
0.116550648633108   0.0606096697613637   0.0103955536121097   -0.0108693976774678   0
0.116392213636201   0.0746366471091673   -0.000158434996907028   0.0140269773478036   0
0.166612752574982   0.0561534433942572   0.0502205389387815   -0.0184832037149101   0
0.141959732206409   0.0576863028361228   -0.0246530203685733   0.00153285944186555   0
0.137993828732776   0.0484841419108623   -0.00396590347363279   -0.00920216092526047   0
0.150238108287391   0.0657748227825773   0.0122442795546154   0.017290680871715   0
0.170969673166658   0.0227612762875473   0.0207315648792667   -0.04301354649503   0
0.149714680187908   0.03309028191019   -0.0212549929787503   0.0103290056226427   0
0.131305079363102   0.0424173461869715   -0.0184096008248054   0.00932706427678149   0
0.126215176700629   0.0589641217395456   -0.00508990266247367   0.0165467755525741   0
0.164578550900012   0.0625938846009525   0.0383633741993835   0.00362976286140695   0
0.12456692117   0.0775263212565707   -0.0400116297300126   0.0149324366556182   0
0.131693590099739   0.0713490335413537   0.00712666892973965   -0.00617728771521704   0
0.156961087619498   0.0490009590532954   0.0252674975197585   -0.0223480744880583   0
0.14255331579305   0.0659540505703282   -0.0144077718264475   0.0169530915170329   0
0.117176805617871   0.0819623640345331   -0.025376510175179   0.0160083134642049   0
0.127621336851968   0.0910997459898821   0.0104445312340967   0.00913738195534892   0
0.143360223248947   0.0808286732413575   0.015738886396979   -0.0102710727485245   0
0.158412793546968   0.0711903466048385   0.0150525702980215   -0.00963832663651908   0
0.147611650474879   0.0615311957269399   -0.0108011430720894   -0.00965915087789852   0
0.237111228924776   0.0142252849098024   0.0894995784498967   -0.0473059108171375   0
0.191587591111039   0.0753331523817393   -0.0455236378137363   0.0611078674719369   0
0.213660314136039   0.0605040601408241   0.0220727230249994   -0.0148290922409152   0
0.208062471398625   0.0641354907440949   -0.00559784273741362   0.00363143060327078   0
0.234277141690198   0.0879343250208024   0.0262146702915729   0.0237988342767075   0
