7.8107321e-15   3.77564225e-17   0   0   0
0.348860639884311   0.271385354674197   0.348860639884303   0.271385354674197   0
0.120999149016617   0.350258084541964   -0.227861490867694   0.0788727298677669   0
0.0934241798507169   0.350529213956874   -0.0275749691659001   0.000271129414909976   0
0.256710513883127   0.381710884942165   0.16328633403241   0.0311816709852908   0
0.213830902406993   0.377923144553579   -0.0428796114761344   -0.00378774038858615   0
0.245723511946097   0.365870354965725   0.0318926095391046   -0.0120527895878538   0
0.248864805759407   0.384965634767147   0.00314129381330944   0.0190952798014216   0
0.245475944836947   0.411851134641867   -0.00338886092245963   0.0268854998747205   0
0.379653479308045   0.559106464559135   0.134177534471098   0.147255329917268   0
0.697207717078309   1.011120807022   0.317554237770264   0.452014342462868   0
0.525794898595317   0.998208055449061   -0.171412818482991   -0.0129127515729413   0
0.478872838564686   0.817596105552333   -0.0469220600306319   -0.180611949896728   0
0.429076623726468   0.723907342348793   -0.0497962148382176   -0.0936887632035398   0
0.437694905048698   0.783455849928531   0.00861828132223019   0.0595485075797373   0
0.510670580289862   0.756605670660551   0.0729756752411636   -0.0268501792679795   0
0.531684544405589   0.856194644195601   0.0210139641157275   0.0995889735350496   0
0.610759101516837   0.856193215638096   0.0790745571112477   -1.42855750484561e-06   0
0.631947515016038   0.940488273379935   0.0211884134992006   0.084295057741839   0
0.719334957328777   0.967076302766906   0.0873874423127391   0.0265880293869707   0
0.603634506136731   0.953463813403547   -0.115700451192045   -0.0136124893633589   0
0.646511756590349   0.966751193720104   0.0428772504536177   0.0132873803165569   0
0.604697290844121   0.910756289111486   -0.0418144657462282   -0.0559949046086177   0
0.636464470337475   0.964713841879536   0.0317671794933545   0.0539575527680506   0
0.692953741937655   0.972131388394045   0.0564892716001792   0.00741754651450877   0
0.649967955005908   0.938061719835902   -0.0429857869317467   -0.034069668558143   0
0.640480703599763   0.969193475840538   -0.00948725140614493   0.0311317560046358   0
0.649078179446841   0.969495181781518   0.00859747584707848   0.000301705940979669   0
0.637275688452603   0.990678440893147   -0.011802490994238   0.0211832591116291   0
0.674381490746063   0.986277546283877   0.0371058022934597   -0.00440089460926962   0
0.673431537781014   1.0105189359408   -0.000949952965049183   0.0242413896569263   0
0.740839345186182   1.02521531704732   0.0674078074051678   0.0146963811065146   0
0.729013912879595   1.04376710167921   -0.0118254323065863   0.0185517846318954   0
0.672220301638186   1.06047272279418   -0.0567936112414091   0.0167056211149657   0
0.673522771040031   1.05087514117319   0.00130246940184442   -0.00959758162099367   0
0.702351758647462   1.05020537126732   0.0288289876074316   -0.000669769905867534   0
0.675798810977652   1.01588082748155   -0.0265529476698104   -0.0343245437857669   0
0.68124977411167   1.01682984499453   0.00545096313401838   0.000949017512976269   0
0.716569190672577   1.06199867892984   0.0353194165609062   0.045168833935308   0
0.733001622489457   1.05888616919683   0.0164324318168809   -0.00311250973300625   0
0.705205777952438   1.05894783798477   -0.0277958445370197   6.16687879428923e-05   0
0.745171629005675   1.04690927990565   0.0399658510532369   -0.0120385580791249   0
0.722167250725956   1.05301001735928   -0.0230043782797185   0.0061007374536326   0
0.689584817116764   1.03416963942228   -0.0325824336091924   -0.0188403779370017   0
0.716532471158225   1.03202733624446   0.0269476540414616   -0.00214230317781605   0
0.709684986496759   1.03655902274851   -0.00684748466146667   0.00453168650405278   0
0.691520379424366   1.08294730068611   -0.0181646070723924   0.0463882779375946   0
0.869410718744428   1.13525084308806   0.177890339320062   0.0523035424019469   0
0.730475592451969   1.12363878901959   -0.138935126292459   -0.0116120540684646   0
0.695392849605015   1.11473837036918   -0.0350827428469531   -0.00890041865041447   0
0.56842251390216   0.750043673736626   -0.126970335702855   -0.364694696632551   0
2.00584056802455   0.499281279666089   1.43741805412239   -0.250762394070537   1
2.00105225213495   0.824827200775958   -0.00478831588960205   0.325545921109869   0
2.09066795998523   0.891430945074865   0.0896157078502826   0.0666037442989069   0
2.10056200377188   0.920305625088518   0.00989404378664993   0.0288746800136529   0
2.15866293421018   0.975630948279343   0.0581009304382993   0.0553253231908251   0
2.16860940550769   1.07546754967768   0.00994647129751058   0.0998366013983388   0
2.13821909317052   1.06258630697055   -0.0303903123371718   -0.0128812427071319   0
2.03724809516298   0.978595529485911   -0.100970998007541   -0.0839907774846389   0
2.11006689452427   1.0390550650687   0.0728187993612903   0.0604595355827882   0
2.0892184688016   1.0450435372474   -0.0208484257226669   0.00598847217869891   0
2.04324615582218   1.15699387143844   -0.0459723129794156   0.111950334191046   0
2.11272582465535   1.21508808063883   0.0694796688331656   0.0580942092003875   0
2.13607213603726   1.24158388315597   0.0233463113819101   0.0264958025171342   0
2.172855051897   1.31525891428519   0.0367829158597401   0.0736750311292229   0
2.1988173626965   1.34131183845553   0.0259623107995042   0.0260529241703438   0
2.18033566854759   1.34658976678997   -0.0184816941489179   0.00527792833443441   0
2.24569615279811   1.39719719651478   0.0653604842505242   0.0506074297248125   0
2.27545918454575   1.41406672293361   0.0297630317476343   0.0168695264188305   0
2.2898819916865   1.42565914602737   0.0144228071407535   0.0115924230937559   0
2.28556376663864   1.43286190406359   -0.00431822504785728   0.00720275803622772   0
2.26438452092648   1.42451158415284   -0.0211792457121636   -0.00835031991075841   0
2.25413879296938   1.44396970982478   -0.0102457279571002   0.0194581256719402   0
2.18823525023176   1.33594673656542   -0.0659035427376158   -0.108022973259352   0
2.05670143601283   1.17982049101413   -0.131533814218934   -0.156126245551296   0
