0   0   0   0   0
0.0941084440623704   0.134183794597005   0.0941084440623704   0.134183794597005   0
0.131847771139045   0.216250540507879   0.037739327076675   0.0820667459108742   0
0.123341454050099   0.106390766457129   -0.00850631708894622   -0.10985977405075   0
0.140619388688579   0.0930299615955732   0.0172779346384795   -0.0133608048615556   0
0.320264836898079   0.126873234382489   0.1796454482095   0.0338432727869155   0
0.593151614525669   0.458990496156436   0.27288677762759   0.332117261773947   0
0.75707599558812   0.673490009266689   0.163924381062452   0.214499513110254   0
0.64738804596446   0.749574587420284   -0.109687949623661   0.0760845781535948   0
0.644264113859931   0.816705907376136   -0.0031239321045291   0.0671313199558516   0
0.516315143540787   0.739134327734762   -0.127948970319143   -0.0775715796413735   0
0.672515820384642   0.729552738700103   0.156200676843855   -0.00958158903465967   0
0.733389220883642   0.839596073123524   0.0608734004990005   0.110043334423421   0
0.65013275142802   0.777150110555884   -0.083256469455622   -0.0624459625676399   0
0.68509006065722   0.816243586284918   0.0349573092291996   0.0390934757290335   0
0.743142404036088   0.90783342982729   0.0580523433788684   0.0915898435423723   0
0.771582441751828   0.946058211837584   0.02844003771574   0.0382247820102941   0
0.830090103710461   0.971039924498116   0.058507661958633   0.0249817126605321   0
0.506130912680943   0.63354649641117   -0.323959191029518   -0.337493428086946   0
0.70407662616736   0.819195147159869   0.197945713486417   0.185648650748699   0
0.639246909778746   0.825709865069539   -0.0648297163886139   0.00651471790967018   0
0.867771810024781   0.883922380435303   0.228524900246035   0.0582125153657637   0
0.703848021278852   1.00126969798268   -0.163923788745929   0.117347317547378   0
0.59974247906998   0.889663975612517   -0.104105542208872   -0.111605722370164   0
0.55115353203127   0.823776983909247   -0.0485889470387094   -0.0658869917032698   0
0.568913644091256   0.859007476742137   0.0177601120599851   0.03523049283289   0
0.646051079948286   0.973907582041725   0.0771374358570304   0.114900105299588   0
0.539491475333419   0.967052258657171   -0.106559604614867   -0.00685532338455386   0
0.644933589969667   0.986263309415311   0.105442114636248   0.0192110507581403   0
0.455599510260022   0.906477203920015   -0.189334079709645   -0.0797861054952966   0
0.463765503646373   0.975542601916074   0.00816599338635166   0.0690653979960589   0
0.341347870090359   0.94179778786186   -0.122417633556014   -0.0337448140542138   0
0.311973579990747   0.804380535435559   -0.0293742900996127   -0.137417252426301   0
0.252291472469825   1.01858885473932   -0.059682107520922   0.214208319303761   0
0.523445091498168   1.20555386910181   0.271153619028343   0.186965014362492   0
0.767335275366338   1.12851873394582   0.24389018386817   -0.0770351351559917   0
0.985659324228104   1.24147855640163   0.218324048861766   0.112959822455806   0
1.07009097710661   1.33882608222456   0.0844316528785015   0.0973475258229353   0
0.937218060230954   1.49025401100327   -0.132872916875651   0.151427928778704   0
0.862770575939201   1.39927563696484   -0.0744474842917534   -0.0909783740384236   0
0.998685213313345   1.54550679720411   0.135914637374144   0.146231160239265   0
1.12520363652169   1.57651698321984   0.126518423208348   0.0310101860157281   0
0.790365923088284   1.43443944480499   -0.334837713433409   -0.142077538414848   0
0.865979165220599   1.47080707379397   0.0756132421323151   0.0363676289889863   0
0.976619300622668   1.57048211403426   0.110640135402069   0.0996750402402884   0
1.03339247414493   1.64468183672309   0.0567731735222597   0.0741997226888234   0
0.943330338320316   1.57461527560102   -0.0900621358246121   -0.0700665611220621   0
1.1187468416859   1.66497610741184   0.175416503365581   0.0903608318108158   0
0.293840141784614   1.04686041681615   -0.824906699901283   -0.618115690595686   0
0.360155038188007   0.834144076661316   0.0663148964033927   -0.212716340154838   0
0.654758146683536   1.06659879362708   0.294603108495529   0.232454716965763   0
0.793734084138831   1.21569601021537   0.138975937455295   0.149097216588296   0
0.775712190864498   1.2472507372291   -0.0180218932743337   0.0315547270137253   0
1.03830398658567   1.32386111665108   0.26259179572117   0.0766103794219852   0
0.955080991356667   1.27437677373617   -0.0832229952290013   -0.0494843429149108   0
1.0308942484643   1.47129086742647   0.0758132571076342   0.196914093690299   0
0.935544307535817   1.58016311884684   -0.0953499409284837   0.108872251420371   0
1.06445749959114   1.61557543570501   0.128913192055323   0.0354123168581693   0
0.962964947205734   1.55413055018746   -0.101492552385406   -0.0614448855175531   0
1.05503659227214   1.55425004530073   0.092071645066403   0.000119495113265256   0
1.01355859669435   1.42282154756777   -0.0414779955777889   -0.131428497732952   0
0.811899841398955   1.36111681437464   -0.201658755295394   -0.0617047331931302   0
0.962003718433629   1.44020926238856   0.150103877034674   0.0790924480139195   0
0.868604928791227   1.46931019186722   -0.0933987896424016   0.0291009294786573   0
0.902587527903756   1.23993121738441   0.0339825991125284   -0.229378974482811   0
0.367294357287427   0.687816078176139   -0.535293170616329   -0.552115139208269   0
0.354566778044877   0.549387557847671   -0.0127275792425497   -0.138428520328469   0
0.497276729590243   0.642780359673974   0.142709951545366   0.0933928018263036   0
0.550173759393031   0.562278556650407   0.0528970298027882   -0.0805018030235669   0
0.261545287672722   0.885922378951548   -0.288628471720309   0.323643822301141   0
0.419766153796305   0.808678084181992   0.158220866123582   -0.0772442947695566   0
