7.1054274e-15   0   0   0   0
0.0177643326975885   0.0177811749812687   0.0177643326975814   0.0177811749812687   0
0.0414769508060455   0.053693333798435   0.0237126181084569   0.0359121588171663   0
0.0542962440520698   0.0680928849388594   0.0128192932460243   0.0143995511404243   0
0.0459138613244867   0.0761039074929883   -0.00838238272758309   0.00801102255412889   0
0.0550108662862608   0.0968628813396741   0.00909700496177406   0.0207589738466858   0
0.0432009831272823   0.123997042071305   -0.0118098831589785   0.0271341607316311   0
0.0457188699515665   0.151474019492759   0.00251788682428422   0.0274769774214535   0
0.0436104408245197   0.160564143854179   -0.00210842912704685   0.00909012436142043   0
0.0250352113164188   0.149998374803862   -0.0185752295081009   -0.0105657690503173   0
0.0491689019204644   0.157187795801868   0.0241336906040456   0.00718942099800585   0
0.049525402791774   0.155153727192426   0.00035650087130961   -0.00203406860944139   0
0.0365304275104361   0.162785939346522   -0.0129949752813379   0.00763221215409524   0
0.0281142333085467   0.168119702622782   -0.00841619420188932   0.00533376327626009   0
0.037099530685361   0.167333793020057   0.00898529737681423   -0.000785909602724816   0
0.0454978660914125   0.167192131492394   0.00839833540605153   -0.000141661527662762   0
0.0549557288756014   0.198587898485828   0.00945786278418895   0.0313957669934339   0
0.0655714135699288   0.193046974077516   0.0106156846943274   -0.00554092440831189   0
0.0434220065855715   0.200371380603995   -0.0221494069843574   0.00732440652647851   0
0.0686729189446433   0.206169983908615   0.0252509123590719   0.0057986033046202   0
0.0548236409973642   0.196823275402541   -0.0138492779472791   -0.00934670850607328   0
0.0318970566235426   0.203498764149185   -0.0229265843738216   0.0066754887466435   0
0.0493793707646888   0.196634005256839   0.0174823141411463   -0.00686475889234572   0
0.0212339432970805   0.184975287186236   -0.0281454274676083   -0.0116587180706032   0
0.0224429761391148   0.189757219711328   0.00120903284203432   0.00478193252509185   0
0.0842942548914667   0.189665260350143   0.0618512787523519   -9.19593611851677e-05   0
0.106302079658548   0.192723862419426   0.0220078247670809   0.00305860206928374   0
0.125337118888983   0.193044882025415   0.0190350392304357   0.00032101960598846   0
0.136947512450795   0.171735458726284   0.0116103935618116   -0.021309423299131   0
0.100553365340379   0.15194186016388   -0.0363941471104163   -0.019793598562404   0
0.0949099411773806   0.136524054216038   -0.00564342416299805   -0.015417805947842   0
0.0624976661622153   0.13370723159992   -0.0324122750151653   -0.00281682261611826   0
0.0669225587095377   0.130819116478882   0.00442489254732248   -0.00288811512103757   0
0.0323508306009555   0.12826577929914   -0.0345717281085822   -0.00255333717974185   0
0.0237117455544019   0.129046895192836   -0.00863908504655361   0.000781115893695977   0
0.0449042810451249   0.119927384625269   0.021192535490723   -0.0091195105675671   0
0.0344262646694478   0.151733001107188   -0.0104780163756771   0.0318056164819187   0
0.0213447759451426   0.14247435979994   -0.0130814887243052   -0.00925864130724796   0
0.0173128151375759   0.140736936111479   -0.00403196080756666   -0.00173742368846105   0
0.0285071949671445   0.163171749110113   0.0111943798295686   0.0224348129986345   0
0.0864147035988524   0.194674664996535   0.0579075086317079   0.0315029158864218   0
0.0651603832107836   0.191386397658658   -0.0212543203880688   -0.00328826733787657   0
0.0521154526610521   0.1890659152384   -0.0130449305497315   -0.00232048242025823   0
0.0491143112530069   0.190136753074578   -0.00300114140804519   0.00107083783617776   0
0.0436495487317463   0.207086103073697   -0.00546476252126052   0.016949349999119   0
0.0345954197401463   0.200786110621986   -0.00905412899160003   -0.00629999245171117   0
0.0916503063748195   0.193086916351064   0.0570548866346732   -0.00769919427092181   0
0.0913963954989803   0.205707448510768   -0.000253910875839231   0.0126205321597038   0
0.0840083599840981   0.207352787463197   -0.00738803551488217   0.00164533895242924   0
0.101562551991779   0.215649737677579   0.0175541920076811   0.00829695021438195   0
0.131151960145755   0.216254077882871   0.029589408153976   0.00060434020529182   0
0.0285366423627915   0.135415361515519   -0.102615317782964   -0.0808387163673523   0
0.0359641199883817   0.16677091130622   0.00742747762559023   0.0313555497907015   0
0.0935453249752948   0.228586261478276   0.0575812049869131   0.0618153501720562   0
0.138949962181752   0.255769250530614   0.0454046372064575   0.027182989052338   0
0.10671924161907   0.244481436720152   -0.0322307205626822   -0.011287813810462   0
0.160190671722796   0.261677394609239   0.0534714301037258   0.0171959578890864   0
0.169381446598622   0.26100855142545   0.00919077487582637   -0.00066884318378907   0
0.151372476971601   0.266968034666498   -0.0180089696270216   0.00595948324104789   0
0.176264832123072   0.28414681271043   0.0248923551514711   0.017178778043932   0
0.210035032438909   0.289040997842568   0.0337702003158372   0.00489418513213874   0
0.196550513237945   0.29538583401829   -0.0134845192009645   0.00634483617572168   0
0.194989715821801   0.298511238024834   -0.00156079741614398   0.00312540400654365   0
0.247444436934132   0.298284055489049   0.0524547211123309   -0.000227182535784576   0
0.235033551969727   0.321702377660994   -0.0124108849644048   0.0234183221719448   0
0.173642286893269   0.291619500556081   -0.0613912650764578   -0.030082877104913   0
0.212549633111155   0.313626528006486   0.0389073462178863   0.022007027450405   0
0.21142414320812   0.320528918931691   -0.00112548990303551   0.00690239092520484   0
0.217727918817333   0.316773105932553   0.00630377560921325   -0.00375581299913819   0
0.227167777036237   0.332871548935977   0.0094398582189042   0.0160984430034243   0
0.229927311114267   0.320176641539075   0.00275953407802962   -0.0126949073969014   0
0.225201640725154   0.31638673345281   -0.00472567038911281   -0.00378990808626545   0
0.22590337432448   0.324371480899588   0.000701733599326015   0.00798474744677774   0
0.262606987769481   0.342579641321585   0.0367036134450014   0.018208160421997   0
0.223179552029627   0.324369484235144   -0.0394274357398543   -0.0182101570864406   0
0.240247638518343   0.338762974114855   0.017068086488716   0.0143934898797105   0
0.239394091780413   0.300861114561558   -0.000853546737930699   -0.0379018595532963   0
0.227081703526053   0.297708275000251   -0.0123123882543598   -0.00315283956130691   0
