1.94023658529979e-14   4.56065995e-16   0   0   0
0.261716786296023   0.257563045941477   0.261716786296003   0.257563045941477   0
0.173879440643438   0.244965635843426   -0.0878373456525844   -0.0125974100980515   0
0.197636411641668   0.242118758499112   0.0237569709982295   -0.0028468773443136   0
0.150338317787264   0.261300481718727   -0.047298093854404   0.0191817232196155   0
0.177022874927938   0.156858414000363   0.0266845571406741   -0.104442067718365   0
0.153825935806757   0.188752434676477   -0.023196939121181   0.0318940206761143   0
0.151508982013489   0.182479349919857   -0.00231695379326777   -0.00627308475661972   0
0.166962323746148   0.204203482964617   0.015453341732659   0.0217241330447597   0
0.19590217667692   0.211411092295587   0.028939852930772   0.00720760933097006   0
0.196647625062337   0.193815829182091   0.000745448385416875   -0.0175952631134957   0
0.221437513468928   0.245924063430429   0.0247898884065908   0.0521082342483379   0
0.293822820801111   0.771628561014675   0.0723853073321833   0.525704497584246   0
0.24093266285511   0.819175945838908   -0.0528901579460017   0.0475473848242329   0
0.275594662168423   0.636184132314221   0.034661999313313   -0.182991813524687   0
0.696495230754907   0.809506895800205   0.420900568586485   0.173322763485984   0
0.234545163095752   0.525517914191669   -0.461950067659155   -0.283988981608536   0
0.287213970963129   0.557775972270006   0.0526688078673762   0.0322580580783374   0
0.306622730721325   0.727253250552803   0.0194087597581966   0.169477278282796   0
0.831477214293528   0.555243047482011   0.524854483572202   -0.172010203070792   0
3.79865832275723   0.784266976511279   2.96718110846371   0.229023929029268   1
2.51488828711035   0.643444049321899   -1.28377003564688   -0.14082292718938   1
0.914662962792002   0.221881218796158   -1.60022532431835   -0.421562830525741   1
1.60873350473937   1.27570996063702   0.694070541947365   1.05382874184086   1
1.45501256781069   0.914640416436391   -0.153720936928678   -0.361069544200624   0
1.45468620789437   0.841512208938541   -0.000326359916321683   -0.07312820749785   0
1.45615394985617   0.808095016312786   0.00146774196179744   -0.033417192625755   0
1.54956475210912   0.776797418877655   0.0934108022529587   -0.0312975974351312   0
0.926306842938797   0.506954481179885   -0.623257909170327   -0.26984293769777   0
1.22433943299861   0.688780488349917   0.298032590059815   0.181826007170032   0
1.08048054547942   0.650739846447588   -0.143858887519196   -0.0380406419023294   0
0.725403627012469   0.448661083237616   -0.355076918466947   -0.202078763209972   0
0.616261362085778   0.388007910468846   -0.10914226492669   -0.0606531727687701   0
0.523380906840023   0.25930072224737   -0.0928804552457553   -0.128707188221476   0
0.337278051578528   0.229315629281005   -0.186102855261495   -0.0299850929663646   0
0.292703108446663   0.214010596330853   -0.0445749431318656   -0.0153050329501526   0
2.34944957419219   1.28670261759888   2.05674646574553   1.07269202126803   1
1.20422216747529   1.11435262894811   -1.1452274067169   -0.172349988650773   1
3.48929615089909   1.18619507392617   2.2850739834238   0.0718424449780595   1
0.185573086434909   1.1820974371347   -3.30372306446418   -0.00409763679146913   1
2.3102908595439   1.39011709992728   2.12471777310899   0.208019662792578   1
0.758529634245186   0.420010229461539   -1.55176122529872   -0.970106870465741   1
0.382462510423393   0.372824104598913   -0.376067123821793   -0.0471861248626256   0
2.77354772486165   1.13184179005646   2.39108521443826   0.759017685457544   1
2.8515752498545   1.68214658577307   0.0780275249928493   0.550304795716611   0
2.43383460960113   1.708086917348   -0.417740640253368   0.0259403315749311   0
0.709722743349   0.559978845624762   -1.72411186625213   -1.14810807172324   1
2.01188961090012   1.24827249185113   1.30216686755112   0.688293646226364   1
1.65170832163731   0.773478943335282   -0.36018128926281   -0.474793548515844   0
2.41049416037883   1.05454516063159   0.758785838741528   0.281066217296307   0
3.06746644810209   1.39967287998207   0.656972287723252   0.345127719350481   0
2.35578527162619   2.11377394564013   -0.711681176475898   0.71410106565806   0
1.52537583483657   1.62681355260699   -0.83040943678962   -0.486960393033142   0
1.31272487789333   1.15214424387695   -0.212650956943241   -0.474669308730036   0
2.12668075406035   1.37199411735972   0.813955876167024   0.219849873482769   0
1.9984507100047   1.35957866596586   -0.128230044055653   -0.0124154513938597   0
1.25068087451058   1.13212335473227   -0.747769835494117   -0.227455311233588   0
1.46233023530158   1.06878945810929   0.211649360790996   -0.0633338966229797   0
0.684239130555467   1.2038635146367   -0.77809110474611   0.135074056527406   0
1.60638581656427   0.923793195355187   0.922146686008801   -0.280070319281513   0
1.70883377154277   1.51111653271523   0.102447954978504   0.587323337360042   0
1.19944748970991   1.05832186747148   -0.509386281832859   -0.452794665243752   0
1.39771891276   0.882325956097348   0.198271423050089   -0.175995911374129   0
