7.985975e-15   3.46986605e-16   0   0   0
0.0341825912859167   0.0227799474044449   0.0341825912859087   0.0227799474044445   0
0.0382387880626192   0.0133903857116728   0.00405619677670249   -0.00938956169277208   0
0.0469823761267781   0.0625434869284881   0.0087435880641589   0.0491531012168153   0
0.0966698459774918   0.0918372299639958   0.0496874698507138   0.0292937430355077   0
0.0699362580106954   0.0855849617585097   -0.0267335879667964   -0.00625226820548611   0
0.143101642651844   0.11770297437296   0.0731653846411486   0.0321180126144506   0
0.101749928220264   0.104734741597446   -0.04135171443158   -0.0129682327755141   0
0.102262278593464   0.10058461403777   0.000512350373199633   -0.00415012755967571   0
0.130673748011457   0.111132782948625   0.0284114694179932   0.0105481689108541   0
0.0908746148966294   0.0948462885901208   -0.0397991331148274   -0.0162864943585038   0
0.218857897549141   0.128308228439374   0.127983282652512   0.0334619398492528   0
0.18243969680057   0.131160533606808   -0.0364182007485714   0.00285230516743418   0
0.141761345958427   0.123706380441901   -0.0406783508421428   -0.00745415316490654   0
0.194637280854823   0.155525321316655   0.0528759348963955   0.0318189408747541   0
0.121123837759982   0.1217130716103   -0.073513443094841   -0.0338122497063551   0
0.152603925692642   0.128709641081932   0.0314800879326605   0.0069965694716321   0
0.188046748538271   0.172119255587326   0.0354428228456292   0.0434096145053941   0
0.0897201176154475   0.117450684920836   -0.0983266309228239   -0.0546685706664906   0
0.152800726450693   0.124890321891343   0.0630806088352451   0.00743963697050712   0
0.179985177711967   0.155219159720998   0.0271844512612746   0.030328837829655   0
0.137742178483382   0.137574237599963   -0.0422429992285849   -0.0176449221210345   0
0.168192664293507   0.149894204763263   0.030450485810125   0.0123199671632993   0
0.160255900730037   0.152028472742962   -0.00793676356347087   0.00213426797969937   0
0.0750154893072865   0.128765871601389   -0.08524041142275   -0.0232626011415731   0
0.16128652587533   0.146515619834322   0.0862710365680432   0.0177497482329329   0
0.179809324807688   0.195513117871049   0.0185227989323587   0.0489974980367275   0
0.14335181497837   0.0848953797802632   -0.0364575098293182   -0.110617738090786   0
0.238088164104393   0.161597675846216   0.0947363491260224   0.0767022960659528   0
0.173615399757411   0.151034304622379   -0.0644727643469819   -0.0105633712238369   0
0.179754867928163   0.134353567575556   0.00613946817075237   -0.0166807370468233   0
0.223046276149057   0.19327107695614   0.0432914082208935   0.058917509380584   0
0.137502901608327   0.150281780882276   -0.0855433745407294   -0.0429892960738641   0
0.206619573334437   0.190253710686214   0.0691166717261094   0.0399719298039387   0
0.108145351933369   0.149144010955001   -0.0984742214010672   -0.041109699731213   0
0.17553834931545   0.137261838828142   0.0673929973820809   -0.0118821721268593   0
0.21911148489264   0.165121928562507   0.0435731355771895   0.0278600897343646   0
0.164357930188817   0.150342496920455   -0.0547535547038228   -0.0147794316420521   0
0.206942361610079   0.189929778418133   0.0425844314212624   0.0395872814976784   0
0.13719887051575   0.150634446161856   -0.0697434910943294   -0.039295332256277   0
0.157975840182821   0.247319294022762   0.0207769696670712   0.0966848478609063   0
0.213532042669479   0.209501900771494   0.0555562024866574   -0.0378173932512683   0
0.164003580206692   0.185287844877938   -0.0495284624627861   -0.0242140558935559   0
0.175414372497513   0.197615458418425   0.0114107922908202   0.0123276135404864   0
0.202432078038209   0.211726065428361   0.0270177055406967   0.0141106070099365   0
0.0917202484184711   0.172715473297702   -0.110711829619738   -0.0390105921306593   0
0.205608147106626   0.229851747856279   0.113887898688155   0.0571362745585769   0
0.165101137179126   0.228086391677688   -0.0405070099274998   -0.00176535617859094   0
0.123077699604645   0.202008281351987   -0.042023437574481   -0.0260781103257005   0
0.16839324465795   0.225979977143335   0.045315545053305   0.0239716957913472   0
0.109563143165908   0.211612323846353   -0.0588301014920422   -0.0143676532969812   0
0.124831013543511   0.20302116089166   0.0152678703776035   -0.00859116295469312   0
0.169799210172058   0.223389892118831   0.0449681966285468   0.0203687312271709   0
0.110626858435414   0.195967333042785   -0.0591723517366438   -0.0274225590760462   0
0.146710088363066   0.22104899012085   0.036083229927652   0.0250816570780652   0
0.174171082375019   0.216692477777425   0.027460994011953   -0.00435651234342549   0
0.109371530074376   0.196303427272919   -0.0647995523006435   -0.0203890505045059   0
0.197421213843507   0.229004890500734   0.0880496837691308   0.032701463227815   0
0.101761786837486   0.199462506363038   -0.0956594270060205   -0.0295423841376963   0
0.156309578846751   0.210641930974163   0.054547792009265   0.0111794246111251   0
0.16732399789934   0.229579784414692   0.0110144190525888   0.0189378534405298   0
0.140852936255068   0.217482816222557   -0.026471061644272   -0.012096968192135   0
0.205952544578322   0.245324273075099   0.0650996083232542   0.0278414568525412   0
0.145493484763948   0.228971200151831   -0.0604590598143745   -0.016353072923268   0
0.147003260244699   0.219633813366168   0.00150977548075176   -0.0093373867856629   0
0.218211209993136   0.254684014215261   0.0712079497484362   0.0350502008490934   0
0.177894068596035   0.251664152341757   -0.0403171413971008   -0.00301986187350406   0
0.0738538498662954   0.189785106815372   -0.104040218729739   -0.0618790455263851   0
0.136398524651345   0.216699097771264   0.0625446747850495   0.0269139909558916   0
0.159311038540853   0.242273284869016   0.0229125138895084   0.0255741870977519   0
0.160290047323496   0.238999272707872   0.000979008782642316   -0.00327401216114334   0
0.10882360603777   0.219870692989295   -0.0514664412857259   -0.0191285797185777   0
0.0687301921383532   0.198030167847496   -0.0400934138994166   -0.0218405251417981   0
0.11240131911436   0.206135668207342   0.0436711269760067   0.00810550035984506   0
0.0784681861771714   0.200133374861187   -0.0339331329371885   -0.0060022933461549   0
0.114912200982451   0.228415440377937   0.0364440148052793   0.02828206551675   0
