1.1324837e-14   2.40741245e-33   0   0   0
0.0537724105500209   0.0221713107583173   0.0537724105500096   0.0221713107583173   0
0.0769844503731775   0.0265233296357774   0.0232120398231566   0.0043520188774601   0
0.118979432492702   0.0467654990917846   0.0419949821195246   0.0202421694560072   0
0.124981050066493   0.0454662585266711   0.00600161757379039   -0.00129924056511351   0
0.0857122422729312   0.0348986387256604   -0.0392688077935613   -0.0105676198010107   0
0.106927408948372   0.049175549593116   0.0212151666754412   0.0142769108674556   0
0.0632613907983356   0.0355640511802149   -0.0436660181500367   -0.0136114984129011   0
0.0460415869771767   0.05851976784941   -0.0172198038211589   0.0229557166691951   0
0.119425761137494   0.0517232943406432   0.0733841741603176   -0.00679647350876678   0
0.145446383093295   0.0639926147100119   0.0260206219558003   0.0122693203693687   0
0.146950000844461   0.0709336313191181   0.00150361775116675   0.0069410166091062   0
0.147965710526806   0.0723974939562261   0.00101570968234499   0.00146386263710804   0
0.113320199665942   0.0636885174158274   -0.034645510860864   -0.00870897654039875   0
0.0604226765189712   0.0453936523364486   -0.0528975231469712   -0.0182948650793788   0
0.0687098047016588   0.0550582258516904   0.00828712818268769   0.00966457351524183   0
0.0342447821684665   0.044807204171745   -0.0344650225331924   -0.0102510216799454   0
0.0733950991445635   0.0587340128829142   0.039150316976097   0.0139268087111692   0
0.0281861987524475   0.0558162369581646   -0.0452089003921159   -0.00291777592474957   0
0.11640250630564   0.0639832113948909   0.0882163075531921   0.00816697443672629   0
0.0378565803074489   0.0489302037520961   -0.0785459259981907   -0.0150530076427948   0
0.0462239745264593   0.0476981743568583   0.00836739421901039   -0.00123202939523778   0
0.074401370653132   0.0643723634914762   0.0281773961266727   0.0166741891346179   0
0.0308755678457309   0.0535174918441223   -0.0435258028074011   -0.0108548716473539   0
0.0934720445020069   0.0683289471669361   0.062596476656276   0.0148114553228137   0
0.0589546374333956   0.0406920286962978   -0.0345174070686113   -0.0276369184706382   0
0.0383788712287845   0.0497332341116105   -0.0205757662046111   0.00904120541531267   0
0.109393764643692   0.0595617680409861   0.0710148934149074   0.00982853392937556   0
0.0609688354265453   0.0566990613456018   -0.0484249292171466   -0.00286270669538422   0
0.0540630602479858   0.0595523579361375   -0.0069057751785595   0.00285329659053566   0
0.0693955471528225   0.0489368616917759   0.0153324869048367   -0.0106154962443617   0
0.0702455069732131   0.0393310859400414   0.000849959820390628   -0.00960577575173449   0
0.065885289083359   0.0421356375083096   -0.00436021788985418   0.00280455156826825   0
0.0967463361361483   0.0660490087318246   0.0308610470527893   0.023913371223515   0
0.0743460388172943   0.0742494073068261   -0.022400297318854   0.0082003985750015   0
0.0667928602179145   0.0755540665834984   -0.00755317859937975   0.00130465927667224   0
0.057386642062796   0.0814789840124217   -0.00940621815511857   0.00592491742892333   0
0.0319298803167806   0.0912769561161727   -0.0254567617460154   0.00979797210375097   0
0.063682356891601   0.0982333980088137   0.0317524765748204   0.00695644189264105   0
0.0201585291450337   0.0822973216096309   -0.0435238277465673   -0.0159360763991828   0
0.0822929948358217   0.0783748993572524   0.062134465690788   -0.0039224222523785   0
0.0738482395752493   0.0976651966479267   -0.00844475526057241   0.0192902972906744   0
0.052446720160407   0.113372944201704   -0.0214015194148423   0.0157077475537769   0
0.117993242961253   0.11346983432781   0.0655465228008462   9.68901261063776e-05   0
0.0384296809250455   0.121642053968772   -0.0795635620362077   0.00817221964096161   0
0.141019590133888   0.101375264555057   0.102589909208842   -0.0202667894137143   0
0.108131864051182   0.0993841102958671   -0.0328877260827057   -0.00199115425919023   0
0.042915869236125   0.12215533541653   -0.0652159948150569   0.0227712251206629   0
0.147009727685877   0.12999343477348   0.104093858449752   0.00783809935694998   0
0.0520118828584264   0.0915107818354668   -0.0949978448274501   -0.0384826529380132   0
0.169782450278752   0.113103336965118   0.117770567420325   0.0215925551296508   0
0.0621488920028556   0.136298444007385   -0.107633558275896   0.023195107042267   0
0.179630763527757   0.137784498954512   0.117481871524902   0.00148605494712759   0
0.127493221088085   0.156608812762947   -0.0521375424396725   0.0188243138084349   0
0.149254076230852   0.208620022022438   0.0217608551427671   0.0520112092594908   0
0.185562725117731   0.160301186016897   0.036308648886879   -0.0483188360055413   0
0.110659915637548   0.143325315744954   -0.0749028094801827   -0.0169758702719429   0
0.198547741270215   0.185743377135537   0.0878878256326673   0.0424180613905831   0
0.095023762864058   0.142971870158107   -0.103523978406157   -0.0427715069774303   0
0.255569162619579   0.143836766362216   0.160545399755521   0.000864896204109844   0
0.142759660129572   0.172111715410506   -0.112809502490006   0.02827494904829   0
0.22066560958371   0.154789802841833   0.077905949454138   -0.0173219125686732   0
0.185759503645263   0.161910609036758   -0.0349061059384474   0.00712080619492458   0
0.122438120529676   0.177648882033587   -0.0633213831155872   0.0157382729968297   0
0.232184016800108   0.156099172198494   0.109745896270433   -0.0215497098350937   0
0.139056621750266   0.163507596423178   -0.0931273950498425   0.00740842422468466   0
0.182194989467793   0.188203604193562   0.0431383677175272   0.0246960077703836   0
0.190911444986627   0.184575634028125   0.0087164555188341   -0.00362797016543728   0
0.107319629847619   0.167913124828375   -0.0835918151390082   -0.01666250919975   0
0.138572577703255   0.177479977022499   0.0312529478556361   0.00956685219412423   0
0.11929591304253   0.161889973848726   -0.0192766646607253   -0.0155900031737724   0
0.092070767965305   0.179314007890651   -0.0272251450772248   0.017424034041925   0
0.175225221104205   0.21388862840326   0.0831544531388996   0.0345746205126084   0
0.0750995261346796   0.155687909291179   -0.100125694969525   -0.0582007191120806   0
0.138312156778204   0.168451958926884   0.0632126306435246   0.0127640496357052   0
0.142058220579555   0.193159174530949   0.00374606380135048   0.0247072156040644   0
0.0878817216618739   0.168007215480305   -0.0541764989176808   -0.0251519590506441   0
