1.4210855e-14   0   0   0   0
0.0174723939903391   0.0187173260096877   0.0174723939903249   0.0187173260096877   0
0.0371459791215045   0.0285770997343587   0.0196735851311654   0.009859773724671   0
0.0389407387665471   0.0248680054147988   0.00179475964504258   -0.00370909431955989   0
0.0164457512858061   0.014947700775646   -0.022494987480741   -0.0099203046391528   0
0.0291654195564774   0.0194330360137762   0.0127196682706713   0.00448533523813025   0
0.0204514054939071   0.0440288877665283   -0.00871401406257026   0.0245958517527521   0
0.0118357423539483   0.050026918893235   -0.00861566313995885   0.00599803112670667   0
0.0360019073582744   0.0675703670293851   0.0241661650043261   0.0175434481361501   0
0.0325937665213021   0.0682064410775161   -0.00340814083697229   0.000636074048130944   0
0.0436229373831455   0.0772640965286545   0.0110291708618434   0.00905765545113847   0
0.042259141163134   0.0756524656346591   -0.00136379622001155   -0.00161163089399545   0
0.023756556579407   0.0867142134164889   -0.018502584583727   0.0110617477818298   0
0.0315598346609884   0.0955542501369051   0.00780327808158147   0.00884003672041617   0
0.0396596536522495   0.0855507994028038   0.0080998189912611   -0.0100034507341013   0
0.020472241789353   0.0706722501075698   -0.0191874118628965   -0.014878549295234   0
0.0197333219739473   0.0846466888709434   -0.000738919815405768   0.0139744387633736   0
0.048207858377369   0.077192057055133   0.0284745364034217   -0.00745463181581034   0
0.00381048765198828   0.0721647430098751   -0.0443973707253807   -0.00502731404525793   0
0.0324324948467402   0.0627049278579157   0.0286220071947519   -0.0094598151519594   0
0.0148526743493334   0.0708100792910452   -0.0175798204974068   0.00810515143312951   0
0.0313950399108247   0.0826950285595917   0.0165423655614913   0.0118849492685464   0
0.0480717900500012   0.0784296622572915   0.0166767501391765   -0.00426536630230014   0
0.0252979024433917   0.0723945683790802   -0.0227738876066095   -0.00603509387821131   0
0.0360554427045871   0.0791617616367943   0.0107575402611953   0.00676719325771408   0
0.0438800628568192   0.077626668576596   0.00782462015223215   -0.00153509306019826   0
0.0137288689414276   0.0703295268031638   -0.0301511939153916   -0.00729714177343227   0
0.0690202144321537   0.0648198060740926   0.0552913454907261   -0.00550972072907117   0
0.016667402032984   0.0545686099812651   -0.0523528123991697   -0.0102511960928275   0
0.0365543931382206   0.0481618600235877   0.0198869911052365   -0.0064067499576774   0
0.0199669704796348   0.0389847771095673   -0.0165874226585858   -0.00917708291402039   0
0.0149619042351831   0.0473165046911198   -0.00500506624445162   0.00833172758155247   0
0.0646508444096893   0.0536146779968235   0.0496889401745061   0.00629817330570373   0
0.0489700310757327   0.054327515301315   -0.0156808133339566   0.000712837304491509   0
0.030982905577064   0.0433712803821892   -0.0179871254986687   -0.0109562349191258   0
0.0788816269639749   0.0556089381460064   0.0478987213869109   0.0122376577638172   0
0.0483831413195723   0.0629426274457679   -0.0304984856444026   0.00733368929976151   0
0.0514675325149972   0.0365042553758986   0.00308439119542495   -0.0264383720698693   0
0.0417661943779701   0.0253227096320761   -0.00970133813702716   -0.0111815457438225   0
0.0290497498840737   0.0382611416055709   -0.0127164444938964   0.0129384319734948   0
0.0875987443233467   0.0511888402710369   0.058548994439273   0.0129276986654659   0
0.0437949673866952   0.046103714046769   -0.0438037769366515   -0.00508512622426784   0
0.0775065511877117   0.0792175886145735   0.0337115838010165   0.0331138745678045   0
0.0377566927216426   0.054370555334851   -0.0397498584660692   -0.0248470332797225   0
0.0458338923721957   0.0633103750531327   0.00807719965055317   0.00893981971828171   0
0.0394621410428354   0.05517110535991   -0.00637175132936032   -0.00813926969322267   0
0.0741237175207607   0.0597531747006896   0.0346615764779253   0.00458206934077954   0
0.058917420908152   0.0602016343751818   -0.0152062966126087   0.00044845967449221   0
0.0501425267468897   0.0755269405504881   -0.0087748941612623   0.0153253061753063   0
0.112179459115522   0.099287168711115   0.0620369323686323   0.0237602281606269   0
0.109834146709987   0.120193771013431   -0.00234531240553468   0.0209066023023158   0
0.0827034467313442   0.111951762490754   -0.0271306999786432   -0.00824200852267717   0
0.106774962018374   0.123916113720284   0.0240715152870296   0.0119643512295301   0
0.110754060192145   0.127008736155205   0.00397909817377086   0.0030926224349211   0
0.109438710157063   0.124137082066503   -0.00131535003508115   -0.00287165408870199   0
0.102114853016651   0.122839742063718   -0.00732385714041234   -0.00129734000278486   0
0.0899530951387153   0.103154938605402   -0.0121617578779358   -0.0196848034583155   0
0.0880723867327241   0.170416273029255   -0.00188070840599125   0.067261334423853   0
0.117198556036386   0.176371045487559   0.0291261693036621   0.00595477245830375   0
0.120910214870565   0.137157029827688   0.0037116588341792   -0.0392140156598709   0
0.0927113645123102   0.134822163224669   -0.0281988503582552   -0.00233486660301929   0
0.1377036207019   0.145788628192673   0.0449922561895894   0.010966464968004   0
0.0938841265589472   0.157985862165877   -0.0438194941429524   0.012197233973204   0
0.136260418615569   0.20633809324762   0.0423762920566214   0.0483522310817435   0
