1.0929166e-14   2.1904711e-50   0   0   0
0.0736167253115801   0.0340699030523679   0.0736167253115692   0.0340699030523679   0
0.0371395605333518   0.026732304881578   -0.0364771647782283   -0.00733759817078995   0
0.0654011257758118   0.0446138155206452   0.02826156524246   0.0178815106390673   0
0.0701632681871672   0.0376129209502303   0.00476214241135538   -0.00700089457041497   0
0.0742618372811549   0.0385115642765533   0.00409856909398774   0.000898643326323063   0
0.0714333065095948   0.044870131296992   -0.00282853077156019   0.00635856702043865   0
0.107754669548716   0.0551779799522736   0.0363213630391213   0.0103078486552816   0
0.073200684677023   0.0386266934914897   -0.034553984871693   -0.0165512864607839   0
0.102523435375534   0.0595663308112212   0.0293227506985108   0.0209396373197316   0
0.102422988115085   0.0707174124257132   -0.000100447260449055   0.011151081614492   0
0.0788808927290993   0.0410990073654311   -0.0235420953859855   -0.0296184050602821   0
0.0777595754042518   0.0470913768236295   -0.00112131732484749   0.00599236945819833   0
0.128917031934229   0.0384230958254206   0.0511574565299774   -0.00866828099820888   0
0.0661277029410767   0.0360572070771906   -0.0627893289931526   -0.00236588874822997   0
0.119712976576986   0.0539336270037858   0.0535852736359097   0.0178764199265952   0
0.081072503993371   0.032011253489241   -0.0386404725836154   -0.0219223735145448   0
0.137339490142744   0.0583861939898945   0.0562669861493735   0.0263749405006535   0
0.116266371688584   0.0491903500924311   -0.0210731184541604   -0.00919584389746343   0
0.106994919734756   0.0575379744756367   -0.00927145195382759   0.00834762438320559   0
0.160350551510871   0.0810446158755437   0.0533556317761145   0.0235066413999071   0
0.125411275102872   0.08677713494841   -0.0349392764079995   0.00573251907286626   0
0.16260774332527   0.111880509014723   0.0371964682223988   0.0251033740663133   0
0.0683779143703238   0.0727364594667891   -0.0942298289549465   -0.0391440495479341   0
0.0920799031522551   0.111129751937524   0.0237019887819313   0.0383932924707353   0
0.13847290453229   0.126842578234858   0.0463930013800352   0.0157128262973332   0
0.137576500017774   0.141359408696494   -0.000896404514516447   0.0145168304616363   0
0.111474297881754   0.138442580283365   -0.0261022021360198   -0.00291682841312904   0
0.150411201886663   0.149278443056593   0.0389369040049086   0.0108358627732284   0
0.195753040304094   0.158999962401063   0.0453418384174319   0.00972151934446952   0
0.0753049091106444   0.151294294734784   -0.12044813119345   -0.00770566766627878   0
0.167739383438651   0.188894968420605   0.0924344743280063   0.0376006736858209   0
0.223644148348097   0.208832285644419   0.055904764909446   0.0199373172238144   0
0.211057492104425   0.194806485926153   -0.0125866562436718   -0.0140257997182669   0
0.214565725827053   0.214370896258039   0.00350823372262757   0.0195644103318868   0
0.264742104936489   0.233855907425639   0.0501763791094365   0.0194850111675992   0
0.207045879634763   0.235412911099571   -0.0576962253017257   0.00155700367393233   0
0.214292148876325   0.240329594822395   0.00724626924156158   0.00491668372282447   0
0.234368518085742   0.233086584029848   0.0200763692094174   -0.00724301079254708   0
0.225771916724047   0.237680975746304   -0.00859660136169574   0.00459439171645545   0
0.221008849906138   0.245826538464676   -0.00476306681790872   0.00814556271837213   0
0.242634516505256   0.237367426857964   0.0216256665991182   -0.00845911160671223   0
0.267395117439417   0.261793829716089   0.0247606009341606   0.0244264028581257   0
0.268004874351857   0.269361624876719   0.000609756912440529   0.00756779516062928   0
0.246291715122021   0.262339348219501   -0.0217131592298358   -0.00702227665721811   0
0.260277332531961   0.280973957285742   0.0139856174099394   0.0186346090662411   0
0.25872097529335   0.275354190760312   -0.00155635723861042   -0.00561976652542978   0
0.235847061608384   0.269899841408633   -0.0228739136849665   -0.00545434935167866   0
0.286064211547156   0.313829849816332   0.0502171499387719   0.0439300084076988   0
0.268838818325479   0.303692159176201   -0.0172253932216765   -0.0101376906401305   0
0.252054197405518   0.302850103228448   -0.0167846209199609   -0.000842055947753217   0
0.274767082237925   0.326660758260826   0.0227128848324071   0.0238106550323777   0
0.277557727924737   0.317316444947792   0.00279064568681203   -0.00934431331303354   0
0.238599044349544   0.309796438578274   -0.0389586835751931   -0.00752000636951816   0
0.22757124870937   0.303101083969647   -0.0110277956401747   -0.00669535460862708   0
0.281466475255979   0.316733119179427   0.0538952265466089   0.0136320352097802   0
0.265373796031337   0.334951515310326   -0.0160926792246415   0.0182183961308988   0
0.25402141313379   0.337698613725169   -0.0113523828975474   0.00274709841484277   0
0.2995048810259   0.354714131579639   0.0454834678921099   0.0170155178544698   0
0.28592255265944   0.342724889900521   -0.0135823283664591   -0.0119892416791176   0
0.316226344798256   0.359306885164133   0.0303037921388158   0.016581995263612   0
0.26291210014839   0.342763971239529   -0.0533142446498658   -0.0165429139246046   0
0.247196775019147   0.335002607924212   -0.0157153251292433   -0.00776136331531624   0
0.252059836223435   0.325249316328524   0.00486306120428809   -0.00975329159568805   0
0.274683178397125   0.339830729543078   0.0226233421736901   0.0145814132145531   0
0.262573421860012   0.338835262603168   -0.0121097565371135   -0.000995466939909428   0
0.280648234314783   0.341811212175691   0.018074812454771   0.00297594957252273   0
0.266247441656129   0.34331411402385   -0.0144007926586539   0.00150290184815949   0
0.271349953174724   0.34688097619644   0.00510251151859475   0.00356686217258984   0
0.252597033845039   0.32951641234582   -0.0187529193296843   -0.01736456385062   0
0.236393550336453   0.325253677273347   -0.0162034835085867   -0.00426273507247305   0
0.251399771223267   0.334242959268809   0.0150062208868146   0.00898928199546145   0
0.229655570711126   0.313342401819886   -0.0217442005121413   -0.0209005574489227   0
0.196213132144011   0.286219624545373   -0.0334424385671153   -0.0271227772745132   0
0.211724357270455   0.296623849360657   0.0155112251264439   0.0104042248152844   0
0.233424143021536   0.298070757690786   0.0216997857510808   0.00144690833012906   0
0.173027609744093   0.229671356235993   -0.0603965332774425   -0.0683994014547931   0
0.190425167525939   0.270593489287776   0.0173975577818462   0.0409221330517827   0
0.150371822346505   0.243857637922913   -0.0400533451794344   -0.0267358513648626   0
