1.10225577427247e-14   5.44735251094107e-32   0   0   0
0.0437859600492284   0.0267115471254164   0.0437859600492173   0.0267115471254164   0
0.0385300845384047   0.0235329036742424   -0.00525587551082372   -0.003178643451174   0
0.103956535002613   0.0302945501958059   0.0654264504642087   0.00676164652156358   0
0.0949141327819508   0.0369294025281153   -0.00904240222066251   0.00663485233230941   0
0.0988459610147409   0.0314527090878238   0.00393182823279005   -0.00547669344029153   0
0.129178198596794   0.0791983259759651   0.0303322375820529   0.0477456168881413   0
0.140688971059633   0.0933842933567269   0.0115107724628392   0.0141859673807618   0
0.0910913856853639   0.120188704857505   -0.0495975853742691   0.0268044115007777   0
0.0773891108487693   0.100693165622671   -0.0137022748365946   -0.0194955392348331   0
0.0585892275791144   0.083794184845625   -0.0187998832696549   -0.0168989807770464   0
0.0728597873152868   0.109284771193748   0.0142705597361723   0.025490586348123   0
0.0696905941860728   0.106400416157708   -0.00316919312921396   -0.00288435503603954   0
0.0519462810352529   0.0986853425554156   -0.0177443131508199   -0.00771507360229289   0
0.0554876130731526   0.106526255762754   0.00354133203789968   0.00784091320733814   0
0.0487292461662711   0.110573377198049   -0.00675836690688153   0.00404712143529488   0
0.0587249652842425   0.0893671318938089   0.00999571911797145   -0.0212062453042397   0
0.0487715377998328   0.113595931937356   -0.00995342748440975   0.0242288000435468   0
0.0413090997457827   0.102386510690126   -0.00746243805405012   -0.01120942124723   0
0.0596480499244843   0.103042102240655   0.0183389501787016   0.000655591550529119   0
0.0930325416037418   0.0786333898733621   0.0333844916792576   -0.0244087123672927   0
0.0914855326131738   0.104224074416544   -0.00154700899056805   0.0255906845431818   0
0.0823738743074762   0.118176021136792   -0.00911165830569764   0.013951946720248   0
0.0931047746183377   0.127977914661202   0.0107309003108615   0.00980189352440991   0
0.0977238440170509   0.116184854997723   0.00461906939871319   -0.0117930596634786   0
0.0697348175508312   0.151619208557214   -0.0279890264662197   0.035434353559491   0
0.0673007125036744   0.16812206409789   -0.00243410504715671   0.0165028555406753   0
0.0851050071950936   0.166426873704125   0.0178042946914192   -0.00169519039376506   0
0.0731638532259075   0.194607027530293   -0.0119411539691861   0.028180153826168   0
0.0531956318932399   0.178479071660828   -0.0199682213326677   -0.016127955869465   0
0.0620190014155615   0.222894828564976   0.00882336952232161   0.0444157569041482   0
0.0728382070691098   0.197895338527501   0.0108192056535483   -0.0249994900374743   0
0.0425809105044304   0.17297302053849   -0.0302572965646794   -0.0249223179890111   0
0.0350414831096653   0.179426656638258   -0.00753942739476508   0.00645363609976782   0
0.0515921124981628   0.210183735811147   0.0165506293884975   0.030757079172889   0
0.0573527261908177   0.217278847335733   0.00576061369265493   0.00709511152458575   0
0.0500065429911786   0.220584737096138   -0.00734618319963912   0.00330588976040461   0
0.109433695826542   0.243148690982606   0.0594271528353635   0.0225639538864684   0
0.0726219900091997   0.247367351123132   -0.0368117058173425   0.00421866014052638   0
0.0746354056473734   0.260595649611864   0.00201341563817377   0.0132282984887317   0
0.0685788186933808   0.242248574010669   -0.0060565869539926   -0.0183470756011946   0
0.0578480194163282   0.255885462319706   -0.0107307992770526   0.013636888309037   0
0.0874561983032833   0.282491149702476   0.0296081788869551   0.0266056873827691   0
0.0827429418287242   0.279701273513284   -0.00471325647455903   -0.00278987618919202   0
0.116286281481203   0.309989903484072   0.0335433396524787   0.030288629970788   0
0.0712647741214775   0.289057026581658   -0.0450215073597254   -0.0209328769024133   0
0.0754599191216434   0.272513723265233   0.00419514500016588   -0.0165433033164255   0
0.0803264119416524   0.269605812115277   0.00486649282000898   -0.00290791114995559   0
0.0928844282541215   0.289713168876781   0.0125580163124691   0.0201073567615035   0
0.118355638221646   0.316282522303316   0.025471209967524   0.0265693534265357   0
0.0990237509335111   0.30414710856704   -0.0193318872881344   -0.0121354137362766   0
0.102493539086364   0.326256933275167   0.00346978815285261   0.0221098247081268   0
0.120010956602158   0.326793599028042   0.0175174175157948   0.000536665752875698   0
0.143484968877103   0.359750068709506   0.0234740122749443   0.0329564696814634   0
0.124569608224432   0.339584641683647   -0.0189153606526703   -0.020165427025859   0
0.0962073177960415   0.319940984422778   -0.0283622904283909   -0.0196436572608687   0
0.0801455342798191   0.31789643499077   -0.0160617835162224   -0.00204454943200838   0
0.128516352973803   0.331463587525015   0.048370818693984   0.0135671525342453   0
0.130986556261607   0.336381746760856   0.00247020328780387   0.00491815923584055   0
0.140583951113675   0.351307971703703   0.00959739485206818   0.0149262249428474   0
0.145005518266283   0.368677811245003   0.00442156715260825   0.0173698395413006   0
0.159382453207862   0.384644702604071   0.0143769349415788   0.0159668913590679   0
0.163215751099631   0.396735631309111   0.00383329789176853   0.01209092870504   0
0.155805199110027   0.382352851693798   -0.00741055198960344   -0.014382779615313   0
0.152166415525658   0.391862235799485   -0.0036387835843692   0.00950938410568664   0
0.131182357187719   0.385150864256452   -0.020984058337939   -0.00671137154303258   0
0.144243369622152   0.379876792882516   0.0130610124344332   -0.00527407137393643   0
0.167996103808711   0.397484686517111   0.0237527341865585   0.0176078936345948   0
0.136679975544815   0.375424385931755   -0.0313161282638958   -0.0220603005853555   0
0.160537959280924   0.38869876130058   0.0238579837361091   0.0132743753688244   0
0.171218174594318   0.384936381854814   0.010680215313394   -0.00376237944576563   0
0.177774946139923   0.38760774037662   0.00655677154560497   0.00267135852180606   0
0.206091291462769   0.392690036348837   0.0283163453228461   0.00508229597221727   0
0.582474146450439   0.463228856477722   0.37638285498767   0.0705388201288843   0
0.216540406982143   0.48284337312556   -0.365933739468296   0.019614516647838   0
0.210415608188123   0.476228473984559   -0.00612479879401959   -0.00661489914100027   0
0.24353498286944   0.426022796781244   0.0331193746813165   -0.0502056772033156   0
0.20623361958068   0.461785057320104   -0.0373013632887601   0.0357622605388602   0
0.210345557350439   0.474560388920143   0.0041119377697586   0.0127753316000387   0
