0   0   0   0   0
0.0265813000730524   0.0116201705386293   0.0265813000730524   0.0116201705386293   0
0.0302344360257758   0.0128646468388924   0.00365313595272337   0.00124447630026306   0
0.0952939623911623   0.0182911617675797   0.0650595263653864   0.0054265149286873   0
0.0535228944067255   0.0145577873083509   -0.0417710679844367   -0.00373337445922878   0
0.045341798104109   0.0122467653580745   -0.00818109630261647   -0.00231102195027638   0
0.0314924724579368   0.0192264936830863   -0.0138493256461723   0.00697972832501171   0
0.0190329919428248   0.0175615027599135   -0.012459480515112   -0.00166499092317273   0
0.0301631257506682   0.0270337707843551   0.0111301338078434   0.00947226802444161   0
0.0302667605793153   0.0178975916803172   0.000103634828647156   -0.00913617910403797   0
0.0942837941687196   0.0545423375417548   0.0640170335894042   0.0366447458614376   0
0.0662798335033747   0.037663966177288   -0.0280039606653449   -0.0168783713644668   0
0.0707381359641128   0.0444876124666863   0.00445830246073813   0.00682364628939831   0
0.0695149480564061   0.0530912180752172   -0.00122318790770673   0.00860360560853086   0
0.0867702039724933   0.0571836059796267   0.0172552559160872   0.00409238790440955   0
0.0732745308940158   0.0491494393449826   -0.0134956730784775   -0.00803416663464415   0
0.0894491365646909   0.0676485055274865   0.0161746056706751   0.0184990661825039   0
0.105290432779037   0.0677521398221768   0.0158412962143458   0.000103634294690277   0
0.14111985861588   0.0943033566190177   0.0358294258368436   0.0265512167968409   0
0.170297104443336   0.107503224347264   0.0291772458274557   0.0131998677282465   0
0.248748383337791   0.142015743204344   0.0784512788944547   0.0345125188570794   0
0.300707914707477   0.170101960423374   0.0519595313696863   0.0280862172190302   0
0.306243079285662   0.205552656589411   0.00553516457818509   0.0354506961660373   0
0.326582240700727   0.207310715865826   0.0203391614150648   0.00175805927641537   0
0.366584852765829   0.224604558812557   0.0400026120651023   0.0172938429467305   0
0.383497697353929   0.235349557334592   0.0169128445880998   0.0107449985220346   0
0.387315883664615   0.234778159390367   0.00381818631068609   -0.000571397944224422   0
0.417544208173253   0.270884717661494   0.0302283245086385   0.036106558271127   0
0.444866346045659   0.299146908647887   0.0273221378724059   0.0282621909863932   0
0.424883503338695   0.291796863433867   -0.0199828427069647   -0.00735004521402027   0
0.427333143993079   0.285793510000709   0.00244964065438419   -0.00600335343315805   0
0.459338237116783   0.29396140263549   0.032005093123704   0.00816789263478113   0
0.49121830462407   0.349761192001143   0.0318800675072868   0.0557997893656527   0
0.489139411980069   0.337895259131467   -0.00207889264400107   -0.0118659328696762   0
0.476383697837119   0.331068214496852   -0.0127557141429496   -0.00682704463461425   0
0.464430172946774   0.325587565477348   -0.011953524890345   -0.0054806490195044   0
0.487805687873805   0.321453643407867   0.0233755149270314   -0.0041339220694811   0
0.497646724205963   0.335259735638059   0.00984103633215794   0.0138060922301918   0
0.533296157738125   0.339997653872508   0.0356494335321619   0.00473791823444952   0
0.552030929961794   0.37427056325886   0.0187347722236686   0.0342729093863513   0
0.566629390924571   0.368409906329121   0.0145984609627767   -0.00586065692973819   0
0.587352832533202   0.38203372248148   0.0207234416086313   0.0136238161523587   0
0.566091792269145   0.37686852220685   -0.0212610402640571   -0.0051652002746298   0
0.582987481508009   0.391691684027008   0.0168956892388643   0.0148231618201578   0
0.605625694948351   0.410027901967313   0.0226382134403417   0.0183362179403048   0
0.602165699076903   0.409434803698908   -0.00345999587144774   -0.000593098268405146   0
0.590237323788954   0.410784321728918   -0.0119283752879494   0.00134951803001054   0
0.602596646312236   0.426525081330533   0.0123593225232825   0.0157407596016148   0
0.620017059666323   0.445897566446332   0.0174204133540874   0.019372485115799   0
0.644560983119602   0.438186500350903   0.0245439234532785   -0.00771106609542915   0
0.687793991322831   0.461501781026608   0.0432330082032287   0.023315280675705   0
0.659354736139306   0.441749607288564   -0.028439255183525   -0.0197521737380438   0
0.650836009178744   0.441467445512391   -0.00851872696056222   -0.00028216177617324   0
0.67761327160354   0.463536009102175   0.0267772624247967   0.0220685635897839   0
0.66863446396747   0.450652784826578   -0.00897880763607017   -0.0128832242755973   0
0.704166355827448   0.471492055610399   0.0355318918599778   0.0208392707838211   0
0.717624099852143   0.491510571180647   0.0134577440246948   0.020018515570248   0
0.689156948122456   0.46187361139671   -0.0284671517296872   -0.0296369597839367   0
0.688168496650217   0.451684678828152   -0.000988451472238694   -0.0101889325685576   0
0.690673754436827   0.45012821745143   0.00250525778660993   -0.00155646137672194   0
0.666394742709234   0.460023388152019   -0.0242790117275926   0.00989517070058837   0
0.693567678201908   0.476847310853886   0.0271729354926742   0.0168239227018676   0
0.693547034972935   0.490267573048549   -2.06432289732161e-05   0.0134202621946625   0
0.707475981215605   0.507785528762448   0.0139289462426697   0.0175179557138994   0
0.670020341842369   0.45370841464737   -0.0374556393732358   -0.0540771141150784   0
0.674239404699131   0.45181500458827   0.00421906285676155   -0.00189341005909982   0
0.68280323272458   0.462052087176339   0.00856382802544897   0.0102370825880693   0
0.643274833015902   0.43506373883657   -0.0395283997086771   -0.0269883483397698   0
0.609142877453139   0.413532475471851   -0.0341319555627633   -0.0215312633647184   0
0.574386065096557   0.393392166476661   -0.0347568123565818   -0.0201403089951903   0
0.544886174139587   0.368038395164104   -0.0294998909569709   -0.0253537713125567   0
0.547175467633444   0.352439528820596   0.00228929349385776   -0.0155988663435077   0
0.576201412272618   0.381918504181793   0.0290259446391739   0.0294789753611966   0
0.564826866116141   0.387559719693683   -0.0113745461564768   0.00564121551188979   0
0.536935334127052   0.376414207752125   -0.0278915319890892   -0.0111455119415576   0
0.5353235137335   0.386960024492794   -0.0016118203935519   0.0105458167406686   0
0.775640057330193   0.228617368403895   0.240316543596693   -0.158342656088899   0
0.709894121276406   0.232982995377511   -0.0657459360537876   0.00436562697361603   0
0.778725219301023   0.20011515868665   0.0688310980246176   -0.032867836690861   0
