0   0   0   0   0
0.0394454562216842   0.0165652134280392   0.0394454562216842   0.0165652134280392   0
0.0245880764887967   0.029984416283935   -0.0148573797328875   0.0134192028558958   0
0.0289247374427526   0.0396334551121131   0.0043366609539559   0.00964903882817816   0
0.0308784301550123   0.0382066641566769   0.0019536927122597   -0.00142679095543623   0
0.0317527758188353   0.0459226769589148   0.000874345663822919   0.00771601280223794   0
0.0355952756547957   0.0420383537337405   0.00384249983596042   -0.00388432322517434   0
0.0493159937613944   0.0507525434846848   0.0137207181065987   0.00871418975094431   0
0.0274627023652796   0.0427037223436875   -0.0218532913961148   -0.00804882114099732   0
0.0377970864962824   0.0421549223447487   0.0103343841310028   -0.000548799998938775   0
0.0256329452583063   0.0537907935711935   -0.0121641412379762   0.0116358712264448   0
0.0247407328689914   0.0516639652638025   -0.000892212389314896   -0.00212682830739098   0
0.0331786070996795   0.0570557840440565   0.00843787423068815   0.005391818780254   0
0.0332382747962186   0.0496696739819014   5.96676965390758e-05   -0.00738611006215515   0
0.038951466888456   0.0460116868067894   0.00571319209223744   -0.00365798717511199   0
0.0444776708736424   0.0563157752167497   0.0055262039851864   0.0103040884099603   0
0.051795464325327   0.0628299758793802   0.00731779345168455   0.00651420066263054   0
0.0741381129660043   0.0562961620625018   0.0223426486406773   -0.00653381381687849   0
0.0546038141636614   0.0643696247848317   -0.0195342988023429   0.0080734627223299   0
0.0416400158342695   0.0621567042305742   -0.0129637983293919   -0.00221292055425746   0
0.0408922604840465   0.0615782893299145   -0.000747755350223041   -0.00057841490065965   0
0.0636815954962129   0.0654260253657536   0.0227893350121664   0.003847736035839   0
0.0633722293887955   0.0734075545897603   -0.000309366107417428   0.00798152922400672   0
0.0577346593869778   0.0632109922197572   -0.00563757000181765   -0.0101965623700031   0
0.0848955839942963   0.0708666150770293   0.0271609246073184   0.00765562285727209   0
0.0667167042829113   0.068752588835581   -0.0181788797113849   -0.00211402624144831   0
0.0561141939473641   0.0641814281942329   -0.0106025103355472   -0.00457116064134806   0
0.055980946595568   0.0551129614042403   -0.000133247351796081   -0.00906846678999265   0
0.0598282124109803   0.0622747459435453   0.0038472658154123   0.00716178453930505   0
0.0573771968651888   0.0594613976816188   -0.00245101554579156   -0.00281334826192654   0
0.0525332824694575   0.0461767615744477   -0.00484391439573124   -0.013284636107171   0
0.0461929893917387   0.0410890239235173   -0.00634029307771886   -0.00508773765093049   0
0.0510377834032451   0.0416845632346384   0.00484479401150649   0.000595539311121197   0
0.0579905024046149   0.0415199457980314   0.00695271900136971   -0.000164617436607034   0
0.0601527742856185   0.0506941717418342   0.0021622718810036   0.0091742259438028   0
0.0635938391356303   0.0574572393461167   0.00344106485001185   0.00676306760428252   0
0.0620802660597027   0.0598375922424194   -0.0015135730759276   0.00238035289630269   0
0.0705832429437704   0.065261808736706   0.0085029768840677   0.00542421649428658   0
0.0837508347536012   0.0861774902884973   0.0131675918098308   0.0209156815517913   0
0.0797722257057702   0.0849218942742218   -0.00397860904783101   -0.0012555960142755   0
0.0767211053400105   0.0756259103393831   -0.00305112036575966   -0.00929598393483869   0
0.0709818369511384   0.0659111090518485   -0.00573926838887211   -0.00971480128753469   0
0.102011638401045   0.0803088516395627   0.0310298014499062   0.0143977425877142   0
0.0780977754558405   0.0790461732270005   -0.0239138629452041   -0.00126267841256222   0
0.0758800464611943   0.0725096777519204   -0.00221772899464619   -0.00653649547508005   0
0.072656821819969   0.0875009085729745   -0.00322322464122531   0.0149912308210541   0
0.0822646283890039   0.0821206485715342   0.00960780656903491   -0.0053802600014403   0
0.0764276336742229   0.0858204189202729   -0.00583699471478105   0.00369977034873865   0
0.0730077191279501   0.0871550630904199   -0.00341991454627279   0.00133464417014706   0
0.0753869305160144   0.0989240764440721   0.00237921138806434   0.0117690133536522   0
0.075198513680123   0.104109511435822   -0.000188416835891395   0.0051854349917497   0
0.103520599281617   0.10585112430039   0.0283220856014943   0.0017416128645682   0
0.10990445911281   0.114042668240887   0.00638385983119316   0.00819154394049736   0
0.0996986841590164   0.116543425926123   -0.0102057749537941   0.0025007576852358   0
0.0887682525368976   0.122466908349523   -0.0109304316221187   0.00592348242339989   0
0.111165052435388   0.120118494533458   0.0223967998984903   -0.00234841381606483   0
0.0911756366051601   0.107035288052517   -0.0199894158302279   -0.0130832064809415   0
0.0907284269270804   0.106238673101722   -0.000447209678079707   -0.000796614950794652   0
0.0929226523839568   0.101958184343173   0.00219422545687638   -0.00428048875854929   0
0.0913471464553986   0.10983980569994   -0.00157550592855818   0.007881621356767   0
0.0766359148741585   0.0983424505294029   -0.0147112315812401   -0.0114973551705369   0
0.0769702072786763   0.110829199536206   0.00033429240451778   0.0124867490068036   0
0.0842922025239573   0.110112756294583   0.00732199524528104   -0.000716443241623177   0
0.0928619774156115   0.111629371912786   0.00856977489165421   0.00151661561820235   0
0.0891253967604622   0.107050106626171   -0.00373658065514935   -0.0045792652866149   0
0.102759440359285   0.101798929834439   0.0136340435988228   -0.00525117679173176   0
0.108431965681605   0.120438227614874   0.00567252532232002   0.0186392977804346   0
0.106174036419546   0.112861904884196   -0.00225792926205853   -0.00757632273067767   0
0.113279617376675   0.0969314539029333   0.00710558095712821   -0.0159304509812626   0
0.0984201857656225   0.101060570291035   -0.0148594316110521   0.00412911638810132   0
0.0937166876433179   0.0994911830218143   -0.00470349812230458   -0.00156938726922028   0
0.118120522635088   0.0963507229718087   0.0244038349917697   -0.00314046005000562   0
