0   0   0   0   0
0.294054665191824   0.0611857512813823   0.294054665191824   0.0611857512813823   0
0.565712038145798   0.327300523756586   0.271657372953974   0.266114772475204   0
0.527415356454834   0.33476703791695   -0.038296681690964   0.00746651416036337   0
0.424030279548956   0.317160591477768   -0.103385076905878   -0.0176064464391818   0
0.339893109085831   0.336457271440401   -0.084137170463125   0.0192966799626325   0
0.284800744185736   0.354907230195351   -0.0550923649000954   0.0184499587549503   0
0.168053205664995   0.346158665961549   -0.116747538520741   -0.00874856423380199   0
0.174799471762501   0.345711891189122   0.00674626609750603   -0.00044677477242655   0
0.150189541268292   0.327727385734474   -0.0246099304942092   -0.0179845054546484   0
0.114571940618333   0.325995187231944   -0.0356176006499589   -0.00173219850253004   0
0.128914844711397   0.132970902959973   0.0143429040930645   -0.193024284271971   0
0.215879287040762   0.226158698750601   0.0869644423293644   0.0931877957906279   0
0.215012518220587   0.0546638976653449   -0.000866768820174141   -0.171494801085256   0
0.173883551946681   0.0567916352074948   -0.0411289662739061   0.00212773754214991   0
0.16342845984084   0.089119315407274   -0.0104550921058413   0.0323276801997792   0
0.131543566541418   0.0884263998599762   -0.0318848932994218   -0.000692915547297876   0
0.17316404178256   0.112785363128785   0.041620475241142   0.0243589632688083   0
0.14584372100285   0.0795542116140716   -0.0273203207797107   -0.0332311515147129   0
0.106571152818697   0.0607888736744889   -0.0392725681841525   -0.0187653379395827   0
0.130976540010914   0.139673607542514   0.0244053871922171   0.0788847338680254   0
0.209162399413994   0.104910196218869   0.0781858594030799   -0.0347634113236451   0
0.167610703756076   0.121743572902507   -0.0415516956579182   0.0168333766836379   0
0.0961960911995458   0.165874067266592   -0.0714146125565299   0.0441304943640852   0
0.152428683297231   0.202044175945016   0.0562325920976853   0.036170108678424   0
0.128819957296724   0.203523869714798   -0.0236087260005067   0.00147969376978124   0
0.119186885714796   0.207340661411641   -0.0096330715819284   0.0038167916968429   0
0.109724393020032   0.208177458651357   -0.00946249269476432   0.000836797239716969   0
0.129807158021287   0.216180025466858   0.0200827650012558   0.00800256681550016   0
0.135825487114474   0.208349247059634   0.00601832909318634   -0.00783077840722368   0
0.116219877864593   0.216927491334357   -0.0196056092498807   0.00857824427472298   0
0.0829013941774442   0.248100364827151   -0.0333184836871488   0.0311728734927936   0
0.109981295758578   0.24103553617979   0.0270799015811338   -0.00706482864736074   0
0.140399482674092   0.200956373826441   0.0304181869155137   -0.0400791623533493   0
0.116576672238528   0.200615387326521   -0.0238228104355634   -0.00034098649991926   0
0.0941871045328142   0.209145530051454   -0.0223895677057141   0.0085301427249326   0
0.0318089109970799   0.210585347543995   -0.0623781935357343   0.00143981749254077   0
0.0612412953447381   0.262640165650438   0.0294323843476582   0.0520548181064429   0
0.0857330062159362   0.235724439811357   0.0244917108711981   -0.0269157258390803   0
0.0435017004015856   0.238953974063162   -0.0422313058143506   0.0032295342518045   0
0.0785356327371382   0.226200716803815   0.0350339323355526   -0.0127532572593471   0
0.0687101848018276   0.224563177495932   -0.00982544793531064   -0.00163753930788244   0
0.0806969955533187   0.188995649445245   0.0119868107514911   -0.0355675280506869   0
0.0663016037702643   0.217832160605598   -0.0143953917830544   0.0288365111603527   0
0.0297653808730883   0.227695134338806   -0.036536222897176   0.00986297373320807   0
0.0235950658460851   0.231680219221668   -0.00617031502700323   0.00398508488286228   0
0.0279513064654117   0.254932148405772   0.00435624061932659   0.0232519291841034   0
0.0469084986785425   0.240564454190298   0.0189571922131308   -0.0143676942154738   0
0.0339968531848606   0.282190210660959   -0.0129116454936819   0.0416257564706614   0
0.0959259316607761   0.267984969180009   0.0619290784759155   -0.0142052414809506   0
0.054888814417443   0.279097196949687   -0.0410371172433331   0.0111122277696784   0
0.113732424128712   0.271544385974568   0.0588436097112694   -0.00755281097511923   0
0.0721444628118376   0.311095726708955   -0.0415879613168749   0.0395513407343875   0
0.0389346726591907   0.303200415340459   -0.0332097901526469   -0.00789531136849625   0
0.0285147161938223   0.263305698473075   -0.0104199564653684   -0.0398947168673839   0
0.0516946719476436   0.264953985592036   0.0231799557538213   0.00164828711896098   0
0.037243635064054   0.279798041240269   -0.0144510368835897   0.014844055648233   0
0.218081848210119   0.0407202836735009   0.180838213146065   -0.239077757566768   0
0.535396326128317   0.480286784988413   0.317314477918198   0.439566501314912   0
0.862046292423418   0.184407111860141   0.326649966295102   -0.295879673128272   0
1.03642138939766   0.309796244222636   0.174375096974242   0.125389132362495   0
1.12724393446915   0.39748361615779   0.0908225450714939   0.087687371935154   0
1.10885061591629   0.328053668669772   -0.018393318552866   -0.0694299474880182   0
0.830372403091998   0.298669237720505   -0.27847821282429   -0.0293844309492666   0
0.778937434656782   0.30949102205969   -0.0514349684352168   0.0108217843391844   0
0.798799411121331   0.336602029020191   0.0198619764645495   0.0271110069605014   0
0.803181852089184   0.361145231941986   0.00438244096785267   0.0245432029217947   0
0.811409146821352   0.370885023473202   0.0082272947321681   0.00973979153121618   0
0.638645494106996   0.33759718520616   -0.172763652714356   -0.0332878382670415   0
0.544749800979474   0.28823878039941   -0.0938956931275224   -0.0493584048067508   0
0.544610764586016   0.272125086597885   -0.000139036393457692   -0.016113693801525   0
0.597980839085977   0.292400706428824   0.0533700744999613   0.0202756198309395   0
0.526319498377542   0.294352105872198   -0.0716613407084352   0.00195139944337397   0
0.603946805184484   0.350837928749493   0.0776273068069415   0.0564858228772946   0
0.570076610202747   0.375710736770008   -0.0338701949817364   0.0248728080205149   0
0.611100785094376   0.380126083315381   0.0410241748916291   0.00441534654537329   0
0.59640679652529   0.386925701744744   -0.0146939885690865   0.00679961842936333   0
