7.840391e-15   3.0338427e-16   0   0   0
0.0790234970844936   0.00482888724144634   0.0790234970844858   0.00482888724144604   0
0.025396976200572   0.0117086900621981   -0.0536265208839217   0.00687980282075173   0
0.0485369010734332   0.0273779244900718   0.0231399248728612   0.0156692344278738   0
0.00701640294984189   0.0116731018501723   -0.0415204981235913   -0.0157048226398995   0
0.0408316057104927   0.0377106857423619   0.0338152027606508   0.0260375838921896   0
0.0342680891150609   0.0131489556796016   -0.00656351659543176   -0.0245617300627603   0
0.0384332045897294   0.0200946119450034   0.00416511547466848   0.00694565626540182   0
0.0287621513777087   0.0301053212634079   -0.00967105321202069   0.0100107093184045   0
0.0503066913810181   0.0270452513186464   0.0215445400033094   -0.0030600699447615   0
0.0426529223644384   0.026429898556922   -0.00765376901657969   -0.000615352761724378   0
0.0432775487903456   0.0331882918003571   0.000624626425907188   0.00675839324343507   0
0.0469422634653293   0.0373778519695656   0.00366471467498367   0.00418956016920846   0
0.0602784419764773   0.0454747199418109   0.013336178511148   0.00809686797224538   0
0.0541234151943924   0.0512339318439409   -0.00615502678208484   0.00575921190212991   0
0.0415703832349316   0.0505200087153532   -0.0125530319594608   -0.000713923128587667   0
0.0592892644088828   0.0562008707466899   0.0177188811739511   0.00568086203133673   0
0.0671501478526288   0.0626850470986927   0.007860883443746   0.00648417635200277   0
0.0591296348526839   0.0613294686092912   -0.00802051299994488   -0.00135557848940144   0
0.0699026437008021   0.0774754430072819   0.0107730088481182   0.0161459743979907   0
0.0920412243955956   0.0921630686421273   0.0221385806947936   0.0146876256348454   0
0.104094405501674   0.0986471855751241   0.0120531811060786   0.00648411693299676   0
0.104675950162832   0.091479054633445   0.000581544661157618   -0.00716813094167912   0
0.0963778448426546   0.0923034465170753   -0.0082981053201772   0.000824391883630302   0
0.0780881581410617   0.0680496588842499   -0.0182896867015929   -0.0242537876328254   0
0.089393541958634   0.0620661233509254   0.0113053838175724   -0.00598353553332443   0
0.0941710042384691   0.0742849230667681   0.00477746227983511   0.0122187997158426   0
0.0920357463238581   0.0694034322965944   -0.00213525791461103   -0.00488149077017366   0
0.0747638084060626   0.0737931119757354   -0.0172719379177955   0.00438967967914097   0
0.0592218785549526   0.0554091547496112   -0.01554192985111   -0.0183839572261241   0
0.050716125631559   0.100739727455698   -0.00850575292339359   0.0453305727060873   0
0.0764502237928272   0.0673360919552662   0.0257340981612682   -0.0334036355004323   0
0.0786602756556206   0.0718215050421074   0.00221005186279338   0.00448541308684117   0
0.0848964939684319   0.0845857276611264   0.00623621831281125   0.012764222619019   0
0.0697392804186124   0.0843573553665452   -0.0151572135498194   -0.000228372294581197   0
0.0787637583818748   0.0879363667596426   0.0090244779632624   0.00357901139309745   0
0.115069062607056   0.0664890035708621   0.0363053042251808   -0.0214473631887806   0
0.0763430463150713   0.0819583576857649   -0.0387260162919842   0.0154693541149028   0
0.0932396840972577   0.092658466479979   0.0168966377821863   0.0107001087942142   0
0.0734314655108942   0.0957182226424854   -0.0198082185863634   0.00305975616250637   0
0.106836666425472   0.10679869469924   0.0334052009145775   0.0110804720567542   0
0.105322730325815   0.0892135620048506   -0.00151393609965675   -0.017585132694389   0
0.116396603851033   0.107346449495955   0.0110738735252179   0.0181328874911045   0
0.104762758215261   0.0945666201265088   -0.011633845635772   -0.0127798293694462   0
0.0987687777830902   0.101415454022168   -0.00599398043217075   0.00684883389565964   0
0.112194935582009   0.10472281225907   0.0134261577989187   0.00330735823690108   0
0.090166310247996   0.0975718884576161   -0.0220286253340129   -0.00715092380145345   0
0.0882446943074221   0.0938193485209995   -0.00192161594057394   -0.00375253993661659   0
0.0850086690677209   0.0675620382635929   -0.00323602523970119   -0.0262573102574067   0
0.103538583986621   0.0497238192969026   0.0185299149189001   -0.0178382189666903   0
0.0323490870314022   0.0535648835403061   -0.0711894969552188   0.00384106424340352   0
0.0832768190813248   0.0493087136145305   0.0509277320499226   -0.00425616992577566   0
0.100441173399648   0.0597507288563613   0.0171643543183227   0.0104420152418309   0
0.138250241910333   0.0648082950737698   0.0378090685106852   0.00505756621740844   0
0.135813042532868   0.0757519335672672   -0.00243719937746434   0.0109436384934974   0
0.147237521460584   0.0679112641511228   0.0114244789277158   -0.00784066941614431   0
0.152470986202362   0.0731592109196267   0.0052334647417773   0.00524794676850389   0
0.148168032663983   0.0818888963920678   -0.00430295353837853   0.0087296854724411   0
0.13406469899608   0.0664478414025936   -0.014103333667903   -0.0154410549894742   0
0.117180474960955   0.0653677244839148   -0.0168842240351247   -0.00108011691867883   0
0.116897023575217   0.0625755371272497   -0.000283451385738431   -0.00279218735666503   0
0.145000862268927   0.0621943005733402   0.02810383869371   -0.000381236553909509   0
0.163591037263678   0.0839223517209653   0.0185901749947506   0.0217280511476251   0
0.171146689019437   0.093181694976173   0.0075556517557592   0.00925934325520762   0
0.174952918956781   0.0740068957065405   0.003806229937344   -0.0191747992696325   0
0.20061309532018   0.107963048893097   0.025660176363399   0.0339561531865561   0
0.1928474804282   0.107304470465454   -0.00776561489197936   -0.000658578427642068   0
0.196409113535214   0.101508132081244   0.00356163310701371   -0.0057963383842107   0
0.207737674741801   0.111991295810959   0.0113285612065868   0.0104831637297151   0
0.210295967740166   0.117133334687159   0.00255829299836488   0.00514203887619982   0
0.20844068214056   0.124909823341428   -0.00185528559960546   0.00777648865426951   0
0.205741085389292   0.111243687734085   -0.00269959675126852   -0.0136661356073429   0
