0   0   0   0   0
0.0138546579966325   0.0387022813796614   0.0138546579966325   0.0387022813796614   0
0.0310215309012898   0.0355225918232509   0.0171668729046572   -0.0031796895564105   0
0.0511768391719613   0.0194050244660096   0.0201553082706716   -0.0161175673572412   0
0.0333492206051103   0.0486700205140451   -0.0178276185668511   0.0292649960480355   0
0.024888535312162   0.0656069928101594   -0.00846068529294827   0.0169369722961143   0
0.0170210921313931   0.0775205844202798   -0.00786744318076894   0.0119135916101204   0
0.0395163734833256   0.0686193797392308   0.0224952813519325   -0.00890120468104903   0
0.0348466322678331   0.0895739759689228   -0.00466974121549257   0.020954596229692   0
0.0203386632297304   0.0781038044741413   -0.0145079690381027   -0.0114701714947815   0
0.0417566145218453   0.0769939172919271   0.021417951292115   -0.00110988718221422   0
0.0349525637713201   0.0618411637718246   -0.00680405075052521   -0.0151527535201024   0
0.0353269558210242   0.0642492285885558   0.000374392049704041   0.00240806481673116   0
0.0411318712175309   0.0557255804856696   0.00580491539650677   -0.00852364810288615   0
0.0511621644370061   0.0347638814841353   0.0100302932194752   -0.0209616990015344   0
0.0648336861264118   0.0568545691486089   0.0136715216894057   0.0220906876644736   0
0.0503098929178262   0.0545332015663577   -0.0145237932085857   -0.00232136758225119   0
0.0610847281599783   0.0563503135299943   0.0107748352421521   0.00181711196363658   0
0.0376993917985806   0.060928309398035   -0.0233853363613977   0.00457799586804076   0
0.0461122479631816   0.0705472708997386   0.00841285616460099   0.00961896150170359   0
0.0430983241278102   0.0637574327280812   -0.00301392383537139   -0.00678983817165744   0
0.0420514053428517   0.062964326075733   -0.00104691878495847   -0.000793106652348233   0
0.0576353504440181   0.0679497181876782   0.0155839451011664   0.00498539211194528   0
0.0604874854922936   0.0723775700765206   0.00285213504827556   0.00442785188884239   0
0.0457391654648133   0.091397775304918   -0.0147483200274803   0.0190202052283973   0
0.039463241852227   0.0911312854919004   -0.00627592361258635   -0.000266489813017606   0
0.0272296200054464   0.0822808269750739   -0.0122336218467805   -0.00885045851682642   0
0.050340250398323   0.0804481087348332   0.0231106303928766   -0.00183271824024071   0
0.0376486470354219   0.0703260600024806   -0.0126916033629012   -0.0101220487323527   0
0.0271733181021464   0.0793133639633968   -0.0104753289332755   0.00898730396091621   0
0.0335377583741992   0.0796627325131776   0.00636444027205283   0.000349368549780793   0
0.0360013431533752   0.0858261987588463   0.00246358477917595   0.00616346624566871   0
0.0407441518563093   0.103143272328137   0.00474280870293409   0.0173170735692911   0
0.0521531064269288   0.138204014579282   0.0114089545706196   0.0350607422511447   0
0.0491283749433676   0.116881101779216   -0.00302473148356125   -0.0213229128000658   0
0.042282098563516   0.127537301332804   -0.00684627637985159   0.0106561995535877   0
0.0455170021223581   0.130657531739888   0.00323490355884207   0.00312023040708428   0
0.0523099129025192   0.142207822004642   0.00679291078016114   0.0115502902647537   0
0.0526202068223503   0.163281381213315   0.000310293919831117   0.0210735592086733   0
0.0491889361842628   0.155076637802966   -0.00343127063808749   -0.00820474341034924   0
0.0404744251849376   0.163038579363068   -0.00871451099932519   0.00796194156010196   0
0.0407975957337798   0.162080951730671   0.000323170548842185   -0.000957627632397234   0
0.0296704241064716   0.162883856743635   -0.0111271716273083   0.000802905012964317   0
0.0363589708285438   0.181216353953764   0.00668854672207222   0.0183324972101289   0
0.0330037839091617   0.186629856265121   -0.00335518691938204   0.00541350231135695   0
0.0113025180373261   0.202767559909569   -0.0217012658718356   0.0161377036444481   0
0.0247814460825774   0.200278554343355   0.0134789280452513   -0.00248900556621451   0
0.0190204057173066   0.188349783298782   -0.0057610403652708   -0.0119287710445725   0
0.0233884203614362   0.184523275857687   0.00436801464412954   -0.0038265074410947   0
0.032240104032416   0.197843790017493   0.00885168367097987   0.0133205141598055   0
0.023577308501242   0.18969270988825   -0.00866279553117403   -0.00815108012924295   0
0.0460241289158365   0.20205070404457   0.0224468204145945   0.0123579941563197   0
0.0462171173326719   0.198543800680307   0.000192988416835335   -0.00350690336426263   0
0.0227928995895305   0.20157309203077   -0.0234242177431414   0.00302929135046301   0
0.0754475114542793   0.203924890208083   0.0526546118647489   0.00235179817731343   0
0.0498202930810045   0.201678190358562   -0.0256272183732748   -0.00224669984952144   0
0.0742950951621073   0.214944130842454   0.0244748020811029   0.0132659404838923   0
0.0421220008098146   0.187749171924661   -0.0321730943522927   -0.0271949589177931   0
0.0379141217398209   0.18376873540955   -0.00420787906999372   -0.0039804365151114   0
0.119130616117091   0.186800975768913   0.0812164943772706   0.00303224035936353   0
0.124877871682512   0.179761164446543   0.00574725556542066   -0.00703981132237072   0
0.0888745980115752   0.188940506514359   -0.0360032736709369   0.00917934206781609   0
0.111905476635557   0.219139769859127   0.0230308786239818   0.0301992633447688   0
0.10926855598449   0.214349841302984   -0.00263692065106753   -0.00478992855614302   0
