7.1054274e-15   0   0   0   0
0.0411358440200897   0.0113715953549541   0.0411358440200826   0.0113715953549541   0
0.0196617088058485   0.0494395747799107   -0.0214741352142412   0.0380679794249566   0
0.0856330132692759   0.0268401363192637   0.0659713044634274   -0.022599438460647   0
0.105523650041757   0.0517121031812236   0.0198906367724812   0.0248719668619599   0
0.09409889003732   0.0510794530567462   -0.0114247600044372   -0.00063265012447733   0
0.0842058032939301   0.0527654780878109   -0.00989308674338994   0.00168602503106466   0
0.114814359423282   0.0695059988956154   0.0306085561293524   0.0167405208078045   0
0.103250046786566   0.0861779755581009   -0.0115643126367161   0.0166719766624855   0
0.115268145742184   0.102827075789731   0.0120180989556172   0.0166491002316305   0
0.110151204663074   0.0956664164186277   -0.00511694107910905   -0.00716065937110369   0
0.160228919604671   0.0784363579623442   0.0500777149415966   -0.0172300584562835   0
0.139373046394723   0.0928186299418159   -0.020855873209948   0.0143822719794718   0
0.127749535697734   0.110276530385214   -0.0116235106969887   0.0174579004433977   0
0.130252330949717   0.140409598855723   0.0025027952519828   0.0301330684705096   0
0.171412393755695   0.195760167093405   0.0411600628059777   0.0553505682376818   0
0.143605169420137   0.18579950984421   -0.0278072243355579   -0.00996065724919512   0
0.143293832164136   0.172714541803388   -0.000311337256000382   -0.0130849680408222   0
0.120801672078291   0.150483332569946   -0.0224921600858455   -0.0222312092334417   0
0.10073876840273   0.153623003513574   -0.0200629036755612   0.00313967094362821   0
0.12534353137631   0.166537449012645   0.0246047629735804   0.0129144454990705   0
0.142231691393269   0.220314831290167   0.0168881600169586   0.0537773822775221   0
0.163921714368803   0.201007618829481   0.0216900229755346   -0.0193072124606863   0
0.163949968227557   0.220388180455491   2.82538587534631e-05   0.0193805616260102   0
0.169529826581669   0.237014877219742   0.00557985835411173   0.0166266967642515   0
0.160069955049663   0.219821627682677   -0.009459871532006   -0.0171932495370654   0
0.165013479673989   0.217257118108189   0.00494352462432618   -0.00256450957448784   0
0.165536784747325   0.212314440837817   0.000523305073336505   -0.00494267727037162   0
0.15711682857287   0.21234891149806   -0.0084199561744554   3.44706602425915e-05   0
0.131313737771208   0.20885188755922   -0.0258030908016615   -0.00349702393883977   0
0.147473175858238   0.216111695562177   0.01615943808703   0.00725980800295664   0
0.144845504908225   0.217944242662808   -0.00262767095001298   0.00183254710063102   0
0.118718543782298   0.207455875165112   -0.026126961125927   -0.0104883674976954   0
0.140143656744912   0.208747715251614   0.0214251129626139   0.0012918400865016   0
0.167716965948243   0.212307436585314   0.0275733092033307   0.00355972133369961   0
0.165325599461191   0.222418831605652   -0.00239136648705215   0.0101113950203381   0
0.171815561921584   0.226696948260911   0.00648996246039288   0.00427811665525915   0
0.188619839640514   0.226413902849342   0.01680427771893   -0.000283045411568622   0
0.253146251394492   0.266611276434637   0.0645264117539786   0.0401973735852952   0
0.230439967414612   0.227686877873703   -0.0227062839798801   -0.0389243985609342   0
0.212615683071428   0.262247006710235   -0.0178242843431845   0.0345601288365315   0
0.192730257416145   0.260495625046385   -0.0198854256552832   -0.00175138166384997   0
0.19085062535509   0.253783346577632   -0.0018796320610546   -0.00671227846875239   0
0.19806867309913   0.266131026060272   0.00721804774404028   0.0123476794826391   0
0.205070667263002   0.264418303238245   0.0070019941638719   -0.00171272282202656   0
0.225977366007619   0.273475659799677   0.0209066987446165   0.00905735656143247   0
0.189557378006085   0.248041550867709   -0.0364199880015339   -0.0254341089319685   0
0.257638925477372   0.34443375137755   0.0680815474712873   0.0963922005098415   0
0.18043374783311   0.348325560159455   -0.0772051776442626   0.0038918087819047   0
0.191990730415723   0.32895654741832   0.0115569825826135   -0.0193690127411356   0
0.225592705256609   0.335018356030752   0.0336019748408862   0.00606180861243272   0
0.22647392391495   0.346072257053631   0.000881218658340371   0.0110539010228786   0
0.237045073067996   0.352940519885436   0.0105711491530462   0.00686826283180553   0
0.257324921410504   0.375658800038821   0.0202798483425081   0.0227182801533842   0
0.264370502866678   0.373696972444034   0.00704558145617451   -0.00196182759478614   0
0.250139525770666   0.36380057704726   -0.014230977096012   -0.00989639539677417   0
0.230271556129753   0.365436751653354   -0.0198679696409132   0.001636174606094   0
0.242176019020348   0.370327859048312   0.011904462890595   0.00489110739495757   0
0.264224026933764   0.376316088470515   0.0220480079134158   0.00598822942220323   0
0.262452718031396   0.396642508293653   -0.00177130890236826   0.0203264198231376   0
0.24029525150907   0.400671130664186   -0.0221574665223255   0.00402862237053325   0
0.238478298636456   0.405213433924067   -0.00181695287261407   0.00454230325988147   0
0.265342321341527   0.406671061007806   0.0268640227050704   0.00145762708373864   0
0.304060066613562   0.415932872596218   0.0387177452720349   0.00926181158841244   0
0.303137357997279   0.419056500182987   -0.000922708616283019   0.00312362758676826   0
0.309514298888381   0.423022297432976   0.00637694089110208   0.00396579724998891   0
0.321147289268814   0.424650437731737   0.0116329903804337   0.00162814029876107   0
0.303278277847668   0.418586707456827   -0.0178690114211463   -0.00606373027491003   0
0.343607758588506   0.453606666256802   0.0403294807408384   0.035019958799975   0
0.345457312366955   0.453128179883178   0.00184955377844831   -0.000478486373623355   0
0.353581900306814   0.460504231074928   0.00812458793985948   0.00737605119174928   0
0.375527841580177   0.47899030393612   0.0219459412733633   0.0184860728611921   0
0.387454016148752   0.492578340909145   0.0119261745685743   0.0135880369730248   0
0.375946562536657   0.503837853275512   -0.0115074536120951   0.0112595123663675   0
0.380843469079689   0.481760909077545   0.0048969065430326   -0.0220769441979666   0
0.411125193339388   0.491599911449247   0.0302817242596985   0.00983900237170199   0
0.398736499977472   0.513826245391219   -0.0123886933619157   0.0222263339419713   0
0.413553774223588   0.50931250829848   0.0148172742461157   -0.00451373709273828   0
0.452932954864204   0.526410485787883   0.0393791806406161   0.0170979774894028   0
