0   0   0   0   0
0.0265953796514758   0.0284070999333147   0.0265953796514758   0.0284070999333147   0
0.0491597726323894   0.0227614627330965   0.0225643929809136   -0.00564563720021822   0
0.0485479840319113   0.0310813542469061   -0.000611788600478148   0.00831989151380958   0
0.0359879324875566   0.0582193193498291   -0.0125600515443547   0.027137965102923   0
0.105377228475987   0.144974283557533   0.0693892959884308   0.0867549642077039   0
0.162231615981285   0.173386426481967   0.0568543875052974   0.028412142924434   0
0.185844447109847   0.165142014744036   0.0236128311285624   -0.00824441173793153   0
0.196345904489907   0.157946963156224   0.0105014573800601   -0.00719505158781181   0
0.215749852230418   0.193064319988292   0.0194039477405111   0.0351173568320685   0
0.248743839923857   0.199004955902126   0.0329939876934389   0.00594063591383395   0
0.27020616879667   0.202112835652389   0.0214623288728127   0.00310787975026239   0
0.220739949487787   0.183114837479241   -0.0494662193088834   -0.0189979981731473   0
0.16098071158984   0.155780782174874   -0.0597592378979462   -0.0273340553043668   0
0.131269724341174   0.137323083269824   -0.0297109872486662   -0.0184576989050508   0
0.150530994630058   0.143952828306028   0.0192612702888843   0.00662974503620475   0
0.15208060099082   0.121973676543135   0.00154960636076157   -0.0219791517628935   0
0.140923814024558   0.0882825571477119   -0.0111567869662615   -0.0336911193954229   0
0.135884833404004   0.101009859070146   -0.0050389806205545   0.0127273019224339   0
0.216736524761839   0.114861082587435   0.0808516913578349   0.0138512235172888   0
0.174093206856332   0.100396539786861   -0.0426433179055065   -0.0144645428005738   0
0.167801954483694   0.115731209489644   -0.00629125237263831   0.0153346697027837   0
0.20302976230701   0.149538598499295   0.0352278078233154   0.0338073890096506   0
0.151411377503882   0.0706282381175706   -0.0516183848031272   -0.0789103603817244   0
0.155707587186919   0.0773504329088781   0.00429620968303654   0.00672219479130745   0
0.20018399583055   0.0983671852301726   0.0444764086436308   0.0210167523212945   0
0.189622368643146   0.0788937954509996   -0.010561627187404   -0.019473389779173   0
0.166656703381063   0.0887056884421214   -0.022965665262083   0.00981189299112183   0
0.172616907995812   0.0995597765693745   0.00596020461474958   0.0108540881272531   0
0.167294138356945   0.0883222262699155   -0.00532276963886713   -0.011237550299459   0
0.136686929830028   0.093218438298421   -0.0306072085269167   0.00489621202850551   0
0.143252376523129   0.075765059541225   0.00656544669310055   -0.0174533787571961   0
0.149827090897778   0.0883771786917449   0.00657471437464927   0.01261211915052   0
0.15549694374358   0.0822703092127565   0.00566985284580201   -0.00610686947898841   0
0.125648966856092   0.0510489439502103   -0.0298479768874883   -0.0312213652625462   0
0.158603040160334   0.0718492371419999   0.0329540733042417   0.0208002931917896   0
0.154918816077546   0.0615134932576139   -0.00368422408278798   -0.010335743884386   0
0.13763247947965   0.0575600089744705   -0.0172863365978958   -0.00395348428314332   0
0.139011691748114   0.0602738896470135   0.0013792122684638   0.00271388067254297   0
0.169379290296461   0.0642525384307461   0.0303675985483472   0.00397864878373262   0
0.166967252837683   0.0558129911715583   -0.00241203745877772   -0.00843954725918779   0
0.179282640961689   0.0538439489423081   0.0123153881240058   -0.00196904222925022   0
0.183389379940402   0.0594453935501098   0.00410673897871353   0.0056014446078017   0
0.193211737905686   0.0697720652875054   0.00982235796528383   0.0103266717373956   0
0.215142283465471   0.0783146076717547   0.0219305455597845   0.00854254238424927   0
0.212866072219399   0.0663824834096255   -0.00227621124607172   -0.0119321242621292   0
0.227302465786449   0.0774668168653431   0.0144363935670501   0.0110843334557176   0
0.239111855727421   0.07819632966582   0.0118093899409723   0.000729512800476839   0
0.241194537323627   0.0732013011746929   0.00208268159620542   -0.00499502849112704   0
0.274808394624558   0.0956300401688714   0.0336138573009312   0.0224287389941785   0
0.274277952395493   0.105558846836141   -0.000530442229065509   0.00992880666726989   0
0.278023861852861   0.0897915844776739   0.0037459094573683   -0.0157672623584674   0
0.293766906108597   0.0965537081770566   0.0157430442557366   0.00676212369938267   0
0.292433895468089   0.107860224721332   -0.00133301064050817   0.0113065165442751   0
0.291554968121717   0.11891327768807   -0.000878927346372294   0.0110530529667379   0
0.292349047867096   0.120183728251671   0.000794079745379206   0.0012704505636013   0
0.300153255562977   0.110996093058177   0.00780420769588119   -0.00918763519349391   0
0.303247664272066   0.114664198686723   0.00309440870908856   0.00366810562854596   0
0.302444683065318   0.113124268112067   -0.000802981206747655   -0.00153993057465557   0
0.305130949784982   0.12063369349947   0.00268626671966399   0.00750942538740286   0
0.362717757799068   0.127242155012443   0.0575868080140859   0.00660846151297285   0
0.409535643719374   0.140448135214589   0.0468178859203056   0.0132059802021461   0
0.365200434240319   0.114760550540109   -0.0443352094790544   -0.0256875846744804   0
0.392515523300125   0.11756469800733   0.0273150890598058   0.00280414746722168   0
0.365613728620156   0.0990681101884205   -0.0269017946799696   -0.0184965878189099   0
