0   0   0   0   0
0.0542551166186365   0.0508497181351546   0.0542551166186365   0.0508497181351546   0
0.0616017865443149   0.0477529429635324   0.00734666992567838   -0.00309677517162221   0
0.0983422942675446   0.0722826704673366   0.0367405077232297   0.0245297275038041   0
0.452520989239644   0.269835986318519   0.354178694972099   0.197553315851182   0
0.202967100752884   0.0884027152414128   -0.24955388848676   -0.181433271077106   0
0.239063118082075   0.122099799546824   0.0360960173291909   0.0336970843054108   0
0.169978321110305   0.0837442698600591   -0.0690847969717697   -0.0383555296867644   0
0.166362253639404   0.100864478287038   -0.00361606747090154   0.0171202084269788   0
0.192297070381275   0.114420978364303   0.0259348167418712   0.0135565000772652   0
0.183275453809962   0.104550796340606   -0.00902161657131326   -0.00987018202369741   0
0.192506479210199   0.0995481410960693   0.00923102540023749   -0.00500265524453643   0
0.132426120215991   0.0697153508908125   -0.0600803589942079   -0.0298327902052568   0
0.128303649361952   0.0735186679263877   -0.00412247085403938   0.00380331703557513   0
0.118866259115515   0.0856055617486406   -0.00943739024643668   0.0120868938222529   0
0.185613109535778   0.128156018608866   0.0667468504202627   0.042550456860225   0
0.20088042515377   0.122370236409919   0.0152673156179914   -0.00578578219894631   0
0.203082245552814   0.146195512437833   0.00220182039904485   0.0238252760279132   0
0.196100193078053   0.145703904245486   -0.00698205247476177   -0.000491608192346754   0
0.213076600395806   0.159257958216161   0.0169764073177537   0.0135540539706747   0
0.201875139754189   0.145558709534854   -0.0112014606416172   -0.013699248681307   0
0.270467432851432   0.172974367758525   0.0685922930972429   0.0274156582236714   0
0.309805317971046   0.159322968841155   0.0393378851196141   -0.0136513989173701   0
0.228895816940418   0.135681020207066   -0.0809095010306279   -0.0236419486340892   0
0.239875691701773   0.155293785911269   0.0109798747613545   0.0196127657042038   0
0.250652147786975   0.15556501017784   0.0107764560852021   0.000271224266570252   0
0.17277528155275   0.100448065470249   -0.0778768662342245   -0.0551169447075906   0
0.218624700027824   0.156121075936229   0.0458494184750741   0.0556730104659799   0
0.224918161354536   0.167807556003976   0.00629346132671135   0.0116864800677474   0
0.253307561793071   0.186701290221841   0.0283894004385353   0.0188937342178644   0
0.217054920224686   0.160408310768112   -0.0362526415683849   -0.0262929794537284   0
0.208498842778243   0.160903903254244   -0.0085560774464436   0.000495592486131957   0
0.197394895636084   0.156854941168793   -0.0111039471421581   -0.0040489620854518   0
0.217942676557212   0.186045507914665   0.0205477809211273   0.0291905667458723   0
0.204883713494345   0.144656193177583   -0.0130589630628669   -0.0413893147370817   0
0.203446669386386   0.158854441967551   -0.00143704410795931   0.0141982487899683   0
0.207048778196484   0.179447572640312   0.00360210881009812   0.0205931306727609   0
0.207678963755301   0.162396768946242   0.000630185558817303   -0.0170508036940699   0
0.537633336343821   0.374255384339777   0.32995437258852   0.211858615393534   0
0.567901355972781   0.282270840429783   0.0302680196289598   -0.0919845439099934   0
0.49299140757154   0.24786639244   -0.0749099484012409   -0.0344044479897829   0
0.486102111386006   0.238597893399097   -0.00688929618553413   -0.00926849904090307   0
0.403929747510065   0.201140165733459   -0.0821723638759406   -0.0374577276656385   0
0.406241275216326   0.192724333172621   0.00231152770626075   -0.0084158325608383   0
0.409030333620876   0.156278360380495   0.00278905840455029   -0.0364459727921258   0
0.374922040070202   0.15147375996732   -0.0341082935506744   -0.0048046004131746   0
0.273508978931834   0.119073201685477   -0.101413061138367   -0.032400558281843   0
0.228871805057029   0.089289725784799   -0.0446371738748051   -0.0297834759006783   0
0.260777749347435   0.107772567843955   0.0319059442904061   0.0184828420591556   0
0.240515566138693   0.0933401316122554   -0.0202621832087424   -0.0144324362316993   0
0.250908793843392   0.106638378535335   0.0103932277046991   0.0132982469230794   0
0.219975555868043   0.0950249133208642   -0.0309332379753488   -0.0116134652144705   0
0.206795240960445   0.108958039961811   -0.0131803149075987   0.0139331266409471   0
0.231143057383725   0.127500155512418   0.0243478164232809   0.0185421155506064   0
0.205635530506669   0.124512712824114   -0.025507526877056   -0.00298744268830371   0
0.218296653683363   0.116882900027857   0.0126611231766934   -0.00762981279625656   0
0.150334232057957   0.123603020523101   -0.067962421625406   0.00672012049524351   0
0.167403203738853   0.109094240408987   0.0170689716808965   -0.014508780114114   0
0.1252195031903   0.141130744287466   -0.0421837005485538   0.0320365038784795   0
0.121647654020225   0.145563101830037   -0.00357184917007479   0.00443235754257029   0
0.156000192759893   0.188136044321235   0.0343525387396679   0.0425729424911984   0
0.165426099132361   0.205206527048785   0.00942590637246785   0.0170704827275498   0
0.196700516315753   0.209223308154886   0.0312744171833928   0.0040167811061011   0
0.182197519714816   0.189424627015574   -0.0145029966009369   -0.0197986811393115   0
0.218563676087149   0.20346793555822   0.0363661563723328   0.0140433085426452   0
0.211803552140275   0.2235988049425   -0.00676012394687422   0.0201308693842802   0
0.197271942948841   0.18882952307702   -0.0145316091914345   -0.0347692818654804   0
0.242751743616544   0.236065858271132   0.0454798006677032   0.0472363351941123   0
0.154335822724613   0.14053415194656   -0.0884159208919304   -0.0955317063245721   0
0.221337958022135   0.278958939297396   0.0670021352975217   0.138424787350836   0
0.258945524737568   0.284926844363406   0.0376075667154327   0.00596790506601014   0
0.303039573053294   0.30785571353249   0.0440940483157261   0.0229288691690841   0
0.30929376210329   0.31498893348068   0.00625418904999614   0.00713321994819055   0
0.389954780083997   0.363183435339076   0.0806610179807072   0.0481945018583954   0
0.336968069768215   0.346699715356808   -0.0529867103157822   -0.0164837199822681   0
0.345225651427358   0.332714503501963   0.00825758165914259   -0.0139852118548446   0
0.317362628719576   0.335311792160056   -0.0278630227077813   0.00259728865809244   0
0.346738652378098   0.343493203002178   0.0293760236585218   0.0081814108421227   0
0.321725889756329   0.332384982004546   -0.0250127626217687   -0.0111082209976319   0
