0   0   0   0   0
0.372167589382042   0.190632613508927   0.372167589382042   0.190632613508927   0
0.360065373464129   0.148375280967007   -0.0121022159179136   -0.0422573325419196   0
0.345592603864172   0.130487297331656   -0.0144727695999566   -0.0178879836353514   0
0.375751145615988   0.172769527241193   0.030158541751816   0.0422822299095371   0
0.420893293492931   0.184465712646812   0.0451421478769423   0.0116961854056189   0
0.338954973185012   0.137679048189535   -0.0819383203079181   -0.0467866644572768   0
0.420584132399894   0.158556839442734   0.0816291592148812   0.0208777912531988   0
0.326938426036732   0.220865080507507   -0.0936457063631619   0.0623082410647737   0
0.274833083091975   0.145494006924573   -0.0521053429447566   -0.0753710735829342   0
0.249533211635595   0.111302606804589   -0.0252998714563806   -0.0341914001199841   0
0.203205212662112   0.0499640948221406   -0.0463279989734824   -0.0613385119824485   0
0.235409469415263   0.0573271982490684   0.0322042567531504   0.00736310342692782   0
0.313372841999716   0.134943825605722   0.0779633725844536   0.0776166273566538   0
0.194460202038725   0.107685834412509   -0.118912639960991   -0.0272579911932129   0
0.336892976822186   0.256112757734099   0.142432774783461   0.14842692332159   0
0.146163365031159   0.121180329784276   -0.190729611791028   -0.134932427949823   0
0.217316779494678   0.0449868643138391   0.0711534144635199   -0.0761934654704372   0
0.177373942649784   0.116437601435053   -0.0399428368448947   0.0714507371212142   0
0.284306276865411   0.111460294303418   0.106932334215628   -0.00497730713163574   0
0.348425111584752   0.10364610496834   0.0641188347193407   -0.00781418933507752   0
0.405996585553117   0.123133988052434   0.057571473968365   0.0194878830840943   0
0.326071459913223   0.0988934742621885   -0.0799251256398937   -0.0242405137902458   0
0.403692550463605   0.132140605866103   0.0776210905503817   0.0332471316039148   0
0.408922797521953   0.146987714672882   0.0052302470583479   0.0148471088067789   0
0.360479655883846   0.135894397358183   -0.0484431416381068   -0.0110933173146995   0
0.200243550925597   0.29180935964515   -0.160236104958249   0.155914962286967   0
0.247948626748779   0.237984567669389   0.0477050758231822   -0.0538247919757609   0
0.146687338641782   0.10064914711825   -0.101261288106997   -0.137335420551139   0
0.156946438852693   0.120309169362944   0.0102591002109103   0.0196600222446943   0
0.321375575976463   0.197152878897398   0.164429137123771   0.0768437095344537   0
0.312859511277535   0.219893180967099   -0.00851606469892868   0.0227403020697012   0
0.263521467949061   0.110030115786331   -0.0493380433284739   -0.109863065180768   0
0.460322684756307   0.249132693115245   0.196801216807246   0.139102577328915   0
0.450304926982095   0.224303385207035   -0.010017757774212   -0.0248293079082099   0
0.520946323265945   0.256634844358472   0.0706413962838505   0.0323314591514367   0
0.500398601188009   0.250579276293527   -0.0205477220779361   -0.006055568064945   0
0.616861108609262   0.28921920657318   0.116462507421252   0.0386399302796524   0
0.530061976806974   0.229866037554849   -0.0867991318022879   -0.0593531690183305   0
0.510845075599457   0.289389087774456   -0.0192169012075162   0.0595230502196066   0
0.48691808823461   0.226642234367129   -0.0239269873648474   -0.0627468534073264   0
0.511307542632453   0.201826857911575   0.0243894543978433   -0.0248153764555543   0
0.6167541033958   0.25822730083112   0.105446560763347   0.0564004429195448   0
0.584589736994363   0.245633399439572   -0.0321643664014376   -0.0125939013915474   0
0.691469534526792   0.400698470443594   0.10687979753243   0.155065071004022   0
0.659286084682828   0.359153200133038   -0.0321834498439644   -0.0415452703105559   0
0.315624952810674   0.164429384164335   -0.343661131872154   -0.194723815968703   0
0.358806596112105   0.274967835599078   0.0431816433014313   0.110538451434743   0
0.569162888198896   0.293175411346409   0.210356292086791   0.0182075757473312   0
0.572120386113239   0.285460259760771   0.00295749791434297   -0.00771515158563801   0
0.657497213623004   0.286813776678792   0.0853768275097652   0.00135351691802105   0
0.587842814116231   0.222892855644155   -0.0696543995067734   -0.0639209210346371   0
0.669008036063545   0.274176537955181   0.0811652219473145   0.0512836823110258   0
0.597505073184589   0.240116624560356   -0.0715029628789567   -0.0340599133948249   0
0.566716795094445   0.209808130511461   -0.0307882780901433   -0.0303084940488951   0
0.495863518350515   0.179047981721116   -0.07085327674393   -0.0307601487903446   0
0.508681059654981   0.196587267664516   0.0128175413044652   0.0175392859433992   0
0.692518758426057   0.245658891258224   0.183837698771077   0.0490716235937085   0
0.567925488339322   0.1971802269727   -0.124593270086736   -0.0484786642855241   0
0.491010121180743   0.15251507326946   -0.0769153671585789   -0.0446651537032396   0
0.44686959743425   0.150986955060251   -0.0441405237464923   -0.00152811820920931   0
0.609643216064065   0.192423351057266   0.162773618629815   0.0414363959970148   0
0.578277107123644   0.180734986086354   -0.0313661089404207   -0.0116883649709121   0
0.599404872124345   0.172823309005068   0.0211277650007003   -0.00791167708128593   0
0.556076785910519   0.193919463890109   -0.0433280862138254   0.0210961548850407   0
0.629760590207074   0.153968537641972   0.0736838042965551   -0.0399509262481371   0
0.414463338140071   0.173428819103847   -0.215297252067003   0.0194602814618752   0
0.384179794893468   0.172223225270939   -0.0302835432466035   -0.00120559383290794   0
0.567829240798597   0.220992812623294   0.18364944590513   0.0487695873523553   0
0.598931496247382   0.231545576978096   0.0311022554487845   0.0105527643548019   0
0.14565243076238   0.18637477863857   -0.453279065485002   -0.0451707983395259   0
0.21627599540762   0.114846414035526   0.0706235646452398   -0.0715283646030437   0
0.327715865532725   0.242912304007374   0.111439870125105   0.128065889971847   0
0.465370323599241   0.245620096183082   0.137654458066516   0.00270779217570849   0
0.464418012920465   0.235103388823156   -0.000952310678775437   -0.0105167073599267   0
0.514815132963847   0.211952612424691   0.0503971200433817   -0.0231507763984646   0
0.330409562151956   0.177360882917032   -0.184405570811891   -0.0345917295076587   0
