0   0   0   0   0
0.165673685523596   0.102499277465658   0.165673685523596   0.102499277465658   0
0.116472578035019   0.0477953186810125   -0.0492011074885766   -0.0547039587846456   0
0.0620731480625019   0.0603056411223169   -0.0543994299725175   0.0125103224413044   0
0.0426233322202101   0.0539915024221888   -0.0194498158422917   -0.00631413870012815   0
0.0636902209032462   0.0573318779867177   0.0210668886830361   0.00334037556452891   0
0.0830073425725477   0.0395909952941346   0.0193171216693015   -0.0177408826925831   0
0.0707149689751831   0.07660545659743   -0.0122923735973646   0.0370144613032954   0
0.130991007017107   0.1814226048912   0.0602760380419234   0.10481714829377   0
0.132411943963318   0.154581130420092   0.00142093694621137   -0.026841474471108   0
0.107619168040599   0.101102782840215   -0.0247927759227194   -0.0534783475798768   0
0.0859207830299937   0.0765250112983968   -0.0216983850106048   -0.0245777715418185   0
0.114673202707292   0.122439144028367   0.0287524196772981   0.0459141327299703   0
0.113956565540603   0.0892734346736091   -0.000716637166688364   -0.033165709354758   0
0.116045312917468   0.071118306787983   0.00208874737686426   -0.0181551278856261   0
0.138021234832919   0.103110602732895   0.0219759219154515   0.0319922959449119   0
0.142480108866847   0.0669262437201238   0.00445887403392795   -0.0361843590127711   0
0.150680540450824   0.0783760675524194   0.00820043158397729   0.0114498238322956   0
0.168445996761422   0.105078189867296   0.0177654563105976   0.0267021223148767   0
0.16135706162965   0.114103944323836   -0.00708893513177178   0.00902575445653989   0
0.17916010570769   0.133133918040407   0.0178030440780393   0.0190299737165713   0
0.168105119807455   0.0964621727037532   -0.0110549859002344   -0.0366717453366541   0
0.170851256957093   0.100676493363235   0.00274613714963751   0.00421432065948157   0
0.164537329767259   0.0856771534588036   -0.00631392718983362   -0.0149993399044312   0
0.156025434549805   0.0706128274602904   -0.00851189521745441   -0.0150643259985132   0
0.169025179220569   0.0818957855927737   0.0129997446707648   0.0112829581324833   0
0.1684360993235   0.0841754708525369   -0.000589079897069356   0.00227968525976316   0
0.179594458107793   0.100135628978537   0.0111583587842934   0.0159601581260004   0
0.185918600096682   0.101111223434919   0.00632414198888831   0.000975594456381887   0
0.182116652558487   0.0950001047261857   -0.00380194753819504   -0.00611111870873346   0
0.150773864709048   0.08072494026168   -0.0313427878494386   -0.0142751644645057   0
0.162404280247584   0.0994409208306614   0.0116304155385354   0.0187159805689815   0
0.163698675121067   0.0956337544645652   0.00129439487348365   -0.00380716636609622   0
0.12697031815239   0.0925752203396686   -0.0367283569686771   -0.00305853412489661   0
0.144029733723316   0.0943145949036784   0.0170594155709261   0.00173937456400981   0
0.144659038079866   0.101554378225751   0.000629304356550259   0.0072397833220728   0
0.130582415274853   0.103000667742203   -0.0140766228050137   0.0014462895164513   0
0.130051018439649   0.110316784482419   -0.000531396835203979   0.00731611674021672   0
0.150103786589845   0.103065172509701   0.0200527681501959   -0.00725161197271815   0
0.142469056295091   0.104711875353293   -0.00763473029475367   0.00164670284359239   0
0.130137601131714   0.120104742530668   -0.0123314551633774   0.0153928671773746   0
0.135457671257695   0.112948379111088   0.00532007012598096   -0.00715636341957993   0
0.135932052105306   0.115380729933123   0.000474380847611394   0.00243235082203487   0
0.133019345980185   0.123267605744289   -0.00291270612512112   0.0078868758111655   0
0.134770836353611   0.126664844076349   0.00175149037342581   0.00339723833206089   0
0.130039529464165   0.142078902646653   -0.00473130688944537   0.0154140585703036   0
0.124875667992726   0.144601699747028   -0.00516386147143923   0.00252279710037509   0
0.151604801831745   0.164557898359183   0.0267291338390187   0.0199561986121548   0
0.129480820961228   0.19115356026176   -0.0221239808705168   0.026595661902577   0
0.136004634402891   0.184909576710957   0.00652381344166267   -0.00624398355080252   0
0.160994282085671   0.219419478861322   0.0249896476827803   0.0345099021503648   0
0.162705690909699   0.231241593706234   0.00171140882402843   0.0118221148449114   0
0.197688446704044   0.270248058096427   0.0349827557943449   0.0390064643901931   0
0.211077233801963   0.272983117137669   0.0133887870979189   0.00273505904124233   0
0.213358497962377   0.280708678265894   0.00228126416041438   0.00772556112822487   0
0.193002346424298   0.27281478212899   -0.0203561515380795   -0.00789389613690361   0
0.181080888390792   0.273637928409665   -0.0119214580335057   0.00082314628067498   0
0.224049123998968   0.305428240118103   0.0429682356081754   0.0317903117084375   0
0.242991984396995   0.315881082304721   0.0189428603980269   0.0104528421866177   0
0.174435716886806   0.27051600002461   -0.0685562675101887   -0.0453650822801101   0
0.225967941197935   0.324296656198283   0.0515322243111289   0.0537806561736721   0
0.228617359568847   0.328487613963305   0.00264941837091212   0.0041909577650221   0
0.181437930954503   0.295394673567337   -0.0471794286143442   -0.0330929403959677   0
0.220465306452974   0.303105381557976   0.0390273754984709   0.00771070799063878   0
0.197445433635213   0.289772192607748   -0.0230198728177608   -0.0133331889502278   0
0.240875910485619   0.326091987326544   0.0434304768504067   0.0363197947187957   0
0.209086047602647   0.302376004806001   -0.0317898628829725   -0.0237159825205426   0
0.204821121135628   0.331474080205562   -0.00426492646701873   0.0290980753995613   0
0.203495659675728   0.321206603254786   -0.00132546145990073   -0.0102674769507761   0
0.216403518117066   0.329658745817393   0.012907858441338   0.00845214256260673   0
0.252479472798133   0.363237378063083   0.0360759546810673   0.0335786322456897   0
0.246131096131319   0.420406564411372   -0.00634837666681337   0.057169186348289   0
0.145716167510738   0.290392932111773   -0.100414928620582   -0.130013632299599   0
0.256778782205141   0.360985755288164   0.111062614694403   0.070592823176391   0
0.159205989541127   0.236524819245695   -0.0975727926640141   -0.124460936042469   0
