1.5888218854475e-14   0   0   0   0
0.00557232299711377   0.0292960956181749   0.00557232299709788   0.0292960956181749   0
0.0212441312893084   0.0469424430401773   0.0156718082921946   0.0176463474220024   0
0.0258673401907376   0.049114629259709   0.00462320890142929   0.00217218621953172   0
0.0348361389232519   0.0445385942174812   0.00896879873251424   -0.00457603504222783   0
0.0447856059517449   0.0458313251289133   0.00994946702849305   0.00129273091143205   0
0.0348367520502329   0.0383576637244425   -0.00994885390151207   -0.00747366140447073   0
0.0599477356320074   0.0381011594013298   0.0251109835817746   -0.000256504323112756   0
0.0611523666535463   0.0322923365141072   0.00120463102153891   -0.00580882288722253   0
0.0742905205577518   0.0466614611205386   0.0131381539042055   0.0143691246064313   0
0.0716912265096684   0.0603325494414893   -0.0025992940480834   0.0136710883209507   0
0.0476023460932422   0.0444966951642707   -0.0240888804164262   -0.0158358542772185   0
0.0348652238865767   0.0452596571903452   -0.0127371222066654   0.000762962026074412   0
0.0332190210733174   0.0546447073941642   -0.00164620281325934   0.00938505020381905   0
0.0394781868664395   0.0492634935832061   0.00625916579312211   -0.00538121381095805   0
0.0154607778464716   0.06203407468746   -0.0240174090199679   0.0127705811042539   0
0.0286669901293456   0.0702611071143943   0.013206212282874   0.00822703242693424   0
0.0554301687759501   0.0752934208162397   0.0267631786466044   0.00503231370184537   0
0.0843954530573637   0.122363546725531   0.0289652842814137   0.0470701259092918   0
0.0964035065076882   0.124767746460248   0.0120080534503245   0.00240419973471612   0
0.100087824120002   0.107084277413469   0.00368431761231351   -0.0176834690467783   0
0.0663766450592122   0.0942593364631738   -0.0337111790607895   -0.0128249409502955   0
0.0480112612289322   0.0893957578454548   -0.0183653838302799   -0.00486357861771901   0
0.0287329754159546   0.0917384431817275   -0.0192782858129776   0.00234268533627273   0
0.0695911273844857   0.0913353441243546   0.040858151968531   -0.000403099057372916   0
0.106125918107905   0.11916636553296   0.036534790723419   0.0278310214086058   0
0.0610796665720687   0.0826522542133938   -0.045046251535836   -0.0365141113195666   0
0.0421103560519606   0.0854443933364579   -0.0189693105201081   0.00279213912306414   0
0.0507035346183589   0.091785696623914   0.00859317856639831   0.00634130328745607   0
0.0235925395717004   0.0752936518744882   -0.0271109950466585   -0.0164920447494258   0
0.0576766203495274   0.0721914154832347   0.034084080777827   -0.00310223639125344   0
0.0512875283108344   0.0738390201763545   -0.00638909203869296   0.00164760469311975   0
0.023852034869405   0.0808256344130216   -0.0274354934414294   0.00698661423666716   0
0.0514684636540838   0.0919234388355799   0.0276164287846788   0.0110978044225583   0
0.0632370137646362   0.0907980204122034   0.0117685501105524   -0.0011254184233765   0
0.109610336015774   0.130336417586752   0.0463733222511381   0.0395383971745487   0
0.0833039240403581   0.110873882153343   -0.0263064119754162   -0.0194625354334093   0
0.0506098063891349   0.0901826401050193   -0.0326941176512232   -0.0206912420483235   0
0.0938726148610639   0.0903379367348527   0.043262808471929   0.000155296629833407   0
0.104738632630762   0.101939841601825   0.0108660177696976   0.0116019048669724   0
0.109388161290396   0.0939756783102891   0.00464952865963413   -0.00796416329153597   0
0.144698501109979   0.105936249243248   0.0353103398195838   0.0119605709329592   0
0.106271731580505   0.0944816329134526   -0.0384267695294748   -0.0114546163297957   0
0.0682519150343096   0.11337706977305   -0.0380198165461951   0.0188954368595974   0
0.0856808434619677   0.106020172877684   0.0174289284276581   -0.0073568968953656   0
0.087630446621707   0.118623999563977   0.00194960315973927   0.0126038266862922   0
0.0826034528358287   0.116348769813347   -0.00502699378587822   -0.00227522975062969   0
0.0943610879762319   0.127510312623399   0.0117576351404032   0.0111615428100521   0
0.111951670093365   0.151398597126506   0.0175905821171333   0.0238882845031071   0
0.151701605317336   0.20119253773783   0.0397499352239712   0.0497939406113241   0
0.157681047525805   0.206458650720321   0.0059794422084683   0.00526611298249108   0
0.155108290193986   0.213971127673458   -0.00257275733181839   0.00751247695313695   0
0.0909711102569429   0.159361770128339   -0.0641371799370435   -0.0546093575451195   0
0.126493240700427   0.0910538997417695   0.0355221304434839   -0.0683078703865692   0
0.238682082272559   0.312445019648927   0.112188841572133   0.221391119907158   0
0.206310331656123   0.28031875776225   -0.0323717506164366   -0.0321262618866772   0
0.183197893404178   0.257434373883926   -0.0231124382519447   -0.0228843838783235   0
0.198042710266018   0.244670304079047   0.0148448168618395   -0.0127640698048795   0
0.227251478013039   0.262686393045732   0.0292087677470214   0.0180160889666851   0
0.223717729030506   0.255287210521161   -0.00353374898253317   -0.00739918252457089   0
0.211687333905729   0.245973024747204   -0.0120303951247764   -0.0093141857739571   0
0.207388176078595   0.211598469667741   -0.00429915782713491   -0.0343745550794626   0
