7.1054274e-15   0   0   0   0
0.197414451631659   0.118301764027152   0.197414451631652   0.118301764027152   0
0.339341181348163   0.155109067886741   0.141926729716504   0.0368073038595889   0
0.238755495476319   0.152216446445242   -0.100585685871844   -0.00289262144149965   0
0.332441915963412   0.177885902824361   0.0936864204870927   0.0256694563791191   0
0.524473100787749   0.258536753490363   0.192031184824337   0.0806508506660021   0
0.554489459733431   0.284342195509405   0.0300163589456829   0.0258054420190419   0
0.576424187606919   0.28526508216459   0.0219347278734872   0.00092288665518514   0
0.430399463238284   0.299696207013543   -0.146024724368634   0.0144311248489529   0
0.477193209303459   0.311286903996369   0.0467937460651748   0.0115906969828261   0
0.520633545814359   0.352111581227184   0.0434403365108997   0.0408246772308155   0
0.563521485131418   0.381595307275244   0.0428879393170594   0.0294837260480597   0
0.620284780864734   0.406209785178945   0.056763295733316   0.0246144779037005   0
0.618641187893397   0.408509698907746   -0.00164359297133754   0.00229991372880106   0
0.656107941637916   0.422869864697884   0.0374667537445194   0.0143601657901385   0
0.492718128464399   0.338165857397301   -0.163389813173517   -0.084704007300583   0
0.383204866709628   0.504167796144708   -0.109513261754772   0.166001938747407   0
0.524583794935914   0.280570006518596   0.141378928226286   -0.223597789626112   0
0.676062558571724   0.288552002913978   0.151478763635811   0.00798199639538194   0
0.559561401303988   0.26049950719258   -0.116501157267736   -0.0280524957213982   0
0.626524345003519   0.273898928822089   0.0669629436995303   0.0133994216295097   0
0.618088231450065   0.286586993481574   -0.0084361135534532   0.0126880646594849   0
0.638388753132958   0.28858455460058   0.0203005216828928   0.00199756111900606   0
0.540729295602961   0.25747641442587   -0.0976594575299975   -0.0311081401747101   0
0.570294745819313   0.285763962524142   0.029565450216352   0.028287548098272   0
0.482627822297762   0.209148801944397   -0.0876669235215503   -0.0766151605797451   0
0.471878821553708   0.214868646780577   -0.0107490007440542   0.00571984483617971   0
0.522041319044482   0.240731734452351   0.0501624974907739   0.0258630876717747   0
0.549357114794123   0.24951366657959   0.027315795749641   0.00878193212723893   0
0.596535955388714   0.275885840999819   0.047178840594591   0.0263721744202286   0
0.38720738451344   0.577866157544959   -0.209328570875275   0.30198031654514   0
0.597490704708128   0.84847144129358   0.210283320194688   0.270605283748621   0
0.260371539024735   0.409668124945963   -0.337119165683393   -0.438803316347617   0
0.320909829317511   0.340213273187875   0.0605382902927759   -0.0694548517580879   0
0.482120950691651   0.328646387041545   0.16121112137414   -0.0115668861463309   0
0.636105499302802   0.297076918811756   0.153984548611151   -0.0315694682297888   0
0.743625449486271   0.331498756684863   0.107519950183469   0.0344218378731077   0
0.709440639661598   0.326925327204111   -0.0341848098246733   -0.00457342948075262   0
0.972753699155735   0.514719009649186   0.263313059494137   0.187793682445075   0
0.931710883167427   0.53651810899454   -0.0410428159883078   0.0217990993453542   0
0.911772153550423   0.533421460731288   -0.0199387296170043   -0.00309664826325207   0
0.937812501713284   0.514104419654868   0.026040348162861   -0.0193170410764195   0
0.944948884167184   0.507451792170769   0.00713638245390025   -0.00665262748409945   0
0.944792247578298   0.52990412699335   -0.000156636588886538   0.0224523348225809   0
0.947086415086188   0.50962160487451   0.00229416750789002   -0.0202825221188397   0
0.931797816695309   0.500043126392083   -0.015288598390879   -0.0095784784824271   0
1.01621319142092   0.457460848560191   0.084415374725612   -0.0425822778318916   0
0.804809537106577   0.456201809878328   -0.211403654314344   -0.00125903868186372   0
0.989316774324733   0.50222862449344   0.184507237218156   0.0460268146151121   0
1.02723637136903   0.527300136950624   0.0379195970442948   0.0250715124571842   0
1.0368106567378   0.527538570654107   0.0095742853687677   0.000238433703482754   0
1.02201507648688   0.515308684666027   -0.0147955802509159   -0.0122298859880796   0
1.06584486991918   0.526484182805701   0.0438297934323035   0.0111754981396743   0
1.10417660740026   0.559902967014451   0.0383317374810801   0.0334187842087493   0
0.390753981019093   0.110647049555545   -0.71342262638117   -0.449255917458906   0
1.31884783225253   1.07239461197058   0.928093851233432   0.961747562415038   0
0.636593875112176   0.591321898264122   -0.682253957140349   -0.48107271370646   0
0.28423707128165   0.396484768914374   -0.352356803830526   -0.194837129349748   0
0.193715689097877   0.254465541580031   -0.0905213821837734   -0.142019227334343   0
0.218757201906052   0.169329161539737   0.0250415128081749   -0.0851363800402939   0
0.27864381106694   0.151847238103469   0.0598866091608884   -0.0174819234362679   0
0.29224575661025   0.155775709548048   0.0136019455433106   0.00392847144457856   0
0.342030728433556   0.158894145873339   0.0497849718233054   0.0031184363252906   0
0.372446591760809   0.128216072143905   0.030415863327253   -0.0306780737294336   0
0.395636477082806   0.152429166060944   0.0231898853219971   0.0242130939170389   0
0.433566930483689   0.181037913144941   0.0379304534008826   0.0286087470839971   0
0.359862523465957   0.166932672965563   -0.0737044070177321   -0.0141052401793776   0
0.304309832507745   0.164339569471178   -0.0555526909582117   -0.00259310349438574   0
0.361002504424727   0.175442427884874   0.0566926719169826   0.0111028584136958   0
0.396185189875028   0.174902339384737   0.0351826854503003   -0.000540088500136759   0
0.430905713575887   0.205913471387607   0.0347205237008593   0.0310111320028706   0
0.496862825459961   0.241316333214229   0.0659571118840738   0.0354028618266216   0
0.487218504850348   0.255475577591455   -0.00964432060961279   0.0141592443772262   0
0.848060350660851   0.348110054589221   0.360841845810503   0.0926344769977653   0
1.00111931767433   0.408646378898294   0.153058967013483   0.0605363243090738   0
1.01762819745116   0.413507601822996   0.0165088797768282   0.00486122292470192   0
1.02405681086988   0.427397322225932   0.00642861341871548   0.0138897204029356   0
1.06222004193457   0.433429159569938   0.0381632310646896   0.00603183734400659   0
0.999576529989373   0.380156674298448   -0.0626435119451941   -0.0532724852714907   0
0.999221947629464   0.369727853632594   -0.000354582359908928   -0.0104288206658542   0
