0   0   0   0   0
0.0213817530794345   0.0100683402560034   0.0213817530794345   0.0100683402560034   0
0.0425258514931608   0.00807669887753891   0.0211440984137263   -0.00199164137846447   0
0.0326702381728232   0.0291322543043361   -0.00985561332033768   0.0210555554267972   0
0.00837424618521716   0.0235902838220092   -0.024295991987606   -0.00554197048232694   0
0.0349186538696033   0.0526184890264046   0.0265444076843861   0.0290282052043954   0
0.033172173634185   0.0850027069105811   -0.00174648023541829   0.0323842178841765   0
0.0734543066285985   0.0971473757850417   0.0402821329944135   0.0121446688744606   0
0.113276797188258   0.12731901479942   0.0398224905596593   0.0301716390143785   0
0.128931407621684   0.140355079390397   0.0156546104334267   0.013036064590977   0
0.145984289247748   0.141664127296628   0.0170528816260637   0.0013090479062306   0
0.189125284595185   0.202893421150508   0.0431409953474368   0.0612292938538803   0
0.34976353569378   0.317786872248904   0.160638251098595   0.114893451098396   0
0.346925126768214   0.286680152279892   -0.00283840892556653   -0.0311067199690118   0
0.457894258935757   0.276803980635533   0.110969132167544   -0.00987617164435911   0
0.535563656228221   0.294255591622125   0.0776693972924639   0.0174516109865919   0
0.502524843743435   0.291668115011472   -0.0330388124847865   -0.00258747661065262   0
0.504303348484443   0.321446223043281   0.00177850474100794   0.0297781080318086   0
0.540527090165969   0.351364902264419   0.0362237416815258   0.0299186792211382   0
0.48805352974625   0.327660772270677   -0.0524735604197189   -0.0237041299937424   0
0.483823381784021   0.332443028442652   -0.00423014796222909   0.00478225617197481   0
0.508427148376585   0.336875243861193   0.0246037665925641   0.00443221541854116   0
0.518548478653804   0.350686225505499   0.010121330277219   0.0138109816443065   0
0.536821810614631   0.391223654450216   0.0182733319608278   0.0405374289447171   0
0.545502509185806   0.379359897502931   0.00868069857117471   -0.0118637569472856   0
0.557709002586158   0.384353304838718   0.0122064934003517   0.00499340733578729   0
0.620370321091632   0.415237373092392   0.0626613185054737   0.0308840682536736   0
0.499249577861612   0.343312421825704   -0.12112074323002   -0.0719249512666874   0
0.488016813101202   0.32455661035741   -0.0112327647604095   -0.0187558114682941   0
0.491188126337764   0.333744345015785   0.00317131323656156   0.00918773465837514   0
0.477792574291839   0.314211073979335   -0.0133955520459252   -0.0195332710364508   0
0.471663591663881   0.311719709693263   -0.00612898262795791   -0.00249136428607166   0
0.521838315596243   0.339218308768801   0.0501747239323627   0.027498599075538   0
0.551981383472551   0.34772962478815   0.0301430678763079   0.00851131601934962   0
0.597319048394884   0.377522935206147   0.045337664922333   0.0297933104179963   0
0.628194658658171   0.385908504687426   0.0308756102632866   0.00838556948127944   0
0.598855629136152   0.353842045603214   -0.0293390295220186   -0.032066459084212   0
0.605494092129338   0.36557196632104   0.00663846299318571   0.0117299207178255   0
0.61834050673527   0.373796195961173   0.0128464146059316   0.00822422964013342   0
0.591264691628844   0.372938453431634   -0.0270758151064261   -0.000857742529539185   0
0.604026417136022   0.389095567432986   0.0127617255071786   0.0161571140013519   0
0.585332838478014   0.354317580456633   -0.018693578658008   -0.0347779869763526   0
0.615086777243205   0.374275736148078   0.0297539387651905   0.0199581556914444   0
0.615595781540187   0.396982156561975   0.000509004296982529   0.0227064204138974   0
0.630069553586831   0.399551280697418   0.0144737720466436   0.00256912413544302   0
0.649950907377613   0.399287030055889   0.0198813537907822   -0.000264250641528907   0
0.659301290369647   0.393458933809052   0.00935038299203383   -0.00582809624683689   0
0.664132376551941   0.419763206967817   0.00483108618229444   0.0263042731587649   0
0.648227632710724   0.408466114393702   -0.0159047438412174   -0.0112970925741152   0
0.630385399050994   0.382172418537373   -0.01784223365973   -0.0262936958563287   0
0.648719380482748   0.390355518861732   0.0183339814317541   0.00818310032435826   0
0.667005617664307   0.401114097829446   0.0182862371815591   0.0107585789677139   0
0.678011035316973   0.438223583526545   0.0110054176526665   0.0371094856970997   0
0.711398445204359   0.438822280891072   0.0333874098873851   0.000598697364526557   0
0.628263877822474   0.364379710884758   -0.0831345673818851   -0.0744425700063133   0
0.621873796246384   0.376628213724465   -0.00639008157608956   0.0122485028397061   0
0.602636663709098   0.375989667767295   -0.0192371325372863   -0.000638545957169501   0
0.647218748234395   0.385298827215048   0.044582084525297   0.00930915944775268   0
0.65814412103432   0.383040935145925   0.0109253727999254   -0.0022578920691223   0
0.625885476233851   0.377813426330665   -0.0322586448004691   -0.00522750881526024   0
0.694869181654055   0.419902787800486   0.0689837054202039   0.0420893614698207   0
0.685663733975312   0.419621694242372   -0.00920544767874254   -0.000281093558113732   0
0.565453250158743   0.295878129997197   -0.120210483816569   -0.123743564245176   0
0.722053039219743   0.403178381121978   0.156599789061   0.107300251124782   0
0.723815017687332   0.428048348331409   0.00176197846758819   0.024869967209431   0
0.751099192653912   0.440462642427122   0.0272841749665806   0.0124142940957123   0
0.742955243878067   0.434471165711129   -0.00814394877584512   -0.00599147671599282   0
0.720110049416932   0.431975458843561   -0.0228451944611346   -0.00249570686756745   0
0.706022858416785   0.434302782087357   -0.0140871910001475   0.00232732324379537   0
0.712664947937927   0.435912750782766   0.00664208952114187   0.00160996869540875   0
0.701808086777016   0.409210958962764   -0.0108568611609107   -0.0267017918200014   0
0.725242701648512   0.4320393953954   0.0234346148714963   0.022828436432636   0
0.715008104234467   0.416483158969998   -0.0102345974140456   -0.0155562364254025   0
0.728359183984811   0.429576638211048   0.0133510797503447   0.0130934792410501   0
0.736743985316302   0.421562091336074   0.00838480133149089   -0.00801454687497349   0
0.740294244675775   0.422716886094967   0.00355025935947273   0.00115479475889291   0
0.643249680832358   0.3699288640951   -0.097044563843417   -0.0527880219998675   0
0.65058407091715   0.379609171735639   0.00733439008479186   0.00968030764053918   0
0.630700870966265   0.366426106213662   -0.0198831999508853   -0.0131830655219766   0
0.677827950487332   0.395339571054209   0.0471270795210671   0.028913464840547   0
0.694396185515904   0.402485928279798   0.0165682350285725   0.00714635722558898   0
0.77690843244799   0.366662007640644   0.0825122469320853   -0.0358239206391547   0
0.770109050954354   0.380000206992442   -0.00679938149363524   0.0133381993517982   0
0.791877727810555   0.373009438374483   0.0217686768562002   -0.00699076861795861   0
