1.31337287177782e-14   1.5713046e-50   0   0   0
0.0753145942401496   0.0355118833613717   0.0753145942401365   0.0355118833613717   0
0.0670276707949089   0.0452531781147099   -0.00828692344524067   0.00974129475333826   0
0.119817709789685   0.082026573882403   0.0527900389947758   0.036773395767693   0
0.0991275309656608   0.0695259737575108   -0.020690178824024   -0.0125006001248922   0
0.0981509450282817   0.098052482118589   -0.00097658593737901   0.0285265083610783   0
0.111529138334158   0.111987869011424   0.0133781933058766   0.0139353868928352   0
0.162744954053464   0.146566418019561   0.0512158157193055   0.0345785490081367   0
0.162295058784707   0.120139135127018   -0.000449895268757189   -0.0264272828925428   0
0.184959590429678   0.139682974221976   0.0226645316449709   0.0195438390949583   0
0.205827789129411   0.161482559485582   0.0208681986997336   0.0217995852636061   0
0.26048781846964   0.190705750766053   0.0546600293402283   0.0292231912804706   0
0.245283369029814   0.187931081502327   -0.0152044494398252   -0.00277466926372608   0
0.281803778314636   0.220128896783579   0.0365204092848215   0.0321978152812517   0
0.305539575546628   0.236649814553488   0.0237357972319927   0.0165209177699098   0
0.294881790567311   0.22782934566652   -0.0106577849793175   -0.00882046888696889   0
0.281823347384949   0.235661506846533   -0.0130584431823623   0.00783216118001392   0
0.290910128940131   0.219293354843126   0.00908678155518206   -0.0163681520034073   0
0.2829859981813   0.22346963214051   -0.00792413075883086   0.00417627729738401   0
0.277841143814781   0.228896291870798   -0.00514485436651907   0.00542665973028739   0
0.290930656227952   0.241066875547644   0.0130895124131716   0.0121705836768469   0
0.284890792793008   0.227982237267432   -0.00603986343494389   -0.0130846382802125   0
0.324783053718363   0.247274623027993   0.0398922609253547   0.0192923857605613   0
0.319148033543417   0.261559765936856   -0.00563502017494599   0.014285142908863   0
0.332661188815785   0.257521361970716   0.0135131552723675   -0.00403840396614075   0
0.339484191423938   0.265085434000678   0.00682300260815344   0.00756407202996234   0
0.328098608957322   0.248788916224144   -0.0113855824666164   -0.0162965177765341   0
0.301027950080179   0.241413741477565   -0.0270706588771423   -0.00737517474657873   0
0.311205644145229   0.241166774708732   0.0101776940650501   -0.000246966768833429   0
0.299322003569724   0.254816958626412   -0.0118836405755058   0.0136501839176799   0
0.294173267972212   0.218528350252587   -0.00514873559751178   -0.0362886083738247   0
0.313251694237485   0.247598022295455   0.0190784262652726   0.0290696720428684   0
0.306746499869942   0.236838741781198   -0.00650519436754221   -0.0107592805142569   0
0.362596151904935   0.293678427394537   0.055849652034993   0.0568396856133386   0
0.273862699014625   0.342914514795428   -0.0887334528903102   0.0492360874008914   0
0.280387348614643   0.353352121642805   0.00652464960001775   0.0104376068473769   0
0.352711066871833   0.364226932583686   0.07232371825719   0.0108748109408809   0
0.382618717675487   0.387029584148971   0.0299076508036546   0.0228026515652846   0
0.371352431000954   0.344622402156871   -0.0112662866745331   -0.0424071819921001   0
0.387105412100328   0.383557191742353   0.0157529810993742   0.0389347895854821   0
0.392067617795838   0.376939153995664   0.00496220569550965   -0.00661803774668857   0
0.374016550374962   0.344647748332123   -0.0180510674208765   -0.0322914056635413   0
0.40080623471202   0.380546796392078   0.0267896843370586   0.0358990480599556   0
0.388732605471276   0.373989723678005   -0.0120736292407442   -0.00655707271407358   0
0.376819446328266   0.37444022461769   -0.01191315914301   0.000450500939685627   0
0.389576144054897   0.387478676044683   0.0127566977266312   0.0130384514269921   0
0.393943378763576   0.385010841973815   0.00436723470867928   -0.00246783407086759   0
0.396107503039512   0.385809425815901   0.00216412427593571   0.000798583842085643   0
0.399645830363381   0.372416532373608   0.00353832732386877   -0.0133928934422924   0
0.392358889040801   0.383236549216235   -0.00728694132257984   0.0108200168426272   0
0.385575296451091   0.370888961620036   -0.00678359258971017   -0.0123475875961996   0
0.41129498452442   0.410028874275079   0.0257196880733289   0.0391399126550426   0
0.393859973278014   0.39377715192   -0.0174350112464056   -0.016251722355079   0
0.430537036035807   0.404820910316972   0.0366770627577933   0.0110437583969724   0
0.411184237840691   0.381571847353158   -0.0193527981951166   -0.0232490629638137   0
0.41373775735502   0.412525494695663   0.00255351951432931   0.0309536473425052   0
0.411692388733708   0.40175458312795   -0.00204536862131205   -0.010770911567713   0
0.416704877799348   0.395430557345631   0.00501248906563978   -0.00632402578231978   0
0.423729031794961   0.385302095388236   0.00702415399561357   -0.0101284619573942   0
0.439778267759061   0.387670751138221   0.0160492359640994   0.00236865574998485   0
0.456916341606207   0.427027561931091   0.0171380738471466   0.0393568107928702   0
0.458484185687137   0.423696154825474   0.00156784408092991   -0.00333140710561719   0
0.455031721457536   0.427268953974452   -0.00345246422960133   0.00357279914897796   0
0.450944412680698   0.401312403196048   -0.00408730877683783   -0.0259565507784039   0
0.584686924275788   0.437042644917639   0.13374251159509   0.0357302417215911   0
0.524504797915307   0.418895248728641   -0.0601821263604811   -0.0181473961889987   0
0.538313946074622   0.45426993397924   0.0138091481593147   0.0353746852505997   0
0.523050818188463   0.4267205087419   -0.015263127886159   -0.0275494252373406   0
0.541649415818056   0.442100556591765   0.018598597629593   0.0153800478498652   0
0.528296721171552   0.426411944196823   -0.0133526946465032   -0.0156886123949419   0
0.540482906685736   0.447217679796207   0.012186185514183   0.0208057355993837   0
0.500653101367968   0.444039987016254   -0.0398298053177675   -0.00317769277995233   0
0.518363302544857   0.472413274505304   0.0177102011768885   0.0283732874890497   0
0.514312906522847   0.45535423433543   -0.00405039602200996   -0.0170590401698743   0
0.51911747337179   0.454294980104934   0.00480456684894393   -0.00105925423049558   0
0.533772994888489   0.453084030998341   0.014655521516698   -0.00121094910659325   0
0.522904788212529   0.445476885327403   -0.0108682066759591   -0.0076071456709384   0
0.508124919454875   0.462341140695057   -0.0147798687576546   0.0168642553676548   0
0.512997295561319   0.454950539794054   0.00487237610644431   -0.00739060090100302   0
0.516064943393413   0.464416938263611   0.00306764783209434   0.00946639846955649   0
0.546241063974112   0.463720063976155   0.0301761205806983   -0.000696874287455962   0
0.549824486745014   0.464382558695858   0.00358342277090251   0.000662494719703421   0
0.500855145765055   0.43685154029332   -0.048969340979959   -0.0275310184025389   0
0.52004891587288   0.467280126879969   0.0191937701078243   0.0304285865866496   0
