0   0   0   0   0
0.0683741050214823   0.0137943245461133   0.0683741050214823   0.0137943245461133   0
0.0880390043943334   0.0293178070080585   0.0196648993728511   0.0155234824619452   0
0.160056105750346   0.0702197905987405   0.0720171013560122   0.0409019835906819   0
0.178608766981543   0.0702630969281749   0.0185526612311975   4.33063294344865e-05   0
0.146623249161288   0.0608457100541853   -0.0319855178202554   -0.00941738687398965   0
0.156809651783628   0.0799902447000344   0.0101864026223403   0.0191445346458491   0
0.149086370052354   0.0631660396664754   -0.00772328173127382   -0.0168242050335591   0
0.145190601313669   0.07172869102604   -0.00389576873868477   0.00856265135956463   0
0.17018431323605   0.0988996083590862   0.0249937119223809   0.0271709173330462   0
0.203498205344942   0.0819293642849676   0.0333138921088913   -0.0169702440741186   0
0.193722872078994   0.0795224026946659   -0.00977533326594793   -0.00240696159030176   0
0.224879682538913   0.0881710659475082   0.0311568104599195   0.00864866325284237   0
0.23156012372085   0.0906947589376599   0.0066804411819365   0.00252369299015165   0
0.204423154155555   0.0960865351419568   -0.0271369695652944   0.00539177620429689   0
0.2601693726539   0.105653997749952   0.0557462184983445   0.00956746260799543   0
0.277039652112549   0.115455520341813   0.0168702794586496   0.00980152259186036   0
0.266890189866646   0.156310059173417   -0.0101494622459032   0.0408545388316044   0
0.280755707415636   0.145681308911256   0.0138655175489896   -0.0106287502621615   0
0.27111422306563   0.134293608085383   -0.00964148435000561   -0.0113877008258727   0
0.314474977776264   0.14704787408593   0.0433607547106334   0.012754266000547   0
0.326115253414844   0.140056090430188   0.0116402756385805   -0.00699178365574152   0
0.31533899558067   0.124694127471228   -0.0107762578341739   -0.0153619629589607   0
0.316626819678254   0.119641021401263   0.00128782409758343   -0.00505310606996459   0
0.331645119849897   0.106348848962983   0.0150183001716438   -0.0132921724382805   0
0.385176725382014   0.15837316513826   0.0535316055321162   0.0520243161752777   0
0.467064565616339   0.200340615680542   0.0818878402343252   0.0419674505422814   0
0.458463724364239   0.201092044698759   -0.00860084125209942   0.000751429018217037   0
0.452872520616755   0.20497748796997   -0.00559120374748434   0.00388544327121088   0
0.474524625951461   0.235468357168542   0.0216521053347059   0.0304908691985729   0
0.481399771191835   0.240223654377197   0.00687514524037419   0.00475529720865508   0
0.48765766613859   0.254286828157838   0.00625789494675499   0.014063173780641   0
0.496331135400214   0.253449965877561   0.0086734692616241   -0.000836862280277406   0
0.49984209073651   0.261233708133009   0.00351095533629586   0.0077837422554482   0
0.49319304504877   0.245422073234587   -0.0066490456877405   -0.0158116348984224   0
0.504633005269138   0.252052916023884   0.0114399602203686   0.00663084278929707   0
0.510011814854914   0.260458358042655   0.00537880958577619   0.00840544201877164   0
0.49935720112674   0.244114384432143   -0.0106546137281741   -0.0163439736105122   0
0.519956193515411   0.2581787348966   0.0205989923886707   0.0140643504644564   0
0.551147629441507   0.2370388175359   0.0311914359260961   -0.0211399173607001   0
0.538144497334019   0.243337993057294   -0.0130031321074878   0.00629917552139472   0
0.558010756488918   0.253227855846785   0.0198662591548985   0.00988986278949053   0
0.58203328090036   0.263059448391675   0.0240225244114427   0.00983159254489008   0
0.548017117467608   0.243886528457901   -0.0340161634327525   -0.0191729199337738   0
0.573970747458978   0.264762242377618   0.0259536299913699   0.0208757139197172   0
0.558971521255087   0.270072240894102   -0.0149992262038907   0.00530999851648334   0
0.550574917714474   0.263078086556879   -0.00839660354061256   -0.00699415433722295   0
0.559037738182156   0.255031999306436   0.00846282046768176   -0.00804608725044215   0
0.539157482126965   0.235067792982201   -0.0198802560551914   -0.0199642063242357   0
0.542831869411146   0.235342757721734   0.0036743872841809   0.000274964739533479   0
0.555363974838663   0.259071584535917   0.0125321054275169   0.0237288268141828   0
0.587278604103015   0.25354660464521   0.0319146292643528   -0.00552497989070666   0
0.563544565007863   0.242703786825416   -0.0237340390951523   -0.0108428178197945   0
0.590101465455939   0.256051276276493   0.0265569004480753   0.0133474894510774   0
0.579749391909748   0.255288245574458   -0.0103520735461904   -0.000763030702035039   0
0.582885268269386   0.252584222815073   0.0031358763596383   -0.00270402275938531   0
0.615919265668766   0.260677078403978   0.0330339973993791   0.00809285558890527   0
0.622340904567322   0.265595597077837   0.00642163889855696   0.0049185186738584   0
0.589225456318808   0.259068943779094   -0.0331154482485142   -0.00652665329874313   0
0.60876478546233   0.270046798806785   0.0195393291435221   0.0109778550276912   0
0.641627191427986   0.288288934817932   0.0328624059656556   0.0182421360111476   0
0.661512553609167   0.287106448999381   0.0198853621811813   -0.00118248581855163   0
0.679163011350113   0.303603776221833   0.0176504577409453   0.0164973272224523   0
0.654521205367377   0.273356638927412   -0.0246418059827355   -0.0302471372944205   0
0.647770744382195   0.273948439075548   -0.00675046098518173   0.000591800148135091   0
0.665592564993263   0.259046778893543   0.0178218206110676   -0.0149016601820042   0
0.658991452807612   0.276467194224143   -0.00660111218565151   0.0174204153306   0
0.655973386068381   0.272158996453704   -0.00301806673923066   -0.00430819777043961   0
0.638496245048398   0.240611341558568   -0.0174771410199824   -0.0315476548951358   0
0.642848493659269   0.292946948021772   0.0043522486108708   0.0523356064632045   0
0.671842337822331   0.282954684916027   0.0289938441630619   -0.00999226310574491   0
0.68643464584423   0.304406734651354   0.0145923080218991   0.0214520497353264   0
0.686987874942277   0.313058224979736   0.000553229098046781   0.00865149032838197   0
0.736437675807904   0.371285183708217   0.0494498008656266   0.0582269587284807   0
