0   0   0   0   0
0.106033990520902   0.103632779861356   0.106033990520902   0.103632779861356   0
0.331459603584149   0.181786225130881   0.225425613063247   0.0781534452695245   0
0.175563144486354   0.110257221500531   -0.155896459097794   -0.0715290036303499   0
0.155859564133056   0.0643992956410183   -0.0197035803532979   -0.0458579258595123   0
0.0812554217319673   0.0163739742391867   -0.0746041424010892   -0.0480253214018316   0
0.0162143873581634   0.0451542966216267   -0.0650410343738039   0.02878032238244   0
0.0669321656915033   0.0822832984235424   0.0507177783333399   0.0371290018019157   0
0.119701770915452   0.12486129870741   0.0527696052239489   0.0425780002838674   0
0.117064826671138   0.119964022535699   -0.00263694424431393   -0.00489727617171108   0
0.0970282532232268   0.114861551035595   -0.0200365734479114   -0.0051024715001033   0
0.157433837450394   0.113205412534077   0.0604055842271674   -0.00165613850151822   0
0.161635915606209   0.133191677805249   0.00420207815581519   0.0199862652711721   0
0.139992490819595   0.128212896139989   -0.0216434247866145   -0.00497878166526014   0
0.269518989112483   0.197948890302905   0.129526498292888   0.0697359941629162   0
0.298397068993559   0.230796412035797   0.0288780798810761   0.0328475217328913   0
0.252378782054393   0.208109433842532   -0.0460182869391654   -0.0226869781932645   0
0.272076937044634   0.198556403981877   0.0196981549902407   -0.0095530298606552   0
0.269536997435776   0.201765106545056   -0.00253993960885807   0.00320870256317943   0
0.216075716398384   0.196838027828876   -0.0534612810373916   -0.00492707871618003   0
0.25290769474771   0.194770753891247   0.0368319783493252   -0.00206727393762912   0
0.182529248372896   0.143453897182614   -0.0703784463748136   -0.0513168567086335   0
0.243690073149959   0.208838308366949   0.0611608247770626   0.0653844111843356   0
0.279634774666516   0.222595131177463   0.0359447015165571   0.0137568228105135   0
0.203730975558063   0.187692464229486   -0.0759037991084527   -0.0349026669479771   0
0.245738288070207   0.201965561740936   0.042007312512144   0.0142730975114502   0
0.242128297074498   0.21188415556375   -0.00360999099570863   0.00991859382281429   0
0.180292260480914   0.195129092816339   -0.0618360365935844   -0.0167550627474115   0
0.291130426984689   0.226700589424937   0.110838166503775   0.0315714966085988   0
0.198536500665142   0.198586610690621   -0.0925939263195467   -0.0281139787343167   0
0.235022331809557   0.243554484686013   0.0364858311444148   0.0449678739953922   0
0.213710992191042   0.192474111847389   -0.0213113396185155   -0.0510803728386244   0
0.221471955768377   0.23180981573787   0.00776096357733552   0.0393357038904816   0
0.277591267070213   0.262486723165696   0.0561193113018356   0.0306769074278257   0
0.269416647360425   0.252320353013666   -0.008174619709788   -0.0101663701520303   0
0.246823789198515   0.248887870760052   -0.0225928581619094   -0.0034324822536137   0
0.294811089860109   0.275602279872491   0.0479873006615933   0.0267144091124386   0
0.289293719188243   0.273008571353283   -0.00551737067186536   -0.00259370851920759   0
0.267261946938887   0.267436911581086   -0.022031772249356   -0.00557165977219692   0
0.325215593638768   0.289111362715813   0.0579536466998808   0.0216744511347268   0
0.284262815504025   0.281333396787884   -0.0409527781347429   -0.00777796592792868   0
0.280680499464599   0.275717107330739   -0.00358231603942649   -0.0056162894571456   0
0.340032378980118   0.276371037357559   0.0593518795155195   0.000653930026820349   0
0.318853728366845   0.272449444303659   -0.0211786506132734   -0.00392159305390033   0
0.405296772196891   0.331974172444659   0.0864430438300468   0.0595247281410001   0
0.348299231007958   0.283141258466461   -0.0569975411889331   -0.0488329139781973   0
0.374741723820139   0.292905367987922   0.0264424928121803   0.00976410952146078   0
0.408556177108044   0.300219218930162   0.0338144532879051   0.00731385094223957   0
0.337354845615692   0.299256785004852   -0.0712013314923517   -0.000962433925309536   0
0.37906257029175   0.304947324581245   0.0417077246760583   0.00569053957639276   0
0.384571833285094   0.311121059903326   0.00550926299334337   0.00617373532208126   0
0.318947528819763   0.295893658940901   -0.0656243044653309   -0.0152274009624256   0
0.242763185320941   0.217400785322596   -0.0761843434988214   -0.0784928736183047   0
0.333562554819304   0.285242942518094   0.0907993694983628   0.0678421571954978   0
0.396997969327035   0.323092269327132   0.0634354145077309   0.0378493268090382   0
0.417657778604684   0.305561773415715   0.0206598092776488   -0.0175304959114168   0
0.34202376722077   0.289528757788188   -0.0756340113839143   -0.0160330156275273   0
0.411973395563763   0.325020029470453   0.0699496283429932   0.0354912716822657   0
0.39700962948759   0.32780393386208   -0.0149637660761723   0.00278390439162662   0
0.391240472342813   0.319182291739889   -0.00576915714477783   -0.00862164212219069   0
0.452646789283654   0.351202138027885   0.0614063169408414   0.0320198462879954   0
0.474036160268708   0.364282366340691   0.0213893709850543   0.0130802283128069   0
0.400018239031582   0.33958658722719   -0.0740179212371262   -0.0246957791135012   0
0.459964250667804   0.393426562240277   0.0599460116362218   0.0538399750130865   0
0.457392669540101   0.368134741435607   -0.00257158112770278   -0.0252918208046696   0
0.423679840366312   0.379314204434758   -0.0337128291737887   0.0111794629991506   0
0.48908254601024   0.396207870500677   0.0654027056439277   0.0168936660659195   0
0.469195818386905   0.393386427617071   -0.0198867276233352   -0.0028214428836062   0
0.435125773780139   0.386138952775262   -0.0340700446067661   -0.00724747484180954   0
0.443645119465661   0.369608025544597   0.00851934568552259   -0.0165309272306643   0
0.478633606966119   0.399564508602844   0.034988487500457   0.0299564830582472   0
0.458162116198112   0.394751733765933   -0.0204714907680061   -0.00481277483691156   0
0.513761051152091   0.399373842589969   0.0555989349539787   0.00462210882403657   0
0.408690734462488   0.31383710079087   -0.105070316689603   -0.0855367417990994   0
0.395468153711958   0.350934330185057   -0.0132225807505297   0.0370972293941869   0
0.523969514082728   0.406484621382906   0.12850136037077   0.0555502911978493   0
