1.4210855e-14   0   0   0   0
0.0481538514860789   0.0438452511271336   0.0481538514860647   0.0438452511271336   0
0.0704649331155874   0.0320700395022334   0.0223110816295085   -0.0117752116249002   0
0.0926241243875789   0.0372487932359581   0.0221591912719915   0.00517875373372464   0
0.0946979777361925   0.047430808216511   0.00207385334861362   0.010182014980553   0
0.0786669050899576   0.0395096098125407   -0.0160310726462349   -0.0079211984039703   0
0.116874105037264   0.0818736013556949   0.0382071999473061   0.0423639915431542   0
0.136887598344036   0.0545888581831031   0.0200134933067721   -0.0272847431725918   0
0.12751284123553   0.0599162420630545   -0.00937475710850597   0.00532738387995142   0
0.131402834323808   0.107460451066576   0.003889993088278   0.047544209003521   0
0.131481659751246   0.0736758774432769   7.88254274379507e-05   -0.0337845736232986   0
0.106720532745584   0.0567286030582985   -0.0247611270056614   -0.0169472743849784   0
0.114598591737534   0.0498547510070224   0.00787805899194935   -0.00687385205127612   0
0.0829358417868246   0.0334654098500367   -0.0316627499507092   -0.0163893411569857   0
0.108962948620365   0.0369854219814032   0.0260271068335409   0.00352001213136658   0
0.120618793454943   0.0597483349862305   0.011655844834578   0.0227629130048273   0
0.0750056636270435   0.0344669158111381   -0.0456131298279   -0.0252814191750925   0
0.0626609654447362   0.116311621240059   -0.0123446981823073   0.0818447054289206   0
0.048928962269442   0.11610144879253   -0.0137320031752942   -0.000210172447528606   0
0.102356050609311   0.15072299517658   0.0534270883398688   0.0346215463840497   0
0.240068083922894   0.15533028697573   0.137712033313583   0.0046072917991504   0
0.130181229071661   0.20285671104641   -0.109886854851233   0.0475264240706798   0
0.18562212566562   0.1703762824659   0.055440896593959   -0.0324804285805096   0
0.168681653414915   0.216984880744859   -0.0169404722507043   0.0466085982789583   0
0.225728823607671   0.244258915705732   0.0570471701927554   0.0272740349608731   0
0.241649450124862   0.197986612374716   0.0159206265171915   -0.0462723033310153   0
0.238602706787001   0.217880016232434   -0.00304674333786109   0.0198934038577172   0
0.239085798168617   0.213427328217285   0.000483091381615591   -0.00445268801514875   0
0.269515067058811   0.2499742627161   0.0304292688901942   0.0365469344988152   0
0.283788960744772   0.206961559774105   0.014273893685961   -0.043012702941995   0
0.316742719936926   0.240177106529717   0.0329537591921543   0.0332155467556114   0
0.310661580810366   0.212683687605754   -0.00608113912656039   -0.0274934189239626   0
0.28933540365533   0.208893242949505   -0.021326177155036   -0.00379044465624875   0
0.216841832546226   0.18726064393938   -0.0724935711091042   -0.0216325990101253   0
0.247958905061262   0.283278476564173   0.0311170725150364   0.0960178326247929   0
0.277586334275706   0.24256056011258   0.0296274292144444   -0.0407179164515931   0
0.308562270245562   0.222073399780829   0.0309759359698551   -0.0204871603317511   0
0.327780529969758   0.187284360807443   0.0192182597241968   -0.0347890389733856   0
0.328416089636397   0.247789732374898   0.000635559666638419   0.0605053715674555   0
0.286689168035075   0.145287675021574   -0.0417269216013213   -0.102502057353325   0
0.104658094961087   0.226071657786577   -0.182031073073988   0.0807839827650032   0
0.075437168621611   0.185989632774795   -0.0292209263394765   -0.040082025011782   0
0.177515482226546   0.198407970197247   0.102078313604935   0.0124183374224522   0
0.217458993175017   0.205759983866335   0.0399435109484705   0.0073520136690883   0
0.149419926902977   0.234522460043519   -0.0680390662720394   0.0287624761771836   0
0.144745346661836   0.203446185833778   -0.00467458024114104   -0.0310762742097405   0
0.157669183293879   0.199236343847357   0.0129238366320425   -0.0042098419864211   0
0.145709969439076   0.18284990821765   -0.0119592138548026   -0.0163864356297078   0
0.127247041895897   0.19567791868503   -0.0184629275431787   0.0128280104673804   0
0.0877283771759437   0.198612285357423   -0.0395186647199537   0.00293436667239333   0
0.173895156985196   0.193423110326214   0.0861667798092526   -0.00518917503120941   0
0.167680242941231   0.216967065083974   -0.00621491404396499   0.0235439547577606   0
0.159390477439089   0.188617327154557   -0.00828976550214217   -0.0283497379294179   0
0.147370217337677   0.193793069056693   -0.012020260101412   0.00517574190213624   0
0.190841843581679   0.203180427520862   0.0434716262440017   0.00938735846416897   0
0.197681794014293   0.208062463798875   0.00683995043261465   0.00488203627801331   0
0.175360642097024   0.212928983190541   -0.0223211519172697   0.00486651939166627   0
0.108420705886408   0.247133075796538   -0.0669399362106154   0.0342040926059969   0
0.143797668713029   0.181167863594033   0.0353769628266206   -0.0659652122025058   0
0.137757590030422   0.227045230923006   -0.00604007868260681   0.0458773673289737   0
0.171522714798166   0.981886025686466   0.0337651247677441   0.75484079476346   0
0.238400999655378   0.752687698254264   0.0668782848572116   -0.229198327432202   0
0.234229399834051   0.67913881460545   -0.00417159982132723   -0.0735488836488144   0
0.275622401191413   0.672466589496433   0.0413930013573623   -0.00667222510901644   0
0.288757558525034   0.672101943727136   0.0131351573336215   -0.000364645769297289   0
0.246638180945161   0.650356793541436   -0.0421193775798732   -0.0217451501857002   0
0.262735892036136   0.633808949974167   0.0160977110909752   -0.0165478435672683   0
0.335462357447262   0.561776713802606   0.0727264654111253   -0.0720322361715614   0
0.379033814324286   0.613694250506922   0.043571456877024   0.051917536704316   0
0.348538317721313   0.571931968759989   -0.0304954966029728   -0.0417622817469328   0
0.351618871019212   0.642527064405252   0.00308055329789875   0.0705950956452625   0
0.357031339420883   0.585707421049714   0.0054124684016712   -0.0568196433555375   0
