0   0   0   0   0
0.0500161597000161   0.0623450866961226   0.0500161597000161   0.0623450866961226   0
0.0459947792898996   0.188913002893619   -0.00402138041011649   0.126567916197496   0
0.137044720189557   0.12614867114825   0.0910499408996575   -0.0627643317453693   0
0.0916563272388669   0.0760478229969888   -0.0453883929506903   -0.050100848151261   0
0.0914413815864196   0.0677292022399762   -0.000214945652447271   -0.0083186207570126   0
0.0955516324557155   0.034849572118074   0.00411025086929588   -0.0328796301219022   0
0.0903616761334728   0.047070345843125   -0.00518995632224263   0.012220773725051   0
1.10366602146531   0.23962045855277   1.01330434533183   0.192550112709645   1
0.197854882936792   0.566227866879408   -0.905811138528513   0.326607408326638   0
0.499145532715389   0.678402789730702   0.301290649778596   0.112174922851294   0
0.369763451475845   0.508151542988863   -0.129382081239544   -0.170251246741838   0
0.387322482393044   0.541349734264572   0.0175590309171987   0.0331981912757082   0
0.209069282563838   0.292737524243378   -0.178253199829206   -0.248612210021194   0
0.194892947607271   0.396114054709615   -0.0141763349565668   0.103376530466237   0
0.229365109311004   0.409126843460314   0.0344721617037327   0.0130127887506988   0
0.273347250270438   0.352301715337916   0.0439821409594338   -0.0568251281223979   0
0.298771342125073   0.363829018754729   0.0254240918546353   0.0115273034168131   0
0.308842735028324   0.437023451529523   0.0100713929032511   0.0731944327747936   0
0.390020711462847   0.555763636626309   0.0811779764345235   0.118740185096786   0
0.394328368013475   0.615299726953899   0.00430765655062787   0.0595360903275899   0
0.365699337905357   0.575708405216327   -0.0286290301081183   -0.0395913217375717   0
0.370133166163819   0.602222296953784   0.00443382825846256   0.0265138917374563   0
0.436369764643124   0.612717657709687   0.0662365984793046   0.010495360755903   0
0.450447952350416   0.608843927681603   0.0140781877072915   -0.00387373002808411   0
0.448271150804168   0.607319057408934   -0.00217680154624794   -0.0015248702726689   0
0.471014994758521   0.656919494192156   0.0227438439543535   0.0496004367832221   0
0.488202241398446   0.632481651891108   0.0171872466399253   -0.0244378423010481   0
0.456749949782014   0.639155482923501   -0.0314522916164323   0.00667383103239372   0
0.45773717377093   0.622899967815842   0.000987223988915431   -0.0162555151076598   0
0.513978056966364   0.725931185443492   0.0562408831954345   0.103031217627651   0
0.513259758452279   0.766761343337815   -0.000718298514085336   0.0408301578943232   0
0.4902515520218   0.723834645673315   -0.0230082064304784   -0.0429266976645006   0
0.487542796739366   0.744476907741371   -0.00270875528243464   0.0206422620680562   0
0.5252944551652   0.748491946745477   0.0377516584258341   0.00401503900410571   0
0.57419596385873   0.795467156903726   0.0489015086935303   0.0469752101582492   0
0.586852307315747   0.752903339618361   0.0126563434570172   -0.0425638172853648   0
0.586562160014532   0.754031458549437   -0.000290147301215571   0.00112811893107623   0
0.598468632120532   0.820101313348625   0.0119064721060007   0.0660698547991874   0
0.581280598704273   0.714478209353364   -0.017188033416259   -0.10562310399526   0
0.215263429803579   0.891843626435132   -0.366017168900695   0.177365417081767   0
1.32788281540808   0.652432810543632   1.1126193856045   -0.2394108158915   1
0.458919853366894   0.111078152000099   -0.868962962041188   -0.541354658543532   0
0.541468182816927   0.518600528776211   0.0825483294500331   0.407522376776112   0
0.463723428803026   0.403527454716674   -0.0777447540139009   -0.115073074059537   0
0.388039881958563   0.360117954702903   -0.0756835468444626   -0.0434095000137712   0
0.395691949093353   0.478239214417098   0.00765206713478916   0.118121259714195   0
0.416952771812642   0.527152962341197   0.0212608227192896   0.0489137479240994   0
0.457823965285514   0.544551770078372   0.0408711934728721   0.0173988077371747   0
0.466339708909507   0.62340787576728   0.00851574362399293   0.0788561056889083   0
0.540525188104602   0.682921730584572   0.0741854791950949   0.0595138548172915   0
0.500842895321761   0.639684637520399   -0.0396822927828411   -0.0432370930641729   0
0.4455825257199   0.563401641037729   -0.055260369601861   -0.07628299648267   0
0.441955058503984   0.614977801600362   -0.00362746721591622   0.0515761605626336   0
0.462023060291042   0.634482639610225   0.0200680017870584   0.0195048380098622   0
0.489438087521368   0.669649440161639   0.0274150272303255   0.035166800551414   0
0.552324889443535   0.70019407567458   0.0628868019221669   0.030544635512941   0
0.511134131143509   0.674236524425928   -0.0411907583000252   -0.0259575512486518   0
0.487978370123681   0.637449616698002   -0.0231557610198285   -0.0367869077279259   0
0.599309098018547   0.745907788466199   0.111330727894866   0.108458171768197   0
0.579414999934623   0.79678276948044   -0.0198940980839242   0.0508749810142411   0
0.51609767784018   0.745514753497529   -0.0633173220944429   -0.0512680159829111   0
0.510839770860562   0.730681769676817   -0.00525790697961737   -0.0148329838207121   0
0.533065195773555   0.724000534623908   0.0222254249129925   -0.00668123505290907   0
0.567111943624977   0.74662251869188   0.0340467478514225   0.0226219840679719   0
0.593373560137241   0.728516606788975   0.0262616165122639   -0.0181059119029048   0
0.624669437600726   0.793766396671089   0.0312958774634849   0.0652497898821138   0
0.680213008088915   0.827170098204308   0.0555435704881886   0.0334037015332188   0
0.667985676664325   0.778539322449683   -0.0122273314245896   -0.0486307757546243   0
0.681183592582463   0.789059715453005   0.0131979159181378   0.0105203930033219   0
0.613454885217696   0.623778475477234   -0.0677287073647673   -0.165281239975771   0
0.809245033768142   0.809034220791007   0.195790148550447   0.185255745313772   0
0.814530919935746   0.94090958534318   0.00528588616760384   0.131875364552174   0
0.703506824177583   0.901159844905037   -0.111024095758163   -0.0397497404381437   0
0.694236574858967   0.863342124050766   -0.0092702493186162   -0.0378177208542705   0
