7.1054274e-15   0   0   0   0
0.0867023323737129   0.0697280447176775   0.0867023323737058   0.0697280447176775   0
0.23552982828968   0.0989649564345827   0.148827495915967   0.0292369117169052   0
0.209969232462798   0.125637318088198   -0.025560595826882   0.0266723616536157   0
0.271640199554221   0.169276918138049   0.0616709670914232   0.0436396000498505   0
0.310551412920944   0.179574542576751   0.0389112133667226   0.0102976244387024   0
0.344275237754327   0.217159461912701   0.0337238248333833   0.0375849193359499   0
0.295008888578618   0.234614836018347   -0.0492663491757095   0.0174553741056458   0
0.289540139073066   0.266294140541636   -0.00546874950555154   0.0316793045232892   0
0.291677716853682   0.25699338098408   0.00213757778061568   -0.00930075955755633   0
0.357356344410235   0.293281561429691   0.0656786275565531   0.0362881804456114   0
0.360823388845958   0.317239586878618   0.0034670444357231   0.0239580254489267   0
0.192036934323121   0.230012861329292   -0.168786454522837   -0.0872267255493259   0
0.337715280377555   0.292311424172547   0.145678346054434   0.0622985628432547   0
0.299107048979241   0.286566676735383   -0.038608231398314   -0.0057447474371633   0
0.368069725682983   0.305019159434708   0.0689626767037417   0.0184524826993244   0
0.369098030574909   0.3189217616233   0.00102830489192574   0.0139026021885919   0
0.22436262674935   0.256871221657751   -0.144735403825559   -0.0620505399655484   0
0.202562888337185   0.226743801059511   -0.0217997384121649   -0.0301274205982408   0
0.336909685140622   0.281662166140538   0.134346796803438   0.0549183650810272   0
0.373208819025061   0.300734809133964   0.0362991338844391   0.0190726429934259   0
0.341891863138492   0.310478907366501   -0.0313169558865694   0.00974409823253702   0
0.420932032312483   0.326762011537891   0.0790401691739908   0.0162831041713901   0
0.414212119288667   0.354468890038628   -0.0067199130238158   0.0277068785007368   0
0.393621241719737   0.359789551645868   -0.0205908775689298   0.00532066160723998   0
0.450101352182591   0.363287601767691   0.0564801104628533   0.00349805012182342   0
0.387756148494053   0.365843508768052   -0.0623452036885375   0.00255590700036123   0
0.384159825544282   0.364025375844308   -0.00359632294977147   -0.00181813292374428   0
0.377403479114745   0.365079552675801   -0.00675634642953615   0.00105417683149295   0
0.429487601050732   0.319933709644449   0.0520841219359864   -0.0451458430313516   0
0.279023003880553   0.215612724770424   -0.150464597170179   -0.104320984874025   0
0.350029971572973   0.309329812234783   0.0710069676924193   0.0937170874643582   0
0.385688326686021   0.322800099871282   0.035658355113048   0.013470287636499   0
0.414598850174803   0.367542005345463   0.0289105234887826   0.0447419054741817   0
0.405416105693197   0.339455061154536   -0.00918274448160639   -0.0280869441909273   0
0.226388676920024   0.267464878505075   -0.179027428773173   -0.0719901826494612   0
0.290172181269044   0.305073356695431   0.0637835043490198   0.0376084781903562   0
0.290432123623836   0.313519889358262   0.00025994235479182   0.00844653266283074   0
0.393018513323655   0.344088030796916   0.102586389699819   0.0305681414386544   0
0.433329862395971   0.346182382036737   0.040311349072316   0.00209435123982082   0
0.406913804658303   0.344111187084115   -0.0264160577376681   -0.0020711949526217   0
0.370889889668456   0.34510612241   -0.0360239149898468   0.000994935325885016   0
0.390345205947307   0.360027713226023   0.0194553162788516   0.0149215908160226   0
0.375889250244014   0.357134911330111   -0.0144559557032936   -0.00289280189591212   0
0.410827847162609   0.343660222943112   0.0349385969185948   -0.0134746883869982   0
0.408137185598193   0.3536465582857   -0.00269066156441583   0.0099863353425873   0
0.426682655596466   0.360874380108326   0.0185454699982727   0.00722782182262643   0
0.403332099389069   0.34889006531024   -0.0233505562073967   -0.0119843147980858   0
0.445267642224572   0.365610582552573   0.0419355428355034   0.0167205172423323   0
0.411964381938578   0.355202818192591   -0.0333032602859944   -0.0104077643599813   0
0.4275297895226   0.356829815760847   0.0155654075840224   0.00162699756825607   0
0.397136618619342   0.359613470109277   -0.0303931709032584   0.00278365434842914   0
0.360012432492332   0.341887818625844   -0.0371241861270096   -0.0177256514834324   0
0.290600073102302   0.318673973133216   -0.0694123593900308   -0.0232138454926282   0
0.169007860110617   0.339785324914013   -0.121592212991684   0.0211113517807969   0
0.289299074754958   0.350846109453385   0.12029121464434   0.0110607845393725   0
0.382254520737447   0.366071257366555   0.0929554459824894   0.0152251479131694   0
0.439345635957869   0.375622982420749   0.0570911152204217   0.00955172505419372   0
0.461626121297014   0.39911041751632   0.0222804853391456   0.0234874350955714   0
0.429793672828651   0.396443686463415   -0.0318324484683633   -0.00266673105290482   0
0.419663842629184   0.391912865479839   -0.0101298301994672   -0.00453082098357638   0
0.357359460637356   0.355556872853789   -0.0623043819918277   -0.0363559926260494   0
0.361843748311583   0.331687468101331   0.00448428767422654   -0.0238694047524578   0
0.380832871039023   0.334546869525701   0.0189891227274401   0.00285940142436986   0
0.413138188184197   0.342125591136969   0.0323053171451735   0.00757872161126771   0
0.435725764811629   0.37119451319531   0.0225875766274323   0.029068922058341   0
0.447456991236429   0.366943080382721   0.0117312264248   -0.00425143281258905   0
0.417054787899368   0.363422213012153   -0.0304022033370606   -0.00352086737056789   0
0.42137253661015   0.374340310887946   0.00431774871078194   0.010918097875793   0
0.529746410603299   0.413942909267568   0.108373873993148   0.0396025983796222   0
0.441457008967852   0.388445177133081   -0.0882894016354465   -0.0254977321344877   0
0.501954065863491   0.386930442346183   0.0604970568956386   -0.0015147347868979   0
0.459089554997334   0.366578495958647   -0.0428645108661562   -0.0203519463875359   0
0.48126930842499   0.383356635998867   0.0221797534276555   0.0167781400402202   0
