0   0   0   0   0
0.0384131165740283   0.025850863518443   0.0384131165740283   0.025850863518443   0
0.120143692787296   0.0701353576596311   0.0817305762132676   0.0442844941411881   0
0.149153133834274   0.0870045628125096   0.0290094410469779   0.0168692051528785   0
0.0989992927581286   0.0651197159601146   -0.0501538410761452   -0.021884846852395   0
0.106257336563334   0.0642025064102164   0.00725804380520489   -0.00091720954989824   0
0.0950373146089369   0.0647487242524472   -0.0112200219543967   0.000546217842230856   0
0.111618407529022   0.0661040875265356   0.0165810929200855   0.00135536327408835   0
0.113412649948906   0.0775889650326182   0.00179424241988367   0.0114848775060826   0
0.0804223378586708   0.053682236885226   -0.0329903120902352   -0.0239067281473922   0
0.0877722526365443   0.0601918165239315   0.00734991477787342   0.00650957963870547   0
0.077964501244269   0.0572129137238624   -0.00980775139227529   -0.00297890280006914   0
0.133195390021517   0.0663466146540205   0.0552308887772481   0.00913370093015813   0
0.140001795518526   0.0773800037709378   0.00680640549700925   0.0110333891169173   0
0.12885513577171   0.0696854861662527   -0.0111466597468161   -0.00769451760468511   0
0.0998387359610442   0.0712992637657784   -0.029016399810666   0.0016137775995257   0
0.123793849674518   0.0722163238812581   0.0239551137134738   0.00091706011547972   0
0.0922514366432787   0.0915134903094332   -0.0315424130312393   0.0192971664281751   0
0.089916168466517   0.0894740579487572   -0.00233526817676169   -0.00203943236067604   0
0.124989377103783   0.0851756775121044   0.0350732086372658   -0.00429838043665275   0
0.117792730467355   0.0959685792496694   -0.00719664663642804   0.0107929017375649   0
0.102212456751088   0.0927040279777388   -0.0155802737162671   -0.00326455127193055   0
0.101432811740326   0.0894030562411837   -0.000779645010761845   -0.00330097173655512   0
0.182509781642605   0.0961037905713818   0.0810769699022795   0.00670073433019816   0
0.124509293439224   0.0927118685353696   -0.0580004882033816   -0.00339192203601223   0
0.113140643277222   0.0997145943299899   -0.0113686501620016   0.00700272579462033   0
0.136083295979916   0.10407547722376   0.0229426527026936   0.00436088289377004   0
0.129646632422102   0.106546917590047   -0.0064366635578143   0.00247144036628669   0
0.131519776372702   0.10733024769769   0.00187314395060026   0.000783330107643768   0
0.146047794442313   0.116791795011311   0.0145280180696114   0.00946154731362102   0
0.185098619360779   0.123978696276195   0.0390508249184655   0.0071869012648839   0
0.18709050117516   0.136578891708271   0.00199188181438181   0.012600195432076   0
0.163287043301159   0.135236439836781   -0.0238034578740016   -0.00134245187149043   0
0.21260718808952   0.141225569981608   0.0493201447883612   0.00598913014482735   0
0.191387154831458   0.143844724107403   -0.0212200332580618   0.00261915412579489   0
0.150842768329898   0.132840460061634   -0.0405443865015601   -0.011004264045769   0
0.187394612202163   0.146964255077522   0.0365518438722651   0.0141237950158882   0
0.208645934552652   0.154740592674296   0.021251322350489   0.00777633759677393   0
0.194179528809137   0.151556512332795   -0.0144664057435153   -0.00318408034150133   0
0.199253427354227   0.171773384494667   0.00507389854508972   0.0202168721618719   0
0.199121234458137   0.19825656697985   -0.000132192896089761   0.0264831824851834   0
0.183289119648854   0.187925598838609   -0.0158321148092832   -0.010330968141241   0
0.165333144819753   0.180503090838907   -0.0179559748291002   -0.00742250799970232   0
0.153976179692876   0.190855863913151   -0.0113569651268769   0.010352773074244   0
0.137117887772578   0.185456780165488   -0.0168582919202984   -0.00539908374766299   0
0.0308847014305946   0.168546283986907   -0.106233186341983   -0.0169104961785804   0
0.0658249705344975   0.196191779136538   0.0349402691039029   0.0276454951496305   0
0.109243765711286   0.291881247310079   0.0434187951767888   0.0956894681735415   0
0.0881795368002145   0.267097512674887   -0.0210642289110718   -0.0247837346351926   0
0.0923188999739177   0.270810245749791   0.00413936317370321   0.00371273307490455   0
0.104382735880948   0.282515101881759   0.0120638359070305   0.0117048561319678   0
0.111019734884735   0.31730569326686   0.00663699900378714   0.0347905913851013   0
0.157316465672086   0.317963036480448   0.0462967307873502   0.000657343213587402   0
0.271831747788712   0.353583398684232   0.114515282116627   0.0356203622037838   0
0.360150150102428   0.410475392252993   0.088318402313716   0.0568919935687608   0
0.304719493154826   0.375317038680982   -0.0554306569476023   -0.0351583535720108   0
0.315761787623187   0.378079487835725   0.0110422944683612   0.00276244915474311   0
0.328232536915621   0.379366405341654   0.0124707492924338   0.00128691750592913   0
0.324395023720664   0.376543320290942   -0.0038375131949574   -0.00282308505071194   0
0.36369273307185   0.410875206070001   0.0392977093511863   0.0343318857790586   0
0.318125700402797   0.441514982158889   -0.0455670326690526   0.030639776088888   0
