0   0   0   0   0
0.0109314304079964   0.0193429687900978   0.0109314304079964   0.0193429687900978   0
0.0226370268584946   0.02486843183235   0.0117055964504982   0.00552546304225219   0
0.0737842762981289   0.0595646780332475   0.0511472494396343   0.0346962462008975   0
0.101411745797526   0.0378340187000584   0.0276274694993972   -0.0217306593331892   0
0.142743238677567   0.0557282656863177   0.0413314928800413   0.0178942469862594   0
0.22004101315236   0.164141196544179   0.0772977744747927   0.108412930857861   0
0.430824716181585   0.27746669333061   0.210783703029225   0.113325496786432   0
0.336070645801937   0.272646361030798   -0.0947540703796488   -0.00482033229981266   0
0.377326610113149   0.272819023207352   0.0412559643112128   0.000172662176554372   0
0.377337645362735   0.281756383972204   1.10352495857335e-05   0.00893736076485185   0
0.313095565263788   0.277129811703572   -0.0642420800989469   -0.00462657226863145   0
0.407807426509704   0.274749698658708   0.0947118612459161   -0.00238011304486391   0
0.395714334925749   0.267454149546195   -0.0120930915839552   -0.00729554911251351   0
0.329610603897232   0.249820566935928   -0.0661037310285174   -0.0176335826102667   0
0.336663766960958   0.240166013746381   0.0070531630637265   -0.00965455318954689   0
0.351098648426443   0.23950915415806   0.0144348814654849   -0.000656859588321873   0
0.347694844324107   0.273309234227371   -0.00340380410233565   0.0338000800693116   0
0.375688145085417   0.281226239528621   0.02799330076131   0.00791700530125028   0
0.428026912152066   0.302421041394409   0.0523387670666483   0.0211948018657876   0
0.410842471173655   0.324499859864525   -0.017184440978411   0.0220788184701162   0
0.295763067299789   0.314235181300102   -0.115079403873865   -0.0102646785644233   0
0.322933868945645   0.303309288123308   0.0271708016458559   -0.0109258931767937   0
0.396593467217389   0.308640735091527   0.0736595982717441   0.00533144696821825   0
0.304869908169966   0.308297792417489   -0.0917235590474232   -0.000342942674037561   0
0.344373614148923   0.30429267644449   0.0395037059789568   -0.00400511597299935   0
0.361481888086043   0.318898825747445   0.0171082739371207   0.0146061493029556   0
0.358425220860416   0.33090210736523   -0.00305666722562736   0.012003281617785   0
0.370078009936837   0.33670100576456   0.0116527890764206   0.00579889839933018   0
0.376052861972998   0.321802094670925   0.00597485203616122   -0.0148989110936353   0
0.308988991725604   0.294980317692893   -0.0670638702473941   -0.0268217769780321   0
0.300138956619456   0.339048322736791   -0.00885003510614746   0.0440680050438976   0
0.362615755771759   0.315341028249131   0.0624767991523029   -0.0237072944876596   0
0.358678739152882   0.299486404500152   -0.00393701661887713   -0.0158546237489791   0
0.376857863387679   0.360781347766822   0.0181791242347965   0.0612949432666697   0
0.379890581709576   0.373996579119824   0.00303271832189755   0.0132152313530027   0
0.4009566055569   0.281965722412546   0.0210660238473238   -0.0920308567072786   0
0.348401012852404   0.311893562103155   -0.0525555927044957   0.0299278396906088   0
0.331615214896719   0.3366172030042   -0.0167857979556849   0.0247236409010458   0
0.392604779049551   0.341305863579075   0.0609895641528321   0.00468866057487505   0
0.385636939445666   0.334853618617051   -0.00696783960388531   -0.00645224496202423   0
0.340180791129749   0.369265388416512   -0.0454561483159169   0.034411769799461   0
0.384601135989823   0.36061916569903   0.0444203448600738   -0.00864622271748244   0
0.34602824723403   0.341241095882939   -0.0385728887557926   -0.0193780698160911   0
0.311587858505976   0.377156107645988   -0.034440388728054   0.0359150117630491   0
0.322767745037396   0.385351088057731   0.0111798865314195   0.00819498041174321   0
0.320847830628567   0.346124120269725   -0.00191991440882849   -0.0392269677880056   0
0.340986952265099   0.402694519685504   0.0201391216365315   0.0565703994157789   0
0.346246940391978   0.420720245149297   0.00525998812687911   0.0180257254637922   0
0.394070440309454   0.410646250173556   0.0478234999174763   -0.0100739949757404   0
0.319172935074798   0.381469546657552   -0.0748975052346556   -0.0291767035160038   0
0.2636116833134   0.378661188508934   -0.0555612517613984   -0.00280835814861863   0
0.274992154387808   0.380648716516196   0.0113804710744081   0.00198752800726282   0
0.253502762290159   0.363190971037573   -0.0214893920976488   -0.0174577454786237   0
0.265007688479914   0.39247833292835   0.0115049261897545   0.0292873618907769   0
0.27589031552505   0.410926702606709   0.0108826270451358   0.0184483696783597   0
0.288291010840977   0.347340849409851   0.0124006953159272   -0.0635858531968584   0
0.269217703787041   0.394726527841134   -0.0190733070539355   0.0473856784312826   0
0.298584300823874   0.440178906337404   0.0293665970368322   0.0454523784962702   0
0.289519980220838   0.407215276907583   -0.00906432060303558   -0.0329636294298213   0
0.289996396687897   0.392159389329402   0.000476416467058816   -0.0150558875781806   0
0.36802632536048   0.471256789742621   0.0780299286725831   0.0790974004132188   0
0.51847455378853   0.485536971188802   0.15044822842805   0.0142801814461816   0
0.463220711675409   0.490572733773187   -0.055253842113121   0.00503576258438465   0
0.445222330481576   0.482325336862168   -0.0179983811938334   -0.00824739691101917   0
0.33677198137336   0.476611571901976   -0.108450349108215   -0.0057137649601921   0
0.376991846296985   0.511682814374559   0.0402198649236251   0.0350712424725836   0
0.387467253969514   0.536558623860333   0.010475407672529   0.0248758094857737   0
0.371796118793227   0.565284461724053   -0.0156711351762871   0.0287258378637204   0
0.448881807524012   0.589864907465502   0.0770856887307852   0.0245804457414482   0
0.422839504579347   0.566951541219162   -0.0260423029446657   -0.0229133662463394   0
0.453456247417303   0.614892328899446   0.0306167428379559   0.0479407876802835   0
0.411970926851986   0.649888390142611   -0.0414853205653163   0.0349960612431648   0
0.452682910138283   0.652238654552701   0.0407119832862969   0.00235026441009079   0
0.339823825047003   0.597598507965855   -0.11285908509128   -0.0546401465868466   0
0.363650466294912   0.579702274758256   0.0238266412479083   -0.0178962332075987   0
0.424018785820293   0.572430808779173   0.0603683195253809   -0.00727146597908301   0
