0   0   0   0   0
0.122574865535966   0.0369166004849544   0.122574865535966   0.0369166004849544   0
0.139112883868522   0.113028011438809   0.0165380183325562   0.0761114109538545   0
0.252621349512697   0.160801665443082   0.113508465644175   0.0477736540042735   0
0.290219162031508   0.206592315651519   0.0375978125188113   0.0457906502084366   0
0.301371094655102   0.223888888451037   0.011151932623593   0.0172965727995175   0
0.334590310744596   0.254000616326376   0.0332192160894943   0.030111727875339   0
0.41293994830627   0.303541337691693   0.0783496375616739   0.0495407213653173   0
0.446314038920136   0.36679384125676   0.0333740906138665   0.0632525035650673   0
0.465440248871064   0.410174621498999   0.0191262099509282   0.0433807802422385   0
0.480137757509879   0.43003670892892   0.0146975086388144   0.0198620874299216   0
0.493522910120224   0.437113919917753   0.0133851526103457   0.00707721098883241   0
0.539163386980282   0.457045455418023   0.0456404768600572   0.0199315355002706   0
0.503416964352182   0.441858687251031   -0.0357464226280996   -0.0151867681669923   0
0.455085127762101   0.432521600973612   -0.0483318365900809   -0.0093370862774193   0
0.429232401868893   0.419570546079223   -0.0258527258932078   -0.0129510548943891   0
0.516754443118719   0.437584823264485   0.087522041249826   0.0180142771852626   0
0.614493736104537   0.451909897421328   0.0977392929858176   0.0143250741568428   0
0.564879373453624   0.503726737212681   -0.0496143626509133   0.051816839791353   0
0.527911327761132   0.51294571145288   -0.0369680456924921   0.00921897424019913   0
0.570365699340182   0.501375530381062   0.0424543715790501   -0.0115701810718183   0
0.472299573239872   0.480968227849838   -0.0980661261003095   -0.0204073025312233   0
0.631965447632073   0.540901226078032   0.1596658743922   0.0599329982281934   0
0.599848775023045   0.631659392297718   -0.0321166726090272   0.0907581662196862   0
0.574181107854621   0.629177161464934   -0.0256676671684246   -0.00248223083278376   0
0.615679536584571   0.631273457295501   0.0414984287299502   0.00209629583056625   0
0.656293278335657   0.628906632235456   0.0406137417510862   -0.00236682506004415   0
0.659376513239015   0.672880563281473   0.00308323490335727   0.0439739310460162   0
0.643435862404285   0.709213643865853   -0.0159406508347297   0.0363330805843808   0
0.686143251324152   0.711877492521627   0.0427073889198669   0.00266384865577407   0
0.730201119477133   0.686373761818156   0.044057868152981   -0.0255037307034714   0
0.751547350768137   0.732377663053546   0.0213462312910042   0.0460039012353898   0
0.783677357802027   0.733736141151967   0.0321300070338904   0.00135847809842082   0
0.860889649711763   0.778898690269885   0.0772122919097358   0.0451625491179185   0
0.803962391438771   0.77666769381005   -0.0569272582729919   -0.00223099645983493   0
0.877614792617896   0.827440542433226   0.073652401179125   0.0507728486231758   0
0.854986665533104   0.819309596013256   -0.022628127084792   -0.00813094641997036   0
0.862077313587824   0.809880349224737   0.00709064805471993   -0.00942924678851864   0
0.784643686823499   0.761696231775346   -0.0774336267643245   -0.0481841174493911   0
0.702343461343359   0.731566273233658   -0.0823002254801407   -0.0301299585416883   0
0.62727066865625   0.758349595816466   -0.0750727926871092   0.0267833225828084   0
0.760759957570024   0.751246613340702   0.133489288913774   -0.0071029824757638   0
0.816802910795105   0.812641533082942   0.0560429532250819   0.0613949197422398   0
0.803319722290411   0.818456290976176   -0.0134831885046949   0.00581475789323416   0
0.804819929063933   0.848828285966612   0.00150020677352269   0.0303719949904357   0
0.795505372613674   0.84319264246976   -0.00931455645025903   -0.00563564349685208   0
0.910735508042251   0.949798675829147   0.115230135428577   0.106606033359388   0
0.885710351479945   0.93139477347436   -0.0250251565623063   -0.0184039023547872   0
0.78536735934905   0.838576204259553   -0.100342992130895   -0.0928185692148072   0
0.733505256574397   0.832206286598982   -0.051862102774653   -0.00636991766057038   0
0.729275388144726   0.795650744120887   -0.00422986842967099   -0.0365555424780959   0
0.835186694963274   0.870120610709333   0.105911306818547   0.0744698665884462   0
0.846312410640582   0.900227044820696   0.0111257156773081   0.0301064341113636   0
0.847391838547102   0.901668627233061   0.00107942790652005   0.00144158241236436   0
0.767378255957542   0.864343001254152   -0.0800135825895596   -0.037325625978909   0
0.713689797428989   0.800262066761102   -0.0536884585285532   -0.0640809344930493   0
0.755516540138404   0.792001844130078   0.0418267427094153   -0.00826022263102411   0
0.769536659851609   0.882589160096309   0.0140201197132045   0.0905873159662308   0
0.84239029716747   0.939588737165254   0.0728536373158611   0.0569995770689451   0
0.7711846606988   0.90595471688569   -0.0712056364686698   -0.0336340202795642   0
0.781662196715986   0.926643978963356   0.0104775360171864   0.0206892620776663   0
0.859944950881217   0.92681516796555   0.0782827541652308   0.000171189002193262   0
0.884727400972604   0.960858550879051   0.0247824500913872   0.0340433829135012   0
0.882731154466003   0.96702428326869   -0.00199624650660168   0.00616573238963891   0
0.841905129254427   0.964505900250183   -0.0408260252115755   -0.00251838301850627   0
0.780416799950285   0.889800150124447   -0.0614883293041426   -0.074705750125736   0
0.679818899639342   0.82354158250933   -0.100597900310942   -0.0662585676151178   0
0.815652185323447   0.886161843689725   0.135833285684105   0.0626202611803955   0
0.880034243498302   0.975706966020827   0.0643820581748551   0.0895451223311021   0
0.435300130476117   0.791422219770722   -0.444734113022185   -0.184284746250105   0
0.93523537649319   0.667257658842465   0.499935246017073   -0.124164560928257   0
0.537226381381528   0.852762573478439   -0.398008995111662   0.185504914635974   0
0.855441315657267   0.923293656299499   0.318214934275739   0.0705310828210604   0
0.950306052485541   1.02211394574136   0.0948647368282742   0.0988202894418615   0
0.932496988943289   1.03027417740199   -0.0178090635422526   0.00816023166063173   0
0.907250532878368   0.986490211368667   -0.025246456064921   -0.0437839660333249   0
0.953524224163693   1.06135357403458   0.0462736912853248   0.0748633626659118   0
0.968879548332819   1.06122782742544   0.0153553241691262   -0.000125746609135335   0
0.880439929683922   1.0101415247384   -0.0884396186488965   -0.0510863026870418   0
0.909149139638708   0.998734324171963   0.0287092099547861   -0.0114072005664391   0
0.973239753716833   1.0533588217431   0.064090614078125   0.0546244975711349   0
0.974621934586913   1.05731460019526   0.00138218087007935   0.00395577845216599   0
