1.4210855e-14   0   0   0   0
0.0251039795049745   0.0453783280856318   0.0251039795049603   0.0453783280856318   0
0.0257411515239627   0.0574294001931852   0.000637172018988164   0.0120510721075533   0
0.0543239958741258   0.048559210636889   0.0285828443501631   -0.0088701895562962   0
0.0727071288472301   0.0632045264952998   0.0183831329731043   0.0146453158584108   0
0.0488257837488872   0.0646355376035597   -0.023881345098343   0.0014310111082599   0
0.0416436730339157   0.0774659345309516   -0.00718211071497144   0.0128303969273919   0
0.0920027912232887   0.157342395722787   0.050359118189373   0.0798764611918353   0
0.0781874479765469   0.181050555491102   -0.0138153432467418   0.0237081597683147   0
0.137134487162909   0.189893205416395   0.0589470391863619   0.00884264992529366   0
0.114208614134111   0.189361255954369   -0.0229258730287977   -0.000531949462025894   0
0.112972901338953   0.236514514505967   -0.00123571279515805   0.0471532585515974   0
0.64103234498652   0.655330491917015   0.528059443647567   0.418815977411048   0
0.60221735870053   0.70160203670388   -0.0388149862859898   0.0462715447868655   0
0.424376406571911   0.690291695486076   -0.177840952128619   -0.0113103412178047   0
0.365003744576961   0.649597340645021   -0.0593726619949507   -0.0406943548410552   0
0.32809440874231   0.601296586247152   -0.0369093358346502   -0.0483007543978683   0
0.321816579226172   0.620571726556576   -0.00627782951613803   0.019275140309424   0
0.376948639081039   0.59517397982394   0.0551320598548662   -0.0253977467326363   0
0.289373119719856   0.534136223766477   -0.0875755193611831   -0.0610377560574629   0
0.29362350507801   0.448974541818777   0.00425038535815453   -0.0851616819476999   0
0.302023748373499   0.462747954938969   0.00840024329548889   0.0137734131201915   0
0.295209517231257   0.514383289520795   -0.00681423114224211   0.0516353345818261   0
0.371744735142554   0.52789401646965   0.0765352179112969   0.0135107269488552   0
0.346134204921075   0.570886929026937   -0.0256105302214782   0.0429929125572874   0
0.344249114462379   0.564653634782147   -0.00188509045869667   -0.00623329424479047   0
0.353433002439122   0.56421557284534   0.00918388797674341   -0.000438061936807066   0
0.295836700917981   0.584992830247026   -0.0575963015211413   0.0207772574016857   0
0.319371019318855   0.604486400017786   0.0235343184008742   0.0194935697707601   0
0.328326819529243   0.586626799975305   0.00895580021038761   -0.0178596000424803   0
0.270911628507282   0.531139508343119   -0.0574151910219613   -0.0554872916321861   0
0.405393486469307   0.599686910919683   0.134481857962026   0.0685474025765636   0
0.40638892501627   0.57998875225762   0.000995438546962546   -0.0196981586620625   0
0.304729837175778   0.570228068654988   -0.101659087840492   -0.00976068360263227   0
0.31201593958204   0.561030663068508   0.00728610240626226   -0.00919740558647997   0
0.316594007400806   0.565750746637801   0.00457806781876641   0.00472008356929254   0
0.313924845175196   0.537329368558634   -0.00266916222561037   -0.0284213780791666   0
0.269681354044675   0.548102908725722   -0.0442434911305212   0.0107735401670882   0
0.310577447776821   0.561663051204298   0.0408960937321466   0.0135601424785758   0
0.281885144785296   0.565165477715347   -0.0286923029915259   0.00350242651104837   0
0.2362927667324   0.499281993371509   -0.045592378052896   -0.0658834843438373   0
0.290843490654102   0.532001351503819   0.054550723921703   0.03271935813231   0
0.321597054582536   0.562732313572831   0.030753563928433   0.0307309620690117   0
0.321210881530602   0.589826264411586   -0.000386173051933614   0.027093950838755   0
0.319547907505565   0.581527277616188   -0.00166297402503718   -0.00829898679539831   0
0.321504040969243   0.595082319859699   0.00195613346367812   0.0135550422435111   0
0.307052777736073   0.599222602828789   -0.0144512632331697   0.00414028296909041   0
0.301824395529442   0.620128715583827   -0.00522838220663108   0.0209061127550374   0
0.349015727576073   0.597021162183635   0.047191332046631   -0.0231075534001912   0
0.490410055502129   0.585703432305001   0.141394327926056   -0.0113177298786339   0
0.537835115147982   0.703259838898976   0.0474250596458523   0.117556406593974   0
0.487445495566259   0.703027458145041   -0.050389619581723   -0.000232380753934835   0
0.46743137119341   0.700067133001964   -0.0200141243728485   -0.00296032514307709   0
0.629300828449823   0.699115733203914   0.161869457256413   -0.000951399798050367   0
0.661730709273987   0.695410189737828   0.032429880824164   -0.00370554346608554   0
0.65181636886959   0.703391381764621   -0.0099143404043972   0.00798119202679259   0
0.668892645929669   0.726357587662634   0.0170762770600789   0.0229662058980137   0
0.715092712238001   0.77863881778614   0.0462000663083316   0.0522812301235058   0
0.665866940655631   0.706503370209466   -0.0492257715823697   -0.0721354475766743   0
0.487989437113229   0.475183908783587   -0.177877503542402   -0.231319461425879   0
0.403314327741317   0.580312277994275   -0.0846751093719123   0.105128369210688   0
0.339431051110607   0.484228874078119   -0.0638832766307099   -0.0960834039161563   0
0.352080470441189   0.507127209638858   0.0126494193305824   0.0228983355607393   0
0.277761647284774   0.481367661824651   -0.0743188231564149   -0.0257595478142074   0
0.286503325763299   0.54258390290474   0.00874167847852475   0.0612162410800889   0
0.343091263729493   0.533940994730273   0.0565879379661941   -0.00864290817446611   0
0.366336223444335   0.507752470203352   0.0232449597148419   -0.0261885245269211   0
0.353808644048777   0.508964677035401   -0.0125275793955581   0.00121220683204915   0
0.350517037296695   0.525301228023581   -0.00329160675208157   0.0163365509881792   0
0.374982017634869   0.530718750918067   0.024464980338174   0.00541752289448594   0
0.42471178951393   0.521787661467596   0.0497297718790609   -0.00893108945047094   0
0.478175641529084   0.484025587381727   0.0534638520151533   -0.0377620740858691   0
0.734307404983496   0.686756069078101   0.256131763454412   0.202730481696375   0
0.464624783167176   0.645484330121418   -0.26968262181632   -0.0412717389566831   0
