0   0   0   0   0
0.0170050715303958   0.0235077199176627   0.0170050715303958   0.0235077199176627   0
0.0219193271495925   0.0236636770500478   0.00491425561919666   0.000155957132385136   0
0.016900921121515   0.0329941638833037   -0.00501840602807745   0.00933048683325583   0
0.0190455821357641   0.0294622697375721   0.00214466101424907   -0.00353189414573158   0
0.0200410482074958   0.029287276722307   0.000995466071731687   -0.000174993015265044   0
0.025262579789112   0.0329100875672882   0.00522153158161621   0.00362281084498114   0
0.0406301088217528   0.062021499304995   0.0153675290326408   0.0291114117377069   0
0.0322406960930932   0.0597581701748596   -0.00838941272865958   -0.00226332913013545   0
0.0132196960569548   0.0734229222169412   -0.0190210000361384   0.0136647520420816   0
0.031729888002707   0.0873069459817424   0.0185101919457522   0.0138840237648012   0
0.0268276378841914   0.0847700482078307   -0.00490225011851557   -0.00253689777391168   0
0.0386318434199991   0.0945946655016866   0.0118042055358077   0.00982461729385591   0
0.0552460352323241   0.101237906930776   0.016614191812325   0.00664324142908938   0
0.0631481232323087   0.100175282130811   0.00790208799998463   -0.00106262479996513   0
0.0688160022516449   0.10280281447357   0.00566787901933614   0.0026275323427595   0
0.0645790161994123   0.105563686934498   -0.00423698605223261   0.00276087246092727   0
0.0643003249898778   0.123482882086435   -0.000278691209534429   0.0179191951519371   0
0.0624678549740524   0.116680301954893   -0.0018324700158254   -0.00680258013154207   0
0.0734948267162368   0.109709252592277   0.0110269717421844   -0.00697104936261585   0
0.0804533610347342   0.108108723416281   0.0069585343184974   -0.00160052917599539   0
0.103416093922521   0.126299809284028   0.0229627328877869   0.018191085867747   0
0.115425605420009   0.136316183715476   0.0120095114974874   0.010016374431448   0
0.113602157007925   0.123792055432978   -0.00182344841208322   -0.0125241282824983   0
0.115058540427444   0.133613673797506   0.00145638341951902   0.00982161836452822   0
0.117922881436263   0.134822500723589   0.00286434100881904   0.0012088269260829   0
0.105337300930605   0.118705230407337   -0.0125855805056585   -0.0161172703162518   0
0.111680341475244   0.129611833916662   0.00634304054463888   0.0109066035093247   0
0.104114766978811   0.132911552064251   -0.00756557449643315   0.00329971814758873   0
0.113785600362642   0.125809425661498   0.00967083338383161   -0.00710212640275243   0
0.123916507273901   0.14899020461427   0.0101309069112591   0.0231807789527713   0
0.133715201696095   0.144615920162482   0.00979869442219333   -0.00437428445178714   0
0.104493256388948   0.139161119771339   -0.0292219453071467   -0.00545480039114388   0
0.121836154714275   0.143503520889085   0.0173428983253267   0.00434240111774661   0
0.097899692946595   0.147994640808093   -0.0239364617676797   0.00449111991900777   0
0.107038494007632   0.159171908000654   0.00913880106103694   0.0111772671925613   0
0.0947064964631454   0.153052778896151   -0.0123319975444865   -0.00611912910450363   0
0.0997772701835425   0.149722163611596   0.00507077372039708   -0.00333061528455461   0
0.106903074123648   0.161748878695109   0.00712580394010549   0.012026715083513   0
0.11718609751591   0.173916806384158   0.0102830233922623   0.0121679276890493   0
0.130713550175312   0.169306533890622   0.0135274526594018   -0.00461027249353615   0
0.127005665863458   0.184299524926496   -0.00370788431185398   0.0149929910358742   0
0.12071532179088   0.190467896352812   -0.00629034407257784   0.00616837142631599   0
0.116289292683322   0.184323471303242   -0.00442602910755872   -0.00614442504957033   0
0.115401090740628   0.18526466850647   -0.000888201942693526   0.000941197203228356   0
0.118889336824615   0.189060033393009   0.00348824608398726   0.00379536488653842   0
0.125638428243268   0.199659854471657   0.00674909141865321   0.010599821078648   0
0.135330925970935   0.203518450990871   0.00969249772766609   0.00385859651921469   0
0.135041217287037   0.198809831440645   -0.000289708683897882   -0.00470861955022667   0
0.128159290914935   0.200126603757378   -0.00688192637210208   0.00131677231673297   0
0.127653995220173   0.195172431144833   -0.000505295694761099   -0.0049541726125443   0
0.119124441807123   0.209831364184434   -0.0085295534130508   0.0146589330396005   0
0.13027963587168   0.209072761380773   0.0111551940645575   -0.000758602803661218   0
0.142955261932279   0.209663784849251   0.0126756260605983   0.000591023468477947   0
0.158639644657699   0.211281148525241   0.0156843827254202   0.00161736367599088   0
0.155347775828579   0.209519403288136   -0.00329186882912019   -0.00176174523710554   0
0.139484690403774   0.206585020324687   -0.0158630854248042   -0.00293438296344867   0
0.135495698361303   0.195068122157751   -0.00398899204247169   -0.0115168981669359   0
0.154332555328137   0.201730991136039   0.0188368569668341   0.00666286897828713   0
0.135875395140597   0.205138419169277   -0.0184571601875397   0.00340742803323882   0
0.148805105042183   0.212440897211218   0.0129297099015861   0.0073024780419409   0
0.159191842009101   0.221717919813624   0.0103867369669177   0.00927702260240529   0
0.15823446462123   0.227013563650374   -0.000957377387871217   0.00529564383675005   0
0.159681597010038   0.213261446659128   0.00144713238880809   -0.0137521169912453   0
0.174676715927436   0.224028114545065   0.0149951189173986   0.010766667885937   0
0.192846652468599   0.226223627182598   0.0181699365411621   0.00219551263753309   0
0.184788143907664   0.213650649996565   -0.00805850856093443   -0.0125729771860333   0
0.195133521311392   0.216878255746048   0.0103453774037282   0.00322760574948322   0
0.203544655156616   0.225574968903531   0.00841113384522363   0.0086967131574823   0
0.197689823512743   0.229027353323997   -0.00585483164387324   0.00345238442046614   0
0.177433104927306   0.207834455733191   -0.0202567185854363   -0.0211928975908054   0
