1.4210855e-14   0   0   0   0
0.0132972838645431   0.00922453389123086   0.0132972838645289   0.00922453389123086   0
0.0133692804861584   0.00621881694833671   7.1996621615316e-05   -0.00300571694289414   0
0.0303343586739149   0.0233912822579359   0.0169650781877565   0.0171724653095992   0
0.0373192931816443   0.0313154633680465   0.00698493450772938   0.00792418111011056   0
0.0386784466291594   0.0236107688945293   0.00135915344751511   -0.00770469447351715   0
0.0602568223732362   0.0195729269066515   0.0215783757440768   -0.00403784198787778   0
0.0640986065801843   0.0446280519758979   0.00384178420694806   0.0250551250692464   0
0.0614062459386308   0.0448453733261267   -0.00269236064155347   0.000217321350228804   0
0.0749253261632719   0.04586177311695   0.0135190802246411   0.00101639979082323   0
0.0932577802624635   0.0559194228177263   0.0183324540991917   0.0100576497007764   0
0.125517807708221   0.0829866094619614   0.0322600274457579   0.0270671866442351   0
0.0715527031518053   0.068090186592141   -0.0539651045564162   -0.0148964228698204   0
0.0835133596512681   0.0790146892695094   0.0119606564994628   0.0109245026773684   0
0.0439038750408689   0.0622687292536129   -0.0396094846103993   -0.0167459600158965   0
0.0657468069599154   0.0568652026928308   0.0218429319190465   -0.00540352656078214   0
0.0626794838484923   0.0886756500616852   -0.00306732311142308   0.0318104473688544   0
0.0530075538114726   0.111252896013513   -0.00967193003701976   0.0225772459518275   0
0.0669775670610014   0.113774168870568   0.0139700132495288   0.00252127285705502   0
0.0587691438571886   0.101542945660796   -0.00820842320381276   -0.0122312232097712   0
0.103011455806508   0.139088380383437   0.044242311949319   0.037545434722641   0
0.086632388804025   0.123833922444419   -0.0163790670024826   -0.0152544579390186   0
0.0603463253826152   0.107499470255531   -0.0262860634214098   -0.0163344521888874   0
0.104671347442194   0.130749511244406   0.0443250220595788   0.0232500409888742   0
0.133576316305503   0.132720730057737   0.028904968863309   0.00197121881333104   0
0.134183170036827   0.1431577039405   0.000606853731324436   0.0104369738827632   0
0.105496981025926   0.121058691845018   -0.028686189010901   -0.0220990120954815   0
0.115274661794289   0.125156580199688   0.00977768076836298   0.00409788835466968   0
0.116115251937798   0.128661034768227   0.000840590143508221   0.00350445456853854   0
0.138039326171579   0.0938491698390878   0.0219240742337816   -0.0348118649291388   0
0.1045420007455   0.111866416204431   -0.0334973254260796   0.0180172463653435   0
0.101345580301593   0.122503473567386   -0.00319642044390676   0.0106370573629551   0
0.135206824775523   0.142555023114846   0.0338612444739297   0.0200515495474598   0
0.168818077943687   0.149904115613212   0.0336112531681648   0.00734909249836577   0
0.175646907776386   0.147327780875168   0.00682882983269817   -0.00257633473804375   0
0.126995950211928   0.137843991290855   -0.0486509575644578   -0.00948378958431284   0
0.125247316886774   0.137645985288741   -0.00174863332515343   -0.000198006002114587   0
0.138113680066492   0.148575765668176   0.0128663631797178   0.0109297803794352   0
0.196165822008845   0.143400525788282   0.0580521419423535   -0.00517523987989399   0
0.117159510117765   0.13585563353572   -0.0790063118910806   -0.00754489225256236   0
0.142328748620603   0.134968418733286   0.0251692385028379   -0.000887214802433256   0
0.165970569636089   0.145502377246556   0.0236418210154864   0.0105339585132693   0
0.164060810389572   0.141281297322417   -0.00190975924651673   -0.00422107992413845   0
0.119173573284703   0.146725324611104   -0.044887237104869   0.00544402728868673   0
0.148280006200478   0.153190430506361   0.0291064329157748   0.00646510589525676   0
0.161116459943813   0.157042032284441   0.0128364537433344   0.00385160177807992   0
0.145056837846783   0.164580769865453   -0.01605962209703   0.00753873758101192   0
0.110412091804595   0.173591661216851   -0.0346447460421875   0.00901089135139893   0
0.147471551857685   0.180593937976366   0.0370594600530899   0.00700227675951443   0
0.221661523271828   0.167415564880325   0.0741899714141431   -0.0131783730960409   0
0.169477345589307   0.159245853492206   -0.0521841776825214   -0.00816971138811945   0
0.158313949640973   0.170236465803302   -0.0111633959483334   0.0109906123110967   0
0.171133046162586   0.180588791904718   0.0128190965216129   0.0103523261014156   0
0.214000807843741   0.184284334113534   0.0428677616811549   0.00369554220881646   0
0.201032317453483   0.185492776108731   -0.0129684903902578   0.00120844199519665   0
0.16022481857369   0.163141196090364   -0.0408074988797928   -0.0223515800183675   0
0.174486356586918   0.193528723905485   0.014261538013228   0.0303875278151214   0
0.184635586798569   0.184709642755817   0.0101492302116508   -0.00881908114966831   0
0.181599454316112   0.170646341936469   -0.00303613248245721   -0.0140633008193475   0
0.215435586453693   0.183521864872349   0.0338361321375812   0.0128755229358804   0
0.222999027231109   0.189062189317003   0.00756344077741603   0.00554032444465316   0
0.23084883677381   0.180295706701329   0.00784980954270112   -0.00876648261567362   0
0.201715213664364   0.166972425981043   -0.0291336231094466   -0.0133232807202862   0
0.209530384409351   0.175817842974176   0.0078151707449868   0.00884541699313321   0
0.181812014166382   0.165388392262219   -0.0277183702429682   -0.0104294507119573   0
0.192040762746931   0.158205286947712   0.0102287485805488   -0.00718310531450639   0
0.186207946628584   0.147734853554077   -0.00583281611834721   -0.0104704333936352   0
0.161937225706322   0.151740919315846   -0.0242707209222623   0.00400606576176868   0
0.174589341921909   0.158679941629647   0.0126521162155872   0.00693902231380153   0
0.155499350605426   0.140037240470389   -0.0190899913164824   -0.0186427011592584   0
0.194912889479223   0.150876463905001   0.0394135388737961   0.0108392234346124   0
0.199636139386884   0.158016964115287   0.00472324990766199   0.00714050021028578   0
0.177127348433773   0.140976483215214   -0.0225087909531111   -0.0170404809000726   0
0.153406639709405   0.126064474813541   -0.0237207087243689   -0.0149120084016731   0
0.219114245566093   0.140048507344238   0.065707605856689   0.0139840325306968   0
0.193013333629661   0.141450070020339   -0.0261009119364327   0.00140156267610103   0
0.19476064119939   0.132069571521389   0.00174730756972949   -0.00938049849895037   0
0.20482288802413   0.136561142956342   0.0100622468247394   0.00449157143495277   0
0.134343892443773   0.116857348301928   -0.0704789955803566   -0.0197037946544135   0
