8.584011e-15   4.44573195e-16   0   0   0
0.0964187327265541   0.0852472367251873   0.0964187327265455   0.0852472367251869   0
0.0819025250373227   0.0891907383673362   -0.0145162076892314   0.00394350164214888   0
0.0700847355069514   0.0933214199583196   -0.0118177895303714   0.00413068159098343   0
0.128783090733663   0.126876772534553   0.0586983552267121   0.0335553525762331   0
0.126175364323707   0.142128245942076   -0.00260772640995627   0.015251473407523   0
0.108110456581447   0.152227692822949   -0.01806490774226   0.0100994468808734   0
0.374761842818509   0.441553155192372   0.266651386237062   0.289325462369423   0
0.56479165291524   0.717054685760485   0.19002981009673   0.275501530568114   0
0.489994451353416   0.583633617538473   -0.0747972015618235   -0.133421068222013   0
0.499034602524596   0.600823331182945   0.00904015117118012   0.0171897136444727   0
0.499195740595981   0.601764259077425   0.000161138071385014   0.000940927894479526   0
0.486075553070916   0.586418982569797   -0.0131201875250656   -0.0153452765076278   0
0.521483672341458   0.589313024850075   0.0354081192705426   0.00289404228027823   0
0.506407908519015   0.587886393439147   -0.0150757638224432   -0.00142663141092814   0
0.498201191862128   0.606643062152062   -0.00820671665688705   0.0187566687129147   0
0.534901012719822   0.625639341085672   0.0366998208576942   0.0189962789336106   0
0.554802600093009   0.634814786341176   0.0199015873731863   0.00917544525550396   0
0.560160114035622   0.645711319262694   0.00535751394261319   0.010896532921518   0
0.533955473082639   0.653935015240381   -0.0262046409529824   0.00822369597768646   0
0.563006294592339   0.637765025665509   0.0290508215096992   -0.016169989574872   0
0.47734028017925   0.56587804597445   -0.0856660144130887   -0.0718869796910585   0
0.478363914629514   0.579819949211668   0.00102363445026366   0.0139419032372172   0
0.419703933752191   0.56232096438226   -0.0586599808773227   -0.0174989848294071   0
0.482122553763015   0.584741591004142   0.0624186200108237   0.0224206266218812   0
0.381056547779712   0.50174497541293   -0.101066005983302   -0.0829966155912117   0
0.356399346985043   0.483519072993308   -0.0246572007946694   -0.0182259024196217   0
0.443891325559399   0.550906684943904   0.0874919785743561   0.0673876119505956   0
0.47352253430372   0.583429404140125   0.0296312087443205   0.0325227191962213   0
0.502746445307307   0.612564142571784   0.0292239110035878   0.0291347384316595   0
0.479850301190017   0.652437421700308   -0.0228961441172909   0.039873279128524   0
0.545920036148189   0.667652414500625   0.0660697349581726   0.0152149928003168   0
0.531417780889743   0.667756079866212   -0.0145022552584465   0.000103665365586703   0
0.522256563721788   0.654175675693843   -0.00916121716795515   -0.0135804041723689   0
0.290684004040518   0.461518905347958   -0.23157255968127   -0.192656770345886   0
0.0938434634645655   0.672623259504049   -0.196840540575952   0.211104354156092   0
0.378462402698713   0.646193304287246   0.284618939234147   -0.0264299552168035   0
0.44254005341857   0.666566359263531   0.0640776507198571   0.0203730549762853   0
0.453199205149899   0.654071992181208   0.0106591517313285   -0.012494367082323   0
0.390752771115391   0.72728699337318   -0.0624464340345078   0.073215001191972   0
0.514542364845552   0.750308427400045   0.123789593730162   0.0230214340268653   0
0.583325766402444   0.750190103760312   0.0687834015568918   -0.000118323639732743   0
0.591512884911631   0.760266300083111   0.00818711850918652   0.0100761963227984   0
0.593812097070251   0.765447005101384   0.00229921215861995   0.00518070501827272   0
0.605370789358144   0.782597603925758   0.0115586922878936   0.0171505988243746   0
0.615900500918199   0.803235814056481   0.0105297115600548   0.0206382101307224   0
0.608027773738939   0.825331872333977   -0.00787272717926046   0.0220960582774965   0
0.596453014049607   0.854250828412532   -0.0115747596893315   0.0289189560785544   0
0.642773307987581   0.875356930285838   0.0463202939379735   0.0211061018733064   0
0.594503595131854   0.853941297339703   -0.0482697128557266   -0.0214156329461352   0
0.501404588013995   0.571104355700937   -0.0930990071178588   -0.282836941638766   0
0.821462600107335   0.844350153030362   0.32005801209334   0.273245797329425   0
0.793169367832109   0.844390753624774   -0.0282932322752261   4.06005944115773e-05   0
0.799377983130302   0.846071673426688   0.00620861529819294   0.00168091980191443   0
0.859905871362198   0.879208886933732   0.0605278882318961   0.033137213507044   0
0.883751099835085   0.877426456236266   0.0238452284728868   -0.00178243069746631   0
0.920159695180972   0.90081457359862   0.0364085953458869   0.023388117362354   0
0.871531845600554   0.911896360508492   -0.0486278495804178   0.0110817869098722   0
0.714016095436856   1.03802235608321   -0.157515750163699   0.126125995574719   0
1.09008752084144   1.09749602110985   0.376071425404582   0.0594736650266414   0
1.06872403086262   1.09994203767591   -0.0213634899788171   0.00244601656605425   0
1.21475955961563   1.24768687779605   0.146035528753008   0.147744840120138   0
1.0875854133998   1.11562026701884   -0.127174146215825   -0.132066610777203   0
1.14787511544964   1.15120347385828   0.060289702049841   0.0355832068394415   0
1.17266710448413   1.18988983003381   0.0247919890344843   0.0386863561755251   0
1.1274792593014   1.15336652477777   -0.0451878451827246   -0.0365233052560354   0
1.13856137263057   1.15941274181914   0.0110821133291679   0.00604621704136288   0
1.13008063204126   1.1643170909432   -0.00848074058931303   0.0049043491240639   0
1.14041068286745   1.17471391143778   0.0103300508261925   0.010396820494577   0
1.08313649413602   1.16137442131111   -0.0572741887314279   -0.0133394901266712   0
1.12219384381196   1.15514482082506   0.0390573496759414   -0.00622960048604204   0
1.10504833001178   1.14644343803819   -0.0171455138001799   -0.00870138278686916   0
1.12467891882107   1.14752029671096   0.0196305888092858   0.00107685867276386   0
1.19155246945032   1.26561122311622   0.0668735506292499   0.118090926405257   0
1.38345165317751   1.50062233850908   0.19189918372719   0.235011115392863   0
1.37252163957594   1.43319952284171   -0.0109300136015711   -0.0674228156673677   0
1.34778451523212   1.43112346482295   -0.0247371243438195   -0.00207605801876576   0
1.26449572766392   1.34066164922665   -0.083288787568202   -0.0904618155962964   0
