0   0   0   0   0
0.0706660904466528   0.0285142575098242   0.0706660904466528   0.0285142575098242   0
0.0171174572269486   0.0267117598807447   -0.0535486332197042   -0.0018024976290795   0
0.193881528966273   0.037794382102845   0.176764071739324   0.0110826222221003   0
0.243492503002303   0.0555644573629022   0.0496109740360304   0.0177700752600572   0
0.219457636923095   0.0302729340355835   -0.0240348660792087   -0.0252915233273186   0
0.212490518414916   0.0416772403205731   -0.00696711850817841   0.0114043062849896   0
0.216740433282635   0.08879183823536   0.00424991486771889   0.0471145979147869   0
0.176613998951447   0.0717290284392919   -0.0401264343311884   -0.0170628097960681   0
0.150999604828754   0.081684768306599   -0.0256143941226925   0.00995573986730718   0
0.148368182448702   0.0898567856210808   -0.00263142238005273   0.00817201731448179   0
0.156360161103179   0.0991189051181448   0.00799197865447748   0.00926211949706401   0
0.107941118325967   0.106626876550223   -0.048419042777212   0.00750797143207795   0
0.115615948313635   0.121049670423527   0.00767482998766794   0.0144227938733046   0
0.177807314607455   0.095393519260138   0.0621913662938199   -0.0256561511633894   0
0.132729504281968   0.0990257984351583   -0.0450778103254874   0.00363227917502025   0
0.124757120437059   0.111909522768469   -0.00797238384490842   0.0128837243333107   0
0.127901662609545   0.115672309525831   0.00314454217248603   0.00376278675736214   0
0.0792779394819945   0.107108015088883   -0.0486237231275506   -0.00856429443694853   0
0.0961004285745449   0.116755209926694   0.0168224890925503   0.00964719483781175   0
0.101981673040023   0.128604760320803   0.00588124446547771   0.011849550394109   0
0.0607940703903856   0.153714234102589   -0.041187602649637   0.0251094737817857   0
0.0991664230929045   0.145909783892294   0.0383723527025189   -0.00780445021029538   0
0.112467245691019   0.12640154444918   0.0133008225981145   -0.0195082394431131   0
0.0853812397745328   0.120590232178505   -0.0270860059164861   -0.00581131227067509   0
0.0745173281774017   0.147517612055991   -0.0108639115971311   0.0269273798774852   0
0.117936590065228   0.137221940746742   0.0434192618878265   -0.0102956713092486   0
0.0977313747683623   0.138826304245513   -0.0202052152968658   0.00160436349877074   0
0.0498901531951279   0.119673039996576   -0.0478412215732344   -0.0191532642489365   0
0.0847557532055764   0.208052291369105   0.0348656000104484   0.0883792513725289   0
0.358395385062747   0.228441613599628   0.273639631857171   0.0203893222305225   0
0.219208448581122   0.242296134782138   -0.139186936481625   0.0138545211825099   0
0.171499532108167   0.176632143924984   -0.0477089164729552   -0.0656639908571534   0
0.0957774763004548   0.198574907733938   -0.0757220558077123   0.0219427638089535   0
0.0517660091893358   0.216185406985007   -0.044011467111119   0.0176104992510693   0
0.0737989897337891   0.232075081768957   0.0220329805444534   0.0158896747839498   0
0.12669797569028   0.216807501679713   0.0528989859564912   -0.0152675800892442   0
0.11648765332639   0.225716071051889   -0.01021032236389   0.00890856937217677   0
0.108739555632511   0.240225491618952   -0.00774809769387923   0.0145094205670629   0
0.127656367371193   0.226853491760991   0.0189168117386814   -0.0133719998579613   0
0.143940972864625   0.202235027073411   0.016284605493432   -0.0246184646875802   0
0.141149616910191   0.221876727133989   -0.00279135595443356   0.0196417000605779   0
0.157237812809644   0.224240508391957   0.0160881958994533   0.0023637812579686   0
0.126528205025068   0.230131570805295   -0.0307096077845761   0.00589106241333792   0
0.175739415696145   0.233148175323537   0.0492112106710768   0.00301660451824198   0
0.146470467125458   0.2375922976472   -0.0292689485706868   0.00444412232366251   0
0.153292828855561   0.227881047757775   0.00682236173010289   -0.00971124988942496   0
0.30426819246535   0.187328183590028   0.150975363609789   -0.0405528641677473   0
0.205875963416241   0.212582673182588   -0.0983922290491093   0.0252544895925605   0
0.208348749193996   0.203589253107683   0.00247278577775525   -0.00899342007490475   0
0.199824827183671   0.218647872032131   -0.00852392201032454   0.0150586189244482   0
0.15937383845813   0.226488068576802   -0.0404509887255417   0.00784019654467091   0
0.135900208710418   0.246169196328952   -0.0234736297477114   0.0196811277521494   0
0.149098288459589   0.224699218496621   0.0131980797491707   -0.0214699778323306   0
0.183278495050594   0.223110861433269   0.0341802065910048   -0.00158835706335203   0
0.165507736942221   0.207697030148512   -0.0177707581083724   -0.0154138312847571   0
0.100691009600386   0.246727561940619   -0.0648167273418351   0.0390305317921071   0
0.0899271502117601   0.245341580230974   -0.010763859388626   -0.00138598170964502   0
0.0824989671985121   0.251673131089218   -0.00742818301324806   0.00633155085824402   0
0.107873347480581   0.232532056353978   0.025374380282069   -0.01914107473524   0
0.119819666740805   0.24444625294242   0.011946319260224   0.0119141965884414   0
0.559603809567687   0.107511629406792   0.439784142826882   -0.136934623535627   0
0.69150362950094   0.168646983978283   0.131899819933253   0.0611353545714909   0
0.105657321933936   0.257325123872988   -0.585846307567005   0.0886781398947045   0
0.155438354073262   0.225384798532895   0.049781032139326   -0.0319403253400927   0
