1.4959534e-14   6.776148e-16   0   0   0
0.0234250317710868   0.0351662099647778   0.0234250317710718   0.0351662099647771   0
0.0592441482685682   0.0410659782800636   0.0358191164974814   0.00589976831528578   0
0.0765995668720042   0.0745596399803608   0.017355418603436   0.0334936617002972   0
0.0597123867968008   0.0760388031900395   -0.0168871800752034   0.00147916320967872   0
0.0854097828235345   0.073466693349545   0.0256973960267337   -0.00257210984049452   0
0.0850988600425466   0.0754255474890195   -0.00031092278098796   0.00195885413947447   0
0.0904256046634744   0.0932970651823712   0.00532674462092787   0.0178715176933517   0
0.181560784140333   0.080645930304484   0.0911351794768584   -0.0126511348778872   0
0.101731315731414   0.0832676393037272   -0.079829468408919   0.00262170899924317   0
0.0965814871577031   0.0851475051794109   -0.0051498285737108   0.00187986587568377   0
0.13995181333346   0.0807355751867969   0.0433703261757568   -0.00441192999261404   0
0.130199236495533   0.0965070284606241   -0.00975257683792677   0.0157714532738272   0
0.132975128213778   0.0787438786125349   0.00277589171824438   -0.0177631498480892   0
0.150266286621865   0.0734564272963416   0.0172911584080878   -0.00528745131619332   0
0.136191636162521   0.0863396603776559   -0.0140746504593438   0.0128832330813143   0
0.158438971334002   0.100944348779542   0.0222473351714808   0.0146046884018865   0
0.164165360446667   0.0950494622069015   0.00572638911266454   -0.00589488657264091   0
0.157860757973666   0.0888556450929016   -0.00630460247300099   -0.00619381711399987   0
0.161751471326916   0.0897932172248711   0.00389071335325034   0.000937572131969502   0
0.130530780066459   0.0911196710403317   -0.0312206912604571   0.00132645381546054   0
0.145395516108133   0.113951990885584   0.0148647360416737   0.022832319845252   0
0.175272486742514   0.105381932593312   0.0298769706343814   -0.00857005829227162   0
0.135279951004416   0.104115499748832   -0.0399925357380982   -0.00126643284447993   0
0.144655567219789   0.112895904601327   0.00937561621537339   0.00878040485249512   0
0.15899832232242   0.114249223182106   0.0143427551026304   0.00135331858077851   0
0.137133381041762   0.110245714182175   -0.0218649412806577   -0.00400350899993059   0
0.161987495726067   0.10561073158439   0.0248541146843048   -0.00463498259778543   0
0.149580039713497   0.119828076695545   -0.0124074560125701   0.014217345111155   0
0.124227817012276   0.114153335036032   -0.0253522227012205   -0.00567474165951272   0
0.121820188312097   0.115478443540027   -0.00240762870017915   0.0013251085039947   0
0.115424617717636   0.111838092388245   -0.00639557059446071   -0.00364035115178182   0
0.0918235841966296   0.107617706289809   -0.0236010335210068   -0.00422038609843624   0
0.114705475669831   0.127626655775171   0.0228818914732017   0.020008949485362   0
0.111682542270509   0.113619639785333   -0.00302293339932273   -0.0140070159898373   0
0.122975882155258   0.121268284552207   0.0112933398847495   0.0076486447668736   0
0.13196298506509   0.121886751405526   0.00898710290983225   0.000618466853319052   0
0.106146805565419   0.136797871314725   -0.025816179499671   0.0149111199091994   0
0.147686389632068   0.184944114512023   0.0415395840666488   0.0481462431972976   0
0.1905238498045   0.152329189912993   0.0428374601724323   -0.0326149245990302   0
0.177666602088138   0.149897231209309   -0.0128572477163623   -0.00243195870368393   0
0.178336136540855   0.155222827886165   0.000669534452716669   0.00532559667685589   0
0.19206707244793   0.16785289672018   0.0137309359070755   0.0126300688340153   0
0.180456306888777   0.183894743187933   -0.011610765559153   0.0160418464677528   0
0.173446404122143   0.170567769473171   -0.00700990276663413   -0.0133269737147615   0
0.203144901401905   0.17419121555626   0.0296984972797618   0.00362344608308898   0
0.193506906220648   0.168477463483438   -0.0096379951812573   -0.00571375207282213   0
0.186944887684113   0.191528865434941   -0.00656201853653479   0.0230514019515028   0
0.149797252306524   0.225470918300774   -0.0371476353775888   0.0339420528658331   0
0.15363941113327   0.199281614806611   0.00384215882674621   -0.0261893034941631   0
0.176079141341771   0.166657194904181   0.0224397302085008   -0.0326244199024303   0
0.155922532643254   0.141152497698866   -0.0201566086985174   -0.0255046972053148   0
0.131876426633492   0.172340974942458   -0.0240461060097612   0.0311884772435924   0
0.119666338752849   0.193748647833665   -0.0122100878806432   0.0214076728912065   0
0.134510891129984   0.182097665077794   0.0148445523771351   -0.0116509827558709   0
0.140958550015062   0.204901644188263   0.00644765888507726   0.0228039791104689   0
0.115030359284712   0.205870582783253   -0.0259281907303494   0.000968938594990365   0
0.115909693129831   0.226321941331064   0.000879333845118999   0.0204513585478102   0
0.109906638570364   0.221974795763508   -0.00600305455946692   -0.00434714556755508   0
0.118035658639044   0.214632568042767   0.00812902006867929   -0.00734222772074186   0
0.109893606703782   0.224794680917401   -0.00814205193526199   0.0101621128746341   0
0.137018477739785   0.229926650950283   0.0271248710360039   0.00513197003288232   0
0.131227534833172   0.214711732666537   -0.00579094290661364   -0.0152149182837461   0
0.144043395415876   0.198229122774096   0.012815860582704   -0.016482609892441   0
0.147120007419742   0.214370184641964   0.0030766120038663   0.0161410618678684   0
0.133985867561329   0.233486672832446   -0.0131341398584129   0.0191164881904816   0
0.171602083276648   0.195143975277732   0.0376162157153185   -0.038342697554714   0
0.154510394687995   0.209171270766924   -0.0170916885886526   0.0140272954891919   0
0.132051745438761   0.23163392041265   -0.022458649249234   0.0224626496457262   0
0.142931304202839   0.26970216798868   0.0108795587640779   0.03806824757603   0
0.134441419732482   0.239947852844669   -0.00848988447035662   -0.0297543151440112   0
0.16884272135727   0.207318725455968   0.0344013016247871   -0.0326291273887006   0
0.142995047311514   0.228468263866902   -0.0258476740457556   0.0211495384109341   0
0.148987268397796   0.212959671313404   0.00599222108628242   -0.0155085925534985   0
0.1473512109845   0.235651295263735   -0.00163605741329662   0.0226916239503313   0
0.163078888999385   0.203142467657184   0.0157276780148851   -0.0325088276065516   0
0.171655510559425   0.233268293970171   0.0085766215600406   0.0301258263129872   0
0.178415779590734   0.198967189115903   0.00676026903130883   -0.0343011048542682   0
0.190592214970165   0.224173393459186   0.0121764353794307   0.0252062043432837   0
0.189011633219872   0.21855111347902   -0.00158058175029308   -0.00562227998016676   0
0.190735153681191   0.216290847310629   0.00172352046131949   -0.00226026616839034   0
