1.39095850313442e-14   1.8184271e-16   0   0   0
0.0855046664962485   0.0536902746723114   0.0855046664962345   0.0536902746723113   0
0.144506231452506   0.0347004475456395   0.0590015649562578   -0.018989827126672   0
0.189367765834326   0.0609128865551931   0.0448615343818199   0.0262124390095536   0
0.155913791798492   0.06190124915166   -0.0334539740358343   0.000988362596466924   0
0.122898686863274   0.0738786135491028   -0.0330151049352181   0.0119773643974428   0
0.499545364116107   0.407695957988721   0.376646677252833   0.333817344439618   0
0.187172819841325   0.0926188452528503   -0.312372544274782   -0.315077112735871   0
0.206450882262455   0.15010056122281   0.01927806242113   0.0574817159699593   0
0.2713197138246   0.116198258780341   0.0648688315621447   -0.0339023024424689   0
0.065635561890834   0.189434815625071   -0.205684151933766   0.0732365568447304   0
0.14781269149954   0.183452696065304   0.0821771296087062   -0.00598211955976738   0
0.251059556605823   0.225057839497699   0.103246865106283   0.0416051434323954   0
0.262482600346443   0.21840671371348   0.0114230437406204   -0.00665112578421934   0
0.143723299679065   0.153626334409093   -0.118759300667378   -0.0647803793043864   0
0.117155612106114   0.179925359258928   -0.0265676875729506   0.0262990248498343   0
0.115072855042837   0.137173892577455   -0.00208275706327789   -0.0427514666814729   0
0.125478323423943   0.111795216040051   0.0104054683811066   -0.0253786765374036   0
0.15411143231961   0.149268747683748   0.0286331088956665   0.0374735316436968   0
0.199113059192346   0.150432772169808   0.0450016268727365   0.00116402448606004   0
0.135154469187992   0.143427125664314   -0.0639585900043547   -0.00700564650549423   0
0.660210610776708   0.403004521842344   0.525056141588717   0.25957739617803   0
0.400647480616054   0.145406885509642   -0.259563130160654   -0.257597636332702   0
0.216188509411457   0.113430167174368   -0.184458971204597   -0.0319767183352741   0
0.127810641526002   0.126142183932958   -0.0883778678854547   0.0127120167585897   0
0.0928614455460256   0.124634938709779   -0.0349491959799768   -0.00150724522317829   0
0.106325684407734   0.0925496727372712   0.0134642388617087   -0.0320852659725081   0
0.131053122311644   0.135149494592734   0.0247274379039094   0.0425998218554632   0
0.139214965156926   0.246228399027596   0.00816184284528204   0.111078904434861   0
0.187463757169676   0.160710633642549   0.0482487920127499   -0.0855177653850468   0
0.187579068479806   0.170744944708906   0.000115311310129956   0.0100343110663573   0
0.243239028782232   0.135237327542164   0.055659960302426   -0.0355076171667427   0
0.210202474460806   0.160177307150968   -0.0330365543214254   0.0249399796088043   0
0.277311470346625   0.121925595279387   0.067108995885819   -0.0382517118715807   0
0.216968719720632   0.147977148325885   -0.0603427506259928   0.0260515530464983   0
0.268512331552544   0.0772129373714716   0.0515436118319114   -0.0707642109544138   0
0.25913004398456   0.113236517079594   -0.00938228756798404   0.0360235797081227   0
0.291355327379286   0.0985545416387527   0.0322252833947257   -0.0146819754408417   0
0.323352986365506   0.126062994174802   0.0319976589862207   0.0275084525360492   0
0.402348589840898   0.116140438949662   0.0789956034753914   -0.00992255522513968   0
0.408461782061221   0.0985870283653664   0.00611319222032353   -0.0175534105842957   0
0.432959658969532   0.105004505979293   0.0244978769083106   0.00641747761392694   0
0.424709276700356   0.091312965273369   -0.00825038226917552   -0.0136915407059243   0
0.38068108767299   0.101131181008606   -0.0440281890273663   0.00981821573523692   0
0.323914229421801   0.0874962788327084   -0.0567668582511887   -0.0136349021758976   0
0.322346463835894   0.109223053880556   -0.00156776558590777   0.0217267750478481   0
0.302863313577523   0.117079563523376   -0.0194831502583704   0.00785650964281931   0
0.298865350610684   0.136714089088604   -0.00399796296683941   0.0196345255652279   0
0.347075657723729   0.119436040197338   0.0482103071130456   -0.0172780488912658   0
0.385062437610787   0.105092072994836   0.0379867798870573   -0.0143439672025015   0
0.278112765125741   0.136379063207324   -0.106949672485046   0.0312869902124873   0
0.162297214684238   0.183454172347585   -0.115815550441502   0.0470751091402613   0
0.223487836079906   0.220598365537181   0.0611906213956681   0.0371441931895962   0
0.0805297079950188   0.218440476162157   -0.142958128084887   -0.00215788937502467   0
0.553254049138789   0.686449989719695   0.47272434114377   0.468009513557539   0
0.360095543041757   0.432596803011325   -0.193158506097032   -0.25385318670837   0
0.169859946116838   0.320424472178528   -0.190235596924919   -0.112172330832797   0
0.100172935863459   0.27174286660925   -0.0696870102533789   -0.0486816055692783   0
0.122312069212703   0.256037905394369   0.0221391333492437   -0.015704961214881   0
0.13293667308934   0.320071150809062   0.0106246038766378   0.0640332454146931   0
0.364818401330309   0.5102163308599   0.231881728240969   0.190145180050838   0
0.312984630109134   0.267195196404351   -0.0518337712211752   -0.24302113445555   0
0.260270521258499   0.162187323217505   -0.0527141088506352   -0.105007873186845   0
0.405069381418045   0.352516808303349   0.144798860159546   0.190329485085843   0
0.245736348583057   0.26893809025213   -0.159333032834988   -0.0835787180512188   0
0.150423188374866   0.21096826704666   -0.095313160208191   -0.0579698232054697   0
0.0695669487908834   0.215808775342049   -0.0808562395839831   0.00484050829538904   0
0.182122689838779   0.240352504998208   0.112555741047896   0.0245437296561589   0
0.200547231032402   0.256711456250441   0.0184245411936224   0.0163589512522328   0
0.153831325262711   0.303064092033825   -0.0467159057696906   0.0463526357833839   0
0.0920026640735224   0.284188622271679   -0.0618286611891887   -0.0188754697621459   0
0.0955878020359855   0.308632338122938   0.00358513796246307   0.024443715851259   0
0.116356081248638   0.272818682784181   0.020768279212652   -0.0358136553387565   0
0.410444896785552   0.30161930218668   0.294088815536915   0.0288006194024985   0
0.234744034199699   0.193307441508839   -0.175700862585853   -0.108311860677841   0
