1.8280717879466e-14   3.8518599e-32   0   0   0
0.0302637227061948   0.0140411268938978   0.0302637227061765   0.0140411268938978   0
0.0794233645491764   0.0356265045091529   0.0491596418429816   0.0215853776152551   0
0.0838337848692996   0.0589190145690891   0.00441042032012318   0.0232925100599362   0
0.105888843990666   0.0473112057820641   0.0220550591213666   -0.011607808787025   0
0.0584067736545005   0.0425739264582869   -0.0474820703361656   -0.00473727932377721   0
0.055334655880237   0.0333548779116145   -0.00307211777426348   -0.0092190485466724   0
0.121256018363709   0.0780182850355692   0.0659213624834723   0.0446634071239547   0
0.119790206758516   0.0641166623369582   -0.00146581160519302   -0.013901622698611   0
0.163407573448121   0.0831900125503462   0.0436173666896044   0.019073350213388   0
0.175529386732622   0.0990522739145658   0.0121218132845008   0.0158622613642196   0
0.150264250019782   0.0929308673211777   -0.0252651367128394   -0.00612140659338813   0
0.156870820966161   0.0851430971932084   0.00660657094637832   -0.00778777012796932   0
0.139772376269631   0.0901125751464495   -0.0170984446965298   0.00496947795324115   0
0.153959042637073   0.104492658127842   0.0141866663674418   0.014380082981392   0
0.10182284383773   0.0452290018041031   -0.0521361987993421   -0.0592636563237385   0
0.0984956701252043   0.0597561339097984   -0.00332717371252615   0.0145271321056953   0
0.107820941693748   0.0737145021855795   0.00932527156854321   0.0139583682757811   0
0.0828620813173002   0.0601404244576291   -0.0249588603764473   -0.0135740777279504   0
0.0703937805059693   0.0780235220794739   -0.0124683008113309   0.0178830976218448   0
0.118956403881584   0.0982785787787587   0.048562623375615   0.0202550566992848   0
0.148195436171348   0.128145579048569   0.0292390322897632   0.0298670002698101   0
0.1741808657374   0.127407342590464   0.0259854295660523   -0.000738236458104724   0
0.185224335084035   0.132082580474471   0.0110434693466353   0.00467523788400684   0
0.190802559443421   0.147862731105234   0.00557822435938546   0.0157801506307634   0
0.195034400695301   0.146921642464893   0.00423184125188064   -0.000941088640340926   0
0.215881357431017   0.155694820763532   0.0208469567357153   0.00877317829863877   0
0.201704726959791   0.143337208509471   -0.0141766304712259   -0.0123576122540616   0
0.19812467773054   0.140356339267974   -0.00358004922925029   -0.00298086924149646   0
0.1425916349043   0.102049158765652   -0.0555330428262404   -0.0383071805023222   0
0.143111571052933   0.15233090364243   0.000519936148633077   0.0502817448767782   0
0.176220776243908   0.158435943492574   0.0331092051909747   0.00610503985014377   0
0.171480628543181   0.148881413750456   -0.00474014770072709   -0.00955452974211829   0
0.201212852635669   0.156499627600184   0.0297322240924883   0.00761821384972888   0
0.117089700540893   0.144080089194611   -0.0841231520947756   -0.0124195384055736   0
0.159031119791992   0.155647341650316   0.0419414192510987   0.0115672524557049   0
0.180804202459069   0.179013245462858   0.0217730826670771   0.0233659038125419   0
0.149369279196749   0.151579911770881   -0.0314349232623206   -0.0274333336919769   0
0.17291316290531   0.150844155394966   0.0235438837085609   -0.000735756375915025   0
0.218429180367915   0.172191633783014   0.0455160174626052   0.0213474783880484   0
0.173361668024456   0.121159105807854   -0.0450675123434586   -0.0510325279751607   0
0.171114027053617   0.122438042229583   -0.00224764097083954   0.00127893642172919   0
0.190201447827584   0.14257039490127   0.0190874207739678   0.0201323526716877   0
0.245763189067191   0.16151765640787   0.0555617412396069   0.0189472615065999   0
0.20901327201457   0.13188162643559   -0.0367499170526214   -0.0296360299722804   0
0.282061641755411   0.17383763697875   0.0730483697408406   0.04195601054316   0
0.195075855573779   0.158657312096943   -0.0869857861816315   -0.0151803248818074   0
0.219757425299526   0.160356534295139   0.0246815697257471   0.00169922219819629   0
0.238330141657362   0.159636023882555   0.0185727163578356   -0.000720510412583864   0
0.276718428708951   0.185872550930658   0.0383882870515894   0.0262365270481029   0
0.279067783316378   0.184907214905062   0.00234935460742719   -0.000965336025595898   0
0.27492539299047   0.184822834965144   -0.00414239032590796   -8.43799399181944e-05   0
0.284441438074646   0.19404401589078   0.00951604508417531   0.00922118092563659   0
0.299405859888534   0.218706463710462   0.0149644218138885   0.0246624478196813   0
0.308764177636008   0.208478055830134   0.0093583177474737   -0.0102284078803277   0
0.339531475434832   0.241815144984977   0.0307672977988243   0.0333370891548429   0
0.326911686536685   0.221908106946658   -0.0126197888981477   -0.0199070380383189   0
0.357058545490859   0.24627436714349   0.0301468589541741   0.0243662601968319   0
0.302094252143594   0.207535143834514   -0.0549642933472644   -0.0387392233089763   0
0.337318625436378   0.223784226066346   0.0352243732927843   0.0162490822318325   0
0.339321159937366   0.240474343444123   0.00200253450098731   0.0166901173777771   0
0.334393280114992   0.248041844272461   -0.00492787982237425   0.00756750082833768   0
0.270505787785156   0.181606289424747   -0.0638874923298358   -0.0664355548477138   0
0.284402444893417   0.184692295047082   0.0138966571082613   0.00308600562233491   0
0.291893310013877   0.191044135867497   0.00749086512045977   0.00635184082041482   0
0.297887590682551   0.193396445900927   0.0059942806686743   0.00235231003342962   0
0.307983177391583   0.199338838659349   0.0100955867090317   0.00594239275842237   0
0.38389901083861   0.253113166522701   0.0759158334470276   0.0537743278633517   0
0.368035254168447   0.237323784387702   -0.0158637566701629   -0.0157893821349988   0
