1.4210855e-14   0   0   0   0
0.036057461985157   0.0188244080733248   0.0360574619851428   0.0188244080733248   0
0.0533670379070203   0.0622744713270132   0.0173095759218632   0.0434500632536884   0
0.143929273349639   0.192258737323967   0.0905622354426188   0.129984265996954   0
0.15343085718872   0.172145377733485   0.00950158383908115   -0.0201133595904825   0
0.134809331711757   0.153312402487724   -0.0186215254769627   -0.0188329752457605   0
0.101866838768615   0.15781648125326   -0.0329424929431427   0.00450407876553591   0
0.110931775023363   0.156798005200368   0.00906493625474783   -0.00101847605289229   0
0.0794565800351813   0.131149842601401   -0.0314751949881812   -0.0256481625989669   0
0.0748120716129017   0.144559512484065   -0.00464450842227962   0.0134096698826645   0
0.0630521089106073   0.136554159775153   -0.0117599627022944   -0.00800535270891245   0
0.0814414176056433   0.133896288834379   0.018389308695036   -0.00265787094077385   0
0.0741292978466815   0.124307852162593   -0.00731211975896177   -0.00958843667178627   0
0.0867655868182799   0.112115964444114   0.0126362889715984   -0.0121918877184786   0
0.114189258048683   0.169821455901432   0.0274236712304028   0.057705491457318   0
0.146337411273308   0.129885970985496   0.0321481532246257   -0.0399354849159364   0
0.265141267363894   0.194990872854254   0.118803856090585   0.0651049018687582   0
0.271448835315079   0.167361602781642   0.00630756795118498   -0.0276292700726115   0
0.207636563273818   0.237296202325799   -0.0638122720412612   0.0699345995441565   0
0.241393734246424   0.265670474332068   0.0337571709726066   0.0283742720062689   0
0.254823489137815   0.265431455646029   0.0134297548913911   -0.00023901868603865   0
0.191212776771885   0.147816670359503   -0.0636107123659308   -0.117614785286526   0
0.219983040671747   0.161812854796491   0.028770263899863   0.0139961844369883   0
0.253408470894252   0.159745841910771   0.0334254302225049   -0.00206701288572014   0
0.41640908774856   0.249865115097761   0.163000616854307   0.0901192731869898   0
0.375187231495378   0.209735436348763   -0.0412218562531814   -0.0401296787489982   0
0.353643531014601   0.223265174455783   -0.0215437004807778   0.0135297381070208   0
0.302728160677474   0.187382095123825   -0.0509153703371266   -0.0358830793319587   0
0.347349168842671   0.188071360674059   0.0446210081651968   0.000689265550234658   0
0.310725994048882   0.175750916611458   -0.0366231747937891   -0.0123204440626011   0
0.309403973570844   0.125140719168446   -0.00132202047803792   -0.0506101974430126   0
0.322326363655357   0.15630199154525   0.0129223900845136   0.031161272376804   0
0.255495262313087   0.157353363087537   -0.0668311013422699   0.00105137154228743   0
0.282998504736283   0.17035017396921   0.0275032424231951   0.012996810881673   0
0.28975010961878   0.175205002822823   0.00675160488249787   0.00485482885361266   0
0.249548400140869   0.137808261491382   -0.040201709477911   -0.0373967413314411   0
0.253824633684621   0.121057416602401   0.00427623354375201   -0.0167508448889803   0
0.262519334207576   0.108247384297801   0.00869470052295485   -0.0128100323046003   0
0.241669463056772   0.0886308823588116   -0.0208498711508041   -0.0196165019389894   0
0.243870272399218   0.10399844583145   0.00220080934244571   0.0153675634726385   0
0.224947816761633   0.0858010276952639   -0.018922455637585   -0.0181974181361862   0
0.241610240295237   0.0915338195356152   0.016662423533604   0.00573279184035129   0
0.215138341009547   0.0883028398329433   -0.02647189928569   -0.00323097970267189   0
0.27461361051739   0.141822350850843   0.0594752695078434   0.0535195110178993   0
0.216143411095154   0.105738950873284   -0.0584701994222364   -0.0360833999775582   0
0.232511199873333   0.121146890960364   0.0163677887781791   0.0154079400870801   0
0.24620613156831   0.137588583532799   0.0136949316949775   0.016441692572435   0
0.193417779297009   0.125356014550004   -0.052788352271301   -0.0122325689827951   0
0.204387761740834   0.141443424972684   0.0109699824438243   0.0160874104226792   0
0.215151870780704   0.146171825756872   0.0107641090398707   0.00472840078418801   0
0.210204268771903   0.122361955602803   -0.00494760200880096   -0.0238098701540684   0
0.215443726150777   0.103682257593752   0.00523945737887374   -0.0186796980090514   0
0.221458462097759   0.0892202946197377   0.00601473594698212   -0.014461962974014   0
0.178952685686479   0.102404585954573   -0.0425057764112803   0.0131842913348354   0
0.193564698565751   0.123560200237358   0.0146120128792721   0.0211556142827847   0
0.223345192565066   0.115130555666281   0.0297804939993153   -0.00842964457107667   0
0.242327493410232   0.1264204493098   0.0189823008451659   0.011289893643519   0
0.245576850530064   0.130386545439302   0.00324935711983212   0.00396609612950197   0
0.252714098798214   0.132961260457654   0.00713724826814927   0.00257471501835146   0
0.281649481435539   0.149331048239773   0.0289353826373253   0.0163697877821199   0
0.234656334432965   0.128212871309093   -0.0469931470025744   -0.02111817693068   0
0.251745431691764   0.176872427301747   0.0170890972587995   0.048659555992653   0
0.237765450913099   0.187295920629592   -0.0139799807786646   0.0104234933278455   0
0.19250303586388   0.146054807364533   -0.0452624150492193   -0.0412411132650591   0
0.221718422742075   0.167830725222235   0.0292153868781947   0.0217759178577016   0
0.242167906745479   0.180634559866858   0.0204494840034041   0.0128038346446233   0
0.238024926490501   0.163393109646987   -0.0041429802549782   -0.0172414502198708   0
0.268018766436032   0.183494647062914   0.0299938399455317   0.0201015374159272   0
0.252549491404736   0.181487884508762   -0.0154692750312965   -0.00200676255415186   0
0.192100948432822   0.127189818202223   -0.0604485429719142   -0.0542980663065395   0
0.2108345757357   0.166344684358823   0.0187336273028783   0.0391548661566006   0
0.206021176359613   0.146231362879576   -0.00481339937608727   -0.0201133214792478   0
0.209415338984458   0.167009220632274   0.00339416262484518   0.0207778577526981   0
0.233389201926081   0.179635313628621   0.023973862941623   0.0126260929963471   0
0.266892340188477   0.178618872434109   0.033503138262396   -0.00101644119451194   0
0.313369626212949   0.20054336144163   0.0464772860244722   0.0219244890075211   0
0.213940455378513   0.159843684444821   -0.0994291708344357   -0.0406996769968092   0
0.253661782712781   0.206162228431219   0.0397213273342675   0.0463185439863986   0
