0   0   0   0   0
0.0336126122174246   0.0305238349758808   0.0336126122174246   0.0305238349758808   0
0.0872073520032002   0.081688588944556   0.0535947397857756   0.0511647539686752   0
0.0901793786764362   0.0383531805367608   0.00297202667323604   -0.0433354084077952   0
0.0834177248060569   0.0371345075956496   -0.0067616538703793   -0.00121867294111112   0
0.136808010860429   0.074675126039032   0.0533902860543726   0.0375406184433823   0
0.118575474942773   0.0695693978443289   -0.0182325359176569   -0.00510572819470308   0
0.125924437760484   0.0769049397745921   0.00734896281771126   0.00733554193026323   0
0.11907074389925   0.077172444301821   -0.00685369386123345   0.000267504527228901   0
0.0983509947853483   0.0635347586450027   -0.0207197491139021   -0.0136376856568184   0
0.111159916748732   0.0819866276647031   0.0128089219633838   0.0184518690197004   0
0.164884449734837   0.109896505281404   0.0537245329861052   0.0279098776167007   0
0.126591534325318   0.0922890488783319   -0.0382929154095191   -0.0176074564030719   0
0.0850914564883861   0.0496353382472013   -0.041500077836932   -0.0426537106311306   0
0.160020634212552   0.137731486412416   0.0749291777241655   0.0880961481652143   0
0.21036206274521   0.157302929018533   0.0503414285326582   0.0195714426061169   0
0.158095255118689   0.181370838839738   -0.0522668076265207   0.0240679098212052   0
0.272015892646646   0.308117225279634   0.113920637527957   0.126746386439896   0
0.326179047711291   0.360362296409632   0.054163155064645   0.0522450711299979   0
0.312248868561409   0.351620655552279   -0.0139301791498817   -0.00874164085735302   0
0.384481924346242   0.428162871485478   0.0722330557848326   0.0765422159331989   0
0.373635114739559   0.471659718098048   -0.010846809606683   0.0434968466125698   0
0.425472483603394   0.495440398146245   0.0518373688638353   0.0237806800481972   0
0.499289764936431   0.584450001990037   0.073817281333037   0.089009603843792   0
0.509412311020958   0.627430919874903   0.0101225460845271   0.0429809178848658   0
0.547167462259388   0.642426473609735   0.0377551512384297   0.0149955537348325   0
0.557769617957681   0.635642523103118   0.0106021556982937   -0.0067839505066174   0
0.615951536841636   0.640353869853398   0.0581819188839549   0.00471134675028018   0
0.704704068599371   0.697118117970941   0.0887525317577343   0.0567642481175429   0
0.692919698418904   0.67647389683756   -0.0117843701804663   -0.0206442211333813   0
0.760824677982423   0.706699843804454   0.0679049795635189   0.0302259469668942   0
0.794795424130692   0.707797430320087   0.033970746148269   0.00109758651563352   0
0.757178473946366   0.757852148680087   -0.0376169501843259   0.0500547183599993   0
0.759701059293948   0.828695368859663   0.00252258534758132   0.0708432201795761   0
0.762023025717315   0.796410428099464   0.00232196642336702   -0.0322849407601989   0
0.799722180809721   0.805074764445559   0.0376991550924063   0.00866433634609476   0
0.772554134504346   0.75751413791718   -0.0271680463053746   -0.0475606265283789   0
0.783430945845649   0.746686282567404   0.0108768113413027   -0.0108278553497763   0
0.832847758033141   0.776442267274949   0.0494168121874916   0.0297559847075454   0
0.839015461895352   0.801661467695989   0.0061677038622111   0.0252192004210403   0
0.843240670104934   0.824641738085031   0.00422520820958217   0.0229802703890419   0
0.817536419297441   0.790085109187195   -0.0257042508074931   -0.0345566288978366   0
0.86641475838325   0.834145019911358   0.0488783390858095   0.0440599107241638   0
0.85194911124777   0.784510095010145   -0.0144656471354809   -0.049634924901213   0
0.920584946889562   0.827021276357078   0.0686358356417925   0.042511181346933   0
0.931171737180206   0.836885137970165   0.0105867902906435   0.00986386161308694   0
0.900464238185786   0.820341577665433   -0.030707498994419   -0.0165435603047323   0
0.943240451023364   0.822352585206802   0.0427762128375774   0.00201100754136907   0
0.946148015111459   0.824612513558349   0.00290756408809467   0.00225992835154687   0
0.999504957065018   0.878061800430823   0.0533569419535599   0.0534492868724736   0
0.982286548165322   0.864772824498216   -0.0172184088996965   -0.0132889759326069   0
1.00329921460222   0.894352006608866   0.0210126664369022   0.0295791821106504   0
1.02705045130269   0.927784975593356   0.0237512367004651   0.0334329689844897   0
1.01683159193656   0.896766786195528   -0.0102188593661325   -0.0310181893978274   0
1.02796107843125   0.933980921533239   0.011129486494696   0.0372141353377109   0
0.896304255812514   0.80330309334501   -0.131656822618739   -0.130677828188229   0
0.890605884233959   0.819859527418731   -0.00569837157855502   0.0165564340737205   0
0.989437254423152   0.907311346944927   0.098831370189193   0.0874518195261962   0
0.964258146449347   0.841143821208719   -0.0251791079738052   -0.0661675257362078   0
0.992011472033589   0.909814503585118   0.0277533255842422   0.0686706823763981   0
0.944725507945743   0.882014314941147   -0.0472859640878462   -0.0278001886439702   0
0.99451924197432   0.917993997008561   0.0497937340285769   0.0359796820674136   0
0.999089145502251   0.926281256305659   0.00456990352793163   0.00828725929709817   0
0.979145932111941   0.908029570247892   -0.0199432133903098   -0.0182516860577674   0
