1.35937569123712e-14   2.64772195e-16   0   0   0
0.0280079086513304   0.00479818244164928   0.0280079086513168   0.00479818244164901   0
0.0440277222075193   0.0542519015567885   0.0160198135561889   0.0494537191151393   0
0.056586668166351   0.0830389143346031   0.0125589459588317   0.0287870127778145   0
0.0696745565944706   0.0676765731383475   0.0130878884281196   -0.0153623411962556   0
0.110335906210334   0.10192498685817   0.0406613496158633   0.0342484137198227   0
0.118463768383921   0.114610981163798   0.00812786217358731   0.0126859943056278   0
0.129993953015331   0.133198358630881   0.01153018463141   0.0185873774670832   0
0.121576627766955   0.128646079050739   -0.00841732524837588   -0.00455227958014182   0
0.135724851684685   0.130922507212842   0.0141482239177296   0.00227642816210283   0
0.177316589761629   0.166164602865821   0.0415917380769441   0.0352420956529792   0
0.216658653837347   0.207762390270546   0.0393420640757182   0.0415977874047241   0
0.200585177547271   0.199040896727989   -0.0160734762900761   -0.00872149354255652   0
0.173932376888103   0.204086016256689   -0.0266528006591681   0.00504511952869985   0
0.166068570693908   0.192858556893946   -0.00786380619419474   -0.0112274593627432   0
0.151543752571334   0.206317955906596   -0.0145248181225748   0.01345939901265   0
0.168540133892163   0.259307527506176   0.0169963813208289   0.0529895715995806   0
0.172547771716063   0.27198675053809   0.00400763782390043   0.0126792230319133   0
0.21086002467779   0.274508325890177   0.0383122529617275   0.00252157535208747   0
0.232044812091422   0.28458843267869   0.0211847874136313   0.0100801067885128   0
0.257851651973468   0.308458488218111   0.0258068398820463   0.0238700555394213   0
0.234042705118632   0.281675515602618   -0.0238089468548361   -0.0267829726154935   0
0.331624159772271   0.276643502188003   0.0975814546536393   -0.00503201341461484   0
0.420718050018993   0.359472951124388   0.0890938902467215   0.082829448936385   0
0.48092556964131   0.280621073418652   0.0602075196223172   -0.0788518777057353   0
0.475969041279423   0.269709295622085   -0.0049565283618872   -0.0109117777965671   0
0.420610767601498   0.272653342314481   -0.0553582736779251   0.00294404669239612   0
0.407415915037966   0.249529876144247   -0.0131948525635316   -0.0231234661702349   0
0.451874175280299   0.323164519921844   0.0444582602423328   0.0736346437775974   0
0.439120689501677   0.321805301037547   -0.0127534857786218   -0.0013592188842973   0
0.401182219743991   0.327908173929127   -0.0379384697576858   0.00610287289158001   0
0.403146324927163   0.318653598398832   0.00196410518317192   -0.0092545755302943   0
0.435994461588978   0.339687309787932   0.0328481366618149   0.0210337113890994   0
0.414861023618107   0.360104865224285   -0.0211334379708709   0.0204175554363528   0
0.455455874833879   0.392553909141296   0.0405948512157721   0.0324490439170116   0
0.454034855287608   0.373956455226496   -0.00142101954627155   -0.0185974539148001   0
0.432693027140986   0.38794513793076   -0.0213418281466216   0.0139886827042635   0
0.452380062968236   0.390570705113727   0.0196870358272501   0.00262556718296786   0
0.469281149382812   0.391090219611486   0.0169010864145757   0.0005195144977585   0
0.457931627973284   0.380159989469502   -0.0113495214095277   -0.010930230141984   0
0.450763932715794   0.362610283393788   -0.00716769525748995   -0.0175497060757142   0
0.461569983779278   0.384110667344086   0.0108060510634833   0.0215003839502979   0
0.489418732947147   0.390148808316182   0.0278487491678694   0.0060381409720961   0
0.512221465248303   0.393217702979004   0.0228027323011561   0.0030688946628219   0
0.515702242039586   0.411183468846556   0.00348077679128322   0.0179657658675525   0
0.472620178693172   0.389571195801562   -0.0430820633464139   -0.0216122730449941   0
0.55544384764202   0.338748121250984   0.0828236689488476   -0.0508230745505781   0
0.540671603003891   0.339075421390803   -0.0147722446381292   0.000327300139819353   0
0.562392910641645   0.386433597776831   0.0217213076377546   0.0473581763860277   0
0.574675294823246   0.383674099854064   0.0122823841816009   -0.00275949792276686   0
0.591820569394463   0.38126997901586   0.0171452745712166   -0.0024041208382044   0
0.603413146093983   0.369360285788774   0.0115925766995201   -0.0119096932270859   0
0.649166719766697   0.399343668412518   0.0457535736727143   0.0299833826237442   0
0.648132273525366   0.411856553577412   -0.00103444624133109   0.0125128851648942   0
0.645582213139468   0.408462624487531   -0.00255006038589844   -0.00339392908988129   0
0.768377847695585   0.677412401119525   0.122795634556117   0.268949776631994   0
0.746735779670111   0.634056566775201   -0.0216420680254737   -0.0433558343443241   0
0.670222003562867   0.466747249865555   -0.076513776107244   -0.167309316909646   0
0.676813573167095   0.405097315350476   0.00659156960422758   -0.0616499345150791   0
0.776330705104131   0.388411889565656   0.0995171319370363   -0.0166854257848192   0
1.12252893289655   0.341509528643831   0.346198227792423   -0.0469023609218252   0
1.62240282051756   0.119580036441057   0.499873887621004   -0.221929492202774   0
1.05178713898386   0.227809095893673   -0.570615681533696   0.108229059452616   0
