7.1054274e-15   0   0   0   0
0.0617157415433955   0.0179716139911775   0.0617157415433884   0.0179716139911775   0
0.0772678796700389   0.0329911524566385   0.0155521381266434   0.015019538465461   0
0.0386528703231841   0.0204969251170959   -0.0386150093468547   -0.0124942273395426   0
0.0404510504649521   0.0192576403595616   0.00179818014176792   -0.00123928475753431   0
0.051365080637878   0.0164493181345937   0.0109140301729259   -0.00280832222496787   0
0.0366979019728551   0.0438979465436445   -0.0146671786650229   0.0274486284090508   0
0.0656029595124667   0.0535373142464545   0.0289050575396116   0.00963936770280999   0
0.0906987238820748   0.0741816880370432   0.0250957643696082   0.0206443737905887   0
0.0870540158798138   0.0699059611785669   -0.00364470800226105   -0.00427572685847631   0
0.106070905007085   0.0802689974943663   0.0190168891272714   0.0103630363157994   0
0.0978203849926669   0.082761351954928   -0.00825052001441832   0.00249235446056169   0
0.10409232656079   0.105078264520439   0.00627194156812316   0.022316912565511   0
0.0985682483630556   0.111573805284525   -0.00552407819773444   0.00649554076408629   0
0.115336736053815   0.12907363517571   0.0167684876907594   0.0174998298911845   0
0.0628818249378202   0.134784782652085   -0.0524549111159949   0.00571114747637466   0
0.0732341363928107   0.106635037958894   0.0103523114549905   -0.0281497446931903   0
0.0857644628647375   0.118883325905374   0.0125303264719268   0.0122482879464797   0
0.0962489218542384   0.108269843641212   0.0104844589895009   -0.0106134822641615   0
0.0841871604875138   0.139999679586077   -0.0120617613667245   0.0317298359448643   0
0.0782102282983424   0.128816021235784   -0.00597693218917141   -0.0111836583502923   0
0.0889818422832437   0.120603423739601   0.0107716139849013   -0.00821259749618325   0
0.129955416297106   0.124793338066417   0.040973574013862   0.00418991432681619   0
0.133700110965662   0.153401391697184   0.0037446946685562   0.0286080536307664   0
0.123747875702967   0.141316479510373   -0.00995223526269511   -0.012084912186811   0
0.150952787531484   0.140653288016377   0.0272049118285174   -0.000663191493995657   0
0.117649630614179   0.152077143669686   -0.0333031569173056   0.0114238556533085   0
0.121761991109138   0.151957901564387   0.00411236049495899   -0.000119242105298623   0
0.130638686660404   0.172259737204798   0.00887669555126597   0.0203018356404111   0
0.139557123494242   0.173983753297185   0.00891843683383881   0.00172401609238673   0
0.154215738520938   0.196639060507049   0.0146586150266952   0.0226553072098639   0
0.148861239432214   0.193157792148587   -0.00535449908872379   -0.0034812683584621   0
0.128527520125318   0.168660950141586   -0.0203337193068955   -0.0244968420070009   0
0.158798432057816   0.188045495999378   0.0302709119324976   0.019384545857792   0
0.102953638683689   0.138052915137058   -0.0558447933741271   -0.0499925808623202   0
0.114478805240294   0.178465570008274   0.0115251665566048   0.0404126548712161   0
0.13982755767041   0.206550878886723   0.0253487524301169   0.0280853088784491   0
0.135339450181027   0.190612292981643   -0.00448810748938386   -0.0159385859050803   0
0.158637351580368   0.215343211449564   0.0232979013993414   0.024730918467921   0
0.174974760985952   0.231497201717199   0.0163374094055841   0.0161539902676355   0
0.196820516544314   0.239888944958864   0.0218457555583623   0.00839174324166464   0
0.163336760449357   0.192200526913411   -0.0334837560949577   -0.0476884180454524   0
0.162686419405916   0.190078156329739   -0.000650341043440611   -0.00212237058367221   0
0.216170068538161   0.220034456243748   0.0534836491322447   0.0299562999140088   0
0.177458440682754   0.209384294513927   -0.0387116278554064   -0.0106501617298212   0
0.172045259915233   0.213912137937517   -0.00541318076752167   0.00452784342359   0
0.183467137170615   0.219006229567601   0.0114218772553824   0.00509409163008406   0
0.318607599419779   0.289766464355542   0.135140462249163   0.0707602347879413   0
0.277510477319592   0.280453918016292   -0.0410971221001864   -0.00931254633925011   0
0.193250763539489   0.2551616262204   -0.0842597137801029   -0.0252922917958916   0
0.220808776943247   0.254013721434646   0.0275580134037582   -0.00114790478575433   0
0.242866597075109   0.274045453614529   0.0220578201318618   0.0200317321798827   0
0.199448942553725   0.255972887754898   -0.0434176545213839   -0.0180725658596304   0
0.215436770718665   0.259113312157858   0.0159878281649395   0.00314042440295925   0
0.281054987802703   0.322206079901172   0.0656182170840383   0.0630927677433144   0
0.376817248974198   0.267059572074596   0.0957622611714953   -0.0551465078265758   0
0.26981045669848   0.233647521687713   -0.107006792275718   -0.033412050386883   0
0.283322646454131   0.249869225092281   0.0135121897556509   0.0162217034045679   0
0.297351571872348   0.259168212987437   0.0140289254182175   0.00929898789515624   0
0.264757658985071   0.241681666128369   -0.0325939128872775   -0.0174865468590686   0
0.258765178139544   0.2393448116677   -0.00599248084552656   -0.00233685446066903   0
0.247950115030689   0.247827290982916   -0.0108150631088554   0.00848247931521637   0
0.275959593544367   0.267596235922636   0.028009478513678   0.0197689449397199   0
0.201327027197213   0.232259260654929   -0.0746325663471542   -0.0353369752677073   0
0.329519489670666   0.29680799830392   0.128192462473454   0.064548737648991   0
0.252907403623111   0.262655927810372   -0.0766120860475554   -0.0341520704935473   0
0.286343597775886   0.265789555963077   0.0334361941527747   0.00313362815270452   0
0.248467554882343   0.233299893815162   -0.0378760428935432   -0.0324896621479147   0
0.29891950078795   0.276362674565102   0.0504519459056079   0.0430627807499394   0
0.258995095917807   0.248995465704188   -0.0399244048701436   -0.0273672088609133   0
0.24833259409649   0.235679067353086   -0.0106625018213171   -0.0133163983511023   0
0.222507369479057   0.228928684026243   -0.0258252246174325   -0.00675038332684277   0
0.359696045023198   0.234842383848667   0.137188675544141   0.00591369982242418   0
0.376113975522707   0.273776463800486   0.0164179304995089   0.0389340799518186   0
0.377114174571725   0.288618850198388   0.00100019904901749   0.0148423863979021   0
