0   0   0   0   0
0.0310694494638651   0.0213671568123005   0.0310694494638651   0.0213671568123005   0
0.0778176277704378   0.0633838770691837   0.0467481783065727   0.0420167202568832   0
0.0743579474458425   0.0762036203874161   -0.00345968032459536   0.0128197433182324   0
0.103223524868613   0.107197032363406   0.0288655774227708   0.0309934119759896   0
0.0953730118654551   0.123959513194609   -0.0078505130031582   0.0167624808312038   0
0.0831662570798189   0.103890194862304   -0.0122067547856362   -0.0200693183323052   0
0.0589033722332499   0.0982110438540571   -0.024262884846569   -0.00567915100824716   0
0.0495297921529567   0.0847551670652582   -0.00937358008029319   -0.0134558767887989   0
0.0611936817621932   0.134655189073662   0.0116638896092365   0.0499000220084034   0
0.158485117804913   0.092658797767744   0.09729143604272   -0.0419963913059177   0
0.178668070812368   0.0693444131823919   0.0201829530074549   -0.0233143845853521   0
0.143359732548811   0.0992789411503388   -0.0353083382635566   0.0299345279679469   0
0.215482685072257   0.109059051026352   0.0721229525234452   0.00978010987601324   0
0.0946060029803821   0.0881758718612472   -0.120876682091875   -0.0208831791651048   0
0.0371018911942551   0.107062745051578   -0.057504111786127   0.0188868731903311   0
0.125270453119715   0.0914678157151376   0.0881685619254599   -0.0155949293364407   0
0.131370523146736   0.102422219191915   0.00610007002702131   0.0109544034767774   0
0.0493418387729585   0.065559236133018   -0.0820286843737778   -0.036862983058897   0
0.0863707019216914   0.123294107330755   0.0370288631487329   0.0577348711977368   0
0.137954170388813   0.182804510082106   0.0515834684671215   0.0595104027513514   0
0.114760276424586   0.119508980063148   -0.0231938939642267   -0.0632955300189579   0
0.0571054268262653   0.154904451041274   -0.0576548495983208   0.0353954709781257   0
0.317459743722667   0.25652394381067   0.260354316896402   0.101619492769396   0
0.0370075946219618   0.0870576648648739   -0.280452149100705   -0.169466278945796   0
0.100922692275757   0.0935248524873344   0.0639150976537948   0.00646718762246049   0
0.139241789779226   0.0440725827488023   0.0383190975034691   -0.0494522697385321   0
0.165274331799972   0.0731008839459382   0.0260325420207457   0.029028301197136   0
0.199303330629477   0.103141898611647   0.0340289988295054   0.0300410146657086   0
0.169794468048218   0.0650112531085961   -0.0295088625812593   -0.0381306455030507   0
0.219482888294791   0.126463952642863   0.0496884202465729   0.0614526995342668   0
0.25381674772595   0.137481702377411   0.0343338594311598   0.0110177497345476   0
0.213383587889563   0.133005858919294   -0.0404331598363868   -0.00447584345811627   0
0.18616110473395   0.093953427011701   -0.0272224831556138   -0.0390524319075933   0
0.187834984653975   0.0737677079210101   0.00167387992002535   -0.0201857190906909   0
0.196053839448699   0.0684113896737298   0.0082188547947244   -0.00535631824728031   0
0.271059367164575   0.110041593766969   0.0750055277158753   0.041630204093239   0
0.299747352646082   0.130768688647139   0.0286879854815072   0.02072709488017   0
0.261058718142321   0.144769318184827   -0.0386886345037606   0.0140006295376879   0
0.136536113136763   0.111182708475943   -0.124522605005558   -0.0335866097088837   0
0.206015247741561   0.107237106562609   0.0694791346047979   -0.00394560191333408   0
0.192261973298809   0.0853882978253853   -0.0137532744427515   -0.0218488087372237   0
0.186117670005967   0.0764049065888041   -0.00614430329284232   -0.00898339123658115   0
0.141989719213271   0.0621582651392472   -0.0441279507926962   -0.0142466414495569   0
0.203975219642264   0.0890241515166747   0.0619855004289934   0.0268658863774275   0
0.175442803999284   0.05869858291444   -0.0285324156429803   -0.0303255686022347   0
0.219945645797479   0.0968707254827707   0.0445028417981951   0.0381721425683307   0
0.240571184571732   0.126773984407255   0.0206255387742526   0.0299032589244845   0
0.175428894218257   0.118165461368168   -0.0651422903534743   -0.00860852303908731   0
0.203167808883661   0.150983811620512   0.0277389146654037   0.0328183502523444   0
0.219605341067897   0.107355761333162   0.016437532184236   -0.0436280502873501   0
0.152788110862428   0.101615338326708   -0.066817230205469   -0.00574042300645464   0
0.195670705631622   0.080961328728482   0.0428825947691941   -0.0206540095982256   0
0.130724823952931   0.0693639606723637   -0.0649458816786908   -0.0115973680561183   0
0.170844004210082   0.0337157751474845   0.0401191802571503   -0.0356481855248793   0
0.24020621189283   0.0459308684675486   0.0693622076827485   0.0122150933200641   0
0.206455331806975   0.0984169713346628   -0.0337508800858554   0.0524861028671142   0
0.338101270847177   0.133465761325069   0.131645939040202   0.035048789990406   0
0.387223979951709   0.171318214968997   0.0491227091045321   0.0378524536439287   0
0.198514960969071   0.0875484012158359   -0.188709018982637   -0.0837698137531616   0
0.270914973051166   0.107970055732322   0.072400012082095   0.020421654516486   0
0.324239102524924   0.127667769348275   0.0533241294737574   0.019697713615953   0
0.235238181806443   0.0530331347747064   -0.0890009207184808   -0.0746346345735684   0
0.296611552905683   0.0605144539358191   0.0613733710992395   0.00748131916111273   0
0.228808840379005   0.0591348774098844   -0.0678027125266775   -0.00137957652593469   0
0.267779836358804   0.15375287137086   0.0389709959797988   0.0946179939609757   0
0.298724875302383   0.126502218672057   0.0309450389435789   -0.0272506526988033   0
0.186564507263917   0.126392929719417   -0.112160368038466   -0.000109288952639425   0
0.227293316747353   0.153489453790902   0.0407288094834358   0.0270965240714842   0
0.105898737793422   0.136663892275234   -0.121394578953931   -0.0168255615156681   0
0.1881595997839   0.200264405239608   0.0822608619904778   0.0636005129643744   0
0.155053684817461   0.202667003355736   -0.0331059149664386   0.00240259811612856   0
0.147558901998691   0.222157405050964   -0.00749478281877017   0.0194904016952279   0
0.153402752398314   0.263738944290984   0.0058438503996231   0.0415815392400193   0
0.17714827430949   0.227296864317315   0.0237455219111753   -0.0364420799736692   0
0.143762189093286   0.228418344814076   -0.033386085216204   0.00112148049676117   0
0.15536909828822   0.234200758339647   0.011606909194934   0.00578241352557143   0
0.121161969680956   0.218415728793654   -0.0342071286072637   -0.0157850295459933   0
