0   0   0   0   0
0.018808791009458   0.0319966798289794   0.018808791009458   0.0319966798289794   0
0.0270817034650628   0.0259325680780373   0.00827291245560485   -0.0060641117509421   0
0.030568567768852   0.053509707278407   0.00348686430378912   0.0275771392003697   0
0.0599695054196312   0.102633914789628   0.0294009376507793   0.049124207511221   0
0.044345478744021   0.0740590190071383   -0.0156240266756102   -0.0285748957824897   0
0.049663837282994   0.0708619965079913   0.00531835853897297   -0.00319702249914695   0
0.0514004905811979   0.0734156441945612   0.00173665329820391   0.00255364768656989   0
0.0558050716226367   0.0791746919994851   0.00440458104143875   0.00575904780492384   0
0.0863992259964635   0.124551013787179   0.0305941543738268   0.0453763217876939   0
0.05332495125192   0.0932119307436454   -0.0330742747445435   -0.0313390830435335   0
0.0377110290741767   0.0749028482207081   -0.0156139221777433   -0.0183090825229374   0
0.0621571337202422   0.0749167719111399   0.0244461046460654   1.3923690431808e-05   0
0.112846072131127   0.100785721010057   0.0506889384108852   0.0258689490989168   0
0.128450003327603   0.108181029167858   0.015603931196476   0.00739530815780093   0
0.0916910589828713   0.0883599973704082   -0.0367589443447321   -0.0198210317974494   0
0.0933344155841335   0.0955405265300222   0.00164335660126221   0.00718052915961399   0
0.102799026594105   0.0873660577921275   0.00946461100997131   -0.00817446873789462   0
0.106102728742786   0.0837056843000325   0.00330370214868132   -0.00366037349209504   0
0.104483234982707   0.092625587968162   -0.00161949376007939   0.00891990366812946   0
0.106583154485755   0.0850850745211735   0.0020999195030485   -0.00754051344698843   0
0.165517993850003   0.108661382504401   0.0589348393642482   0.0235763079832275   0
0.124850640979454   0.107902507455442   -0.0406673528705494   -0.000758875048958843   0
0.138068089424396   0.104471458817963   0.0132174484449418   -0.00343104863747883   0
0.134322637305508   0.0834511057851208   -0.00374545211888777   -0.0210203530328425   0
0.156815364366783   0.0896908742595581   0.0224927270612746   0.0062397684744373   0
0.1679066355509   0.111469629385245   0.0110912711841173   0.0217787551256865   0
0.153465173930798   0.114643597254623   -0.0144414616201015   0.0031739678693781   0
0.0572530838884363   0.0622959380161652   -0.096212090042362   -0.0523476592384576   0
0.0877391425660164   0.0827580433345929   0.03048605867758   0.0204621053184277   0
0.110851466139421   0.0686832652411859   0.0231123235734049   -0.0140747780934069   0
0.191749280835459   0.130880362005591   0.0808978146960379   0.0621970967644052   0
0.213974362965931   0.153957335602362   0.022225082130472   0.0230769735967708   0
0.228008810964038   0.176883782719366   0.0140344479981066   0.0229264471170039   0
0.213203437456187   0.154828129632039   -0.014805373507851   -0.0220556530873271   0
0.212655056904602   0.17147588172916   -0.000548380551585348   0.0166477520971216   0
0.228929680062702   0.188326212706696   0.0162746231581006   0.0168503309775358   0
0.224992501548626   0.159355504550449   -0.00393717851407627   -0.028970708156247   0
0.247028619385359   0.180108717613311   0.0220361178367331   0.0207532130628624   0
0.269373025320433   0.209564365791474   0.0223444059350743   0.0294556481781626   0
0.281699261766957   0.217664584855567   0.0123262364465234   0.00810021906409295   0
0.287047922890118   0.242697635056509   0.00534866112316118   0.0250330502009421   0
0.353390518863952   0.311406264473817   0.0663425959738341   0.0687086294173082   0
0.377228953616787   0.322082015634843   0.0238384347528349   0.0106757511610255   0
0.216357189174897   0.167775412048832   -0.16087176444189   -0.154306603586011   0
0.252147838229234   0.212507348295091   0.0357906490543369   0.0447319362462594   0
0.2308885912148   0.199752835880665   -0.0212592470144339   -0.0127545124144264   0
0.222600434940096   0.213116922814918   -0.00828815627470447   0.013364086934253   0
0.291748862112704   0.26070439650258   0.0691484271726081   0.0475874736876626   0
0.323399889085307   0.299643528958466   0.0316510269726036   0.0389391324558852   0
0.348160904581509   0.325714144130372   0.024761015496202   0.0260706151719062   0
0.382532774552916   0.369271053212836   0.034371869971407   0.0435569090824641   0
0.424712043586777   0.384428386147066   0.042179269033861   0.01515733293423   0
0.373511213306208   0.355163463911046   -0.0512008302805694   -0.0292649222360196   0
0.366074644384323   0.337327959517687   -0.00743656892188505   -0.0178355043933591   0
0.394259878980999   0.372087938489137   0.028185234596676   0.0347599789714498   0
0.420226428791132   0.40061543507399   0.025966549810133   0.0285274965848534   0
0.398109270481192   0.373192309077458   -0.0221171583099398   -0.0274231259965323   0
0.434626814087776   0.403320930896664   0.0365175436065835   0.0301286218192058   0
0.38456917708054   0.362465099129703   -0.050057637007236   -0.0408558317669604   0
0.359561940893368   0.358510573249971   -0.0250072361871717   -0.003954525879732   0
0.351998184987845   0.359871093129296   -0.00756375590552327   0.0013605198793249   0
0.359769196928423   0.371217402026718   0.0077710119405785   0.0113463088974219   0
0.336085265784928   0.338029337992393   -0.0236839311434947   -0.0331880640343257   0
0.325665427853709   0.33133783439065   -0.010419837931219   -0.00669150360174314   0
0.342483139745242   0.313323718904351   0.0168177118915329   -0.0180141154862982   0
0.334157995647528   0.313459281793202   -0.00832514409771468   0.000135562888850638   0
0.339510265275491   0.333828298499523   0.00535226962796342   0.0203690167063215   0
0.343724870205136   0.343923386711649   0.00421460492964465   0.0100950882121253   0
