7.6213181e-15   9.8998015e-17   0   0   0
0.0151240746793442   0.014338544835926   0.0151240746793365   0.0143385448359259   0
0.023383321239928   0.0147731004227631   0.00825924656058388   0.000434555586837198   0
0.0407486978625245   0.0333327242684108   0.0173653766225964   0.0185596238456476   0
0.0369976172208845   0.0113926303651141   -0.00375108064163994   -0.0219400939032967   0
0.0497681660822373   0.0310785250516128   0.0127705488613527   0.0196858946864987   0
0.0649485083365028   0.0413387082475602   0.0151803422542656   0.0102601831959474   0
0.0672502875385635   0.0348232818571173   0.00230177920206065   -0.00651542639044294   0
0.0718841540366958   0.0343807803370587   0.0046338664981323   -0.000442501520058584   0
0.0762703547298412   0.0544193836908525   0.00438620069314545   0.0200386033537938   0
0.0818087513052595   0.0621308056090733   0.00553839657541827   0.00771142191822075   0
0.0824737645678876   0.0595464438861132   0.000665013262628134   -0.00258436172296007   0
0.0840571626233243   0.0939118203319781   0.00158339805543663   0.0343653764458649   0
0.0822986774239843   0.0772353636548018   -0.00175848519933991   -0.0166764566771763   0
0.119236149218999   0.092868338497547   0.0369374717950149   0.0156329748427452   0
0.174067345908332   0.135254263483872   0.0548311966893324   0.0423859249863255   0
0.145556934032041   0.0817825606292771   -0.0285104118762908   -0.0534717028545954   0
0.172782127818626   0.103923060586079   0.0272251937865847   0.022140499956802   0
0.0911470111457586   0.0859627086411449   -0.0816351166728669   -0.0179603519449342   0
0.0935798202697496   0.0817764580344301   0.00243280912399103   -0.00418625060671481   0
0.0829243594198829   0.0782239727543788   -0.0106554608498667   -0.00355248528005135   0
0.0921375881649472   0.0856402377185865   0.00921322874506426   0.00741626496420776   0
0.095729753644745   0.0831665058440469   0.00359216547979777   -0.00247373187453959   0
0.0840993054580599   0.0777066740459549   -0.011630448186685   -0.00545983179809201   0
0.081567783473978   0.0664424213083206   -0.00253152198408196   -0.0112642527376343   0
0.0697211297020545   0.0722730042613095   -0.0118466537719235   0.00583058295298884   0
0.0776288207952401   0.0725068502676602   0.00790769109318565   0.00023384600635068   0
0.0827952090030063   0.0666635759885676   0.0051663882077662   -0.00584327427909255   0
0.0722484585489181   0.0703781218156464   -0.0105467504540882   0.00371454582707875   0
0.0757966291151658   0.063279698762399   0.00354817056624772   -0.00709842305324733   0
0.0753650634990553   0.0791986756314082   -0.00043156561611056   0.0159189768690092   0
0.0678612564327547   0.0678199989873552   -0.00750380706630054   -0.011378676644053   0
0.0668263326123057   0.0587409203807007   -0.00103492382044901   -0.00907907860665449   0
0.0712355317217358   0.0599953404649271   0.00440919910943006   0.00125442008422644   0
0.0742637433245219   0.0681541635099024   0.00302821160278616   0.00815882304497521   0
0.0851689609784362   0.0705026039269341   0.0109052176539143   0.00234844041703174   0
0.0882765429237146   0.0943735464667696   0.00310758194527845   0.0238709425398355   0
0.0891707512589442   0.0783211671028375   0.000894208335229602   -0.0160523793639321   0
0.0805100505417457   0.0739217807630135   -0.00866070071719852   -0.00439938633982399   0
0.0872027147149585   0.0900528542068361   0.00669266417321274   0.0161310734438226   0
0.0789905041120235   0.0816321473249505   -0.00821221060293495   -0.00842070688188559   0
0.0773262611289971   0.0807103000700303   -0.00166424298302641   -0.000921847254920199   0
0.0805382668656499   0.0929807766221217   0.00321200573665274   0.0122704765520914   0
0.0723287913547844   0.0914726560629058   -0.00820947551086545   -0.00150812055921588   0
0.0816846281251517   0.0847278919439177   0.00935583677036726   -0.00674476411898813   0
0.0847115168274984   0.0891136459178457   0.00302688870234677   0.00438575397392803   0
0.0841878111507115   0.0954694663256353   -0.000523705676786959   0.00635582040778952   0
0.0880521631893247   0.0858368629915578   0.00386435203861324   -0.00963260333407749   0
0.0934239587770614   0.0897504971522529   0.00537179558773666   0.00391363416069515   0
0.0958150299899124   0.0949972115665209   0.00239107121285098   0.00524671441426801   0
0.0866039972690949   0.0965338476736827   -0.00921103272081746   0.0015366361071618   0
0.0858506035409602   0.0953912466464272   -0.000753393728134683   -0.0011426010272555   0
0.0907878954390094   0.118191811216381   0.00493729189804923   0.0228005645699534   0
0.216474189114373   0.131379224043785   0.125686293675363   0.0131874128274045   0
0.359281075956359   0.333790267586025   0.142806886841987   0.20241104354224   0
0.118877209762131   0.139243269129222   -0.240403866194228   -0.194546998456803   0
0.125265472837861   0.100772248927036   0.00638826307572953   -0.0384710202021856   0
0.12527937025559   0.0946025214978877   1.38974177289752e-05   -0.00616972742914826   0
0.116998839132409   0.087137515505628   -0.00828053112318043   -0.00746500599225972   0
0.107055890733644   0.0780519596775041   -0.00994294839876508   -0.00908555582812388   0
0.0831362757299586   0.0536492476043103   -0.0239196150036855   -0.0244027120731938   0
0.0814032788898173   0.110445737293288   -0.00173299684014122   0.0567964896889776   0
0.0827647640693855   0.0826825455020592   0.00136148517956818   -0.0277631917912287   0
0.0827874090207229   0.0851769929427103   2.26449513374e-05   0.0024944474406511   0
0.0886425624078346   0.100719617815236   0.00585515338711171   0.0155426248725254   0
0.0957776513185041   0.0919137285727541   0.00713508891066945   -0.00880588924248166   0
0.104965063155665   0.0919303902636173   0.00918741183716092   1.6661690863215e-05   0
0.113428784294993   0.0914866538652319   0.00846372113932849   -0.000443736398385422   0
0.108577907270252   0.0856752542329947   -0.00485087702474131   -0.00581139963223719   0
0.106899269782831   0.0843933093968649   -0.00167863748742091   -0.00128194483612976   0
0.104195848521541   0.0865115247163863   -0.00270342126129061   0.00211821531952135   0
0.119229762956926   0.0921076594871016   0.0150339144353855   0.00559613477071533   0
0.137259501807782   0.112902363590913   0.0180297388508555   0.0207947041038119   0
0.103297821525413   0.100657044759585   -0.0339616802823684   -0.0122453188313289   0
0.0889925771593121   0.0891089272485564   -0.0143052443661013   -0.0115481175110281   0
0.0715177156898906   0.102670490092624   -0.0174748614694214   0.0135615628440672   0
0.0766338666952986   0.163072741108652   0.00511615100540798   0.0604022510160286   0
0.0772449227090023   0.153289415024965   0.000611056013703717   -0.00978332608368748   0
0.100358039320318   0.128244602305675   0.0231131166113154   -0.0250448127192901   0
