0   0   0   0   0
0.0507119554572994   0.0625092790201838   0.0507119554572994   0.0625092790201838   0
0.0559997804919015   0.0876747809102218   0.00528782503460217   0.025165501890038   0
0.167910423613848   0.0870703200152614   0.111910643121946   -0.000604460894960412   0
0.305421547160268   0.151603360351915   0.13751112354642   0.0645330403366538   0
0.264322831014484   0.121754280119079   -0.0410987161457839   -0.029849080232836   0
0.309078393978981   0.119542828201182   0.044755562964497   -0.0022114519178974   0
0.383170340397516   0.214269894374382   0.0740919464185354   0.0947270661731998   0
0.415352523909864   0.229121516071687   0.0321821835123471   0.0148516216973059   0
0.483120633431065   0.283918684828897   0.0677681095212014   0.0547971687572098   0
0.467528211253833   0.265451012054686   -0.0155924221772318   -0.0184676727742115   0
0.496739478902299   0.315877831494578   0.0292112676484663   0.0504268194398925   0
0.552959409166843   0.313470537728833   0.0562199302645432   -0.00240729376574533   0
0.538925125956012   0.327519688043771   -0.0140342832108307   0.0140491503149381   0
0.516451592965711   0.295528091388643   -0.0224735329903006   -0.0319915966551285   0
0.384940387672521   0.290486964912467   -0.13151120529319   -0.00504112647617527   0
0.430385920358075   0.313399981327288   0.0454455326855534   0.0229130164148211   0
0.470769465861471   0.260764792464572   0.0403835455033957   -0.052635188862716   0
0.500337451025396   0.248507227382876   0.0295679851639252   -0.0122575650816961   0
0.528952445416827   0.253215029144461   0.0286149943914308   0.00470780176158511   0
0.543506399073447   0.279200847199736   0.01455395365662   0.0259858180552749   0
0.564933750428271   0.293447781165058   0.0214273513548242   0.0142469339653212   0
0.550595774475346   0.297025271376005   -0.014337975952925   0.00357749021094783   0
0.550199197090269   0.317449858186228   -0.000396577385077257   0.0204245868102223   0
0.516862718881604   0.284559203843136   -0.0333364782086645   -0.0328906543430914   0
0.493854990442971   0.305746106349539   -0.0230077284386333   0.0211869025064024   0
0.475313962310924   0.303518109560231   -0.0185410281320471   -0.00222799678930746   0
0.536704839412793   0.294497664622196   0.0613908771018698   -0.00902044493803522   0
0.531629180026714   0.285668154483985   -0.00507565938607946   -0.00882951013821071   0
0.548907178187542   0.314150800334929   0.0172779981608278   0.0284826458509437   0
0.562103986568317   0.317358552098529   0.0131968083807756   0.00320775176359994   0
0.572827716352709   0.312311888780677   0.0107237297843915   -0.0050466633178522   0
0.593237368190963   0.350631653405887   0.0204096518382541   0.03831976462521   0
0.592993845550479   0.331879224753649   -0.000243522640483773   -0.0187524286522374   0
0.60925148008531   0.37645803876017   0.0162576345348312   0.0445788140065204   0
0.600876618735887   0.346563319921454   -0.00837486134942367   -0.0298947188387158   0
0.642104600006574   0.40034736292423   0.0412279812706872   0.0537840430027758   0
0.616603837368106   0.356368683147161   -0.0255007626384681   -0.0439786797770686   0
0.622534297955686   0.450532258719647   0.00593046058757996   0.0941635755724856   0
0.560490678876189   0.337590235638267   -0.0620436190794971   -0.112942023081379   0
0.628497281355944   0.378417324301771   0.0680066024797557   0.0408270886635042   0
0.584030679051835   0.336452854537834   -0.0444666023041091   -0.0419644697639372   0
0.617685989741833   0.371127577281413   0.0336553106899976   0.034674722743579   0
0.618361206393034   0.347750752380942   0.000675216651201405   -0.0233768249004713   0
0.625861390965133   0.393591548991115   0.007500184572099   0.0458407966101729   0
0.598223275691552   0.351947759077397   -0.0276381152735807   -0.0416437899137182   0
0.641333031085657   0.402855637888001   0.0431097553941041   0.0509078788106039   0
0.616838233009425   0.36023640097026   -0.0244947980762314   -0.0426192369177403   0
0.637889316664408   0.381662688238196   0.0210510836549826   0.0214262872679353   0
0.609852147246844   0.383136283665676   -0.0280371694175633   0.00147359542747999   0
0.574672906728998   0.375586178556006   -0.0351792405178469   -0.00755010510966964   0
0.577707310465684   0.34812350822015   0.00303440373668606   -0.0274626703358559   0
0.590147674617786   0.389109127572236   0.0124403641521025   0.0409856193520863   0
0.468294867532779   0.415241467315768   -0.121852807085007   0.026132339743532   0
0.551328866679965   0.412045152427268   0.0830339991471851   -0.00319631488850008   0
0.514477140524538   0.328581098637113   -0.0368517261554264   -0.083464053790155   0
0.548677254986924   0.356594312776336   0.0342001144623864   0.0280132141392231   0
0.535179759981943   0.316618410016138   -0.0134974950049818   -0.039975902760198   0
0.543305727686665   0.3238930378334   0.00812596770472229   0.00727462781726207   0
0.597792362949465   0.404535796272404   0.0544866352628002   0.0806427584390033   0
0.558072717533363   0.336214096399512   -0.0397196454161021   -0.0683216998728917   0
0.575874058205357   0.381310941109244   0.0178013406719941   0.0450968447097325   0
0.563912269400725   0.342786734321562   -0.0119617888046322   -0.0385242067876828   0
0.579678167159805   0.384213150898313   0.01576589775908   0.0414264165767514   0
0.556261022375544   0.360121892343085   -0.0234171447842615   -0.0240912585552279   0
0.543822031723386   0.381773811193431   -0.0124389906521575   0.021651918850346   0
0.508941134581265   0.350077576336678   -0.0348808971421209   -0.0316962348567529   0
