1.1786104e-14   3.03947205e-50   0   0   0
0.00624722463628067   0.0305388265125853   0.00624722463626888   0.0305388265125853   0
0.0259725262882656   0.0708044509356376   0.0197253016519849   0.0402656244230523   0
0.0293728322104538   0.0468716980701151   0.00340030592218825   -0.0239327528655225   0
0.0645028931123705   0.0487044253935384   0.0351300609019167   0.00183272732342334   0
0.0556217969498207   0.0585782898240928   -0.00888109616254971   0.00987386443055441   0
0.00996076576073408   0.0553941770255619   -0.0456610311890867   -0.00318411279853097   0
0.0592165550202381   0.074813661922141   0.049255789259504   0.0194194848965792   0
0.0184820784949885   0.0589775919337438   -0.0407344765252495   -0.0158360699883973   0
0.0348274335926788   0.0573970254369741   0.0163453550976903   -0.00158056649676967   0
0.0278921809071327   0.0735038272666872   -0.00693525268554607   0.0161068018297131   0
0.0396959753235063   0.0695899118691085   0.0118037944163736   -0.00391391539757868   0
0.0439088924433792   0.0607188004870886   0.00421291711987293   -0.00887111138201988   0
0.069363302462521   0.0785377591612909   0.0254544100191417   0.0178189586742023   0
0.192283793898023   0.0987927946281565   0.122920491435502   0.0202550354668656   0
0.217626568638422   0.115790156312375   0.0253427747403986   0.0169973616842181   0
0.198993782536373   0.16748155589123   -0.0186327861020488   0.0516913995788552   0
0.181127348469522   0.153123243265085   -0.0178664340668514   -0.0143583126261447   0
0.206350475787857   0.215946181795043   0.025223127318335   0.0628229385299584   0
0.186516172176272   0.1868091290397   -0.019834303611585   -0.0291370527553431   0
0.203199218373565   0.220804459696862   0.0166830461972931   0.0339953306571616   0
0.157253843841007   0.161126635123242   -0.045945374532558   -0.05967782457362   0
0.204638246011613   0.226142882875917   0.0473844021706059   0.0650162477526753   0
0.180950216549753   0.156719936869965   -0.0236880294618599   -0.0694229460059526   0
0.235906470513039   0.175906198444847   0.0549562539632858   0.0191862615748819   0
0.170738245647558   0.183109762687292   -0.0651682248654811   0.00720356424244534   0
0.194151551929049   0.259155870725738   0.0234133062814916   0.0760461080384461   0
0.192549992961453   0.233488209449289   -0.00160155896759659   -0.0256676612764494   0
0.207205394189746   0.282785304869178   0.0146554012282935   0.0492970954198892   0
0.193655780932385   0.23583105323873   -0.0135496132573614   -0.0469542516304481   0
0.219679316812915   0.274311492795464   0.0260235358805302   0.0384804395567346   0
0.210489646881061   0.225362921196939   -0.00918966993185377   -0.0489485715985248   0
0.208247878610806   0.252657011916887   -0.00224176827025543   0.0272940907199479   0
0.207863330166317   0.234857557018611   -0.000384548444489291   -0.0177994548982761   0
0.214139336983584   0.233824363082785   0.00627600681726739   -0.0010331939358261   0
0.238863029506785   0.269382725417278   0.0247236925232007   0.035558362334493   0
0.205969828361073   0.230061683686541   -0.0328932011457119   -0.0393210417307369   0
0.205747067871317   0.262780103450162   -0.000222760489755641   0.0327184197636204   0
0.193524179837866   0.202950992898167   -0.0122228880334514   -0.0598291105519947   0
0.227641002249437   0.267637049077224   0.0341168224115709   0.064686056179057   0
0.139875158935853   0.22031576443001   -0.0877658433135836   -0.0473212846472136   0
0.153135220669672   0.215068671411831   0.013260061733819   -0.00524709301817941   0
0.128323864075676   0.21352448514926   -0.0248113565939959   -0.00154418626257039   0
0.147452706167837   0.260051014852931   0.0191288420921608   0.0465265297036704   0
0.127447110800594   0.229593648334824   -0.0200055953672425   -0.0304573665181069   0
0.172687496375474   0.286004513907999   0.0452403855748794   0.056410865573175   0
0.147015664385424   0.24801486676594   -0.0256718319900495   -0.0379896471420592   0
0.170233614546693   0.276165623419057   0.023217950161269   0.0281507566531169   0
0.181493063243295   0.287640644064133   0.0112594486966021   0.0114750206450768   0
0.176573707547184   0.260208800244817   -0.00491935569611113   -0.0274318438193165   0
0.204337521553647   0.321309270539443   0.0277638140064627   0.0611004702946257   0
0.216625766396304   0.285127398413488   0.0122882448426577   -0.0361818721259545   0
0.338804425646453   0.302730127225435   0.122178659250149   0.0176027288119469   0
0.315801429123992   0.354390880020624   -0.0230029965224615   0.0516607527951887   0
0.318607306813192   0.40268693959809   0.00280587768919999   0.0482960595774665   0
0.299517344422195   0.363145361795179   -0.0190899623909974   -0.0395415778029115   0
0.287022980536829   0.393893990894654   -0.0124943638853655   0.0307486290994752   0
0.291654427006393   0.380144765511455   0.00463144646956348   -0.0137492253831994   0
0.272672311305445   0.347395526082738   -0.0189821157009472   -0.0327492394287167   0
0.291005319960028   0.381904057539108   0.0183330086545824   0.0345085314563702   0
0.302048224683544   0.372177519706454   0.0110429047235157   -0.00972653783265387   0
0.287423372912911   0.391454986767321   -0.0146248517706323   0.0192774670608667   0
0.299848850078842   0.3671586589159   0.0124254771659304   -0.0242963278514209   0
0.350741760845163   0.388216851894482   0.0508929107663212   0.0210581929785819   0
0.333189289771011   0.391698297275798   -0.0175524710741514   0.00348144538131562   0
0.375260978811962   0.45264502908246   0.042071689040951   0.0609467318066627   0
0.319026005114231   0.429175587943246   -0.0562349736977316   -0.0234694411392146   0
0.356780208288472   0.481410348073916   0.0377542031742416   0.0522347601306702   0
0.345521197789191   0.409188694485815   -0.011259010499281   -0.0722216535881009   0
0.353361576681422   0.466787680575951   0.0078403788922306   0.0575989860901364   0
0.369448529826098   0.412397913798517   0.0160869531446758   -0.054389766777434   0
0.394650047472338   0.489703204778816   0.0252015176462401   0.0773052909802988   0
0.390607214003304   0.434984999579355   -0.00404283346903384   -0.0547182051994614   0
0.405107755247444   0.450407552017691   0.01450054124414   0.0154225524383363   0
