1.82372384426854e-14   4.81482485e-33   0   0   0
0.0547220849123698   0.0204826203166971   0.0547220849123516   0.0204826203166971   0
0.0449797735298153   0.0268213945015632   -0.0097423113825545   0.00633877418486606   0
0.0215614146947797   0.0116936791360981   -0.0234183588350356   -0.0151277153654652   0
0.0554996259419143   0.0145753930548536   0.0339382112471345   0.00288171391875556   0
0.0315435237931498   0.0215788717944685   -0.0239561021487645   0.00700347873961487   0
0.0270685081185776   0.0283823969383719   -0.00447501567457224   0.00680352514390346   0
0.121549813098625   0.0315559694804791   0.0944813049800471   0.00317357254210721   0
0.0850055807793433   0.0554916087358213   -0.0365442323192814   0.0239356392553421   0
0.0847734196365229   0.0607453380319063   -0.000232161142820361   0.00525372929608502   0
0.124021212035126   0.0464884963503186   0.0392477923986035   -0.0142568416815877   0
0.0764386057219153   0.090415504829204   -0.0475826063132111   0.0439270084788853   0
0.085984175400735   0.0649704469854203   0.0095455696788197   -0.0254450578437837   0
0.121351059155071   0.0616540248141932   0.0353668837543363   -0.00331642217122711   0
0.0850073373538984   0.0958928801789403   -0.0363437218011729   0.0342388553647472   0
0.0766888310948659   0.0715476194412138   -0.00831850625903248   -0.0243452607377266   0
0.0570937963882814   0.0849975100958376   -0.0195950347065845   0.0134498906546239   0
0.0623722165712671   0.109931050458918   0.00527842018298576   0.0249335403630807   0
0.0689178445388311   0.147869895625443   0.00654562796756396   0.0379388451665246   0
0.0335020898944978   0.115379791141768   -0.0354157546443333   -0.0324901044836751   0
0.0739521668594579   0.152045179417984   0.04045007696496   0.0366653882762158   0
0.0360174355591489   0.141461417338232   -0.0379347313003089   -0.0105837620797519   0
0.0318636802352528   0.124220523122081   -0.00415375532389613   -0.0172408942161509   0
0.0964949141053734   0.17074709523879   0.0646312338701206   0.0465265721167092   0
0.0407490610673812   0.117218431923289   -0.0557458530379923   -0.0535286633155008   0
0.0702832959694818   0.124906664454748   0.0295342349021006   0.007688232531459   0
0.0626541510634186   0.151340287000301   -0.00762914490606321   0.0264336225455527   0
0.0669272098056517   0.170168174382061   0.0042730587422331   0.0188278873817601   0
0.280873556538083   0.33549734580736   0.213946346732431   0.165329171425299   0
0.253979680569012   0.25457977291495   -0.0268938759690709   -0.0809175728924107   0
0.226835267048417   0.234919287632543   -0.0271444135205944   -0.0196604852824066   0
0.159627929920945   0.169290525100685   -0.0672073371274727   -0.0656287625318578   0
0.15284985352703   0.209389409491627   -0.00677807639391464   0.0400988843909418   0
0.18954485632663   0.217205591690286   0.0366950027996002   0.00781618219865898   0
0.167361029565777   0.221155056849608   -0.0221838267608535   0.00394946515932182   0
0.247451919743141   0.259094254624768   0.0800908901773637   0.0379391977751607   0
0.162940782207034   0.223123862039232   -0.0845111375361065   -0.0359703925855366   0
0.167633017735634   0.228580568374299   0.0046922355286004   0.00545670633506706   0
0.206219585936731   0.25582643496816   0.0385865682010962   0.0272458665938609   0
0.160381672764524   0.252630765003232   -0.0458379131722068   -0.00319566996492765   0
0.251138598024966   0.291439891045351   0.0907569252604422   0.0388091260421187   0
0.291329796672431   0.309237199897638   0.0401911986474652   0.0177973088522871   0
0.225800092156426   0.280459481876168   -0.0655297045160051   -0.0287777180214702   0
0.245765616071358   0.291756687437463   0.0199655239149315   0.0112972055612954   0
0.314445601491512   0.322484931539206   0.0686799854201544   0.0307282441017426   0
0.198160676262895   0.274080215626197   -0.116284925228617   -0.0484047159130087   0
0.282784536499685   0.307485992344105   0.0846238602367902   0.0334057767179072   0
0.224739740321255   0.292063619346751   -0.0580447961784308   -0.0154223729973531   0
0.254320412206964   0.300091715405462   0.0295806718857094   0.00802809605871035   0
0.297433068388214   0.323853706575634   0.0431126561812502   0.0237619911701722   0
0.232566110653345   0.314365052838583   -0.0648669577348692   -0.00948865373705149   0
0.302859845504204   0.337434827995961   0.0702937348508595   0.0230697751573782   0
0.185372277118738   0.32888613707196   -0.117487568385467   -0.00854869092400118   0
0.244569491683534   0.327075868500288   0.059197214564796   -0.00181026857167149   0
0.275746606385613   0.338045538050165   0.0311771147020792   0.0109696695498766   0
0.192872817965092   0.281256415377454   -0.082873788420521   -0.0567891226727101   0
0.286248737578695   0.290697136826043   0.0933759196136028   0.00944072144858887   0
0.203641209847589   0.278099941255817   -0.0826075277311059   -0.0125971955702264   0
0.295803997074763   0.308261196815346   0.0921627872271745   0.0301612555595289   0
0.200733477770627   0.270020697596333   -0.0950705193041361   -0.0382404992190132   0
