1.81759731730993e-14   2.40741245e-33   0   0   0
0.0528880944625725   0.0413084032086059   0.0528880944625543   0.0413084032086059   0
0.0531974688155211   0.0328442794295019   0.000309374352948664   -0.00846412377910402   0
0.0795733128419139   0.0474787517899649   0.0263758440263928   0.014634472360463   0
0.101637461375595   0.0613614256385074   0.0220641485336811   0.0138826738485425   0
0.11268624323059   0.0533620392587821   0.0110487818549947   -0.00799938637972535   0
0.161389817135276   0.048026513428618   0.0487035739046864   -0.0053355258301641   0
0.175133275256458   0.0885862373864457   0.0137434581211816   0.0405597239578278   0
0.19248197549154   0.0831820516972161   0.0173487002350819   -0.00540418568922967   0
0.227667837494053   0.0765466741632075   0.0351858620025139   -0.00663537753400856   0
0.220856999889537   0.0816474635837046   -0.00681083760451665   0.00510078942049712   0
0.234577598147113   0.0674832322409517   0.0137205982575765   -0.0141642313427529   0
0.221749411506695   0.0565386581381282   -0.0128281866404179   -0.0109445741028235   0
0.257201275592876   0.0989497682028617   0.0354518640861809   0.0424111100647335   0
0.232155785798999   0.0607256292820252   -0.0250454897938776   -0.0382241389208365   0
0.235614351138696   0.0761897243127008   0.00345856533969766   0.0154640950306756   0
0.217144295883245   0.0502488191459051   -0.0184700552554509   -0.0259409051667957   0
0.224875918655655   0.0619962809185568   0.00773162277240971   0.0117474617726517   0
0.269048657432939   0.0545697988668792   0.0441727387772838   -0.00742648205167755   0
0.260828609207936   0.0625020278595372   -0.00822004822500277   0.00793222899265794   0
0.254113837059292   0.0583872268568808   -0.00671477214864374   -0.00411480100265638   0
0.25109071494081   0.0934583570861601   -0.00302312211848266   0.0350711302292793   0
0.228256202709572   0.0383926592660015   -0.0228345122312374   -0.0550656978201586   0
0.218236398376624   0.0982229534437448   -0.0100198043329487   0.0598302941777433   0
0.239551188882729   0.103298022805797   0.0213147905061054   0.00507506936205188   0
0.236830482078942   0.0391779776632055   -0.00272070680378744   -0.0641200451425912   0
0.260727481186049   0.0766751800774107   0.023896999107107   0.0374972024142052   0
0.262999791111387   0.106538168539844   0.00227230992533844   0.0298629884624331   0
0.242044715221128   0.0401078187056458   -0.0209550758902585   -0.066430349834198   0
0.242741333708539   0.112927758446958   0.000696618487410122   0.072819939741312   0
0.236136016062621   0.0764962903832389   -0.00660531764591757   -0.0364314680637189   0
0.211520016276438   0.0961599556926409   -0.0246159997861825   0.019663665309402   0
0.208326818172092   0.0960118743859354   -0.00319319810434684   -0.000148081306705489   0
0.228225467913082   0.0294922251692983   0.0198986497409904   -0.0665196492166371   0
0.22759413762993   0.132011632855794   -0.000631330283152071   0.102519407686495   0
0.214026749138022   0.141101677569956   -0.0135673884919082   0.0090900447141628   0
0.192521453625551   0.104753090634912   -0.0215052955124705   -0.0363485869350448   0
0.215624949459207   0.142610327121033   0.0231034958336561   0.037857236486121   0
0.210491662549048   0.114423567377286   -0.0051332869101588   -0.0281867597437463   0
0.167533348463345   0.111403761043415   -0.042958314085703   -0.00301980633387125   0
0.194911054337468   0.170453398452348   0.0273777058741227   0.0590496374089327   0
0.189883907403515   0.130866803746978   -0.00502714693395279   -0.0395865947053702   0
0.19621667874785   0.148830266190773   0.00633277134433485   0.0179634624437953   0
0.214338480471294   0.133984422017574   0.0181218017234435   -0.0148458441731992   0
0.227716353938863   0.0972021137437937   0.0133778734675688   -0.03678230827378   0
0.159800163692171   0.140840405846926   -0.0679161902466915   0.0436382921031319   0
0.250845182430147   0.191995642103186   0.0910450187379758   0.0511552362562603   0
0.243820435797613   0.194898711879395   -0.00702474663253413   0.00290306977620897   0
0.246942036306058   0.174342733735676   0.00312160050844543   -0.0205559781437192   0
0.211614284629222   0.157769479491832   -0.0353277516768362   -0.0165732542438434   0
0.242441198635846   0.1933220051646   0.0308269140066245   0.0355525256727674   0
0.273477631020843   0.199755853017026   0.0310364323849964   0.00643384785242623   0
0.273335774110612   0.221942074703995   -0.00014185691023072   0.022186221686969   0
0.302589093063437   0.240215565523884   0.0292533189528248   0.0182734908198888   0
0.344174684931053   0.183873463142998   0.0415855918676157   -0.0563421023808852   0
0.312265704072355   0.245226698759687   -0.0319089808586979   0.0613532356166889   0
0.343435696005813   0.285080413994554   0.0311699919334586   0.0398537152348664   0
0.359673984909744   0.231286721359082   0.0162382889039303   -0.053793692635472   0
0.365052624477682   0.27391375774933   0.00537863956793883   0.0426270363902477   0
0.423160013609549   0.2796540777273   0.0581073891318665   0.00574031997797031   0
0.40909317366165   0.265506294995986   -0.0140668399478986   -0.014147782731314   0
0.463505457773846   0.302040439617221   0.0544122841121958   0.0365341446212348   0
0.454271329172501   0.319035541348418   -0.0092341286013452   0.0169951017311968   0
0.426579250532633   0.325258046097951   -0.0276920786398681   0.00622250474953356   0
0.408649936275582   0.326190675166031   -0.0179293142570511   0.000932629068079727   0
0.445429872824428   0.351200116708005   0.0367799365488463   0.0250094415419744   0
0.408210484235373   0.349241206612305   -0.0372193885890545   -0.00195891009569998   0
0.418214130295066   0.338770962940628   0.0100036460596926   -0.0104702436716775   0
0.438273780268701   0.390173373961114   0.0200596499736351   0.0514024110204861   0
0.451974856313837   0.351164549176393   0.0137010760451356   -0.0390088247847205   0
0.437373653486433   0.354746313724295   -0.0146012028274036   0.00358176454790121   0
0.520061270791354   0.402072055647965   0.0826876173049212   0.0473257419236708   0
0.47786396248576   0.345950583379071   -0.0421973083055945   -0.0561214722688939   0
0.514105999211743   0.382095888560716   0.0362420367259832   0.0361453051816448   0
0.508370288320141   0.424631089891665   -0.00573571089160252   0.042535201330949   0
0.471141571579019   0.350330722516453   -0.0372287167411214   -0.0743003673752126   0
0.481213234730776   0.410591643136081   0.0100716631517572   0.0602609206196282   0
0.469167965911341   0.408080423455369   -0.0120452688194353   -0.00251121968071227   0
0.425817391041005   0.419975926254966   -0.0433505748703366   0.0118955027995979   0
