0   0   0   0   0
0.148448903535271   0.0710338930822606   0.148448903535271   0.0710338930822606   0
0.146408043452283   0.0570506537105732   -0.00204086008298765   -0.0139832393716874   0
0.107302434829087   0.0417080435877572   -0.0391056086231969   -0.015342610122816   0
0.0744143657985939   0.0365037764163748   -0.0328880690304926   -0.00520426717138245   0
0.0818840077270924   0.0458495595762931   0.00746964192849849   0.00934578315991836   0
0.0698626840028348   0.0289744869655064   -0.0120213237242576   -0.0168750726107867   0
0.0625639089144504   0.0472258072837538   -0.00729877508838447   0.0182513203182474   0
0.0931093190558739   0.0633824167004923   0.0305454101414236   0.0161566094167385   0
0.063406332171258   0.065769416447223   -0.0297029868846159   0.00238699974673073   0
0.0497933186679507   0.0602853906174153   -0.0136130135033073   -0.00548402582980773   0
0.0606362317434799   0.0642324679136171   0.0108429130755293   0.00394707729620182   0
0.072368858712821   0.0822479932359246   0.0117326269693411   0.0180155253223075   0
0.0510808634000851   0.079696479990208   -0.0212879953127359   -0.00255151324571663   0
0.0751221550458273   0.0725648055645714   0.0240412916457422   -0.00713167442563652   0
0.0654507958531892   0.0730651740075001   -0.00967135919263806   0.000500368442928611   0
0.0714256778012342   0.0872435257410325   0.00597488194804499   0.0141783517335324   0
0.0547600675567105   0.0850672279926958   -0.0166656102445237   -0.00217629774833668   0
0.06535859037474   0.10401952123531   0.0105985228180295   0.0189522932426143   0
0.0579434743371058   0.0905533678624921   -0.00741511603763414   -0.013466153372818   0
0.080931435088576   0.0964614603942441   0.0229879607514701   0.00590809253175192   0
0.0673543613201103   0.0916224818703323   -0.0135770737684656   -0.00483897852391174   0
0.0743635824318676   0.08431981535212   0.00700922111175732   -0.00730266651821232   0
0.0912139220134374   0.0934155584632268   0.0168503395815698   0.00909574311110682   0
0.0816271105139746   0.116455163980849   -0.00958681149946283   0.0230396055176226   0
0.0811825222500558   0.102592067884258   -0.000444588263918758   -0.0138630960965915   0
0.0968969699337543   0.0818005995616155   0.0157144476836985   -0.0207914683226423   0
0.0867933947313254   0.0936523221067781   -0.0101035752024289   0.0118517225451626   0
0.0766403928853695   0.0932770701595875   -0.0101530018459559   -0.00037525194719068   0
0.0761846745150849   0.114349424639996   -0.000455718370284602   0.0210723544804082   0
0.112171423498109   0.117337496284145   0.035986748983024   0.00298807164414927   0
0.0873781375711019   0.11996190763833   -0.024793285927007   0.00262441135418552   0
0.0952041820420962   0.146276293331738   0.00782604447099425   0.026314385693407   0
0.129664393828454   0.164305931864001   0.0344602117863581   0.0180296385322633   0
0.104653007614606   0.176450009196702   -0.0250113862138478   0.0121440773327008   0
0.142119672702147   0.179521511072114   0.0374666650875403   0.0030715018754128   0
0.131282676125953   0.178358870670574   -0.0108369965761939   -0.00116264040154015   0
0.138292658401573   0.180386382909144   0.0070099822756203   0.00202751223856984   0
0.189736365952934   0.195604572010768   0.051443707551361   0.0152181891016237   0
0.110261074373867   0.16634409254722   -0.0794752915790669   -0.0292604794635473   0
0.138860129958071   0.176620862386265   0.0285990555842037   0.0102767698390446   0
0.116916940042549   0.17646085806514   -0.0219431899155224   -0.000160004321125368   0
0.175809229777825   0.183556201199457   0.0588922897352761   0.00709534313431701   0
0.142003814714607   0.190182343727625   -0.033805415063218   0.00662614252816823   0
0.1276974982062   0.173224881040157   -0.0143063165084065   -0.0169574626874678   0
0.149877606337062   0.178185541526583   0.0221801081308615   0.00496066048642577   0
0.0734078948495535   0.157418785176058   -0.0764697114875083   -0.0207667563505243   0
0.147318086709589   0.179082397048601   0.0739101918600359   0.0216636118725429   0
0.0724222172015694   0.171123173762394   -0.07489586950802   -0.00795922328620752   0
0.124042704835447   0.173710747647047   0.0516204876338779   0.00258757388465322   0
0.106662241868694   0.182445629393257   -0.0173804629667536   0.00873488174620982   0
0.16723720083337   0.169549148661586   0.0605749589646762   -0.0128964807316712   0
0.181230193583213   0.183977852156207   0.0139929927498428   0.0144287034946213   0
0.155009352338251   0.193411631928747   -0.0262208412449617   0.00943377977254042   0
0.213828575662446   0.206034083050247   0.0588192233241947   0.0126224511214993   0
0.149369593982064   0.193704917014374   -0.0644589816803818   -0.0123291660358731   0
0.201947150660435   0.205568721897928   0.0525775566783708   0.0118638048835549   0
0.191341702617045   0.225308290836116   -0.0106054480433898   0.0197395689381872   0
0.166716161259211   0.209292235514534   -0.0246255413578335   -0.0160160553215818   0
0.176274801406454   0.195895201398949   0.0095586401472425   -0.0133970341155851   0
0.162441137900634   0.233155740873126   -0.0138336635058201   0.0372605394741773   0
0.220660319389501   0.218648789006462   0.0582191814888668   -0.0145069518666639   0
0.195757686880353   0.229216976327651   -0.0249026325091479   0.0105681873211886   0
0.204819137406995   0.224355375519535   0.00906145052664262   -0.00486160080811565   0
0.294412514291155   0.317771274879143   0.0895933768841602   0.0934158993596084   0
0.258012058373016   0.307641105624561   -0.0364004559181393   -0.0101301692545825   0
0.2905300576105   0.298523908637893   0.0325179992374842   -0.00911719698666802   0
0.175501666858741   0.240138342074052   -0.115028390751759   -0.0583855665638411   0
0.250205792542052   0.268056268860683   0.0747041256833111   0.027917926786631   0
0.220693849113401   0.240007123225882   -0.0295119434286515   -0.0280491456348003   0
0.185406765995844   0.251819584962736   -0.0352870831175566   0.0118124617368536   0
0.251120668836885   0.253085687917813   0.0657139028410403   0.00126610295507706   0
0.198491450197997   0.259817007750942   -0.052629218638888   0.00673131983312925   0
