0   0   0   0   0
1.13321215843629   0.319291610730891   1.13321215843629   0.319291610730891   1
0.319895226423747   0.659596657496807   -0.813316932012538   0.340305046765916   0
0.430352626618924   0.593306538704357   0.110457400195177   -0.0662901187924497   0
0.230801976484028   0.439100303632773   -0.199550650134896   -0.154206235071584   0
0.0442650798264052   0.384858977245298   -0.186536896657623   -0.0542413263874746   0
0.311100684125477   0.314871333084615   0.266835604299072   -0.0699876441606835   0
0.23681517054674   0.272843229411412   -0.0742855135787367   -0.0420281036732029   0
0.339844649716893   0.376627137151074   0.103029479170153   0.103783907739662   0
0.534878959480763   0.685360140459463   0.19503430976387   0.308733003308388   0
0.350022839159006   0.57833377936438   -0.184856120321757   -0.107026361095082   0
0.206892970505933   0.553588959940013   -0.143129868653074   -0.0247448194243671   0
0.14204149423602   0.40312264148831   -0.0648514762699125   -0.150466318451704   0
0.108718600661106   0.359385896860957   -0.0333228935749145   -0.0437367446273528   0
0.247091545319021   0.383994839689194   0.138372944657916   0.0246089428282376   0
0.198328391600587   0.404857663525502   -0.0487631537184341   0.0208628238363072   0
0.518940763398071   0.382652076332772   0.320612371797483   -0.0222055871927296   0
0.449921641093314   0.362815897986263   -0.0690191223047568   -0.0198361783465088   0
0.410390591160798   0.542256000322871   -0.0395310499325157   0.179440102336608   0
1.43665577304168   1.63117989966036   1.02626518188088   1.08892389933749   1
1.47655596282438   1.37433184648301   0.0399001897827025   -0.256848053177356   0
1.59416683074037   1.25625488933936   0.117610867915992   -0.118076957143649   0
1.74831695055529   1.1420663566648   0.154150119814921   -0.11418853267456   0
1.91038448493656   1.109454426659   0.162067534381263   -0.0326119300057954   0
1.1005872979156   0.985452784684586   -0.80979718702096   -0.124001641974416   0
1.13466712009992   1.16916595793568   0.0340798221843199   0.183713173251094   0
0.476947190349115   1.03256485580665   -0.6577199297508   -0.136601102129028   0
1.56756673090682   0.474466078398893   1.09061954055771   -0.558098777407759   1
0.747759970364302   0.987956627181465   -0.81980676054252   0.513490548782572   0
1.91253058009612   1.31538072755644   1.16477060973182   0.327424100374979   1
1.68394404311353   1.01555869256337   -0.228586536982592   -0.299822034993078   0
1.71656465357357   0.685342634619563   0.0326206104600446   -0.330216057943802   0
0.86502716862177   0.397757327855309   -0.851537484951804   -0.287585306764254   0
1.90370199166276   0.87960655699961   1.03867482304099   0.481849229144301   1
2.74042775661403   1.69830847539619   0.836725764951268   0.818701918396582   0
2.82552004158353   1.63725530200351   0.0850922849694955   -0.0610531733926798   0
2.85505467081834   1.52278272569287   0.0295346292348082   -0.114472576310644   0
2.91401484936955   1.40459568987485   0.0589601785512124   -0.118187035818021   0
3.05280979235721   1.33285292439734   0.138794942987662   -0.0717427654775085   0
2.57439040958017   1.06819690099907   -0.478419382777038   -0.264656023398271   0
2.04464640206027   1.07147214509631   -0.529744007519905   0.00327524409724123   0
1.91280865911608   0.840805502775082   -0.131837742944187   -0.230666642321226   0
2.00965138858573   0.809249925701716   0.0968427294696463   -0.0315555770733661   0
1.83860151514971   0.821903836251906   -0.171049873436014   0.0126539105501904   0
2.11319815209115   1.13791113012932   0.274596636941436   0.316007293877415   0
2.43210856943254   1.03040076091603   0.318910417341389   -0.10751036921329   0
2.98153419261358   1.41407665299659   0.549425623181044   0.383675892080561   0
2.73078872457767   1.29690019877057   -0.250745468035906   -0.117176454226027   0
2.75310305543941   1.15213819836789   0.0223143308617342   -0.144762000402678   0
2.70984501269574   1.15695426749528   -0.0432580427436702   0.00481606912738908   0
2.55985643614269   1.09125042149077   -0.149988576553049   -0.0657038460045087   0
2.12498786354918   1.53944528666855   -0.43486857259351   0.448194865177783   0
2.25631235680781   3.59674677526075   0.131324493258634   2.0573014885922   1
1.82960709381022   3.09255887432253   -0.426705262997592   -0.504187900938221   0
3.80281674442567   3.58248482577345   1.97320965061544   0.489925951450923   1
4.17285682928272   3.86955510598061   0.370040084857056   0.287070280207156   0
4.01093619113215   3.69605415895826   -0.161920638150567   -0.173500947022353   0
3.80886023460039   3.45926334177766   -0.202075956531768   -0.236790817180598   0
3.69160658341075   3.59037376518494   -0.117253651189639   0.131110423407284   0
3.65956816257389   3.53885083929282   -0.0320384208368552   -0.0515229258921206   0
3.44469315686168   3.37019143176257   -0.214875005712207   -0.168659407530247   0
3.46774120654338   3.18808212260579   0.0230480496816958   -0.18210930915678   0
3.9119828215244   3.13775695303829   0.444241614981023   -0.0503251695675075   0
3.72244460560668   2.9566249033468   -0.189538215917724   -0.18113204969149   0
3.65158252578004   2.80590820291043   -0.0708620798266368   -0.150716700436371   0
2.39113545717537   1.97437512601665   -1.26044706860467   -0.831533076893772   1
2.28043565797152   1.53031592964508   -0.110699799203852   -0.444059196371578   0
2.96366303364678   1.70006526720363   0.683227375675266   0.169749337558555   0
3.63869002641592   1.76004920588941   0.675026992769135   0.0599839386857763   0
3.1767828806919   2.74304227175344   -0.461907145724017   0.982993065864032   0
3.16968179492793   2.34745669728797   -0.00710108576397284   -0.395585574465472   0
2.99964541295304   2.08168929079236   -0.170036381974886   -0.265767406495606   0
2.93241473962083   1.96560487778864   -0.0672306733322161   -0.116084413003718   0
1.83699741428008   1.84238205779137   -1.09541732534075   -0.123222819997276   1
1.68624173743431   1.84950226036478   -0.150755676845767   0.00712020257341495   0
3.41430332384585   2.74988061786661   1.72806158641154   0.900378357501823   1
3.53322259922768   2.5211110830105   0.118919275381834   -0.228769534856111   0
3.19304665662635   2.413356799028   -0.34017594260134   -0.107754283982497   0
2.92248604058358   1.80554441224401   -0.270560616042768   -0.607812386783986   0
