1.98833112136314e-14   1.2295897e-16   0   0   0
0.0293206687662513   0.0428840227901905   0.0293206687662314   0.0428840227901903   0
0.0786936618862741   0.010025285339796   0.0493729931200228   -0.0328587374503945   0
0.0591071485882204   0.038759987170713   -0.0195865132980537   0.028734701830917   0
0.0275296036625106   0.0244123263189003   -0.0315775449257098   -0.0143476608518127   0
0.0496179588817559   0.0280987305782265   0.0220883552192453   0.00368640425932621   0
0.0553719012894053   0.0688672824824931   0.00575394240764946   0.0407685519042666   0
0.0829073108723991   0.0790418883319439   0.0275354095829937   0.0101746058494507   0
0.114020310124071   0.0927219404565156   0.0311129992516716   0.0136800521245717   0
0.134803055269683   0.108183247656348   0.0207827451456125   0.0154613071998322   0
0.130328974370863   0.0794362656523401   -0.00447408089882032   -0.0287469820040077   0
0.140196329229934   0.124663470114807   0.009867354859071   0.0452272044624665   0
0.1723622748649   0.140414909796712   0.0321659456349665   0.0157514396819051   0
0.160450705308079   0.137533599207723   -0.0119115695568209   -0.00288131058898908   0
0.209169132020192   0.127095344899423   0.0487184267121128   -0.0104382543083001   0
0.191600625604565   0.128596836494153   -0.017568506415627   0.00150149159472998   0
0.225470908766628   0.137124615457352   0.0338702831620629   0.00852777896319959   0
0.220371761041977   0.183989179795695   -0.00509914772465084   0.0468645643383434   0
0.174654818854722   0.16912640612866   -0.045716942187255   -0.014862773667036   0
0.188909745979098   0.190219252958973   0.0142549271243759   0.0210928468303132   0
0.200768960342542   0.194704953767904   0.0118592143634433   0.0044857008089309   0
0.183594966956614   0.24735832216615   -0.0171739933859277   0.0526533683982464   0
0.129158774380334   0.210603497582703   -0.0544361925762797   -0.0367548245834468   0
0.17138998431374   0.25079039184802   0.0422312099334063   0.0401868942653166   0
0.194428509676544   0.290157422913648   0.0230385253628037   0.0393670310656282   0
0.181560214702487   0.279817232255867   -0.0128682949740575   -0.0103401906577808   0
0.191292900951593   0.289697118191776   0.0097326862491065   0.00987988593590855   0
0.224600561460962   0.275792651462707   0.033307660509369   -0.0139044667290681   0
0.259874885432701   0.294513569183433   0.0352743239717387   0.0187209177207254   0
0.270408516413885   0.309701015894058   0.0105336309811845   0.0151874467106253   0
0.277037277238037   0.317014336731867   0.00662876082415154   0.00731332083780917   0
0.27087282167962   0.312679803041877   -0.00616445555841649   -0.00433453368998993   0
0.284771859178125   0.326601425920822   0.0138990374985049   0.0139216228789448   0
0.280955539565154   0.319589173390767   -0.00381631961297135   -0.00701225253005516   0
0.273076542546746   0.309184385681027   -0.007878997018408   -0.0104047877097401   0
0.284514634400011   0.320733944662847   0.0114380918532655   0.0115495589818203   0
0.26758785723501   0.296727987648859   -0.0169267771650011   -0.0240059570139885   0
0.287411008711303   0.338997790731614   0.0198231514762929   0.0422698030827557   0
0.253787256165443   0.319375468885902   -0.03362375254586   -0.0196223218457119   0
0.307853030014646   0.3831281253863   0.0540657738492024   0.0637526565003973   0
0.31956482124265   0.369311439907355   0.0117117912280041   -0.0138166854789446   0
0.283316463604448   0.313476687517347   -0.0362483576382017   -0.0558347523900086   0
0.305199942610388   0.321526593491875   0.0218834790059396   0.00804990597452893   0
0.308827089768092   0.343676144312947   0.00362714715770457   0.0221495508210717   0
0.303517170369797   0.339725393098145   -0.00530991939829467   -0.00395075121480193   0
0.310138677689698   0.343355348404351   0.00662150731990097   0.00362995530620597   0
0.348443276042544   0.380407811286895   0.0383045983528452   0.0370524628825438   0
0.335923364396102   0.348029525629024   -0.012519911646442   -0.0323782856578713   0
0.354949296438125   0.384640688855693   0.0190259320420237   0.036611163226669   0
0.351152675378483   0.411799351736884   -0.00379662105964218   0.0271586628811918   0
0.358452371914477   0.389524310430556   0.00729969653599427   -0.0222750413063286   0
0.34173563188138   0.367535607600399   -0.0167167400330979   -0.0219887028301571   0
0.372063469985249   0.377266070383743   0.0303278381038692   0.00973046278334389   0
0.418926961269882   0.427407391900594   0.0468634912846336   0.0501413215168511   0
0.415120194153042   0.427544155087468   -0.00380676711683992   0.000136763186873778   0
0.404178413465046   0.429286296975711   -0.0109417806879961   0.00174214188824323   0
0.388742786868132   0.403198804870965   -0.0154356265969139   -0.0260874921047462   0
0.380936757369523   0.378553679617427   -0.00780602949860898   -0.0246451252535373   0
0.362529245310622   0.376420931457536   -0.0184075120589015   -0.00213274815989156   0
0.377922032100919   0.387416892014706   0.0153927867902969   0.0109959605571699   0
0.376445706325597   0.388883764182855   -0.00147632577532136   0.00146687216814895   0
0.398029340038156   0.413570400196402   0.0215836337125589   0.0246866360135472   0
0.362801475313346   0.387870140783503   -0.0352278647248099   -0.025700259412899   0
0.369979199530601   0.412028497071417   0.00717772421725488   0.0241583562879139   0
0.372263315956207   0.368766652446383   0.00228411642560611   -0.0432618446250336   0
0.371243095668047   0.379125140624912   -0.00102022028816084   0.0103584881785286   0
0.366647012659095   0.387333369171767   -0.00459608300895153   0.00820822854685543   0
0.372985564491803   0.398358033419296   0.00633855183270809   0.011024664247529   0
0.378965424630292   0.397634722892696   0.00597986013848884   -0.00072331052660024   0
