7.1054274e-15   0   0   0   0
0.0392742670058486   0.0126503563562692   0.0392742670058415   0.0126503563562692   0
0.0873121660075228   0.0217288441934021   0.0480378990016743   0.0090784878371329   0
0.123176141162481   0.0213454426378025   0.0358639751549579   -0.000383401555599603   0
0.11889122142093   0.0249550136271248   -0.00428491974155111   0.00360957098932225   0
0.112461319919412   0.0126971854974298   -0.00642990150151804   -0.012257828129695   0
0.136516095551409   0.0239932264140059   0.0240547756319976   0.0112960409165761   0
0.165294650441581   0.0328082579218342   0.0287785548901717   0.00881503150782829   0
0.313193523588034   0.174177326989062   0.147898873146453   0.141369069067227   0
0.249383865783139   0.216612614902601   -0.0638096578048945   0.0424352879135397   0
0.298339466565197   0.214421697219964   0.0489556007820572   -0.00219091768263738   0
0.219491629582466   0.148326810610166   -0.0788478369827301   -0.0660948866097975   0
0.367180538792604   0.150655233452871   0.147688909210138   0.00232842284270446   0
0.255914514149497   0.151299670950878   -0.111266024643107   0.000644437498006828   0
0.296236854950831   0.152811262320592   0.0403223408013336   0.00151159136971388   0
0.26488945482299   0.138884515139998   -0.0313474001278403   -0.0139267471805937   0
0.364599980631618   0.150941996565338   0.0997105258086275   0.0120574814253406   0
0.320687826685701   0.111113915305555   -0.0439121539459168   -0.0398280812597831   0
0.327076723488073   0.11546787517749   0.0063888968023717   0.00435395987193442   0
0.324197423384607   0.145190785534653   -0.00287930010346604   0.0297229103571631   0
0.296413545791164   0.129872380478966   -0.0277838775934428   -0.0153184050556872   0
0.32713429831391   0.116370120030262   0.0307207525227463   -0.0135022604487037   0
0.295704067412243   0.0997338527821992   -0.0314302309016674   -0.0166362672480627   0
0.307521525944668   0.115856488104821   0.0118174585324252   0.0161226353226218   0
0.286172387330331   0.127625581224467   -0.0213491386143371   0.0117690931196463   0
0.265349285236232   0.12853641678137   -0.0208231020940989   0.000910835556902578   0
0.284080026473541   0.129914736293211   0.0187307412373086   0.00137831951184136   0
0.287239693772853   0.119602072449753   0.003159667299312   -0.0103126638434585   0
0.326027466921182   0.133923261348523   0.0387877731483293   0.0143211888987703   0
0.255782996331671   0.133388380767016   -0.0702444705895106   -0.000534880581507469   0
0.294201489535301   0.133762082701068   0.0384184932036294   0.000373701934051868   0
0.270267407140833   0.123847687521921   -0.0239340823944674   -0.00991439517914666   0
0.276868603138509   0.113663948295557   0.00660119599767578   -0.010183739226364   0
0.278524933899403   0.112255708298015   0.00165633076089372   -0.00140823999754235   0
0.290541693652077   0.107295933770381   0.0120167597526742   -0.00495977452763381   0
0.244623982826107   0.0987566869845331   -0.04591771082597   -0.00853924678584761   0
0.261678083282366   0.09771189850555   0.0170541004562584   -0.00104478847898307   0
0.304947390483073   0.0921044207445114   0.043269307200707   -0.00560747776103859   0
0.284934947316326   0.0913245072973771   -0.0200124431667464   -0.000779913447134309   0
0.243107411582985   0.0888197594307023   -0.0418275357333413   -0.0025047478666748   0
0.270359774151602   0.0977600959112529   0.0272523625686169   0.00894033648055052   0
0.284045634895556   0.0980057605135791   0.0136858607439539   0.000245664602326223   0
0.245775526862358   0.0847960489312424   -0.0382701080331981   -0.0132097115823366   0
0.270464391512289   0.086454264840672   0.0246888646499311   0.00165821590942959   0
0.279252112709232   0.085785030400488   0.00878772119694343   -0.000669234440184005   0
0.266921824433979   0.0959776862751913   -0.0123302882752528   0.0101926558747032   0
0.269390845513984   0.0833802932235358   0.00246902108000513   -0.0125973930516555   0
0.264970232377074   0.0808992679567084   -0.00442061313691056   -0.00248102526682736   0
0.241467301084629   0.0934196899969451   -0.0235029312924447   0.0125204220402367   0
0.250391588010492   0.163994119793306   0.00892428692586247   0.0705744297963604   0
0.248251787461648   0.181675458349007   -0.00213980054884375   0.0176813385557011   0
0.247417581671786   0.20369489549317   -0.000834205789861792   0.022019437144163   0
0.251330800401929   0.230741711993199   0.00391321873014289   0.0270468165000296   0
0.233475498672862   0.213297593870765   -0.0178553017290673   -0.0174441181224346   0
0.230715062121416   0.224019202771314   -0.00276043655144562   0.0107216089005494   0
0.245837277948668   0.234976287477688   0.0151222158272522   0.0109570847063743   0
0.250794084892628   0.243575208113803   0.00495680694395931   0.00859892063611506   0
0.246368130669794   0.228024653291545   -0.00442595422283379   -0.0155505548222585   0
0.259150338471678   0.242551770912664   0.0127822078018844   0.014527117621119   0
0.255960285341561   0.250232867342279   -0.00319005313011761   0.00768109642961476   0
0.266278167577764   0.259061592431683   0.0103178822362032   0.00882872508940413   0
0.263685625211191   0.271934840140677   -0.0025925423665728   0.0128732477089938   0
0.246627677427576   0.260494459696403   -0.0170579477836151   -0.011440380444274   0
0.24275724717738   0.25361838580036   -0.00387043025019576   -0.0068760738960425   0
0.259920979049109   0.264687389868652   0.0171637318717287   0.0110690040682921   0
0.253151186398729   0.25558769586387   -0.0067697926503798   -0.00909969400478178   0
0.257203441589293   0.267773681337939   0.00405225519056374   0.0121859854740687   0
0.2824611936211   0.290561952013857   0.0252577520318075   0.022788270675918   0
0.265184871127961   0.280150528733876   -0.0172763224931396   -0.0104114232799811   0
0.261556542157336   0.27415424241472   -0.00362832897062443   -0.00599628631915644   0
0.252178806909067   0.273878787088018   -0.00937773524826946   -0.000275455326701535   0
0.278240456564321   0.29429101442017   0.0260616496552545   0.0204122273321521   0
0.277871015186191   0.292409546674188   -0.00036944137813083   -0.00188146774598208   0
0.247728161306495   0.286203078506216   -0.0301428538796953   -0.00620646816797255   0
0.261384482016984   0.277009219691225   0.0136563207104885   -0.00919385881499102   0
0.279058668411965   0.285305889284837   0.0176741863949813   0.00829666959361253   0
0.261325657201255   0.267263951638087   -0.0177330112107097   -0.0180419376467503   0
