0   0   0   0   0
0.0159503595699741   0.0448901001980972   0.0159503595699741   0.0448901001980972   0
0.07152335977373   0.0630129860908992   0.0555730002037559   0.0181228858928019   0
0.0456311357990834   0.0515206263442493   -0.0258922239746466   -0.0114923597466499   0
0.0246530833773672   0.0450674340591963   -0.0209780524217163   -0.00645319228505305   0
0.074818148763098   0.0789407682491698   0.0501650653857308   0.0338733341899735   0
0.0668539885236178   0.0318773321685081   -0.00796416023948013   -0.0470634360806616   0
0.071451647429548   0.058566030397342   0.00459765890593018   0.0266886982288339   0
0.0268365693760448   0.0232055911314872   -0.0446150780535032   -0.0353604392658548   0
0.0451854595007804   0.0279540082157869   0.0183488901247356   0.00474841708429966   0
0.0356866879217335   0.0520358018397318   -0.00949877157904692   0.024081793623945   0
0.0197990223833948   0.0262945417943759   -0.0158876655383387   -0.0257412600453559   0
0.084692936875245   0.0515548170923488   0.0648939144918503   0.0252602752979729   0
0.0782919387912503   0.0473889443166197   -0.00640099808399477   -0.0041658727757291   0
0.0629123694812086   0.0485407609203407   -0.0153795693100417   0.00115181660372098   0
0.0305959722179193   0.0345516172809857   -0.0323163972632893   -0.013989143639355   0
0.0277317119432895   0.0179769179222074   -0.00286426027462977   -0.0165746993587783   0
0.0426147222959531   0.0337264547603249   0.0148830103526636   0.0157495368381175   0
0.0638626014151395   0.0554572789521508   0.0212478791191864   0.0217308241918259   0
0.0407449851319246   0.0282395553866056   -0.0231176162832148   -0.0272177235655453   0
0.0303788005937425   0.047520601008772   -0.0103661845381822   0.0192810456221665   0
0.0400959017387239   0.023150226698687   0.00971710114498143   -0.024370374310085   0
0.0488774615511014   0.0572621216945032   0.00878155981237753   0.0341118949958162   0
0.0613709984974873   0.046515790202818   0.0124935369463859   -0.0107463314916852   0
0.0546616068471129   0.0500436244450993   -0.00670939165037441   0.00352783424228133   0
0.0354260405414149   0.016648591352447   -0.019235566305698   -0.0333950330926523   0
0.0497008723617484   0.0212624424785538   0.0142748318203335   0.00461385112610679   0
0.0452606726777983   0.028254040195357   -0.00444019968395015   0.00699159771680322   0
0.0511565747937734   0.0373195047474761   0.00589590211597515   0.00906546455211904   0
0.0411978880361449   0.0214956900883173   -0.00995868675762849   -0.0158238146591588   0
0.0601608213699825   0.0261336644128719   0.0189629333338376   0.00463797432455468   0
0.0550468353433071   0.0159447300310469   -0.00511398602667542   -0.010188934381825   0
0.0449956887725515   0.0237066517287323   -0.0100511465707555   0.00776192169768542   0
0.0802915430406519   0.0335519010770793   0.0352958542681004   0.00984524934834696   0
0.0651604255917472   0.0485793997879728   -0.0151311174489046   0.0150274987108934   0
0.0776613782502328   0.0455861592594139   0.0125009526584856   -0.0029932405285588   0
0.036550071262382   0.0421612610140086   -0.0411113069878508   -0.00342489824540536   0
0.0457762067949129   0.0424659516926621   0.00922613553253082   0.00030469067865347   0
0.0201078376642128   0.0585171050835269   -0.0256683691307   0.0160511533908648   0
0.0328180055190195   0.0551381099602508   0.0127101678548067   -0.00337899512327608   0
0.0269919942475527   0.0469545146786089   -0.00582601127146683   -0.00818359528164194   0
0.0768624878192591   0.06588042326922   0.0498704935717064   0.0189259085906111   0
0.0528114477182839   0.0538922504758698   -0.0240510401009752   -0.0119881727933502   0
0.0923207894188837   0.0692959857764628   0.0395093417005998   0.015403735300593   0
0.033058976314754   0.0320886190701703   -0.0592618131041297   -0.0372073667062925   0
0.0910723077012289   0.0671499173581199   0.0580133313864749   0.0350612982879497   0
0.0443732318989313   0.039832889540241   -0.0466990758022977   -0.0273170278178789   0
0.0652143741985804   0.0642117288015567   0.0208411422996492   0.0243788392613157   0
0.163650021077796   0.113066179033802   0.0984356468792158   0.048854450232245   0
0.0688102856807986   0.0491906568466212   -0.0948397353969977   -0.0638755221871805   0
0.0813549156195892   0.0572483971487439   0.0125446299387906   0.00805774030212264   0
0.0518990093606243   0.0611381072790372   -0.0294559062589649   0.00388971013029336   0
0.124554684391321   0.0920834230061505   0.0726556750306964   0.0309453157271132   0
0.0498711547192263   0.0591768520795537   -0.0746835296720943   -0.0329065709265968   0
0.0784121418260446   0.0737304653897038   0.0285409871068182   0.0145536133101501   0
0.0775799309518985   0.0785905631284054   -0.000832210874146047   0.00486009773870164   0
0.0549809036810466   0.0669494235570462   -0.0225990272708519   -0.0116411395713592   0
0.118272434004155   0.0928370935431095   0.0632915303231085   0.0258876699860633   0
0.0361859187863768   0.055579947563465   -0.0820865152177784   -0.0372571459796444   0
0.0518025717394189   0.0683150359752657   0.0156166529530421   0.0127350884118006   0
0.0337100139997276   0.0476116257402591   -0.0180925577396912   -0.0207034102350066   0
0.0348931521993032   0.0333292636926789   0.00118313819957561   -0.0142823620475801   0
0.0457321981208517   0.0752106495677745   0.0108390459215485   0.0418813858750956   0
0.0191484365734574   0.0582644545438658   -0.0265837615473943   -0.0169461950239088   0
0.0617574773089627   0.0889170546640023   0.0426090407355053   0.0306526001201365   0
0.0516165199696476   0.07656189633504   -0.0101409573393151   -0.0123551583289623   0
0.0154964977461081   0.0713982319492614   -0.0361200222235395   -0.00516366438577857   0
0.0192041468030362   0.0810701685268882   0.00370764905692806   0.00967193657762681   0
0.0150670205419548   0.0997301565747657   -0.00413712626108134   0.0186599880478775   0
0.0267463392376697   0.0841691811786539   0.0116793186957149   -0.0155609753961118   0
0.0964518600125735   0.153283681703953   0.0697055207749037   0.0691145005252995   0
0.0472787845605656   0.113230928224075   -0.0491730754520078   -0.0400527534798786   0
0.119865579253354   0.155024915202783   0.0725867946927881   0.0417939869787079   0
0.0393040693794056   0.125634636024639   -0.0805615098739481   -0.0293902791781437   0
0.0753435994789085   0.131506889964954   0.0360395300995029   0.00587225394031485   0
0.0612234656523212   0.12554447021565   -0.0141201338265873   -0.00596241974930387   0
0.0522928479568779   0.111950981447466   -0.00893061769544334   -0.0135934887681844   0
0.0411763536479658   0.108459650820563   -0.011116494308912   -0.00349133062690232   0
0.0283311856287513   0.0880780567945444   -0.0128451680192145   -0.0203815940260188   0
0.0668943169157908   0.117742134801081   0.0385631312870395   0.0296640780065362   0
0.0442685805137763   0.0877791171259086   -0.0226257364020144   -0.029963017675172   0
0.0292863119248422   0.113550948214397   -0.0149822685889342   0.025771831088488   0
0.0222713546846779   0.100729647443248   -0.00701495724016422   -0.0128213007711489   0
0.0583171027666541   0.136759034266553   0.0360457480819762   0.036029386823305   0
0.054218339170656   0.131131042797787   -0.00409876359599814   -0.00562799146876544   0
0.134347953033171   0.172689810007288   0.0801296138625146   0.0415587672095002   0
0.0579966579820099   0.126735664580375   -0.0763512950511607   -0.0459541454269121   0
0.117847048547638   0.158917537961899   0.059850390565628   0.0321818733815237   0
0.119517039127264   0.166873592153767   0.00166999057962613   0.00795605419186751   0
0.113875290447783   0.160849991265576   -0.00564174867948054   -0.00602360088819068   0
