1.1177856e-14   9.6296495e-33   0   0   0
0.0570210120814371   0.0270933027491114   0.0570210120814259   0.0270933027491114   0
0.0290513993265193   0.0178050426564822   -0.0279696127549178   -0.00928826009262916   0
0.0117392718536465   0.0166265691312857   -0.0173121274728728   -0.00117847352519651   0
0.0549309361384061   0.040540663439492   0.0431916642847596   0.0239140943082063   0
0.0299539822000304   0.0370752994479967   -0.0249769539383758   -0.00346536399149538   0
0.0503373670830547   0.0613238066072097   0.0203833848830243   0.024248507159213   0
0.0537155369289736   0.0778552497608384   0.00337816984591893   0.0165314431536287   0
0.0260087829258785   0.0548637257544954   -0.0277067540030951   -0.022991524006343   0
0.0350615808388185   0.0532981880944198   0.00905279791294001   -0.00156553766007556   0
0.0320160030770531   0.0661856104880489   -0.00304557776176542   0.0128874223936291   0
0.0245859706090241   0.0639961987466206   -0.00743003246802893   -0.00218941174142831   0
0.0335330101578516   0.0663758753909607   0.00894703954882745   0.00237967664434012   0
0.0261685907562786   0.0707492543897926   -0.00736441940157298   0.00437337899883185   0
0.0212822759392844   0.0591496054143415   -0.00488631481699423   -0.0115996489754511   0
0.0482418246241125   0.0562786325868093   0.0269595486848281   -0.0028709728275322   0
0.0184692193631695   0.0536292453009105   -0.0297726052609429   -0.00264938728589886   0
0.0298164148132966   0.0417594132269112   0.0113471954501271   -0.0118698320739993   0
0.0503195103681766   0.0273512461992424   0.0205030955548799   -0.0144081670276688   0
0.0745577766385612   0.0319181185843643   0.0242382662703846   0.00456687238512191   0
0.085438379900212   0.0316888803281544   0.0108806032616508   -0.0002292382562099   0
0.100346749901866   0.0587702270037732   0.0149083700016538   0.0270813466756188   0
0.111152239287738   0.0687742053933333   0.0108054893858719   0.01000397838956   0
0.115945627922511   0.0720673683091174   0.00479338863477358   0.00329316291578412   0
0.116494909807262   0.0620973562598626   0.000549281884750272   -0.00997001204925475   0
0.12832067896857   0.0795154577156571   0.0118257691613087   0.0174181014557945   0
0.140028582077139   0.0868744384783424   0.0117079031085683   0.00735898076268521   0
0.148315059272103   0.0924273578118747   0.00828647719496461   0.00555291933353239   0
0.157267331812459   0.0946492648474267   0.00895227254035605   0.00222190703555193   0
0.141950630577082   0.0859629717003434   -0.0153167012353773   -0.00868629314708322   0
0.149928899956799   0.0931242745836968   0.00797826937971743   0.00716130288335333   0
0.160270379440105   0.106890787908739   0.0103414794833056   0.0137665133250425   0
0.172375425647323   0.10615119820849   0.0121050462072184   -0.000739589700249565   0
0.248943307846661   0.0974171074555239   0.076567882199338   -0.00873409075296587   0
0.216637964142434   0.105929190376992   -0.0323053437042272   0.00851208292146817   0
0.170134456212912   0.0660794372480046   -0.0465035079295222   -0.0398497531289874   0
0.194781600077179   0.0707690992025233   0.0246471438642668   0.0046896619545187   0
0.145459723651819   0.0777798626528466   -0.0493218764253599   0.00701076345032321   0
0.215589393446959   0.0995660642599516   0.0701296697951405   0.0217862016071051   0
0.261455278538364   0.0924633864578584   0.045865885091405   -0.00710267780209325   0
0.21111869732176   0.0905410168028445   -0.0503365812166042   -0.00192236965501387   0
0.199471714250216   0.080918392236853   -0.0116469830715438   -0.00962262456599144   0
0.236556574386049   0.0951938654983488   0.0370848601358328   0.0142754732614957   0
0.17991726041326   0.081532240293693   -0.0566393139727888   -0.0136616252046558   0
0.186128658364601   0.090663120634521   0.00621139795134079   0.00913088034082808   0
0.203477908092831   0.0897829315961066   0.0173492497282299   -0.000880189038414456   0
0.198716846934361   0.0882928936993445   -0.00476106115847041   -0.00149003789676209   0
0.16939285526301   0.078263916217048   -0.0293239916713506   -0.0100289774822965   0
0.146827304105085   0.0709618664537614   -0.0225655511579252   -0.00730204976328659   0
0.128118635940387   0.0690955322993823   -0.0187086681646979   -0.00186633415437917   0
0.141759608363911   0.103493619328086   0.0136409724235244   0.0343980870287038   0
0.137231952178826   0.0863691769691687   -0.00452765618508505   -0.0171244423589174   0
0.131669597120345   0.0816155411831734   -0.00556235505848096   -0.00475363578599532   0
0.112796736710842   0.0882625191988433   -0.0188728604095032   0.00664697801566996   0
0.0922329425127119   0.0898504918226376   -0.0205637941981301   0.00158797262379425   0
0.0815232991696243   0.0754814143406422   -0.0107096433430876   -0.0143690774819954   0
0.112148440115693   0.083008687390303   0.0306251409460685   0.00752727304966085   0
0.150589518102953   0.136096854364379   0.0384410779872605   0.0530881669740762   0
0.153141512688201   0.112368485454303   0.00255199458524741   -0.0237283689100761   0
0.131286039008568   0.130921767938189   -0.0218554736796322   0.0185532824838857   0
0.126716370407603   0.128650828745276   -0.00456966860096517   -0.00227093919291263   0
