1.31966905331478e-14   1.92592995e-32   0   0   0
0.307910100053829   0.0464419686263456   0.307910100053816   0.0464419686263456   0
0.421046595456394   0.0989832122236481   0.113136495402565   0.0525412435973026   0
0.507269196066726   0.159587503870338   0.0862226006103319   0.0606042916466901   0
0.278430363568419   0.141257572951924   -0.228838832498307   -0.0183299309184138   0
0.295029702226625   0.157231632002235   0.0165993386582065   0.0159740590503105   0
0.449907189009184   0.221960079772254   0.154877486782559   0.0647284477700194   0
0.34602118462417   0.227654233624479   -0.103886004385014   0.00569415385222502   0
0.287396016877269   0.217015548020542   -0.0586251677469012   -0.0106386856039374   0
0.396930592027025   0.262023710793877   0.109534575149756   0.0450081627733352   0
0.310374563798715   0.268239158467402   -0.0865560282283099   0.00621544767352511   0
0.261279259725846   0.250098205726639   -0.0490953040728682   -0.018140952740763   0
0.369993287147725   0.27275999636361   0.108714027421879   0.0226617906369709   0
0.415458613342921   0.290570429787714   0.0454653261951961   0.0178104334241034   0
0.392585025314827   0.374915267339603   -0.0228735880280939   0.0843448375518899   0
0.530142020689889   0.406928700719439   0.137556995375062   0.0320134333798356   0
0.459067231805364   0.408393120142922   -0.071074788884525   0.00146441942348274   0
0.574875707284675   0.421231732983072   0.115808475479311   0.0128386128401506   0
0.534603123425081   0.423572371188878   -0.0402725838595934   0.00234063820580571   0
0.675889978201707   0.461134470859428   0.141286854776626   0.03756209967055   0
0.650188648246973   0.468592178320934   -0.0257013299547343   0.00745770746150576   0
0.659346030208   0.473556034347869   0.00915738196102733   0.00496385602693478   0
1.05679842474154   0.495118337006687   0.397452394533542   0.0215623026588188   0
1.32837610213401   0.597059466069784   0.271577677392472   0.101941129063097   0
1.05057463799329   0.606974434239715   -0.277801464140721   0.00991496816993143   0
0.922769896365756   0.583160252428741   -0.127804741627537   -0.0238141818109742   0
0.957516846506408   0.567546967083127   0.0347469501406515   -0.0156132853456142   0
1.11760274607794   0.617639665043956   0.16008589957153   0.0500926979608294   0
1.25655359805441   0.707915577349931   0.138950851976472   0.0902759123059743   0
1.02379234759937   0.655479701203418   -0.23276125045504   -0.0524358761465126   0
0.925979198279066   0.577154128344643   -0.0978131493203029   -0.0783255728587754   0
0.881716030150814   0.536289343519093   -0.0442631681282523   -0.0408647848255493   0
1.03045669981099   0.608610068773448   0.148740669660175   0.0723207252543548   0
1.0385198899504   0.609571417730665   0.00806319013941259   0.000961348957216446   0
0.915357509737591   0.630653481290326   -0.123162380212811   0.0210820635596612   0
0.866188784496937   0.601692039760258   -0.0491687252406536   -0.0289614415300683   0
1.03516508100655   0.643639274572817   0.168976296509612   0.0419472348125594   0
0.806633701086629   0.594030476620017   -0.22853137991992   -0.0496087979528004   0
0.890275100913353   0.593035397872164   0.0836413998267246   -0.000995078747852207   0
0.932971673228233   0.596896025417372   0.0426965723148801   0.00386062754520788   0
0.814375136542563   0.575800334943313   -0.11859653668567   -0.0210956904740592   0
0.937440256143201   0.609978365137357   0.123065119600638   0.0341780301940438   0
0.839725318313807   0.601488222312324   -0.0977149378293941   -0.0084901428250328   0
0.79910225086968   0.569582808142573   -0.0406230674441266   -0.0319054141697511   0
0.867959929363087   0.576850184321814   0.0688576784934064   0.00726737617924078   0
0.611573077442585   0.54141094704913   -0.256386851920502   -0.0354392372726839   0
0.341739259504915   0.167170573589586   -0.26983381793767   -0.374240373459544   0
0.200531406107738   0.327738680532609   -0.141207853397177   0.160568106943024   0
0.275383049817724   0.358474688137007   0.0748516437099854   0.0307360076043976   0
0.340760187979877   0.346978706204601   0.0653771381621532   -0.011495981932406   0
0.341287035047736   0.388132373618705   0.000526847067859271   0.0411536674141035   0
0.459383186109093   0.400674843749161   0.118096151061357   0.0125424701304569   0
0.407304944457472   0.410291337306278   -0.0520782416516215   0.00961649355711658   0
0.462552935416388   0.431617670072811   0.0552479909589165   0.0213263327665334   0
0.519261404852766   0.437085909164726   0.0567084694363778   0.00546823909191496   0
0.530051432872404   0.44341978326379   0.0107900280196385   0.00633387409906327   0
0.531305959209686   0.467195377322829   0.00125452633728196   0.0237755940590389   0
0.438529766717387   0.452949742172244   -0.0927761924922993   -0.0142456351505841   0
0.522924954038123   0.477182434986414   0.0843951873207355   0.0242326928141696   0
0.452987138989258   0.457169206989287   -0.0699378150488649   -0.0200132279971266   0
0.494708191842267   0.47237834702288   0.0417210528530095   0.015209140033593   0
0.542200646032551   0.467238043387255   0.0474924541902837   -0.00514030363562495   0
0.470245641395674   0.476326694846204   -0.0719550046368768   0.00908865145894899   0
0.582023358962149   0.524328508405312   0.111777717566474   0.0480018135591079   0
0.495115731250071   0.475277074109289   -0.0869076277120779   -0.0490514342960233   0
0.487521128200816   0.466699925998159   -0.00759460304925452   -0.00857714811112992   0
0.533269425515986   0.464025553125168   0.0457482973151703   -0.00267437287299144   0
0.428511328347698   0.463997318540149   -0.104758097168289   -2.82345850186605e-05   0
0.417448088645091   0.454425072784046   -0.0110632397026066   -0.00957224575610266   0
