0   0   0   0   0
0.0446059890911688   0.0184435111338974   0.0446059890911688   0.0184435111338974   0
0.0629842573267335   0.0185066405216764   0.0183782682355648   6.3129387778995e-05   0
0.02124732106696   0.00781396759244529   -0.0417369362597735   -0.0106926729292311   0
0.0228355921660228   0.038685067959635   0.00158827109906274   0.0308711003671897   0
0.0626837973542769   0.0484116258391414   0.0398482051882541   0.0097265578795064   0
0.054798639309674   0.0485927336511531   -0.00788515804460296   0.000181107812011708   0
0.0260965827927721   0.0341287772310927   -0.0287020565169019   -0.0144639564200604   0
0.0686362560736288   0.0411957804182955   0.0425396732808567   0.00706700318720278   0
0.0673842605374605   0.0229962707363202   -0.00125199553616825   -0.0181995096819752   0
0.0665312768243509   0.0293171121412153   -0.000852983713109559   0.00632084140489509   0
0.0392311505603748   0.0190133163467066   -0.0273001262639762   -0.0103037957945087   0
0.0383715999232384   0.0305022531424159   -0.000859550637136386   0.0114889367957093   0
0.0702639325116456   0.0337195485600563   0.0318923325884072   0.00321729541764038   0
0.0556785790239238   0.0477144542456349   -0.0145853534877218   0.0139949056855786   0
0.0433021460079364   0.0356760269096116   -0.0123764330159875   -0.0120384273360233   0
0.0459722332222436   0.0374596209555702   0.00267008721430719   0.00178359404595857   0
0.0591426096870055   0.0337954083200813   0.0131703764647619   -0.0036642126354889   0
0.0313179478808262   0.040186788174682   -0.0278246618061793   0.00639137985460072   0
0.0455540713030657   0.038264718309383   0.0142361234222395   -0.00192206986529897   0
0.0257372206216262   0.0300836917470417   -0.0198168506814395   -0.00818102656234135   0
0.0521529509056947   0.0645890930436177   0.0264157302840686   0.034505401296576   0
0.023766476880502   0.0677353800356107   -0.0283864740251927   0.00314628699199308   0
0.0690698900126992   0.0282436883711465   0.0453034131321971   -0.0394916916644643   0
0.0997931400316321   0.0230522466257167   0.0307232500189329   -0.00519144174542979   0
0.0869884015276291   0.0470074947632517   -0.012804738504003   0.023955248137535   0
0.0477974453986764   0.0331530737331954   -0.0391909561289527   -0.0138544210300563   0
0.060702638901223   0.0529709271426932   0.0129051935025466   0.0198178534094978   0
0.0382265199188066   0.0458384579627943   -0.0224761189824165   -0.00713246917989888   0
0.0887047589887664   0.0335038775202919   0.0504782390699598   -0.0123345804425024   0
0.07113688326341   0.0489596710761963   -0.0175678757253563   0.0154557935559044   0
0.0863208694891182   0.0973777011956857   0.0151839862257082   0.0484180301194894   0
0.0491105648631328   0.065666317896628   -0.0372103046259855   -0.0317113832990577   0
0.0736757949694478   0.0847425397099442   0.0245652301063151   0.0190762218133162   0
0.0405591082409577   0.0863732031348661   -0.0331166867284901   0.00163066342492196   0
0.096635610012641   0.0778328984237959   0.0560765017716833   -0.00854030471107019   0
0.0366869804951495   0.0644587058878664   -0.0599486295174915   -0.0133741925359296   0
0.0407421978603405   0.0597943146802597   0.00405521736519097   -0.00466439120760667   0
0.0749190449424768   0.100517127917721   0.0341768470821363   0.0407228132374609   0
0.0432858601329013   0.0587905993437176   -0.0316331848095755   -0.041726528574003   0
0.0967260849889294   0.0964222268090087   0.053440224856028   0.0376316274652911   0
0.0379117741337975   0.0779305096875921   -0.0588143108551318   -0.0184917171214166   0
0.0676345506672408   0.104968593606204   0.0297227765334433   0.0270380839186117   0
0.0368752737623632   0.0740929548682952   -0.0307592769048776   -0.0308756387379086   0
0.0649463269890216   0.0799468370841899   0.0280710532266584   0.00585388221589471   0
0.0406077977897904   0.0998424502371312   -0.0243385291992312   0.0198956131529413   0
0.0515097194989907   0.0897548067984612   0.0109019217092003   -0.01008764343867   0
0.0532875208492545   0.0865271616802878   0.00177780135026379   -0.00322764511817343   0
0.0315428763151856   0.085199391008251   -0.0217446445340689   -0.00132777067203683   0
0.0982704086915007   0.111255389352403   0.0667275323763151   0.026055998344152   0
0.069220385251129   0.0706400218819066   -0.0290500234403717   -0.0406153674704964   0
0.085004857374896   0.0917538013773824   0.015784472123767   0.0211137794954758   0
0.0402631229447366   0.109672820654608   -0.0447417344301594   0.0179190192772255   0
0.0587731944137486   0.0999838630606107   0.018510071469012   -0.00968895759399718   0
0.0372268950967776   0.078037054368653   -0.021546299316971   -0.0219468086919578   0
0.0596545844323959   0.0722641973465553   0.0224276893356183   -0.00577285702209766   0
0.0680623299279816   0.100956903531958   0.00840774549558571   0.0286927061854031   0
0.0388435888187975   0.059954847436613   -0.0292187411091841   -0.0410020560953454   0
0.091824252983013   0.0975838578767172   0.0529806641642155   0.0376290104401042   0
0.0346637989774852   0.0993027042212263   -0.0571604540055278   0.00171884634450914   0
0.0143158428468115   0.0887100919957406   -0.0203479561306737   -0.0105926122254857   0
0.0232863404219906   0.0765026699620597   0.00897049757517911   -0.012207422033681   0
0.00708578051360386   0.0659750258499254   -0.0162005599083867   -0.0105276441121342   0
0.0483201336301812   0.0948166307862969   0.0412343531165774   0.0288416049363715   0
0.0332522670975164   0.0869577823567706   -0.0150678665326649   -0.00785884842952631   0
0.0482147005109385   0.0657567047578951   0.0149624334134221   -0.0212010775988755   0
0.0510546560780972   0.0439897439769999   0.00283995556715869   -0.0217669607808952   0
0.0892258651486004   0.0688849407770257   0.0381712090705032   0.0248951968000258   0
0.0652922666221138   0.036275776295668   -0.0239335985264866   -0.0326091644813577   0
0.0473288676922277   0.0288842923501456   -0.0179633989298861   -0.00739148394552239   0
