0   0   0   0   0
0.0647095048290866   0.0274819969439836   0.0647095048290866   0.0274819969439836   0
0.0851640114122958   0.0288937596398496   0.0204545065832092   0.00141176269586603   0
0.0729957460466582   0.0281866742759583   -0.0121682653656376   -0.000707085363891365   0
0.0630844536051091   0.029017312016703   -0.00991129244154908   0.0008306377407447   0
0.101403211090493   0.0537924200324303   0.0383187574853839   0.0247751080157274   0
0.122774601535713   0.0699935618029365   0.0213713904452203   0.0162011417705062   0
0.133787056106296   0.0440654198801298   0.0110124545705824   -0.0259281419228067   0
0.0967435448434116   0.059612770629984   -0.0370435112628841   0.0155473507498541   0
0.124887020528766   0.0744533062357079   0.028143475685354   0.0148405356057239   0
0.131719706373927   0.067939916882334   0.00683268584516156   -0.00651338935337382   0
0.122271701596261   0.0585408099803916   -0.00944800477766639   -0.00939910690194246   0
0.0865485909111192   0.0479334733336865   -0.0357231106851416   -0.0106073366467051   0
0.107943215255326   0.0529010853664283   0.0213946243442065   0.00496761203274181   0
0.169472295836137   0.0822920480922464   0.0615290805808116   0.0293909627258181   0
0.112928920085004   0.0630398194777529   -0.0565433757511333   -0.0192522286144935   0
0.104731544356886   0.0598755294876371   -0.00819737572811775   -0.0031642899901158   0
0.144924617224439   0.0780528963793529   0.0401930728675525   0.0181773668917158   0
0.133053460439668   0.0590756483315901   -0.0118711567847705   -0.0189772480477628   0
0.130800963410296   0.0727495039324429   -0.00225249702937177   0.0136738556008528   0
0.0984997461920775   0.054490769432799   -0.032301217218219   -0.0182587344996438   0
0.134532471647702   0.0774789247504973   0.0360327254556246   0.0229881553176983   0
0.146675386985033   0.0694860211924931   0.012142915337331   -0.00799290355800428   0
0.103726551910487   0.0507280499821107   -0.0429488350745464   -0.0187579712103824   0
0.124004350074639   0.075196031019992   0.020277798164152   0.0244679810378813   0
0.181334322495609   0.0880927242150367   0.0573299724209703   0.0128966931950447   0
0.18875804812379   0.0864028616143875   0.00742372562818108   -0.0016898626006492   0
0.147533435844735   0.0794912203093262   -0.0412246122790553   -0.00691164130506132   0
0.143187659205458   0.0880175294566745   -0.00434577663927668   0.00852630914734837   0
0.168476370836414   0.0910598363742069   0.0252887116309559   0.00304230691753232   0
0.187169296149567   0.10569734982151   0.0186929253131531   0.0146375134473028   0
0.11630733706357   0.088762007548539   -0.0708619590859969   -0.0169353422729707   0
0.118423541843039   0.111109611090906   0.00211620477946838   0.0223476035423668   0
0.144216332226258   0.108581778341953   0.0257927903832191   -0.00252783274895294   0
0.122373404508284   0.105854084864759   -0.0218429277179732   -0.00272769347719408   0
0.103250645474602   0.0934815946397867   -0.0191227590336828   -0.0123724902249721   0
0.117410483683074   0.105402067241304   0.0141598382084725   0.0119204726015173   0
0.0767201289006006   0.084123885604091   -0.0406903547824735   -0.021278181637213   0
0.122279008328353   0.097404437248228   0.0455588794277525   0.013280551644137   0
0.127088978839103   0.101302998368034   0.00480997051074952   0.00389856111980548   0
0.138685169851495   0.104120339373873   0.0115961910123923   0.00281734100583986   0
0.125586523122348   0.112514938253305   -0.0130986467291465   0.00839459887943196   0
0.11406856849483   0.117447662148905   -0.0115179546275183   0.00493272389559996   0
0.135033669288771   0.117166131620459   0.0209651007939406   -0.000281530528446289   0
0.112923135162491   0.0875071460474255   -0.0221105341262798   -0.0296589855730335   0
0.0801917218031909   0.0974083441580042   -0.0327314133593001   0.0099011981105787   0
0.0828290951958263   0.122131446055058   0.00263737339263539   0.0247231018970543   0
0.102070481368802   0.119440463033083   0.0192413861729755   -0.00269098302197499   0
0.111750283722783   0.098380660801637   0.00967980235398085   -0.0210598022314465   0
0.0854393198875765   0.106147701061153   -0.0263109638352061   0.00776704025951584   0
0.0577210103822558   0.11165691712227   -0.0277183095053207   0.00550921606111671   0
0.0218070631463205   0.107321413502941   -0.0359139472359353   -0.00433550361932838   0
0.0844368137363296   0.123835557644673   0.0626297505900091   0.0165141441417318   0
0.0900995407527845   0.104549326037944   0.00566272701645489   -0.0192862316067291   0
0.0491777347281173   0.0936247953929906   -0.0409218060246671   -0.0109245306449532   0
0.0584442002777451   0.119001072428241   0.00926646554962773   0.0253762770352507   0
0.0658009682456948   0.10834994492092   0.00735676796794974   -0.010651127507321   0
0.0974298401502231   0.0943544768342242   0.0316288719045283   -0.0139954680866961   0
0.0428847666757363   0.0895674135037746   -0.0545450734744868   -0.00478706333044962   0
0.0562388733680858   0.114931721263987   0.0133541066923495   0.0253643077602124   0
0.0436740345112536   0.106726266418895   -0.0125648388568322   -0.00820545484509179   0
0.0562180358297728   0.100061089961454   0.0125440013185192   -0.00666517645744144   0
0.11351957532162   0.131205427928562   0.0573015394918467   0.0311443379671082   0
0.0291697576689419   0.0956432924876348   -0.0843498176526776   -0.0355621354409272   0
0.0356919749832509   0.0939575412736446   0.00652221731430904   -0.00168575121399021   0
0.0645244703060795   0.111093903883164   0.0288324953228285   0.0171363626095194   0
0.103651342799641   0.114440001493058   0.0391268724935611   0.00334609760989456   0
0.0380174335975621   0.0910408666031263   -0.0656339092020785   -0.0233991348899322   0
0.0310951057689339   0.10353909729028   -0.00692232782862822   0.0124982306871533   0
