0   0   0   0   0
0.0197676160919759   0.0174715083468118   0.0197676160919759   0.0174715083468118   0
0.0582810232931773   0.0296798050554141   0.0385134072012014   0.0122082967086023   0
0.0464586174036283   0.0492856503576275   -0.011822405889549   0.0196058453022134   0
0.0378893259077796   0.0772950976551357   -0.00856929149584864   0.0280094472975082   0
0.0293074403475052   0.0941555290306395   -0.00858188556027448   0.0168604313755039   0
0.0936217552955587   0.120716531436501   0.0643143149480535   0.0265610024058614   0
0.0908556104380978   0.155041105617079   -0.00276614485746086   0.0343245741805775   0
0.0739607523571698   0.174770416753381   -0.016894858080928   0.0197293111363023   0
0.0624957272850092   0.168184147106115   -0.0114650250721606   -0.00658626964726575   0
0.125882656966489   0.187750349311539   0.0633869296814797   0.0195662022054243   0
0.124255459874368   0.201548061643673   -0.00162719709212042   0.0137977123321332   0
0.120339791060824   0.209754423496015   -0.00391566881354447   0.00820636185234211   0
0.0868940919388709   0.201470425236067   -0.0334456991219531   -0.00828399825994808   0
0.105698775925862   0.211881025384974   0.0188046839869908   0.0104106001489077   0
0.114955740249156   0.221670919939528   0.00925696432329398   0.00978989455455395   0
0.131648228013017   0.221665385531994   0.0166924877638616   -5.53440753461865e-06   0
0.0907926240601452   0.218714386082813   -0.0408556039528721   -0.00295099944918109   0
0.10408635589025   0.240024052942606   0.0132937318301044   0.021309666859794   0
0.122428717973114   0.231507477926974   0.0183423620828643   -0.00851657501563272   0
0.120436630148778   0.23036019686137   -0.00199208782433631   -0.00114728106560411   0
0.123059220970759   0.237772540873137   0.00262259082198121   0.00741234401176763   0
0.117753137896774   0.255466334701377   -0.00530608307398492   0.0176937938282392   0
0.125196916812929   0.255673940779832   0.00744377891615478   0.00020760607845538   0
0.107743097116579   0.243846428519771   -0.01745381969635   -0.0118275122600607   0
0.0925960544556517   0.254430349403805   -0.015147042660927   0.0105839208840334   0
0.134970409665825   0.261684042441774   0.0423743552101733   0.00725369303796913   0
0.114678492595645   0.273094581424652   -0.0202919170701797   0.0114105389828785   0
0.0853203421954724   0.261653721938147   -0.0293581504001729   -0.0114408594865053   0
0.128925614922812   0.2817590958981   0.0436052727273396   0.0201053739599529   0
0.11847454698719   0.274505077286787   -0.0104510679356223   -0.00725401861131325   0
0.115057472623157   0.271814675272346   -0.00341707436403262   -0.00269040201444021   0
0.0933307099455182   0.259004310249884   -0.0217267626776389   -0.0128103650224622   0
0.191779399195068   0.2869421387163   0.0984486892495499   0.0279378284664158   0
0.107538326232133   0.257453557643575   -0.0842410729629348   -0.0294885810727246   0
0.142662743621664   0.269560592959315   0.0351244173895311   0.01210703531574   0
0.147582220751305   0.270178791829682   0.00491947712964055   0.000618198870366848   0
0.117432631746995   0.269443663346596   -0.0301495890043104   -0.000735128483086156   0
0.126750650587775   0.279527731712949   0.00931801884078071   0.0100840683663528   0
0.138312748422384   0.277126911065508   0.0115620978346091   -0.0024008206474404   0
0.0946653807114476   0.276555769552197   -0.0436473677109367   -0.000571141513310947   0
0.125195370249943   0.280768976994956   0.0305299895384949   0.00421320744275872   0
0.11048499641207   0.286737445377431   -0.0147103738378722   0.00596846838247489   0
0.142672839451062   0.297412585416474   0.0321878430389913   0.0106751400390433   0
0.138085660494854   0.281351102717856   -0.00458717895620714   -0.016061482698618   0
0.119936486526754   0.286624718337652   -0.0181491739681005   0.005273615619796   0
0.0995679677060867   0.294618543777151   -0.0203685188206672   0.00799382543949845   0
0.0951778428901376   0.318623184402443   -0.00439012481594912   0.0240046406252927   0
0.0892528930357967   0.30880640929904   -0.00592494985434089   -0.00981677510340362   0
0.12885714225759   0.310630466748075   0.0396042492217929   0.00182405744903563   0
0.131861772483303   0.309713655281301   0.00300463022571371   -0.000916811466774858   0
0.153237904162158   0.257130952952432   0.0213761316788546   -0.0525827023288684   0
0.217326361171629   0.267185535426468   0.0640884570094712   0.0100545824740356   0
0.215675782941621   0.293660428670476   -0.00165057823000767   0.0264748932440078   0
0.253842110899282   0.284109120404276   0.038166327957661   -0.00955130826619943   0
0.249802485812692   0.299304067045345   -0.00403962508659084   0.0151949466410685   0
0.232558799397166   0.308640230882646   -0.0172436864155252   0.0093361638373009   0
0.253282995794014   0.299459689584057   0.0207241963968474   -0.00918054129858897   0
0.256879506188385   0.308325936616627   0.00359651039437153   0.00886624703257094   0
0.255721357612305   0.298424511128024   -0.00115814857608043   -0.00990142548860373   0
0.247472053272301   0.30537263501763   -0.00824930434000351   0.00694812388960603   0
0.246883049897845   0.305415783109045   -0.000589003374456082   4.31480914154236e-05   0
0.277239375247212   0.305179411030597   0.0303563253493669   -0.000236372078447733   0
0.292321951391166   0.288089697682642   0.0150825761439534   -0.0170897133479555   0
0.257891698517427   0.280188049204681   -0.0344302528737389   -0.00790164847796088   0
0.26689692174046   0.28951404429735   0.0090052232230331   0.00932599509266846   0
0.274459643918433   0.302404221344969   0.0075627221779736   0.0128901770476195   0
0.270084810774437   0.306260715640482   -0.00437483314399656   0.00385649429551316   0
0.286154956468457   0.319238611564105   0.0160701456940196   0.0129778959236225   0
0.301530460440484   0.308582353375602   0.0153755039720271   -0.0106562581885031   0
0.26282417072908   0.275531505672064   -0.0387062897114033   -0.0330508477035372   0
0.25401752871594   0.265409812339642   -0.00880664201314002   -0.0101216933324222   0
0.303083351884454   0.300359190831569   0.0490658231685133   0.034949378491927   0
0.234934490459099   0.278347778682969   -0.0681488614253547   -0.0220114121486003   0
0.280330342224239   0.282462198547651   0.0453958517651406   0.0041144198646817   0
0.2898591630638   0.268059171375143   0.0095288208395608   -0.0144030271725074   0
0.264511537472581   0.266847744069053   -0.0253476255912191   -0.00121142730609047   0
0.252296830326265   0.278093684380898   -0.0122147071463167   0.0112459403118451   0
0.245559910302227   0.277708766161985   -0.00673692002403742   -0.000384918218912789   0
0.184080523447644   0.263387543510563   -0.0614793868545834   -0.0143212226514219   0
0.193497858171466   0.24979867943352   0.00941733472382247   -0.0135888640770428   0
0.213510354552585   0.197017604026637   0.0200124963811188   -0.052781075406883   0
