1.4210855e-14   0   0   0   0
0.0264474221954519   0.0102758785988513   0.0264474221954377   0.0102758785988513   0
0.0483945528817401   0.0133050740014081   0.0219471306862882   0.00302919540255678   0
0.0593794613764093   0.00901096978429889   0.0109849084946692   -0.00429410421710919   0
0.0514559753380824   0.0584049280708596   -0.00792348603832696   0.0493939582865607   0
0.6075731984521   0.700972259500409   0.556117223114018   0.64256733142955   0
1.55292639455453   1.8452839361219   0.945353196102427   1.14431167662149   1
1.61674702204319   1.83350541160207   0.0638206274886584   -0.0117785245198372   0
1.57083210486812   1.8088917308107   -0.0459149171750679   -0.0246136807913639   0
1.48046181848174   1.70118759433858   -0.0903702863863753   -0.107704136472117   0
1.42707967628896   1.59634535596274   -0.0533821421927863   -0.104842238375844   0
1.41302305153377   1.61742123053728   -0.0140566247551899   0.0210758745745396   0
1.45383588466738   1.63695275290654   0.0408128331336099   0.0195315223692645   0
1.43164988569063   1.59680867244918   -0.0221859989767486   -0.0401440804573652   0
1.4831692934044   1.66017762623012   0.0515194077137744   0.0633689537809388   0
1.48226229088502   1.71315972552062   -0.000907002519381583   0.0529820992905068   0
1.45729994025335   1.65713726659727   -0.0249623506316681   -0.0560224589233522   0
1.49198744859764   1.6526962589233   0.0346875083442859   -0.00444100767397182   0
1.42654740912405   1.5638325840266   -0.0654400394735897   -0.0888636748967   0
1.405949727235   1.53533363066208   -0.0205976818890437   -0.0284989533645192   0
1.40245656596699   1.54140364424683   -0.00349316126800958   0.0060700135847489   0
1.4490954798117   1.59220530992573   0.0466389138447039   0.0508016656789014   0
1.47703261723557   1.64751674458035   0.0279371374238706   0.0553114346546228   0
1.41036955014851   1.59142390912065   -0.0666630670870605   -0.0560928354597094   0
1.4030308487879   1.57481408954272   -0.00733870136060766   -0.0166098195779285   0
1.41314595371969   1.58193594677784   0.0101151049317891   0.00712185723512748   0
1.42182160348663   1.58384144211545   0.00867564976694113   0.0019054953376012   0
1.42848666559094   1.59257102828887   0.00666506210430429   0.00872958617342467   0
1.43744801743953   1.63067010956183   0.00896135184859137   0.0380990812729569   0
1.51792590684456   1.66933326203309   0.0804778894050344   0.0386631524712655   0
1.48258074658427   1.6442704522386   -0.0353451602602914   -0.0250628097944945   0
1.45126146128865   1.60389055092544   -0.0313192852956201   -0.0403799013131592   0
1.44091111462788   1.58972674517884   -0.0103503466607706   -0.014163805746598   0
1.42191638103734   1.55973921587736   -0.0189947335905387   -0.0299875293014813   0
1.44677209776933   1.57955847222965   0.0248557167319869   0.019819256352293   0
1.45362147772634   1.57503515959999   0.00684937995701063   -0.00452331262966021   0
1.43544082092361   1.49580665728766   -0.0181806568027283   -0.079228502312328   0
1.43591457431373   1.51485740602093   0.000473753390119347   0.0190507487332643   0
1.41329367096168   1.46360782189006   -0.0226209033520541   -0.051249584130868   0
1.60070862719324   1.71045102492234   0.187414956231569   0.246843203032277   0
1.65786669209345   1.73358660438182   0.0571580649002086   0.0231355794594845   0
1.5806864913925   1.66574106642554   -0.0771802007009483   -0.0678455379562832   0
1.50655069304257   1.5912265208631   -0.0741357983499302   -0.0745145455624343   0
1.51567218728436   1.55935752782985   0.00912149424178943   -0.0318689930332516   0
1.45762068990397   1.53943999754571   -0.0580514973803965   -0.0199175302841432   0
1.48703285813444   1.56899494879099   0.0294121682304751   0.0295549512452835   0
1.41944477342794   1.47077750593343   -0.0675880847064998   -0.0982174428575628   0
1.39662199308714   1.45318620113354   -0.0228227803407992   -0.0175913047998881   0
1.42006373655535   1.4813807071061   0.0234417434682075   0.0281945059725603   0
1.39026339027407   1.45446671665523   -0.0298003462812764   -0.0269139904508764   0
1.38135225284899   1.44367173824747   -0.00891113742508476   -0.0107949784077566   0
1.36917969237875   1.42487465586343   -0.0121725604702385   -0.0187970823840347   0
1.32459128980581   1.37610758682978   -0.0445884025729444   -0.048767069033657   0
1.33804155171099   1.38174706657763   0.0134502619051857   0.0056394797478494   0
1.33799159558152   1.39476380437891   -4.99561294715622e-05   0.0130167378012818   0
1.29286138117063   1.31754884384885   -0.0451302144108954   -0.0772149605300612   0
1.26381600071909   1.33383479174351   -0.029045380451538   0.0162859478946642   0
1.30673696912178   1.3504970994018   0.0429209684026921   0.0166623076582899   0
1.27297449962929   1.33549077060402   -0.033762469492489   -0.0150063287977851   0
1.27300521622733   1.31903574365535   3.07165980433233e-05   -0.0164550269486632   0
1.27795594028945   1.32087553597392   0.00495072406211761   0.0018397923185689   0
1.27066671659056   1.31279075882724   -0.00728922369888929   -0.00808477714668299   0
1.1854801625621   1.21864505240322   -0.0851865540284602   -0.094145706424017   0
1.18675218948835   1.2069011624709   0.00127202692624362   -0.0117438899323197   0
1.23243467790149   1.23345015973208   0.0456824884131453   0.0265489972611765   0
1.2305721582929   1.23599982992155   -0.00186251960858574   0.0025496701894705   0
1.23217949234927   1.22368578115715   0.00160733405636893   -0.0123140487643949   0
1.22983604800716   1.15029602846509   -0.0023434443421162   -0.0733897526920637   0
1.14506385040114   1.11216778772424   -0.0847721976060214   -0.038128240740853   0
1.14476364057065   1.09943618912668   -0.0003002098304834   -0.0127315985975587   0
1.10029094228908   1.04318143938875   -0.0444726982815689   -0.05625474973793   0
1.07067953847848   0.96132516117638   -0.0296114038106043   -0.0818562782123692   0
1.01646663625825   0.911189862017532   -0.0542129022202302   -0.0501352991588485   0
0.974570562680492   0.861749650532617   -0.0418960735777569   -0.0494402114849146   0
0.93890346189264   0.818108880036606   -0.0356671007878526   -0.043640770496011   0
0.918876487843706   0.820981912142308   -0.0200269740489342   0.002873032105702   0
0.879026460995404   0.810878371646789   -0.0398500268483015   -0.010103540495519   0
0.906203050504194   0.835459347764224   0.02717658950879   0.0245809761174349   0
