1.63535477623944e-14   2.7770958e-16   0   0   0
0.00763260177075535   0.0311627779513136   0.00763260177073899   0.0311627779513133   0
0.0299788697732774   0.0215565786235094   0.0223462680025221   -0.0096061993278042   0
0.0295219325379559   0.0359450011464565   -0.000456937235321517   0.0143884225229471   0
0.0506987950680029   0.0367027708181244   0.0211768625300469   0.000757769671667838   0
0.10265726814474   0.0404089231602776   0.0519584730767374   0.00370615234215328   0
0.0547139166586419   0.0490179055626286   -0.0479433514860983   0.00860898240235099   0
0.0581510098050769   0.0590116614559708   0.003437093146435   0.00999375589334216   0
0.056103606732034   0.071291503003276   -0.00204740307304294   0.0122798415473052   0
0.0443054364713232   0.0640969780296173   -0.0117981702607108   -0.00719452497365863   0
0.0352473299438639   0.039137954011554   -0.0090581065274593   -0.0249590240180633   0
0.0334548928528565   0.0516047541434861   -0.00179243709100734   0.0124668001319321   0
0.0612524051176468   0.0748861412387602   0.0277975122647903   0.0232813870952741   0
0.0561408727888834   0.0544074085436349   -0.00511153232876344   -0.0204787326951254   0
0.0487690336738826   0.0552283662872812   -0.00737183911500082   0.000820957743646371   0
0.0647296674714852   0.06999206572755   0.0159606337976026   0.0147636994402687   0
0.0792518084954149   0.0647598934168105   0.0145221410239296   -0.00523217231073951   0
0.0764516815208998   0.0683793142341937   -0.00280012697451507   0.00361942081738324   0
0.0685243321353725   0.0535763055521219   -0.00792734938552726   -0.0148030086820718   0
0.0998798125529645   0.0816576804305829   0.031355480417592   0.028081374878461   0
0.0611646975597727   0.0516710652855738   -0.0387151149931918   -0.0299866151450091   0
0.0753136751922398   0.0599369548499555   0.0141489776324671   0.00826588956438174   0
0.0708895419243718   0.045892393822712   -0.00442413326786803   -0.0140445610272435   0
0.0825942294321727   0.0616404277654303   0.011704687507801   0.0157480339427183   0
0.08667217399807   0.0675755823025838   0.00407794456589723   0.00593515453715356   0
0.13115571557107   0.0860612499923473   0.044483541573   0.0184856676897635   0
0.0769978055461992   0.052812759892151   -0.0541579100248707   -0.0332484901001963   0
0.0915139617885454   0.0805819199088684   0.0145161562423462   0.0277691600167174   0
0.143106222520062   0.104895733195459   0.0515922607315164   0.0243138132865902   0
0.116516660506181   0.11856441833226   -0.0265895620138809   0.0136686851368012   0
0.108600744866233   0.11744381742189   -0.00791591563994795   -0.00112060091036985   0
0.0984554132051198   0.119604698745509   -0.0101453316611132   0.00216088132361918   0
0.116453359808052   0.135252047807129   0.017997946602932   0.0156473490616196   0
0.124567371621076   0.129778310314842   0.00811401181302462   -0.00547373749228683   0
0.0924523412170821   0.136835399685095   -0.0321150304039943   0.00705708937025287   0
0.114469024246315   0.138468593818007   0.0220166830292333   0.00163319413291199   0
0.115431875618108   0.116782956208102   0.000962851371792334   -0.0216856376099052   0
0.119123463769975   0.11172569418756   0.00369158815186681   -0.00505726202054199   0
0.090852482670776   0.112696113727864   -0.0282709810991985   0.000970419540304024   0
0.121140609061198   0.130754798583947   0.0302881263904218   0.0180586848560833   0
0.123233428105434   0.130602343815445   0.00209281904423614   -0.000152454768501398   0
0.115845200388089   0.135151990001814   -0.00738822771734515   0.00454964618636841   0
0.0996235923362059   0.114776527281977   -0.0162216080518829   -0.0203754627198364   0
0.153604196545277   0.123640664492475   0.0539806042090707   0.00886413721049702   0
0.0977204889278047   0.0926890680637723   -0.0558837076174719   -0.0309515964287023   0
0.101253558102528   0.0936090457279117   0.00353306917472286   0.000919977664139413   0
0.12116950061663   0.108372770885917   0.0199159425141027   0.0147637251580052   0
0.083032501419675   0.0915751579262036   -0.0381369991969553   -0.0167976129597132   0
0.0883194280405241   0.0774887049832565   0.00528692662084909   -0.0140864529429472   0
0.101650309256672   0.0774724030107728   0.0133308812161477   -1.63019724836455e-05   0
0.123013064212543   0.0940794852779641   0.0213627549558712   0.0166070822671913   0
0.0982011547937494   0.0904142623720472   -0.0248119094187936   -0.00366522290591691   0
0.126573111855669   0.125124463160569   0.0283719570619195   0.0347102007885218   0
0.0933915233931836   0.0995273155484376   -0.0331815884624853   -0.0255971476121313   0
0.0939944631786425   0.107679894402914   0.000602939785458889   0.00815257885447658   0
0.0954587390556404   0.0946872480965883   0.00146427587699788   -0.0129926463063259   0
0.125936886641705   0.11699387192041   0.0304781475860643   0.0223066238238214   0
0.105608324831732   0.107037005041429   -0.0203285618099731   -0.0099568668789804   0
0.123361468230224   0.125419017852541   0.0177531433984924   0.0183820128111122   0
0.138900787035616   0.141752358361993   0.0155393188053922   0.016333340509452   0
0.138292976826524   0.140953982302706   -0.000607810209092396   -0.000798376059287009   0
0.105908305423476   0.125150263278059   -0.0323846714030479   -0.0158037190246477   0
0.146384089576064   0.129278996695441   0.0404757841525877   0.00412873341738249   0
0.141711083818932   0.117211398931283   -0.00467300575713162   -0.0120675977641583   0
0.132315971095965   0.138249161485918   -0.00939511272296736   0.0210377625546349   0
0.206699600393846   0.204333073461725   0.0743836292978813   0.0660839119758075   0
0.190902462165144   0.197582704763165   -0.0157971382287019   -0.00675036869856058   0
0.158612888902259   0.199308639009772   -0.0322895732628855   0.00172593424660705   0
0.223955709955108   0.219728708989475   0.0653428210528494   0.0204200699797029   0
0.202986683161368   0.202979218479831   -0.0209690267937397   -0.0167494905096433   0
0.212868794829073   0.230611961309862   0.00988211166770472   0.027632742830031   0
0.236922921283037   0.251991752314731   0.0240541264539644   0.0213797910048688   0
0.163517236308565   0.252064721741388   -0.0734056849744726   7.29694266567438e-05   0
0.197464714712042   0.278920407937972   0.0339474784034769   0.0268556861965837   0
0.154464229657048   0.229889703853602   -0.0430004850549937   -0.0490307040843697   0
0.150158731101108   0.230210518559539   -0.0043054985559402   0.00032081470593695   0
0.190090693370449   0.246878934523199   0.0399319622693412   0.0166684159636603   0
0.215966235378157   0.270727015778494   0.0258755420077076   0.0238480812552946   0
