0   0   0   0   0
0.0618100443328607   0.081982799583903   0.0618100443328607   0.081982799583903   0
0.0401073814243079   0.104736966455857   -0.0217026629085529   0.0227541668719541   0
0.0625797042020709   0.145138539574991   0.0224723227777631   0.0404015731191341   0
0.0731693049722235   0.111032015468575   0.0105896007701526   -0.0341065241064166   0
0.0278538620110049   0.0748854370679269   -0.0453154429612186   -0.0361465784006478   0
0.0352653245736144   0.087665119704776   0.00741146256260947   0.0127796826368492   0
0.0924460239041352   0.165178176173318   0.0571806993305208   0.0775130564685416   0
0.0186573071443676   0.128665752583055   -0.0737887167597676   -0.0365124235902627   0
0.0268289301031006   0.125133507980989   0.00817162295873302   -0.00353224460206619   0
0.0376865161474157   0.107270727846789   0.0108575860443151   -0.0178627801342   0
0.0563117110852904   0.122415286262999   0.0186251949378747   0.0151445584162105   0
0.0771045192836473   0.120049459934589   0.0207928081983569   -0.00236582632841012   0
0.0792945669363296   0.141127221090593   0.00219004765268231   0.0210777611560041   0
0.0543014833864068   0.121143589223915   -0.0249930835499228   -0.0199836318666782   0
0.0665943438122067   0.104546271156883   0.0122928604257999   -0.0165973180670315   0
0.0784048642325447   0.12281766039304   0.011810520420338   0.0182713892361564   0
0.0718286268226357   0.119892468875725   -0.00657623740990902   -0.0029251915173151   0
0.101527752524029   0.121176764119749   0.0296991257013934   0.00128429524402385   0
0.0765970425273437   0.119063821127241   -0.0249307099966854   -0.00211294299250732   0
0.0776893256900648   0.130924664466454   0.00109228316272111   0.0118608433392124   0
0.0795137892196946   0.136840761623673   0.00182446352962982   0.00591609715721889   0
0.0850862094463507   0.124839536712694   0.00557242022665611   -0.0120012249109789   0
0.0906333382449492   0.135903363118085   0.00554712879859849   0.0110638264053912   0
0.121658478280686   0.140595216502196   0.0310251400357365   0.00469185338411152   0
0.10844486771408   0.109435625273358   -0.0132136105666055   -0.0311595912288388   0
0.274492470469287   0.253944780080421   0.166047602755207   0.144509154807064   0
0.179924083143342   0.221989055458475   -0.0945683873259451   -0.0319557246219466   0
0.189635775996211   0.224522983173828   0.0097116928528686   0.00253392771535324   0
0.199094962917586   0.237912324544431   0.00945918692137507   0.0133893413706035   0
0.16809377382574   0.2156544215685   -0.0310011890918454   -0.0222579029759313   0
0.163020337483779   0.218426317401098   -0.00507343634196103   0.00277189583259782   0
0.10745977305426   0.20283241750381   -0.0555605644295196   -0.0155938998972877   0
0.117222529553639   0.192281097210969   0.00976275649937929   -0.0105513202928416   0
0.136516232309515   0.208317107958182   0.0192937027558763   0.0160360107472138   0
0.155454327142726   0.209949838395545   0.0189380948332109   0.00163273043736295   0
0.141291447306773   0.222932663371895   -0.014162879835953   0.0129828249763498   0
0.119403209478912   0.221299771814952   -0.0218882378278614   -0.00163289155694285   0
0.116847254681222   0.224846476342194   -0.00255595479768933   0.00354670452724157   0
0.0948259973496786   0.226732211934379   -0.0220212573315439   0.00188573559218494   0
0.106706358165316   0.221040967618315   0.0118803608156377   -0.00569124431606349   0
0.284150178298544   0.181807986663614   0.177443820133227   -0.0392329809547012   0
1.12476497698515   0.69523068135376   0.840614798686606   0.513422694690146   0
0.970460964304658   0.630607081110046   -0.154304012680492   -0.0646236002437143   0
0.882520456344622   0.626483235938933   -0.0879405079600356   -0.00412384517111264   0
0.804434491195069   0.554123757225683   -0.0780859651495537   -0.0723594787132509   0
0.792265677126279   0.548619010282307   -0.0121688140687899   -0.00550474694337511   0
0.910422734547093   0.494206895070659   0.118157057420815   -0.0544121152116483   0
0.762969545348667   0.506288422001943   -0.147453189198426   0.0120815269312842   0
0.677832609328474   0.488931031504149   -0.0851369360201932   -0.0173573904977944   0
0.672369600330164   0.456790003429504   -0.00546300899830965   -0.0321410280746445   0
0.651487189358597   0.45575624566769   -0.0208824109715672   -0.00103375776181452   0
0.635046437498522   0.436261100099002   -0.0164407518600748   -0.0194951455686878   0
0.61868502455351   0.42945521928651   -0.0163614129450124   -0.00680588081249234   0
0.624532075313871   0.433607120758504   0.00584705076036141   0.00415190147199379   0
0.603041725863336   0.435488298768253   -0.021490349450535   0.00188117800974946   0
0.590983430032845   0.428481299220001   -0.0120582958304915   -0.0070069995482524   0
0.549594536529621   0.435611866661436   -0.0413888935032236   0.00713056744143581   0
0.539591686235593   0.430981737167481   -0.0100028502940281   -0.00463012949395541   0
0.529717629578814   0.432375786096741   -0.00987405665677932   0.00139404892926026   0
0.541879013074197   0.440569777610988   0.0121613834953825   0.00819399151424699   0
0.488205724124632   0.437492648365026   -0.0536732889495642   -0.00307712924596198   0
0.455012088874512   0.435577232534935   -0.0331936352501207   -0.0019154158300913   0
0.454662250858347   0.415089475793793   -0.000349838016164838   -0.0204877567411416   0
0.44039205950343   0.410282709522332   -0.0142701913549164   -0.00480676627146098   0
0.413956973893665   0.415245535258697   -0.0264350856097658   0.00496282573636447   0
0.424641906295991   0.403314943891129   0.0106849324023261   -0.0119305913675681   0
0.433676228055109   0.391611844376516   0.0090343217591185   -0.0117030995146132   0
0.40679459908679   0.358739927538531   -0.0268816289683194   -0.0328719168379847   0
