1.8150670685252e-14   9.92601552473424e-33   0   0   0
0.0354169263806399   0.0126375802245656   0.0354169263806217   0.0126375802245656   0
0.0384058043116553   0.0250979045401033   0.00298887793101538   0.0124603243155377   0
0.0401690785518154   0.0196714411935293   0.00176327424016015   -0.00542646334657396   0
0.029837300251889   0.0178629177022409   -0.0103317782999264   -0.00180852349128844   0
0.0261132351930799   0.0216300462551363   -0.00372406505880919   0.00376712855289545   0
0.021433585680332   0.0277162437071998   -0.00467964951274786   0.00608619745206349   0
0.0337301781024079   0.0275174090718144   0.0122965924220759   -0.00019883463538535   0
0.0563256279433908   0.0541760694304491   0.0225954498409828   0.0266586603586346   0
0.0601150420151338   0.0524463634983135   0.00378941407174306   -0.00172970593213557   0
0.0519516506415504   0.0504623927796803   -0.00816339137358345   -0.00198397071863316   0
0.0515505784521795   0.0645035117512267   -0.000401072189370841   0.0140411189715463   0
0.0616259218702757   0.103232332657636   0.0100753434180962   0.0387288209064097   0
0.0721491243448012   0.104158327633817   0.0105232024745255   0.000925994976180608   0
0.0524620360734693   0.0908071063544738   -0.0196870882713319   -0.0133512212793432   0
0.0595675646831902   0.0968458196516011   0.00710552860972093   0.00603871329712735   0
0.0613865644634511   0.103872712520131   0.00181899978026084   0.00702689286852948   0
0.0673627883444071   0.0901677376494591   0.00597622388095607   -0.0137049748706715   0
0.0377282568114658   0.0990980020806784   -0.0296345315329414   0.0089302644312193   0
0.0806974224527206   0.169534525147159   0.0429691656412549   0.0704365230664807   0
0.0807176367069573   0.154812152409464   2.02142542366501e-05   -0.0147223727376956   0
0.0753938451236575   0.156913179767395   -0.00532379158329978   0.00210102735793138   0
0.0758500573262713   0.138487473593208   0.000456212202613826   -0.0184257061741874   0
0.0788612212325038   0.1490001133667   0.0030111639062325   0.0105126397734928   0
0.103640675739942   0.189820265506114   0.0247794545074384   0.0408201521394133   0
0.127971208171565   0.172706835521508   0.0243305324316224   -0.017113429984606   0
0.136775253601686   0.158553529403078   0.00880404543012184   -0.0141533061184294   0
0.107137326629745   0.163382164013544   -0.0296379269719411   0.00482863461046534   0
0.133126481496764   0.186230167243034   0.0259891548670184   0.0228480032294908   0
0.117028607881355   0.207136003686162   -0.0160978736154087   0.0209058364431281   0
0.137292392474527   0.195405904046314   0.0202637845931722   -0.0117300996398483   0
0.134773471184309   0.164832360451752   -0.00251892129021822   -0.0305735435945623   0
0.139213246290562   0.153399263814989   0.00443977510625249   -0.0114330966367625   0
0.0989479711538759   0.188096389945573   -0.0402652751366856   0.0346971261305834   0
0.103530786283607   0.187866031620631   0.00458281512973108   -0.000230358324941948   0
0.116066695405755   0.18118700784326   0.0125359091221483   -0.00667902377737131   0
0.0985148596018964   0.190399401572092   -0.0175518358038589   0.00921239372883245   0
0.108442840977948   0.194945083116228   0.00992798137605171   0.00454568154413609   0
0.133374609467494   0.1982164116429   0.0249317684895461   0.00327132852667156   0
0.126771543867328   0.204630059536423   -0.00660306560016585   0.00641364789352386   0
0.111463607114738   0.205437998968182   -0.0153079367525903   0.000807939431758053   0
0.101475830083217   0.20801520709569   -0.00998777703152112   0.00257720812750858   0
0.130393167523318   0.190512229567357   0.028917337440101   -0.0175029775283328   0
0.113674311913379   0.180642465278266   -0.0167188556099389   -0.00986976428909139   0
0.107704011796599   0.19695073743456   -0.00597030011678043   0.0163082721562939   0
0.132109511971506   0.216027730304979   0.0244055001749072   0.0190769928704188   0
0.133364719422289   0.214249038304512   0.00125520745078295   -0.00177869200046676   0
0.129568555378563   0.202703479560303   -0.00379616404372585   -0.0115455587442086   0
0.119928572089816   0.206520704530009   -0.00963998328874667   0.00381722496970566   0
0.11784067445931   0.207249815558332   -0.00208789763050607   0.000729111028322821   0
0.114715603794177   0.218540462306023   -0.0031250706651331   0.0112906467476912   0
0.112940449050822   0.21019257532453   -0.00177515474335509   -0.00834788698149314   0
0.112666347923154   0.20781980750074   -0.000274101127668167   -0.00237276782378945   0
0.10402289358719   0.219590522657579   -0.00864345433596367   0.0117707151568386   0
0.125641503682005   0.220444232348132   0.0216186100948152   0.000853709690552734   0
0.141573624364552   0.207028395813679   0.0159321206825468   -0.0134158365344528   0
0.121480354492656   0.216737854884799   -0.0200932698718963   0.00970945907112047   0
0.147266290710219   0.212683516975933   0.0257859362175633   -0.00405433790886631   0
0.13111944897008   0.24157225943203   -0.0161468417401388   0.0288887424560967   0
0.147040842247372   0.225003925402118   0.0159213932772916   -0.0165683340299114   0
0.151249629914242   0.227723323328729   0.0042087876668703   0.00271939792661105   0
0.159572365137422   0.224552921452368   0.00832273522318014   -0.00317040187636103   0
0.154229760362549   0.234292795025734   -0.00534260477487392   0.00973987357336528   0
0.13559810974445   0.229142252685066   -0.0186316506180982   -0.00515054234066728   0
