0   0   0   0   0
0.0528945479008727   0.025750609544375   0.0528945479008727   0.025750609544375   0
0.0603502349725289   0.0117622865302906   0.00745568707165616   -0.0139883230140844   0
0.0951061290058132   0.0486435234858811   0.0347558940332843   0.0368812369555906   0
0.0955387806179505   0.0475356562898469   0.000432651612137278   -0.00110786719603428   0
0.117412597914401   0.0767775005019303   0.0218738172964509   0.0292418442120835   0
0.113495344640458   0.0986037995123763   -0.00391725327394372   0.021826299010446   0
0.109989997421077   0.129177358232875   -0.00350534721938038   0.0305735587204984   0
0.15561111086585   0.116633270346238   0.0456211134447726   -0.0125440878866369   0
0.146661148058094   0.095512133971209   -0.0089499628077557   -0.0211211363750287   0
0.137565445106461   0.164155437688074   -0.00909570295163276   0.0686433037168654   0
0.203255847990353   0.154356890605829   0.0656904028838916   -0.00979854708224551   0
0.163040113687784   0.15440973930964   -0.0402157343025686   5.28487038109482e-05   0
0.218785916595303   0.147523110916757   0.0557458029075187   -0.00688662839288293   0
0.178124825493684   0.138699833118222   -0.040661091101619   -0.00882327779853509   0
0.194009832258133   0.110290231343961   0.0158850067644491   -0.028409601774261   0
0.120507119716533   0.0970975265530786   -0.0735027125415999   -0.0131927047908823   0
0.147550713467874   0.0935462967002745   0.0270435937513404   -0.00355122985280401   0
0.1495388451785   0.102649672835458   0.00198813171062612   0.00910337613518386   0
0.192602805345173   0.0917669537716091   0.0430639601666732   -0.0108827190638494   0
0.160021302544403   0.0717838708901676   -0.0325815028007702   -0.0199830828814414   0
0.136061377380115   0.0807576819563336   -0.0239599251642872   0.00897381106616593   0
0.180088813123385   0.112581667087439   0.04402743574327   0.0318239851311059   0
0.161639427303014   0.108190315898266   -0.0184493858203713   -0.00439135118917336   0
0.0852291672541999   0.114390603513389   -0.0764102600488142   0.00620028761512249   0
0.15726291287945   0.108347744254943   0.0720337456252503   -0.00604285925844596   0
0.166299881155865   0.102439022795901   0.00903696827641473   -0.00590872145904132   0
0.157052478713347   0.112670998507747   -0.00924740244251793   0.0102319757118461   0
0.16471531316971   0.103921300436782   0.00766283445636262   -0.00874969807096547   0
0.157140587274903   0.0903907927444726   -0.00757472589480679   -0.0135305076923094   0
0.154741280832529   0.0772617715107494   -0.00239930644237418   -0.0131290212337232   0
0.172459388391679   0.0977014721306072   0.0177181075591507   0.0204397006198578   0
0.191364079098444   0.102523612863728   0.0189046907067645   0.00482214073312082   0
0.187746629099025   0.11256182228294   -0.00361744999941879   0.0100382094192122   0
0.154666328173544   0.114620383399592   -0.033080300925481   0.00205856111665187   0
0.164307326009233   0.115604989821249   0.00964099783568884   0.000984606421657236   0
0.163712205706943   0.12760190320424   -0.000595120302289726   0.0119969133829911   0
0.190708310381505   0.127700338896782   0.0269961046745623   9.84356925420871e-05   0
0.186393636001794   0.120660317629398   -0.00431467437971172   -0.00704002126738439   0
0.183638385596678   0.130951459379792   -0.00275525040511621   0.0102911417503936   0
0.208364368474322   0.123423402924596   0.0247259828776444   -0.00752805645519523   0
0.217027273110668   0.121995752831259   0.00866290463634622   -0.00142765009333755   0
0.215806928587872   0.0840077098037579   -0.0012203445227966   -0.037988043027501   0
0.220895244929793   0.0689859960373557   0.00508831634192189   -0.0150217137664022   0
0.173322014491907   0.0789826619090414   -0.0475732304378862   0.00999666587168574   0
0.204978650372178   0.0958065369950632   0.031656635880271   0.0168238750860217   0
0.208648020477472   0.0966081676620162   0.00366937010529392   0.000801630666953004   0
0.254072416749261   0.0979828689432853   0.0454243962717891   0.0013747012812691   0
0.250448994311188   0.122119337870208   -0.00362342243807284   0.0241364689269225   0
0.244024917359552   0.113436242154583   -0.00642407695163688   -0.00868309571562444   0
0.265212114683812   0.12141622932693   0.0211871973242601   0.00797998717234658   0
0.246208669177466   0.145553106590211   -0.019003445506346   0.0241368772632809   0
0.252350915263051   0.140171429638243   0.0061422460855852   -0.00538167695196781   0
0.256015701997245   0.117779009588607   0.00366478673419457   -0.0223924200496356   0
0.201624833773081   0.12815519488163   -0.0543908682241644   0.0103761852930222   0
0.202231474679565   0.159015346985334   0.000606640906483602   0.0308601521037048   0
0.187646272980452   0.14985653861966   -0.0145852016991127   -0.00915880836567451   0
0.202025157821595   0.134390491312124   0.0143788848411436   -0.0154660473075355   0
0.206873138418497   0.13681431491667   0.00484798059690195   0.00242382360454563   0
0.201440514537291   0.101512000534166   -0.00543262388120619   -0.035302314382504   0
0.19290676942011   0.139971722369792   -0.00853374511718152   0.0384597218356261   0
0.183162248752732   0.125440454895452   -0.00974452066737749   -0.0145312674743402   0
0.162222165507508   0.132130374955914   -0.0209400832452238   0.00668992006046268   0
0.178243258557275   0.153264596198339   0.0160210930497668   0.0211342212424243   0
0.156426432442434   0.117353207786657   -0.021816826114841   -0.0359113884116819   0
0.184276642025995   0.138410491225518   0.027850209583561   0.0210572834388612   0
0.151487587136914   0.137578246906716   -0.0327890548890815   -0.000832244318801634   0
0.155576426398785   0.131644787493359   0.0040888392618714   -0.00593345941335724   0
0.146868256862309   0.153354458519945   -0.00870816953647605   0.0217096710265857   0
0.114159561586526   0.122654544562896   -0.0327086952757826   -0.0306999139570492   0
0.153294463125799   0.115181891412452   0.0391349015392727   -0.00747265315044339   0
0.108668052789593   0.121436000802639   -0.0446264103362062   0.006254109390187   0
