0   0   0   0   0
0.0262796158503567   0.0298978253823106   0.0262796158503567   0.0298978253823106   0
0.0465772210506444   0.0312813982230855   0.0202976052002877   0.00138357284077488   0
0.305713267436544   0.258993264867775   0.2591360463859   0.22771186664469   0
0.372885542676577   0.439985187147189   0.0671722752400323   0.180991922279414   0
0.371053862529925   0.399024811258215   -0.00183168014665169   -0.0409603758889737   0
0.36000740147386   0.41891731977558   -0.0110464610560644   0.019892508517365   0
0.356986662182068   0.41664158396492   -0.00302073929179247   -0.00227573581065993   0
0.280563521714875   0.423508450060991   -0.0764231404671927   0.00686686609607101   0
0.258005662917356   0.535718512613156   -0.0225578587975196   0.112210062552165   0
0.280395527701895   0.530716678716775   0.0223898647845391   -0.00500183389638142   0
0.282378265468345   0.517123543019923   0.00198273776645014   -0.0135931356968523   0
0.273869525716295   0.665841663973451   -0.00850873975204985   0.148718120953528   0
0.226699264932238   0.642943368163766   -0.0471702607840569   -0.0228982958096855   0
0.165185825605054   0.676186122142315   -0.0615134393271839   0.0332427539785489   0
0.184252252735843   0.786328503760539   0.0190664271307886   0.110142381618224   0
0.152142653402248   0.799332303356401   -0.0321095993335945   0.0130037995958624   0
0.173279082649651   0.814283723862169   0.0211364292474025   0.0149514205057681   0
0.0929245003851805   0.85227895158131   -0.0803545822644702   0.0379952277191411   0
0.114120471216231   0.849667374809865   0.0211959708310502   -0.00261157677144563   0
0.119407679413467   0.890251962232133   0.00528720819723659   0.0405845874222687   0
0.0787888858691329   0.894815493185547   -0.0406187935443344   0.004563530953414   0
0.117407090065384   0.90538079334131   0.0386182041962507   0.0105653001557624   0
0.0626794521047201   0.930412445151311   -0.0547276379606635   0.0250316518100019   0
0.0501703298487792   0.901212001838246   -0.0125091222559408   -0.0292004433130655   0
0.0550899888378533   0.885894015635168   0.00491965898907405   -0.0153179862030781   0
0.116660638502462   0.970210822807881   0.0615706496646085   0.0843168071727133   0
0.0159563696149325   0.967152357050582   -0.100704268887529   -0.00305846575729884   0
0.080195379153711   0.989152037690936   0.0642390095387785   0.0219996806403532   0
0.0998475363609913   0.953797766693043   0.0196521572072803   -0.0353542709978922   0
0.232900907579438   1.01701822958826   0.133053371218447   0.0632204628952178   0
0.1041097066054   1.01545534848987   -0.128791200974038   -0.00156288109839142   0
0.153552955801275   1.04508640797107   0.0494432491958747   0.0296310594811993   0
0.0814072372485589   1.01426153421296   -0.072145718552716   -0.0308248737581116   0
0.158766082683356   1.10708972717709   0.0773588454347976   0.0928281929641339   0
0.0796617496596031   1.12057141606403   -0.0791043330237533   0.0134816888869396   0
0.0808997159572165   1.13639013587348   0.00123796629761334   0.0158187198094477   0
0.0882230028082117   1.14090866127404   0.00732328685099527   0.00451852540056064   0
0.0720816380638086   1.12029294958066   -0.0161413647444031   -0.0206157116933749   0
0.120655967183725   1.14227966466532   0.048574329119916   0.0219867150846607   0
0.145619430911241   1.06370374597672   0.0249634637275168   -0.0785759186886075   0
0.114308429565199   1.10901936387415   -0.0313110013460428   0.0453156178974328   0
0.166293690471544   1.16308002506594   0.0519852609063457   0.0540606611917864   0
0.159428413498734   1.1743748899153   -0.00686527697281039   0.0112948648493669   0
0.148679321603205   1.15479898410641   -0.0107490918955289   -0.0195759058088967   0
0.121434640544518   1.1744681082813   -0.027244681058687   0.019669124174897   0
0.0547824790820656   1.194029835174   -0.0666521614624525   0.0195617268926989   0
0.151370954827656   1.19002599269278   0.0965884757455904   -0.0040038424812241   0
0.139701886973999   1.14334848217257   -0.0116690678536569   -0.0466775105202082   0
0.263741046594815   1.21500771042717   0.124039159620816   0.0716592282545987   0
0.248811749980641   1.214216877959   -0.0149292966141743   -0.000790832468168023   0
0.271798619532853   1.22898362860013   0.022986869552212   0.0147667506411326   0
0.288227295800442   1.28853453099463   0.0164286762675891   0.0595509023944927   0
0.258311612981213   1.26118263631771   -0.0299156828192287   -0.0273518946769113   0
0.30433798016494   1.27214205551707   0.0460263671837267   0.0109594191993538   0
0.252148218111658   1.27241388926506   -0.0521897620532816   0.000271833747987893   0
0.253479188888429   1.24075994077357   0.00133097077677069   -0.0316539484914844   0
0.266472218808799   1.21261096522016   0.0129930299203698   -0.0281489755534086   0
0.208774988158582   1.25238432420215   -0.0576972306502163   0.03977335898199   0
0.225498969395191   1.25466702751194   0.0167239812366084   0.00228270330978297   0
0.237503593072058   1.25820380723277   0.0120046236768669   0.00353677972083144   0
0.247279373846074   1.27700064462766   0.00977578077401645   0.0187968373948955   0
0.242891765621745   1.27486382821335   -0.00438760822432918   -0.00213681641431718   0
0.25379404698646   1.27472695149966   0.010902281364715   -0.000136876713682232   0
0.19782852755661   1.2997842359905   -0.05596551942985   0.0250572844908392   0
0.292396324174643   1.24545521993002   0.0945677966180327   -0.0543290160604797   0
0.138387650392064   1.32163515215851   -0.154008673782579   0.0761799322284831   0
