0   0   0   0   0
0.0319810374923842   0.0126471063440204   0.0319810374923842   0.0126471063440204   0
0.0301995071125706   0.0186076771615785   -0.00178153037981357   0.00596057081755809   0
0.0621702024185854   0.0513273275440346   0.0319706953060147   0.032719650382456   0
0.0648894073270775   0.0644174413963274   0.0027192049084921   0.0130901138522928   0
0.0571257228171169   0.0457632407565933   -0.00776368450996059   -0.0186542006397341   0
0.0449691072505081   0.0314181779535715   -0.0121566155666088   -0.0143450628030218   0
0.0494377436015815   0.0167242715844699   0.0044686363510734   -0.0146939063691016   0
0.0755375506174997   0.0697878643555447   0.0260998070159181   0.0530635927710748   0
0.120902448663463   0.108384834060305   0.0453648980459629   0.03859696970476   0
0.0760877600676045   0.0695733406904846   -0.0448146885958581   -0.03881149336982   0
0.0801051895083562   0.069258542488663   0.00401742944075169   -0.000314798201821578   0
0.0877568496690595   0.080826559358859   0.00765166016070325   0.011568016870196   0
0.0543893811900375   0.0761448436661085   -0.033367468479022   -0.00468171569275057   0
0.0518380086432492   0.0683581268071168   -0.00255137254678836   -0.0077867168589917   0
0.0481685798723346   0.0596814845299986   -0.0036694287709146   -0.00867664227711813   0
0.0599296072528914   0.0472617224626387   0.0117610273805569   -0.0124197620673599   0
0.0781329573707445   0.0441900456699028   0.0182033501178531   -0.00307167679273586   0
0.0820003747545679   0.0532935629061103   0.00386741738382336   0.0091035172362075   0
0.0726952458908035   0.0443977484969269   -0.0093051288637644   -0.00889581440918341   0
0.0753428168742978   0.039972053455257   0.00264757098349439   -0.00442569504166998   0
0.0721877177366313   0.0483421887861548   -0.00315509913766653   0.00837013533089786   0
0.0732813699535428   0.0576399085273453   0.00109365221691152   0.00929771974119051   0
0.0776952696898125   0.057553017716575   0.00441389973626971   -8.68908107703736e-05   0
0.0943811630477382   0.0638670220090769   0.0166858933579256   0.0063140042925019   0
0.0887330344754387   0.0674799369140706   -0.00564812857229943   0.00361291490499371   0
0.100222706319764   0.0822135441660223   0.0114896718443249   0.0147336072519517   0
0.125843203833718   0.0885551187760387   0.0256204975139547   0.00634157461001635   0
0.105363279278163   0.0888829578756361   -0.0204799245555558   0.000327839099597493   0
0.136010734911308   0.0981190367691056   0.0306474556331451   0.00923607889346947   0
0.13453964620251   0.109272799827657   -0.00147108870879764   0.0111537630585516   0
0.0941440941626678   0.0938289974781249   -0.0403955520398423   -0.0154438023495323   0
0.122284985846227   0.101456568939645   0.028140891683559   0.00762757146151967   0
0.0595212187880705   0.0875126936913518   -0.0627637670581563   -0.0139438752482928   0
0.0708906841194221   0.0919966759160509   0.0113694653313516   0.00448398222469916   0
0.0852479265685402   0.0954090484109969   0.0143572424491181   0.00341237249494598   0
0.141431344601944   0.0827374094825614   0.0561834180334037   -0.0126716389284355   0
0.234051052476216   0.175312652790136   0.0926197078742717   0.0925752433075746   0
0.295578311285697   0.209861514629227   0.0615272588094818   0.0345488618390908   0
0.261230801792954   0.203917792602259   -0.0343475094927432   -0.00594372202696811   0
0.246508675304225   0.206875600076947   -0.0147221264887292   0.00295780747468796   0
0.167483041601017   0.144006690446281   -0.0790256337032083   -0.062868909630666   0
0.151297916127489   0.140959725503227   -0.0161851254735276   -0.0030469649430532   0
0.156874834139323   0.125270262966833   0.00557691801183394   -0.0156894625363946   0
0.182464575541422   0.139646424085889   0.025589741402099   0.0143761611190562   0
0.198358555443963   0.139595447088784   0.0158939799025406   -5.09769971046847e-05   0
0.258653451993922   0.151621807032053   0.0602948965499597   0.0120263599432687   0
0.208389192058222   0.125623085201604   -0.0502642599357006   -0.0259987218304494   0
0.230213053927259   0.134845432581624   0.0218238618690378   0.0092223473800207   0
0.303196992253923   0.162396172328158   0.0729839383266638   0.0275507397465334   0
0.224380039192172   0.155964645078857   -0.0788169530617511   -0.00643152724930107   0
0.253735652398112   0.143095523193831   0.0293556132059398   -0.0128691218850262   0
0.330602842606066   0.191179970150569   0.0768671902079539   0.0480844469567384   0
0.301767539552576   0.202746082407358   -0.0288353030534902   0.011566112256789   0
0.317401214307131   0.213588763220175   0.0156336747545553   0.0108426808128168   0
0.314228660871134   0.217216092460178   -0.00317255343599715   0.00362732924000359   0
0.280652346613   0.19480493116062   -0.0335763142581339   -0.0224111612995584   0
0.287070140758718   0.183226867647911   0.00641779414571775   -0.011578063512709   0
0.325528000842375   0.198579599925448   0.0384578600836569   0.0153527322775369   0
0.299648798683223   0.18805916221219   -0.0258792021591512   -0.0105204377132582   0
0.326614541429467   0.19380306225637   0.0269657427462438   0.00574390004418029   0
0.286475314301134   0.193243907687594   -0.0401392271283327   -0.000559154568775616   0
0.285446996525891   0.192250736243144   -0.00102831777524326   -0.000993171444450713   0
0.329353508650941   0.217767326508212   0.0439065121250498   0.0255165902650685   0
0.302268743991672   0.208137693511421   -0.0270847646592693   -0.00962963299679132   0
0.286800416458154   0.1989846478928   -0.0154683275335179   -0.00915304561862104   0
0.352642409365547   0.236780135165519   0.0658419929073933   0.0377954872727196   0
0.301691673570083   0.203807428565305   -0.0509507357954641   -0.032972706600214   0
0.329611780363789   0.220601977587076   0.0279201067937058   0.0167945490217708   0
0.264184600696531   0.222322773030188   -0.0654271796672577   0.00172079544311241   0
0.297055704234908   0.225423896210414   0.0328711035383773   0.00310112318022571   0
0.257698724796837   0.213669759560036   -0.039356979438071   -0.0117541366503781   0
0.335051463182998   0.255792873596863   0.0773527383861606   0.0421231140368271   0
0.326854931398874   0.2619402087452   -0.00819653178412388   0.0061473351483371   0
0.304134023516689   0.256839327319354   -0.0227209078821852   -0.0051008814258458   0
0.35059551246567   0.265538040941578   0.0464614889489811   0.00869871362222346   0
0.298310240408977   0.254604157331825   -0.0522852720566931   -0.0109338836097533   0
0.298131528946398   0.244641226973414   -0.00017871146257914   -0.00996293035841045   0
0.330434223796068   0.250527291481302   0.0323026948496707   0.00588606450788753   0
0.308433988001949   0.255092170676976   -0.0220002357941197   0.00456487919567489   0
0.288510022759073   0.244347023163811   -0.019923965242876   -0.0107451475131659   0
0.257225073615017   0.282847661366504   -0.0312849491440554   0.0385006382026931   0
0.286795763851137   0.372738179597999   0.0295706902361193   0.0898905182314954   0
0.300049656149055   0.360564833578468   0.0132538922979183   -0.0121733460195308   0
0.199877606211284   0.277097747385726   -0.10017204993777   -0.0834670861927421   0
