0   0   0   0   0
0.0932707226850083   0.0496035038261232   0.0932707226850083   0.0496035038261232   0
0.0835679091719017   0.0753721174548472   -0.00970281351310656   0.025768613628724   0
0.11077382676054   0.0910041375093623   0.0272059175886382   0.015632020054515   0
0.18946343625948   0.194474907228606   0.0786896094989398   0.103470769719243   0
0.26854275413918   0.27972636862684   0.0790793178797003   0.0852514613982341   0
0.348300519319107   0.323325634275418   0.0797577651799272   0.0435992656485788   0
0.308606345518172   0.31858300275106   -0.0396941738009352   -0.00474263152435883   0
0.41503001344454   0.381108655426025   0.106423667926368   0.0625256526749658   0
0.513729821770584   0.4536023867541   0.0986998083260441   0.072493731328075   0
0.580267309620784   0.460334545103984   0.0665374878501995   0.00673215834988405   0
0.569373957439877   0.490846454546756   -0.0108933521809067   0.0305119094427711   0
0.722334538769554   0.580992187063078   0.152960581329677   0.0901457325163223   0
0.75756889482312   0.595480337041305   0.0352343560535655   0.0144881499782274   0
0.779525380202928   0.624676958546725   0.0219564853798084   0.0291966215054194   0
0.696812435267132   0.57251126797279   -0.0827129449357964   -0.0521656905739351   0
0.653973850795866   0.583226557215345   -0.0428385844712655   0.0107152892425555   0
0.733421398767198   0.671100888061818   0.0794475479713315   0.0878743308464724   0
0.76195703381938   0.682535168697604   0.0285356350521824   0.0114342806357868   0
0.79157207763623   0.702189900181773   0.02961504381685   0.0196547314841684   0
0.909597967954054   0.728679313748464   0.118025890317824   0.0264894135666914   0
0.92386057110036   0.702921655215167   0.0142626031463061   -0.0257576585332968   0
1.093120406936   0.792543289282566   0.169259835835641   0.0896216340673988   0
1.08335622769758   0.772081304378032   -0.00976417923841688   -0.0204619849045339   0
1.11990584019241   0.815764218492812   0.0365496124948257   0.0436829141147801   0
1.02570826661011   0.808444173483846   -0.094197573582302   -0.00732004500896677   0
1.0067791740193   0.837333605527535   -0.018929092590809   0.0288894320436893   0
1.09471140055847   0.857816821855596   0.0879322265391698   0.0204832163280613   0
1.02191910905781   0.851545910182875   -0.0727922915006558   -0.00627091167272098   0
0.846911480705028   0.710208927211955   -0.175007628352785   -0.14133698297092   0
0.947835155558873   0.835320344973944   0.100923674853845   0.125111417761989   0
1.09942298576433   0.910462358190323   0.151587830205456   0.0751420132163795   0
1.14952993724245   0.966990562531074   0.0501069514781256   0.0565282043407509   0
1.18240613380902   1.05065285402264   0.0328761965665612   0.0836622914915687   0
1.19201865240488   1.04519847010799   0.00961251859586132   -0.00545438391464792   0
1.21848165961663   1.07168545678149   0.0264630072117509   0.0264869866734969   0
1.17145204376602   0.999073832270075   -0.0470296158506029   -0.0726116245114172   0
1.23746089047142   1.0635795865268   0.0660088467053959   0.0645057542567209   0
1.29655172773175   1.05708511678175   0.0590908372603272   -0.00649446974504242   0
1.21315369649946   1.04986975373337   -0.0833980312322917   -0.00721536304838089   0
1.24263059203173   1.0555601654932   0.0294768955322773   0.00569041175983109   0
1.31022959070212   1.08587679856499   0.0675989986703911   0.0303166330717883   0
1.12122311615713   1.06640265383944   -0.189006474544992   -0.0194741447255482   0
0.99318891138541   0.99849191132451   -0.128034204771723   -0.0679107425149335   0
1.23368302800478   1.06448692346649   0.240494116619366   0.0659950121419814   0
1.30462402286923   1.08495749547503   0.0709409948644508   0.0204705720085376   0
1.22229980995873   1.03029841085613   -0.0823242129104993   -0.0546590846188981   0
1.3468780251838   1.09517032999171   0.124578215225076   0.0648719191355807   0
1.30851524286881   1.07872394083065   -0.0383627823149972   -0.0164463891610567   0
1.3593553374194   1.11304981935053   0.0508400945505894   0.0343258785198763   0
1.35803343891404   1.10269761066658   -0.00132189850535513   -0.0103522086839549   0
1.34848921000874   1.11747790564391   -0.00954422890529649   0.0147802949773328   0
1.35706442663964   1.05247535041437   0.00857521663089345   -0.0650025552295437   0
1.31449784543596   1.05518729530159   -0.0425665812036757   0.00271194488722459   0
1.34958887509325   1.11860257186327   0.0350910296572851   0.0634152765616802   0
1.3751118127256   1.09109984485867   0.0255229376323538   -0.0275027270045991   0
1.40169579693966   1.12048549119271   0.0265839842140547   0.029385646334039   0
1.40382876305824   1.08830656230569   0.00213296611858937   -0.0321789288870205   0
1.39734436629217   1.11178333246492   -0.00648439676607881   0.0234767701592313   0
1.45190169677762   1.12321487950649   0.0545573304854554   0.0114315470415711   0
1.41329425260689   1.1100435048503   -0.0386074441707323   -0.0131713746561908   0
1.41082347402363   1.09788161652941   -0.00247077858326095   -0.0121618883208889   0
1.41415103468442   1.09691269858391   0.00332756066078765   -0.00096891794550702   0
1.53530842681118   1.13290658513893   0.121157392126763   0.0359938865550256   0
1.58023537855529   1.17545367154278   0.0449269517441089   0.042547086403854   0
1.57733535811252   1.20612250959693   -0.00290002044276783   0.0306688380541409   0
1.40034816519483   1.05263942183846   -0.176987192917693   -0.153483087758465   0
1.31232782139494   1.00420990762425   -0.0880203437998885   -0.0484295142142093   0
1.30163620323466   0.959388920847142   -0.0106916181602763   -0.0448209867771094   0
