0   0   0   0   0
0.0300430853533495   0.0345792591911884   0.0300430853533495   0.0345792591911884   0
0.0317010495536433   0.0100118633325355   0.00165796420029379   -0.0245673958586529   0
0.0253438450942325   0.0131488967110866   -0.00635720445941074   0.00313703337855111   0
0.0406132326168931   0.0321003804343791   0.0152693875226605   0.0189514837232924   0
0.0521809078564003   0.0278888331922574   0.0115676752395072   -0.00421154724212169   0
0.0504106150677662   0.0391232745035725   -0.00177029278863403   0.0112344413113151   0
0.0369282942826252   0.0513863150279868   -0.0134823207851411   0.0122630405244143   0
0.0716605106046884   0.0829110128931131   0.0347322163220633   0.0315246978651262   0
0.0859422747091767   0.186207418611141   0.0142817641044883   0.103296405718027   0
0.105585526395483   0.185218315000837   0.0196432516863065   -0.000989103610303105   0
0.124260221641763   0.16721955549012   0.0186746952462797   -0.0179987595107171   0
0.0493904195101108   0.152084593054605   -0.0748698021316521   -0.015134962435515   0
0.0565165855255288   0.188871922799824   0.00712616601541804   0.0367873297452191   0
0.108946464391132   0.165535939304977   0.0524298788656034   -0.0233359834948479   0
0.0839411967431172   0.188167259406412   -0.0250052676480151   0.0226313201014354   0
0.073758071190551   0.200522644938547   -0.0101831255525662   0.0123553855321347   0
0.0449037204485783   0.224774572426754   -0.0288543507419727   0.0242519274882071   0
0.034732374020949   0.186109220043334   -0.0101713464276293   -0.0386653523834199   0
0.00996342998483501   0.1435513408833   -0.024768944036114   -0.0425578791600342   0
0.0377001972781077   0.169465799468832   0.0277367672932727   0.0259144585855324   0
0.0590141237454155   0.216301240097229   0.0213139264673078   0.0468354406283973   0
0.0667642139233036   0.220736222717228   0.00775009017788814   0.00443498261999872   0
0.0563988835146752   0.23427457055542   -0.0103653304086284   0.0135383478381919   0
0.0671946643620828   0.224153860341596   0.0107957808474076   -0.0101207102138237   0
0.0855933233145743   0.231319252290199   0.0183986589524914   0.00716539194860288   0
0.112449467754699   0.272041970171627   0.0268561444401244   0.0407227178814275   0
0.108765458015947   0.266986966185481   -0.00368400973875119   -0.00505500398614578   0
0.0443070289600126   0.234124681742656   -0.0644584290559348   -0.0328622844428243   0
0.0994998763602759   0.258933145036905   0.0551928474002633   0.0248084632942484   0
0.135339250086775   0.286816107923419   0.0358393737264991   0.0278829628865138   0
0.218086024105959   0.356354383268163   0.0827467740191842   0.0695382753447445   0
0.208270404315023   0.363306813304901   -0.00981561979093634   0.00695243003673784   0
0.159441163722892   0.310861420735835   -0.048829240592131   -0.0524453925690662   0
0.0839922438265108   0.266537115344787   -0.0754489198963811   -0.0443243053910481   0
0.145775691596773   0.293951351559374   0.0617834477702618   0.0274142362145876   0
0.14697545972186   0.332985434108659   0.0011997681250879   0.0390340825492844   0
0.204322192229343   0.364855714507427   0.0573467325074829   0.0318702803987683   0
0.263344920457994   0.3952943954417   0.0590227282286511   0.0304386809342734   0
0.284074437954028   0.382956890516321   0.020729517496034   -0.0123375049253797   0
0.263980777688753   0.393317162335853   -0.0200936602652752   0.0103602718195323   0
0.301286389327099   0.427899782479305   0.0373056116383456   0.0345826201434516   0
0.27719795004831   0.440811939912724   -0.0240884392787889   0.0129121574334199   0
0.268225885788716   0.415203993608095   -0.00897206425959357   -0.0256079463046298   0
0.29506966720784   0.438582255800502   0.0268437814191232   0.0233782621924074   0
0.268172926477492   0.341624138548222   -0.0268967407303472   -0.0969581172522795   0
0.32886972457207   0.406692879935449   0.0606967980945774   0.065068741387227   0
0.289946243006699   0.362814478204046   -0.0389234815653708   -0.0438784017314035   0
0.311048536060507   0.370778815621472   0.0211022930538078   0.00796433741742625   0
0.319447919034046   0.370880322203996   0.00839938297353915   0.000101506582524058   0
0.299566802246036   0.368941594081216   -0.0198811167880103   -0.00193872812278023   0
0.315591030136725   0.410047656488236   0.016024227890689   0.0411060624070198   0
0.320650385979352   0.425298091186375   0.00505935584262712   0.0152504346981389   0
0.316027055287485   0.403722608758867   -0.00462333069186666   -0.0215754824275075   0
0.316544001695375   0.438015771147042   0.000516946407889851   0.0342931623881746   0
0.28163302733639   0.434417490700243   -0.0349109743589852   -0.00359828044679839   0
0.264877967113027   0.456926834098831   -0.0167550602233631   0.0225093433985876   0
0.322364627709806   0.476213708771054   0.0574866605967789   0.0192868746722228   0
0.33625345481755   0.487093933339467   0.0138888271077443   0.0108802245684133   0
0.361208980776508   0.483358273685454   0.0249555259589576   -0.00373565965401318   0
0.393622422449597   0.549470730312377   0.0324134416730896   0.0661124566269235   0
0.390147569606084   0.590106210418182   -0.00347485284351279   0.0406354801058042   0
0.424949564755517   0.621061277606835   0.0348019951494321   0.0309550671886533   0
0.326824408992918   0.53492728446157   -0.0981251557625989   -0.0861339931452649   0
0.14538710955489   0.531683010360408   -0.181437299438027   -0.00324427410116201   0
0.0993184415995565   0.388717520305203   -0.046068667955334   -0.142965490055205   0
0.118022313131985   0.396451557007125   0.0187038715324281   0.00773403670192185   0
0.122309541897809   0.345122721823566   0.00428722876582441   -0.0513288351835592   0
