0   0   0   0   0
0.0352984406500039   0.0053770656548646   0.0352984406500039   0.0053770656548646   0
0.078270338184551   0.0262273730061063   0.0429718975345471   0.0208503073512417   0
0.0918751676907201   0.11214547911158   0.013604829506169   0.0859181061054741   0
0.328481322179625   0.225164521599669   0.236606154488905   0.113019042488089   0
0.246404574176861   0.129634230327998   -0.0820767480027639   -0.0955302912716715   0
0.149166259087893   0.0378195270760949   -0.0972383150889681   -0.0918147032519031   0
0.154087504698035   0.0553125270951183   0.00492124561014201   0.0174930000190234   0
0.158517633904904   0.0806888207858614   0.00443012920686908   0.0253762936907432   0
0.263762034075155   0.108543118752956   0.105244400170252   0.0278542979670947   0
0.290079916760445   0.175305804580536   0.0263178826852896   0.0667626858275796   0
0.34326885930758   0.207917381640648   0.0531889425471355   0.0326115770601121   0
0.344809203987148   0.169992097003493   0.00154034467956793   -0.0379252846371551   0
0.334374214560115   0.178833909991748   -0.0104349894270337   0.00884181298825568   0
0.310689233206936   0.155273590958041   -0.0236849813531784   -0.0235603190337073   0
0.322334844466143   0.137390579289299   0.0116456112592065   -0.0178830116687418   0
0.320197487626549   0.15040299103839   -0.0021373568395941   0.0130124117490905   0
0.331537018217687   0.15287829211632   0.0113395305911384   0.00247530107792998   0
0.347898360457004   0.188496171560207   0.0163613422393166   0.0356178794438878   0
0.345950391507554   0.218391485083039   -0.00194796894944943   0.0298953135228311   0
0.379633434773514   0.200492883379917   0.0336830432659599   -0.0178986017031217   0
0.396966677787617   0.179521828489023   0.0173332430141032   -0.0209710548908941   0
0.374720111044076   0.194875461338473   -0.0222465667435415   0.0153536328494504   0
0.377039215712877   0.215472997116444   0.00231910466880059   0.0205975357779709   0
0.408502867682841   0.225537608872162   0.0314636519699642   0.0100646117557179   0
0.41959397063761   0.200556913036785   0.011091102954769   -0.0249806958353775   0
0.441887832968696   0.2458568054706   0.0222938623310863   0.0452998924338159   0
0.433625348353076   0.235681479178368   -0.00826248461561996   -0.0101753262922323   0
0.4311778090351   0.243657241382452   -0.00244753931797637   0.00797576220408402   0
0.445555760370531   0.257920080450427   0.0143779513354317   0.014262839067975   0
0.448564425081553   0.268237932275957   0.0030086647110214   0.0103178518255297   0
0.462978612048879   0.302378822162606   0.0144141869673262   0.0341408898866497   0
0.455197184846314   0.26626512549339   -0.00778142720256514   -0.0361136966692168   0
0.461295720350993   0.282061037906676   0.00609853550467865   0.0157959124132868   0
0.45202299283386   0.282366651912325   -0.00927272751713298   0.000305614005648491   0
0.468408971099052   0.274531373784922   0.0163859782651921   -0.00783527812740248   0
0.459205588545461   0.233467114451289   -0.00920338255359049   -0.0410642593336339   0
0.443613703581183   0.278872361157031   -0.0155918849642779   0.0454052467057428   0
0.482664366988577   0.26718919765071   0.0390506634073934   -0.011683163506321   0
0.513437710932524   0.272831601832257   0.0307733439439469   0.00564240418154677   0
0.503871061224179   0.289870995055152   -0.00956664970834431   0.0170393932228945   0
0.514491504081611   0.308137127513097   0.010620442857432   0.0182661324579458   0
0.50094638503091   0.329300573583163   -0.0135451190507017   0.0211634460700659   0
0.51373045899996   0.306246148665241   0.0127840739690501   -0.023054424917922   0
0.52406983966571   0.301239031033936   0.0103393806657498   -0.00500711763130562   0
0.493151881597044   0.28696136326523   -0.030917958068665   -0.0142776677687061   0
0.527135526092232   0.314717865338816   0.0339836444951871   0.0277565020735867   0
0.499104353457027   0.298540119349634   -0.0280311726352045   -0.016177745989182   0
0.500720718965144   0.295884454064341   0.00161636550811706   -0.00265566528529282   0
0.489331755274664   0.292317676811329   -0.0113889636904804   -0.0035667772530123   0
0.523961509849839   0.296318476553089   0.0346297545751749   0.00400079974175954   0
0.539164501320537   0.32445219344701   0.0152029914706987   0.0281337168939219   0
0.49739870104174   0.308901145348257   -0.0417658002787972   -0.0155510480987535   0
0.509564231649606   0.282710141884428   0.0121655306078653   -0.0261910034638287   0
0.555568657928722   0.344023911766912   0.0460044262791165   0.061313769882484   0
0.502472153587094   0.350621631409325   -0.0530965043416282   0.00659771964241301   0
0.499352166180393   0.340708605931323   -0.00311998740670072   -0.00991302547800216   0
0.522798744282856   0.328229493237076   0.0234465781024631   -0.0124791126942475   0
0.543861115417442   0.329960182600095   0.0210623711345861   0.00173068936301979   0
0.53097088253655   0.359310272007039   -0.0128902328808926   0.0293500894069432   0
0.559739799867092   0.373078899043186   0.0287689173305422   0.0137686270361478   0
0.546959038949299   0.371122503398755   -0.012780760917793   -0.00195639564443184   0
0.548510787173884   0.379714987770035   0.00155174822458515   0.00859248437128018   0
0.555894098537552   0.372852114644116   0.00738331136366832   -0.00686287312591832   0
0.548904066728498   0.42174616550338   -0.006990031809054   0.0488940508592639   0
0.558126655079452   0.408416964839238   0.00922258835095358   -0.0133292006641422   0
0.550510408475066   0.437623845917889   -0.0076162466043862   0.0292068810786507   0
0.534839050564453   0.408168315908279   -0.0156713579106128   -0.0294555300096102   0
0.550911782195222   0.389976839395505   0.0160727316307695   -0.0181914765127739   0
0.548711171371381   0.402652807169668   -0.00220061082384138   0.0126759677741628   0
0.536630374485916   0.405322201660075   -0.0120807968854647   0.00266939449040771   0
0.331243433394216   0.161576306374528   -0.205386941091701   -0.243745895285548   0
0.409670298594353   0.193187123950849   0.0784268652001377   0.0316108175763214   0
0.485903581028243   0.234546582773538   0.0762332824338895   0.0413594588226891   0
0.455886464120121   0.193211342864616   -0.0300171169081221   -0.0413352399089218   0
0.507392632596139   0.253191359513461   0.0515061684760184   0.0599800166488444   0
0.518886141829138   0.293735916654247   0.0114935092329992   0.0405445571407865   0
0.416121487409584   0.267826393023282   -0.102764654419555   -0.0259095236309651   0
0.470172429006035   0.271413773223177   0.0540509415964515   0.00358738019989463   0
0.465682249657652   0.271892382772269   -0.00449017934838325   0.000478609549091902   0
