7.6145691e-15   4.8033115e-16   0   0   0
0.0222947492512547   0.0231003793347745   0.0222947492512471   0.023100379334774   0
0.0718800807793247   0.0146030876491416   0.0495853315280699   -0.00849729168563286   0
0.0413830398873147   0.0129741510922861   -0.03049704089201   -0.00162893655685554   0
0.0505546181476767   0.0114765001629436   0.009171578260362   -0.00149765092934254   0
0.0708602415063723   0.0153232875011735   0.0203056233586956   0.00384678733822993   0
0.0562131224483135   0.0144190585904721   -0.0146471190580587   -0.000904228910701419   0
0.0530384187916481   0.0216452085825154   -0.0031747036566654   0.00722614999204337   0
0.0525986413579106   0.0194859566876809   -0.000439777433737493   -0.00215925189483456   0
0.0433684672171095   0.0218493946007063   -0.00923017414080107   0.0023634379130254   0
0.0235723915205302   0.0277065126879276   -0.0197960756965794   0.00585711808722134   0
0.0472364386923396   0.0127172922402806   0.0236640471718094   -0.014989220447647   0
0.0327721612420253   0.0315155518460728   -0.0144642774503142   0.0187982596057922   0
0.0429048713573027   0.0273186911215065   0.0101327101152773   -0.00419686072456626   0
0.0709247644230179   0.0278649036940696   0.0280198930657153   0.000546212572563029   0
0.0385484294788875   0.0239765798117531   -0.0323763349441304   -0.0038883238823165   0
0.0231432671788168   0.0300954541293059   -0.0154051623000708   0.00611887431755281   0
0.0514087081757596   0.0317783652691554   0.0282654409969429   0.00168291113984948   0
0.0468684408719318   0.0294610088724278   -0.00454026730382783   -0.00231735639672754   0
0.0563787083536954   0.0405030750423859   0.0095102674817636   0.0110420661699581   0
0.0769163913368342   0.0356220302007   0.0205376829831388   -0.00488104484168595   0
0.0441485279401348   0.0545308051633289   -0.0327678633966994   0.0189087749626289   0
0.0769972877741505   0.0460586889222802   0.0328487598340157   -0.00847211624104877   0
0.0111765220064559   0.0588184634798865   -0.0658207657676946   0.0127597745576063   0
0.0325581469583183   0.0723964270063884   0.0213816249518624   0.0135779635265019   0
0.059245228098101   0.045972972523874   0.0266870811397827   -0.0264234544825144   0
0.0330634094924138   0.0539136853854784   -0.0261818186056872   0.00794071286160442   0
0.0124841080167261   0.0590589516669894   -0.0205793014756877   0.00514526628151095   0
0.0657259627404038   0.0553063657351641   0.0532418547236777   -0.00375258593182527   0
0.0318723243337468   0.059138770026644   -0.033853638406657   0.00383240429147987   0
0.039028555235411   0.0688527817760574   0.00715623090166419   0.00971401174941341   0
0.0205453219917591   0.0620893014206588   -0.0184832332436519   -0.00676348035539864   0
0.0310704583345639   0.0900978303775742   0.0105251363428048   0.0280085289569154   0
0.0459780840222445   0.0698683590316849   0.0149076256876806   -0.0202294713458893   0
0.0305771479277575   0.0801508653973418   -0.015400936094487   0.0102825063656569   0
0.0483982173679973   0.096855445490974   0.0178210694402398   0.0167045800936322   0
0.0562394637351768   0.0963535026648824   0.00784124636717955   -0.00050194282609152   0
0.0341949697844277   0.084494758317887   -0.0220444939507491   -0.0118587443469954   0
0.0469950494575408   0.0905263594208686   0.0128000796731131   0.00603160110298157   0
0.0744154962768878   0.0891151192727633   0.027420446819347   -0.00141124014810524   0
0.0510660763323265   0.1131880012019   -0.0233494199445613   0.0240728819291371   0
0.0824035021819178   0.118333207598776   0.0313374258495913   0.00514520639687598   0
0.0935649245717599   0.121319735142405   0.0111614223898421   0.0029865275436282   0
0.0599766754749317   0.132220434239326   -0.0335882490968283   0.0109006990969217   0
0.0678932385634453   0.134358808167199   0.00791656308851366   0.00213837392787267   0
0.0863587394701376   0.13193403497798   0.0184655009066923   -0.00242477318921933   0
0.0550379203748445   0.141238439821769   -0.0313208190952931   0.00930440484378925   0
0.0687725000694236   0.151571442021022   0.0137345796945791   0.0103330021992532   0
0.0952113984604743   0.151695242429047   0.0264388983910507   0.000123800408024982   0
0.0737946579997535   0.153291790620804   -0.0214167404607208   0.00159654819175678   0
0.0913954266810919   0.163362067858735   0.0176007686813384   0.0100702772379308   0
0.0801306212534659   0.159573021590611   -0.0112648054276259   -0.00378904626812393   0
0.0986420948284308   0.174359957885574   0.0185114735749649   0.014786936294963   0
0.088232895967107   0.164746612334237   -0.0104091988613238   -0.00961334555133642   0
0.100031948878181   0.164595387704434   0.0117990529110737   -0.000151224629803548   0
0.0918647313049349   0.16946286523912   -0.00816721757324577   0.00486747753468628   0
0.108125996191525   0.171321462181282   0.0162612648865898   0.00185859694216153   0
0.129670041583476   0.183046061602915   0.0215440453919513   0.0117245994216331   0
0.105016638011034   0.180032906566814   -0.0246534035724424   -0.00301315503610036   0
0.155160436094468   0.18774207848836   0.0501437980834345   0.00770917192154524   0
0.137374312998902   0.18935722164393   -0.017786123095566   0.00161514315557051   0
0.111236687320653   0.190333880992583   -0.0261376256782492   0.000976659348652487   0
0.153737606988029   0.180628565207125   0.0425009196673762   -0.00970531578545741   0
