0   0   0   0   0
0.0650540389307214   0.0412408908631324   0.0650540389307214   0.0412408908631324   0
0.124998585810938   0.0260881852767218   0.0599445468802167   -0.0151527055864106   0
0.100316393193459   0.045018892174254   -0.0246821926174794   0.0189307068975323   0
0.0973684494531198   0.0345666931675031   -0.00294794374033892   -0.010452199006751   0
0.101854490780682   0.0601890952720841   0.00448604132756208   0.0256224021045811   0
0.104814880666724   0.0364248159110813   0.002960389886042   -0.0237642793610029   0
0.0773274765781978   0.0437733743862157   -0.027487404088526   0.00734855847513442   0
0.0632629052085826   0.0526265203010524   -0.0140645713696152   0.00885314591483675   0
0.0596881933476336   0.0735188284981932   -0.00357471186094904   0.0208923081971408   0
0.0393792117150318   0.0729233859118531   -0.0203089816326017   -0.000595442586340103   0
0.0719302805583685   0.0715399610649445   0.0325510688433366   -0.00138342484690861   0
0.0718949954968162   0.0842226595876327   -3.52850615522732e-05   0.0126826985226881   0
0.0524706114003531   0.0996518864867448   -0.0194243840964631   0.0154292268991121   0
0.0845162274029171   0.0956908631045763   0.032045616002564   -0.00396102338216846   0
0.138091202736368   0.118698162260895   0.0535749753334505   0.0230072991563185   0
0.173140557526964   0.154431734838124   0.035049354790596   0.0357335725772287   0
0.143139733709423   0.123856871888299   -0.0300008238175407   -0.0305748629498247   0
0.150031771630954   0.139689343848595   0.00689203792153095   0.0158324719602961   0
0.304155995845579   0.231340251471655   0.154124224214626   0.09165090762306   0
0.284095162858114   0.186942357022427   -0.020060832987465   -0.0443978944492283   0
0.197852784824197   0.205862755987381   -0.0862423780339169   0.0189203989649539   0
0.203228365727437   0.195051051134833   0.00537558090323981   -0.0108117048525475   0
0.216739860901862   0.196794666288548   0.0135114951744247   0.00174361515371538   0
0.201159163147767   0.189039248666396   -0.0155806977540952   -0.00775541762215232   0
0.20058060605529   0.156025847446144   -0.000578557092476978   -0.033013401220252   0
0.205618537015688   0.157066510708528   0.00503793096039823   0.00104066326238358   0
0.175143290521634   0.124795299864257   -0.0304752464940544   -0.0322712108442711   0
0.205442060997349   0.137902796038058   0.0302987704757156   0.0131074961738013   0
0.197974044855126   0.125151656482464   -0.00746801614222325   -0.0127511395555936   0
0.215081143728331   0.137400561765949   0.0171070988732051   0.0122489052834842   0
0.165369126001545   0.122827099485483   -0.0497120177267861   -0.0145734622804652   0
0.214244737508693   0.123757552037963   0.0488756115071479   0.000930452552479658   0
0.204131412026008   0.122448896192235   -0.0101133254826848   -0.00130865584572784   0
0.208312568829026   0.108471697782763   0.00418115680301803   -0.0139771984094725   0
0.15467726506966   0.107390315993878   -0.0536353037593659   -0.00108138178888426   0
0.201830269883814   0.12655924001098   0.0471530048141537   0.019168924017102   0
0.224865625332424   0.133388758586826   0.02303535544861   0.00682951857584599   0
0.206988641361147   0.128368537526986   -0.0178769839712764   -0.00502022105984062   0
0.151975756173659   0.122904784619149   -0.0550128851874886   -0.00546375290783677   0
0.138414899093693   0.119405503379095   -0.0135608570799661   -0.00349928124005444   0
0.193333127907589   0.116734585824896   0.0549182288138966   -0.00267091755419857   0
0.122065135692625   0.112230467436816   -0.0712679922149641   -0.00450411838808049   0
0.172974565599199   0.123092316931518   0.0509094299065739   0.0108618494947023   0
0.133208349900272   0.129910359312238   -0.0397662156989269   0.00681804238072013   0
0.164406040082912   0.123130489583053   0.0311976901826394   -0.00677986972918526   0
0.159974030671555   0.115785546797221   -0.00443200941135705   -0.00734494278583164   0
0.177010147055195   0.113899738877673   0.0170361163836405   -0.00188580791954794   0
0.112286984552095   0.116825204496295   -0.0647231625031006   0.00292546561862234   0
0.176777310295683   0.139476361386006   0.0644903257435888   0.0226511568897102   0
0.154518324855069   0.135403591275934   -0.0222589854406142   -0.00407277011007182   0
0.155572281612162   0.126625929236437   0.00105395675709305   -0.00877766203949679   0
0.189060504896198   0.129695164903485   0.0334882232840356   0.00306923566704756   0
0.144844073085949   0.126985443009365   -0.0442164318102486   -0.00270972189411942   0
0.160683286011863   0.129991962003753   0.015839212925914   0.00300651899438784   0
0.165164822736835   0.154430160382815   0.00448153672497201   0.0244381983790624   0
0.133767974130713   0.164571790266721   -0.0313968486061221   0.0101416298839058   0
0.141955475425759   0.185680280099764   0.00818750129504617   0.0211084898330427   0
0.17144129222648   0.167078908962537   0.0294858168007208   -0.0186013711372268   0
0.134620337925548   0.177015701653428   -0.0368209543009316   0.00993679269089118   0
0.169879120426713   0.174011951377592   0.0352587825011647   -0.00300375027583599   0
0.12558512580029   0.177637547314684   -0.0442939946264226   0.00362559593709152   0
0.185522179689219   0.16511701928547   0.0599370538889283   -0.0125205280292137   0
0.124819923087176   0.147479800700589   -0.0607022566020423   -0.0176372185848811   0
0.15508090838425   0.171237462038323   0.0302609852970739   0.0237576613377344   0
0.158932676224336   0.178012696471914   0.00385176784008523   0.00677523443359038   0
0.143080884291645   0.166563237316293   -0.0158517919326906   -0.0114494591556208   0
0.232431804268162   0.146019892207774   0.0893509199765171   -0.0205433451085192   0
0.220673770682516   0.176226787300654   -0.0117580335856463   0.0302068950928802   0
0.402803673666718   0.232621102508918   0.182129902984202   0.0563943152082644   0
0.31786675897356   0.112201307071765   -0.0849369146931577   -0.120419795437153   0
0.340536335777826   0.0910441886494363   0.0226695768042658   -0.0211571184223289   0
0.278271142203216   0.087653242014286   -0.0622651935746095   -0.00339094663515034   0
0.307303068767853   0.090625666491424   0.0290319265646365   0.002972424477138   0
