7.1054274e-15   0   0   0   0
0.0204692474340449   0.00765768021000618   0.0204692474340378   0.00765768021000618   0
0.0235750883088335   0.0296591236950324   0.00310584087478857   0.0220014434850262   0
0.018070203858538   0.0206341880574222   -0.00550488445029546   -0.00902493563761017   0
0.0101788539338905   0.00821847152664542   -0.00789134992464749   -0.0124157165307768   0
0.0376571923135654   0.0116793533119718   0.0274783383796748   0.00346088178532642   0
0.0144307761283616   0.0186975580707204   -0.0232264161852038   0.00701820475874858   0
0.028992019513192   0.0225701857513284   0.0145612433848304   0.003872627680608   0
0.0208007377613375   0.0263844520353753   -0.00819128175185447   0.0038142662840469   0
0.035606227843763   0.0488436399135471   0.0148054900824255   0.0224591878781717   0
0.0573288681779942   0.0360362929516689   0.0217226403342312   -0.0128073469618781   0
0.027321645921213   0.0215431387729744   -0.0300072222567812   -0.0144931541786945   0
0.03125563024211   0.0654914893792994   0.00393398432089699   0.043948350606325   0
0.046944824144997   0.0762244803802131   0.015689193902887   0.0107329910009137   0
0.0432164230394188   0.0532112844115045   -0.00372840110557813   -0.0230131959687087   0
0.064498848658016   0.0829104083127128   0.0212824256185972   0.0296991239012084   0
0.0302140668571929   0.0619256419060081   -0.0342847818008231   -0.0209847664067048   0
0.0472383443619207   0.0523746760885059   0.0170242775047277   -0.00955096581750218   0
0.061374655535901   0.0760178423989126   0.0141363111739804   0.0236431663104067   0
0.0636786132574361   0.0631404056476262   0.00230395772153504   -0.0128774367512864   0
0.0790177352094992   0.0907349899888122   0.0153391219520632   0.027594584341186   0
0.0621851926802124   0.0821769786023945   -0.0168325425292868   -0.00855801138641771   0
0.0542519136992184   0.065479510583907   -0.007933278980994   -0.0166974680184875   0
0.0682097470364287   0.0774051635439146   0.0139578333372102   0.0119256529600075   0
0.0474709178569452   0.0583765207448818   -0.0207388291794834   -0.0190286427990327   0
0.147165553696126   0.133691692066863   0.0996946358391811   0.0753151713219814   0
0.12026699409714   0.140596102998844   -0.0268985595989865   0.00690441093198046   0
0.110682079068028   0.116538255398885   -0.00958491502911137   -0.0240578475999585   0
0.118858172748663   0.150071798429829   0.00817609368063482   0.033533543030944   0
0.149013201619218   0.185521594481484   0.0301550288705551   0.0354497960516547   0
0.155004778081225   0.202450996128946   0.00599157646200638   0.0169294016474622   0
0.145268588002182   0.184775763821457   -0.00973619007904311   -0.017675232307489   0
0.158387005398515   0.215009380169068   0.0131184173963338   0.0302336163476105   0
0.123917922875958   0.17865949287262   -0.0344690825225574   -0.0363498872964478   0
0.128086391113649   0.212797533153887   0.00416846823769078   0.0341380402812676   0
0.130339975055841   0.205788761293172   0.00225358394219272   -0.00700877186071497   0
0.114061354168889   0.184001401118071   -0.0162786208869529   -0.021787360175101   0
0.122948786805859   0.192317773773925   0.0088874326369701   0.00831637265585405   0
0.130176958727268   0.215272349039628   0.00722817192140948   0.0229545752657029   0
0.115413547325714   0.164901552775734   -0.0147634114015545   -0.0503707962638943   0
0.166448678543091   0.210272230433674   0.0510351312173775   0.0453706776579398   0
0.195620816767461   0.320017847142966   0.0291721382243694   0.109745616709293   0
0.206301600698191   0.329970504518667   0.01068078393073   0.00995265737570095   0
0.210297301965871   0.338082651860812   0.00399570126768009   0.00811214734214499   0
0.208283922526198   0.318309486287813   -0.00201337943967278   -0.0197731655729996   0
0.223115557119818   0.35222318573538   0.0148316345936201   0.0339136994475668   0
0.184522676856076   0.310863607619616   -0.0385928802637417   -0.0413595781157633   0
0.20353925918415   0.345112823765816   0.0190165823280732   0.0342492161461999   0
0.221432338236538   0.362509071927785   0.0178930790523885   0.0173962481619686   0
0.218274322019642   0.339722300618387   -0.00315801621689557   -0.0227867713093979   0
0.238169698610478   0.383991197279565   0.0198953765908355   0.0442688966611782   0
0.213798783349359   0.364508269861914   -0.0243709152611189   -0.0194829274176508   0
0.257037106951914   0.409124542238747   0.0432383236025549   0.0446162723768329   0
0.214915349140807   0.350798691007195   -0.0421217578111069   -0.0583258512315519   0
0.229058742282358   0.376378571893985   0.0141433931415507   0.0255798808867894   0
0.226528249232052   0.373034637264267   -0.0025304930503055   -0.00334393462971805   0
0.212770935108977   0.343211955702192   -0.0137573141230757   -0.0298226815620741   0
0.236657089985897   0.380112713825448   0.0238861548769205   0.0369007581232559   0
0.211452075342306   0.337296559936378   -0.0252050146435911   -0.0428161538890707   0
0.217504939097312   0.367015798157436   0.00605286375500561   0.029719238221058   0
0.212695861548107   0.355679680569853   -0.00480907754920459   -0.0113361175875824   0
0.187670354151764   0.336854947543806   -0.0250255073963431   -0.0188247330260474   0
