1.4210855e-14   0   0   0   0
0.0251131757370449   0.0108355969276769   0.0251131757370306   0.0108355969276769   0
0.0309160780221623   0.0190995542245038   0.00580290228511747   0.00826395729682694   0
0.0781055974079407   0.0150080599885551   0.0471895193857784   -0.00409149423594873   0
0.100908468672421   0.020259227531471   0.0228028712644808   0.00525116754291589   0
0.0490352603632937   0.034688878544547   -0.0518732083091278   0.014429651013076   0
0.0712675917700424   0.035776893710595   0.0222323314067486   0.00108801516604802   0
0.103155668864706   0.0344916193567903   0.0318880770946635   -0.0012852743538047   0
0.106943432268712   0.0202174214598293   0.0037877634040063   -0.014274197896961   0
0.118979892920132   0.0248983862371571   0.01203646065142   0.00468096477732783   0
0.136411058772189   0.0483839656228568   0.0174311658520564   0.0234855793856997   0
0.142122531022818   0.0426514482066448   0.00571147225062976   -0.00573251741621207   0
0.20925692410929   0.034362893719767   0.0671343930864719   -0.00828855448687774   0
0.233179904407794   0.0318896195327854   0.0239229802985035   -0.00247327418698159   0
0.23991831637931   0.0581204853393157   0.00673841197151587   0.0262308658065302   0
0.247101210217572   0.0618917058921487   0.00718289383826287   0.003771220552833   0
0.205480847901726   0.0795751674901444   -0.0416203623158463   0.0176834615979957   0
0.213365946634991   0.0895219817693619   0.00788509873326471   0.00994681427921749   0
0.222249224640369   0.0972237031236862   0.008883278005378   0.0077017213543243   0
0.205802387359615   0.132065709233574   -0.0164468372807539   0.034842006109888   0
0.235406793035553   0.120883209794153   0.029604405675938   -0.0111824994394212   0
0.224632127189601   0.112742340766641   -0.0107746658459521   -0.00814086902751208   0
0.226356797622342   0.132472302918856   0.00172467043274066   0.0197299621522155   0
0.175570539909052   0.10036321521337   -0.0507862577132897   -0.0321090877054868   0
0.187314460484687   0.130913089206838   0.0117439205756348   0.0305498739934681   0
0.225915914620135   0.130698499678536   0.0386014541354485   -0.000214589528301196   0
0.258590958850901   0.139134909093665   0.0326750442307657   0.00843640941512849   0
0.258739783165591   0.163269998748914   0.000148824314690377   0.0241350896552491   0
0.280319082508447   0.153022334274545   0.0215792993428559   -0.0102476644743692   0
0.28487862496752   0.210224628877604   0.0045595424590732   0.0572022946030596   0
0.203088494444167   0.210135149180008   -0.0817901305233528   -8.94796975966505e-05   0
0.202226793983897   0.19915069078373   -0.000861700460270454   -0.0109844583962777   0
0.206036205821236   0.20885080689976   0.00380941183733854   0.00970011611602972   0
0.215666031922241   0.205312435445621   0.00962982610100524   -0.00353837145413913   0
0.202393437204646   0.202180872205837   -0.0132725947175945   -0.00313156323978375   0
0.160322834696066   0.219568059882565   -0.0420706025085801   0.0173871876767286   0
0.158825684883473   0.218324735607127   -0.00149714981259319   -0.00124332427543894   0
0.250114504752413   0.242302040157393   0.0912888198689404   0.0239773045502668   0
0.27462466972478   0.229440047005716   0.0245101649723661   -0.0128619931516775   0
0.298794620164314   0.232068165403157   0.0241699504395349   0.00262811839744162   0
0.261373635597527   0.229471279345774   -0.0374209845667873   -0.0025968860573837   0
0.233566611643004   0.224411897067591   -0.0278070239545233   -0.00505938227818276   0
0.227740575513508   0.22774612715695   -0.00582603612949595   0.00333423008935943   0
0.25634363389451   0.258384931490209   0.0286030583810025   0.0306388043332583   0
0.288594164776676   0.227807129466012   0.0322505308821659   -0.030577802024197   0
0.343579528188503   0.218148793283428   0.0549853634118265   -0.00965833618258358   0
0.317941306150747   0.224752781813176   -0.0256382220377556   0.00660398852974789   0
0.272130546417839   0.238597030088669   -0.0458107597329083   0.0138442482754934   0
0.280912194213662   0.214395550063646   0.00878164779582336   -0.0242014800250231   0
0.27461730276209   0.223128899511186   -0.0062948914515723   0.00873334944753962   0
0.398770058836366   0.262387159283219   0.124152756074276   0.0392582597720328   0
0.381218960515849   0.232669672706147   -0.0175510983205164   -0.0297174865770715   0
0.335369655662679   0.2373973382676   -0.0458493048531707   0.00472766556145249   0
0.333745341239445   0.221894571359554   -0.00162431442323346   -0.0155027669080456   0
0.33327889638658   0.244276089248639   -0.000466444852865233   0.0223815178890847   0
0.329067671395856   0.22929765702147   -0.00421122499072407   -0.0149784322271694   0
0.348634966260094   0.216807018247341   0.0195672948642383   -0.0124906387741288   0
0.34180115703164   0.21467460215262   -0.00683380922845384   -0.00213241609472034   0
0.310989591532528   0.23296454149865   -0.0308115654991129   0.0182899393460293   0
0.322745527532184   0.2174477109735   0.0117559359996566   -0.0155168305251494   0
0.329542691338389   0.202775562947458   0.00679716380620488   -0.0146721480260425   0
0.335275442892714   0.225443949096093   0.00573275155432484   0.0226683861486354   0
0.357487647803651   0.214615064230958   0.0222122049109372   -0.0108288848651348   0
0.389575399942239   0.21279165596398   0.0320877521385875   -0.00182340826697852   0
0.400862931854862   0.214459921287206   0.0112875319126235   0.00166826532322628   0
0.401260586443351   0.221374298145274   0.000397654588488561   0.00691437685806745   0
0.402674550399474   0.223147666446089   0.00141396395612353   0.00177336830081512   0
0.376358455282043   0.218485032342565   -0.0263160951174309   -0.00466263410352413   0
0.340695984479123   0.239846880895698   -0.0356624708029199   0.0213618485531333   0
0.350699258461266   0.246225673747292   0.0100032739821425   0.00637879285159382   0
0.370482964223676   0.248388250173939   0.0197837057624103   0.00216257642664702   0
0.418578400588184   0.23541961254274   0.0480954363645081   -0.0129686376311988   0
0.437371261440867   0.219733493696944   0.0187928608526823   -0.0156861188457958   0
0.443921395623798   0.214071667595083   0.00655013418293188   -0.00566182610186103   0
0.454930227721308   0.229583566296769   0.01100883209751   0.0155118987016858   0
0.420511143170741   0.260348866001988   -0.0344190845505677   0.0307652997052197   0
0.417637222596851   0.275147106488015   -0.00287392057389008   0.0147982404860266   0
0.47818063253606   0.285122807338292   0.0605434099392093   0.00997570085027677   0
0.496233145858873   0.247603483534258   0.0180525133228134   -0.0375193238040337   0
0.468201596108384   0.248505902380138   -0.0280315497504893   0.000902418845879882   0
0.472099386508104   0.243244376835541   0.00389779039972032   -0.00526152554459672   0
