8.1117691e-15   5.4910055e-17   0   0   0
0.0333083236930231   0.00973418884680204   0.033308323693015   0.00973418884680198   0
0.0635955367975831   0.0261656219288561   0.0302872131045599   0.0164314330820541   0
0.0615747701031287   0.0735360580308434   -0.00202076669445435   0.0473704361019873   0
0.0704910225468646   0.0714335722090058   0.00891625244373589   -0.00210248582183767   0
0.0889283498315386   0.0730905945671948   0.018437327284674   0.001657022358189   0
0.0954613323429402   0.0696461471366314   0.00653298251140158   -0.00344444743056334   0
0.135450606823605   0.0406921270992202   0.039989274480665   -0.0289540200374113   0
0.121856907729868   0.0639872947294232   -0.0135936990937368   0.023295167630203   0
0.101330577099787   0.0604197496055626   -0.0205263306300811   -0.00356754512386061   0
0.146139702999833   0.0789057224565546   0.0448091259000455   0.018485972850992   0
0.110209962636271   0.0677139571064158   -0.0359297403635618   -0.0111917653501387   0
0.100867160119376   0.0681264784537628   -0.00934280251689523   0.000412521347346942   0
0.0987926906226407   0.0829226498402787   -0.00207446949673493   0.0147961713865159   0
0.101899135031118   0.103907597475044   0.00310644440847745   0.0209849476347651   0
0.098574362859015   0.0895377121621086   -0.0033247721721032   -0.0143698853129353   0
0.09477715266146   0.0930606207198973   -0.00379721019755502   0.00352290855778876   0
0.101461562994198   0.0994235025928267   0.0066844103327376   0.00636288187292935   0
0.0741495238355363   0.102881301893022   -0.0273120391586613   0.00345779930019574   0
0.0768944702836048   0.113150257658213   0.00274494644806847   0.0102689557651907   0
0.108772934493897   0.106801242596401   0.0318784642102925   -0.006349015061812   0
0.104455770174949   0.112221975463541   -0.00431716431894798   0.00542073286713936   0
0.112037089886988   0.104489093716084   0.00758131971203904   -0.00773288174745658   0
0.102701424061613   0.118609793512799   -0.00933566582537518   0.014120699796715   0
0.11834401305262   0.118617426696495   0.0156425889910064   7.63318369563504e-06   0
0.112695097717512   0.161968461578055   -0.0056489153351076   0.0433510348815604   0
0.0969722084983424   0.160752794253232   -0.0157228892191696   -0.00121566732482328   0
0.0954285313517909   0.183831659515139   -0.00154367714655151   0.0230788652619076   0
0.106815172698657   0.195870931031861   0.011386641346866   0.0120392715167215   0
0.108993742989   0.186568859246251   0.00217857029034328   -0.00930207178561029   0
0.101996619092774   0.188440401238149   -0.00699712389622606   0.0018715419918981   0
0.0864314063413191   0.189885124984942   -0.015565212751455   0.00144472374679361   0
0.0774861502287549   0.204159294983675   -0.00894525611256422   0.0142741699987332   0
0.095454145156409   0.199955129645422   0.0179679949276542   -0.00420416533825357   0
0.0794162369831699   0.188137288742127   -0.0160379081732391   -0.0118178409032944   0
0.104532271799552   0.216627884029896   0.0251160348163822   0.0284905952877689   0
0.113033740123392   0.231386711546436   0.0085014683238402   0.0147588275165393   0
0.0945608119554788   0.213683697052817   -0.0184729281679136   -0.017703014493619   0
0.0893277044379038   0.218644301926689   -0.00523310751757503   0.00496060487387218   0
0.103422851803762   0.231320978580967   0.0140951473658587   0.0126766766542784   0
0.103674372104475   0.229689040595693   0.000251520300713015   -0.00163193798527445   0
0.129327298746091   0.236509300857819   0.0256529266416156   0.0068202602621264   0
0.0867349637908597   0.243494866483915   -0.0425923349552315   0.00698556562609598   0
0.104574485560393   0.252074225528203   0.0178395217695332   0.00857935904428817   0
0.103267199224938   0.256158006156831   -0.00130728633545447   0.00408378062862819   0
0.117630745104093   0.251354683245735   0.0143635458791542   -0.00480332291109642   0
0.12281795425788   0.256140636358592   0.00518720915378709   0.00478595311285657   0
0.155776189936881   0.265288580741363   0.0329582356790013   0.00914794438277167   0
0.148703180609758   0.27078102113649   -0.00707300932712276   0.00549244039512681   0
0.145269207263991   0.283049029057817   -0.00343397334576756   0.0122680079213274   0
0.145764677627445   0.274892392960939   0.00049547036345407   -0.00815663609687889   0
0.137737536497611   0.266003339508813   -0.00802714112983327   -0.00888905345212582   0
0.125330385270468   0.247645087761922   -0.0124071512271438   -0.0183582517468908   0
0.118555025969626   0.277431505504692   -0.00677535930084197   0.0297864177427696   0
0.118578910712187   0.284833613285227   2.38847425615418e-05   0.00740210778053535   0
0.0940212317965465   0.258810819378072   -0.0245576789156407   -0.0260227939071553   0
0.106602832296324   0.262048661986218   0.0125816004997773   0.00323784260814658   0
0.288383762700905   0.429054303996594   0.181780930404581   0.167005642010375   0
0.371107305100859   0.45118043609324   0.0827235423999549   0.0221261320966462   0
0.215297067129505   0.37637734135384   -0.155810237971354   -0.0748030947393994   0
0.152282675076684   0.321807768859604   -0.0630143920528211   -0.0545695724942361   0
0.152430047235968   0.294974519861534   0.000147372159283787   -0.0268332489980708   0
0.129118924438308   0.292138837515528   -0.0233111227976603   -0.00283568234600545   0
0.11862150637387   0.283435986098267   -0.0104974180644376   -0.0087028514172614   0
0.136627851878361   0.293830813596726   0.0180063455044908   0.0103948274984597   0
0.13733837880942   0.298360510404929   0.000710526931059191   0.00452969680820264   0
0.125027734007377   0.30803613922923   -0.0123106448020426   0.00967562882430145   0
0.136502804034343   0.319093677296689   0.0114750700269653   0.0110575380674584   0
0.102079790336874   0.305966640459692   -0.0344230136974688   -0.0131270368369972   0
0.106602003708769   0.292887539614751   0.0045222133718954   -0.0130791008449403   0
0.103442672998831   0.30327097441901   -0.00315933070993775   0.0103834348042582   0
0.0845981940160396   0.30862734046853   -0.0188444789827918   0.00535636604952033   0
0.0867755401797323   0.299058504385853   0.00217734616369267   -0.00956883608267661   0
0.0521381137607061   0.276429751627633   -0.0346374264190262   -0.0226287527582199   0
