7.5697131e-17   0   0   0   0
0.0388829424270658   0.0184235509694709   0.0388829424270657   0.0184235509694709   0
0.0169511031812713   0.0162035319784948   -0.0219318392457945   -0.00222001899097618   0
0.0818750838601321   0.0204584287389074   0.0649239806788608   0.00425489676041264   0
0.066685207272166   0.0196458192602808   -0.0151898765879661   -0.000812609478626589   0
0.0461116542139078   0.027411657602422   -0.0205735530582582   0.00776583834214122   0
0.080495243109428   0.0354357790546167   0.0343835888955202   0.00802412145219463   0
0.0963008196654903   0.0541995362435153   0.0158055765560623   0.0187637571888987   0
0.180555187298464   0.0613207826901201   0.0842543676329733   0.00712124644660474   0
0.182841678573571   0.0785613052985079   0.00228649127510699   0.0172405226083878   0
0.157260748194288   0.0822656590857666   -0.0255809303792826   0.00370435378725871   0
0.15379391074894   0.0832479707619005   -0.0034668374453482   0.000982311676133912   0
0.208410904678786   0.085677433146157   0.0546169939298461   0.00242946238425644   0
0.243519482132998   0.10637874829398   0.035108577454212   0.0207013151478233   0
0.240534285046437   0.111650047527792   -0.00298519708656092   0.005271299233812   0
0.24038181658986   0.104494067450153   -0.000152468456577293   -0.00715598007763882   0
0.223066636693721   0.099805015547385   -0.0173151798961385   -0.00468905190276837   0
0.22833145447219   0.113376672997921   0.00526481777846902   0.0135716574505364   0
0.266266100698707   0.112999805905453   0.0379346462265165   -0.000376867092468453   0
0.218861171857918   0.116402434325116   -0.047404928840789   0.00340262841966311   0
0.217577762995972   0.116093546417296   -0.00128340886194583   -0.000308887907820118   0
0.207890747834012   0.135920993324147   -0.00968701516196022   0.0198274469068508   0
0.199740004841322   0.127773403740163   -0.00815074299268942   -0.00814758958398382   0
0.211482873782284   0.132586497486039   0.0117428689409613   0.00481309374587602   0
0.235991127900836   0.140392041096873   0.0245082541185518   0.00780554361083358   0
0.225833268392205   0.152845824874819   -0.0101578595086304   0.0124537837779461   0
0.21691185305378   0.161947461683274   -0.00892141533842519   0.0091016368084553   0
0.236226699893751   0.172060966084929   0.0193148468399708   0.0101135044016549   0
0.247550755594286   0.158077189341532   0.011324055700535   -0.0139837767433968   0
0.230477747769081   0.171957347532885   -0.0170730078252048   0.0138801581913531   0
0.23352873037965   0.151793761954671   0.00305098261056849   -0.0201635855782138   0
0.233815517393034   0.149443267386456   0.000286787013384665   -0.00235049456821526   0
0.25957098537574   0.150876776706511   0.0257554679827058   0.00143350932005484   0
0.266412249764994   0.145314479423076   0.00684126438925386   -0.00556229728343463   0
0.254307150812331   0.14444447633888   -0.0121050989526624   -0.000870003084196047   0
0.287900383006832   0.141045825759938   0.0335932321945004   -0.00339865057894245   0
0.261099514773504   0.154502028604034   -0.0268008682333274   0.013456202844096   0
0.268477685613715   0.128060099076996   0.00737817084021059   -0.0264419295270377   0
0.283750719941724   0.147927311313818   0.0152730343280088   0.019867212236822   0
0.283238147221696   0.160680196490437   -0.000512572720027582   0.0127528851766192   0
0.274472958799947   0.169063215474783   -0.00876518842174956   0.00838301898434551   0
0.279469895329951   0.162936466507478   0.00499693653000421   -0.00612674896730483   0
0.312555545788291   0.166451587156916   0.0330856504583403   0.00351512064943754   0
0.277226882624066   0.164225831097284   -0.0353286631642247   -0.00222575605963185   0
0.263603429520021   0.165274374309141   -0.013623453104045   0.00104854321185724   0
0.313178282557844   0.146779116670535   0.0495748530378223   -0.0184952576386056   0
0.293238022744899   0.134795336197227   -0.0199402598129451   -0.0119837804733084   0
0.288578329604653   0.132052907469101   -0.00465969314024595   -0.00274242872812608   0
0.312570588717604   0.141171126657338   0.023992259112951   0.00911821918823733   0
0.316664331103173   0.142481880383471   0.00409374238556959   0.00131075372613246   0
0.29984213354352   0.137175726401584   -0.0168221975596536   -0.00530615398188625   0
0.32947991686504   0.146602539490894   0.02963778332152   0.00942681308930959   0
0.334439469328404   0.145841376453471   0.00495955246336416   -0.000761163037423462   0
0.323140794931936   0.150154537153424   -0.0112986743964683   0.00431316069995358   0
0.323879448244338   0.155148154503997   0.000738653312402249   0.00499361735057335   0
0.373058692057608   0.148994325506801   0.0491792438132705   -0.00615382899719613   0
0.357428211799447   0.161856214350823   -0.0156304802581618   0.0128618888440216   0
0.351449615630214   0.162836035341666   -0.00597859616923269   0.0009798209908429   0
0.361721275761465   0.171749674783252   0.0102716601312507   0.00891363944158635   0
0.368882678361742   0.160800229126255   0.00716140260027759   -0.0109494456569972   0
0.380713075710072   0.164307683669363   0.0118303973483297   0.00350745454310813   0
0.383483416798316   0.171846804276734   0.00277034108824392   0.00753912060737033   0
0.377112904982773   0.177837584205339   -0.00637051181554282   0.00599077992860597   0
0.35319053520844   0.169401250691941   -0.0239223697743327   -0.00843633351339845   0
0.392996662597353   0.17395176676354   0.0398061273889125   0.00455051607159854   0
0.42615521769793   0.186603185337193   0.0331585551005767   0.0126514185736535   0
0.444191901767274   0.191919508561187   0.0180366840693444   0.00531632322399361   0
0.438880594929248   0.200347363559342   -0.00531130683802628   0.0084278549981556   0
0.4201306445203   0.213290739865262   -0.018749950408948   0.0129433763059192   0
0.407499067482279   0.220801187234522   -0.0126315770380213   0.00751044736926001   0
0.436337229533008   0.223496160545531   0.0288381620507299   0.00269497331100935   0
0.433061554044936   0.232183261432191   -0.00327567548807201   0.00868710088666008   0
0.409025400142269   0.219084910914302   -0.0240361539026672   -0.013098350517889   0
0.41370989799082   0.204098932541109   0.00468449784855057   -0.0149859783731933   0
