0   0   0   0   0
0.0213945224804707   0.0177387404832101   0.0213945224804707   0.0177387404832101   0
0.02167615563176   0.010776966127775   0.000281633151289325   -0.00696177435543515   0
0.184509991665841   0.182855546761161   0.162833836034081   0.172078580633386   0
0.676945701404442   1.31256773305274   0.492435709738601   1.12971218629157   1
0.629435034568901   1.7246678245899   -0.0475106668355402   0.412100091537163   0
0.607368189511757   1.64090660733189   -0.0220668450571443   -0.0837612172580096   0
0.64227939852006   1.59054607375048   0.0349112090083034   -0.0503605335814097   0
0.594015873168021   1.49143471232606   -0.0482635253520393   -0.0991113614244175   0
0.514775915838162   1.46144124520711   -0.0792399573298589   -0.0299934671189497   0
0.511987654573767   1.48764226735767   -0.00278826126439535   0.0262010221505573   0
0.403086411688267   1.65066956952463   -0.1089012428855   0.163027302166965   0
0.490002001227791   1.69750806626378   0.0869155895395238   0.0468384967391446   0
0.457401124839425   1.70529858334037   -0.0326008763883657   0.0077905170765904   0
0.494887914823529   1.62796017271366   0.0374867899841043   -0.0773384106267141   0
0.473994346495465   1.10874496624722   -0.0208935683280639   -0.519215206466437   0
0.428394300576423   1.09635596244609   -0.0456000459190425   -0.0123890038011276   0
0.420900200326938   1.09242261079136   -0.00749410024948494   -0.00393335165473374   0
0.449412792131999   1.11411932784621   0.0285125918050614   0.0216967170548561   0
0.362232166733511   1.11102879774148   -0.0871806253984888   -0.00309053010472993   0
0.403763961560926   1.08628549375338   0.0415317948274154   -0.0247433039881038   0
0.36728960046989   1.11978204777225   -0.0364743610910357   0.0334965540188725   0
0.470415366666844   1.00488013555635   0.103125766196954   -0.114901912215901   0
0.535160506213113   0.694548206511556   0.0647451395462691   -0.310331929044794   0
0.492060549114268   0.670793263062438   -0.0430999570988454   -0.0237549434491184   0
0.43133913273232   0.633177199252023   -0.0607214163819481   -0.0376160638104148   0
0.443804450563625   0.61432934961281   0.0124653178313058   -0.0188478496392129   0
0.362525734595462   0.630758418489026   -0.0812787159681634   0.0164290688762161   0
0.435507523768429   0.579459268812013   0.0729817891729674   -0.0512991496770132   0
0.409520574596745   0.634911903378715   -0.0259869491716843   0.0554526345667021   0
0.400516644828877   0.627192940218785   -0.00900392976786824   -0.00771896315993026   0
0.435961823420697   0.541615064486658   0.0354451785918207   -0.0855778757321269   0
0.458805960739508   0.575823834657058   0.0228441373188105   0.0342087701704004   0
0.458399829860566   0.588932132159058   -0.000406130878942035   0.0131082975020002   0
0.419379411959187   0.554430111733261   -0.0390204179013794   -0.0345020204257973   0
0.424223799305968   0.544148468656251   0.00484438734678178   -0.0102816430770103   0
0.448587714320981   0.551453197000815   0.0243639150150127   0.00730472834456397   0
0.455679549633069   0.520482065106912   0.00709183531208768   -0.0309711318939032   0
0.45284186532645   0.52399643283936   -0.00283768430661896   0.00351436773244884   0
0.522658211320826   0.517092513703378   0.0698163459943766   -0.00690391913598198   0
0.475861527094663   0.541699858900855   -0.0467966842261638   0.0246073451974769   0
0.450632166554772   0.543708051914799   -0.0252293605398902   0.00200819301394373   0
0.43052331216472   0.516468937042556   -0.020108854390052   -0.0272391148722426   0
0.447304652877254   0.513379768708384   0.0167813407125333   -0.00308916833417194   0
0.470059745667915   0.507739903722249   0.0227550927906617   -0.005639864986135   0
0.40681316839142   0.623652280091553   -0.0632465772764952   0.115912376369303   0
0.326275524880783   0.944955309576596   -0.0805376435106375   0.321303029485044   0
0.345132654933464   1.0040688249158   0.0188571300526815   0.0591135153392078   0
0.470043504960285   1.82521159764026   0.124910850026821   0.821142772724454   0
0.971434380472374   0.839931790027235   0.501390875512089   -0.985279807613023   0
1.23472718775493   0.743935998094453   0.263292807282552   -0.0959957919327817   0
0.97282241352082   0.678533368030425   -0.261904774234106   -0.0654026300640282   0
0.866336222291318   0.541268345192175   -0.106486191229502   -0.13726502283825   0
0.856370300224071   0.513313975160907   -0.00996592206724689   -0.0279543700312681   0
0.751261198989491   0.453438311287753   -0.105109101234581   -0.0598756638731537   0
0.705570707365811   0.449465995639877   -0.0456904916236797   -0.00397231564787642   0
0.695814129713669   0.471997270023128   -0.009756577652142   0.0225312743832507   0
0.662063031318987   0.445470760035944   -0.0337510983946815   -0.026526509987184   0
0.672564905122706   0.449474323977216   0.010501873803718   0.0040035639412721   0
0.538398492935012   0.42292354030881   -0.134166412187694   -0.0265507836684057   0
0.527673416189183   0.367821726010744   -0.0107250767458287   -0.0551018142980657   0
0.490379312608363   0.450132522260673   -0.0372941035808205   0.0823107962499286   0
0.475620966456247   0.434897898629064   -0.014758346152116   -0.015234623631609   0
0.537477887643281   0.3828675015324   0.061856921187034   -0.0520303970966643   0
0.531188480549973   0.385132772193524   -0.00628940709330772   0.00226527066112453   0
0.566855293400385   0.364296799243962   0.0356668128504124   -0.0208359729495625   0
0.569994587946626   0.366832567992857   0.00313929454624029   0.00253576874889511   0
0.530166364330534   0.410932486981403   -0.0398282236160922   0.0440999189885465   0
0.539907513392067   0.481763961641874   0.00974114906153345   0.0708314746604711   0
