1.66272435862482e-14   3.9712718e-16   0   0   0
0.0419005731785435   0.00829009465298962   0.0419005731785269   0.00829009465298922   0
0.0228011439384964   0.00734136163778874   -0.0190994292400471   -0.000948733015200875   0
0.011763750080264   0.0142071952842655   -0.0110373938582324   0.00686583364647678   0
0.0301236324573733   0.0440305697910772   0.0183598823771093   0.0298233745068117   0
0.0463811915131064   0.0680538241275648   0.0162575590557331   0.0240232543364877   0
0.0461022853901185   0.0770067480131553   -0.000278906122987893   0.00895292388559042   0
0.0362693786499848   0.051179887709576   -0.00983290674013367   -0.0258268603035793   0
0.0428586873490999   0.050610374468323   0.00658930869911513   -0.000569513241252997   0
0.0297136529874857   0.0520568108806465   -0.0131450343616143   0.00144643641232355   0
0.0202332068649755   0.0517724514975487   -0.00948044612251018   -0.000284359383097843   0
0.0206350327457994   0.0486631954927087   0.000401825880823884   -0.00310925600483999   0
0.0276051107761759   0.052428620652349   0.00697007803037659   0.00376542515964032   0
0.0448596181229387   0.0684215631702793   0.0172545073467627   0.0159929425179303   0
0.0621939635426491   0.0793078763860918   0.0173343454197104   0.0108863132158125   0
0.05561975844576   0.0898648536470732   -0.00657420509688903   0.0105569772609814   0
0.0660762674353143   0.0892523879014875   0.0104565089895543   -0.000612465745585697   0
0.0612073896900403   0.0900531279306417   -0.00486887774527401   0.000800740029154229   0
0.0567539805128353   0.0888097564875084   -0.00445340917720502   -0.00124337144313338   0
0.0698100382234681   0.101504859817229   0.0130560577106328   0.0126951033297205   0
0.0717115750241853   0.110073134321565   0.00190153680071727   0.00856827450433625   0
0.0745817409333522   0.11227938805453   0.00287016590916686   0.00220625373296469   0
0.0584026136436883   0.115486617179243   -0.0161791272896639   0.00320722912471283   0
0.04834160610723   0.114467735928457   -0.0100610075364583   -0.00101888125078609   0
0.0367481754493752   0.118669629879153   -0.0115934306578548   0.00420189395069656   0
0.0481888334758971   0.125302038953158   0.0114406580265219   0.00663240907400496   0
0.0307851950726142   0.121861159721933   -0.0174036384032829   -0.00344087923122477   0
0.0443030830605338   0.131967885783247   0.0135178879879196   0.0101067260613134   0
0.0325091044354762   0.122695806770788   -0.0117939786250576   -0.00927207901245891   0
0.0435107380533979   0.139468151659798   0.0110016336179217   0.0167723448890103   0
0.0465374435377463   0.144530096586786   0.0030267054843484   0.00506194492698783   0
0.0571902163797393   0.150763624876024   0.010652772841993   0.00623352828923793   0
0.0474441466420985   0.119492728410656   -0.00974606973764078   -0.0312708964653683   0
0.0579287623048544   0.13425286915901   0.0104846156627559   0.014760140748354   0
0.0570558440606444   0.14377204232179   -0.000872918244209944   0.00951917316278059   0
0.055458275643533   0.153832702093521   -0.00159756841711145   0.0100606597717312   0
0.051008466712971   0.147565696293197   -0.00444980893056195   -0.00626700580032433   0
0.0402300889127898   0.145519649338253   -0.0107783778001813   -0.00204604695494437   0
0.0543327358456136   0.161529611084613   0.0141026469328238   0.0160099617463606   0
0.0568883092497643   0.163345379044766   0.00255557340415071   0.00181576796015226   0
0.0421683804218005   0.157933049244291   -0.0147199288279638   -0.00541232980047462   0
0.0493985180794615   0.14715938287132   0.00723013765766096   -0.0107736663729713   0
0.0491235192275925   0.140659399334854   -0.000274998851869011   -0.00649998353646566   0
0.037548422697068   0.138204959530253   -0.0115750965305245   -0.00245443980460081   0
0.0857157500398312   0.151261153263922   0.0481673273427632   0.0130561937336686   0
0.0826807162885907   0.155104247472003   -0.00303503375124049   0.00384309420808099   0
0.0606643787744859   0.146210018335929   -0.0220163375141048   -0.00889422913607354   0
0.060129928355384   0.151623825347582   -0.000534450419101933   0.00541380701165323   0
0.0691729876447388   0.152621716312942   0.00904305928935482   0.000997890965359349   0
0.0463238287752043   0.154964244984033   -0.0228491588695345   0.0023425286710918   0
0.043583451128638   0.149984906725211   -0.00274037764656634   -0.00497933825882232   0
0.0435597037335282   0.15917172183487   -2.37473951097134e-05   0.00918681510965905   0
0.096634667358626   0.189139691402044   0.0530749636250978   0.0299679695671742   0
0.0956098492563315   0.18418023869208   -0.00102481810229453   -0.00495945270996401   0
0.110419000618375   0.195976660783907   0.0148091513620437   0.0117964220918269   0
0.110702702947241   0.19262742502506   0.000283702328865765   -0.00334923575884688   0
0.0841033400111811   0.211136531105741   -0.0265993629360598   0.0185091060806801   0
0.0758610924520956   0.213983703932398   -0.00824224755908552   0.00284717282665767   0
0.0696393278692901   0.196067855655237   -0.0062217645828055   -0.0179158482771617   0
0.0675961365771448   0.195133576050608   -0.00204319129214524   -0.000934279604628191   0
0.0736741871960388   0.192541055894221   0.00607805061889398   -0.00259252015638686   0
0.0439123665763366   0.194980924609373   -0.0297618206197022   0.00243986871515142   0
0.0338038480790609   0.180131823379497   -0.0101085184972757   -0.0148491012298754   0
0.0414478184787387   0.185123603322725   0.0076439703996778   0.00499177994322766   0
0.0298060057885429   0.17296955701128   -0.0116418126901958   -0.0121540463114455   0
0.0451718155518023   0.170133437563329   0.0153658097632594   -0.00283611944795023   0
0.0460980364143094   0.164612053776758   0.000926220862507043   -0.00552138378657144   0
