1.1272409e-14   2.72367625547054e-32   0   0   0
0.0333024305879146   0.037346443912459   0.0333024305879033   0.037346443912459   0
0.049254688053878   0.0392194267621131   0.0159522574659634   0.00187298284965406   0
0.0792898697641118   0.0719115702893059   0.0300351817102338   0.0326921435271928   0
0.0666198229494419   0.0750175561026806   -0.0126700468146699   0.00310598581337475   0
0.0582394984200004   0.0887868559437354   -0.00838032452944145   0.0137692998410548   0
0.0457338764743477   0.0920741672788571   -0.0125056219456527   0.00328731133512172   0
0.0634031214105176   0.0913119320009177   0.0176692449361699   -0.000762235277939477   0
0.0460213398380119   0.0993370194848226   -0.0173817815725058   0.00802508748390493   0
0.0428633598842997   0.116397749102129   -0.00315797995371215   0.0170607296173065   0
0.0884570161654004   0.120541926834477   0.0455936562811007   0.00414417773234763   0
0.0761448540343492   0.129012366562411   -0.0123121621310512   0.00847043972793451   0
0.223832107286041   0.327700820037673   0.147687253251691   0.198688453475262   0
0.276690524108544   0.395532182769929   0.0528584168225039   0.0678313627322553   0
0.303935115803661   0.405126989275079   0.0272445916951169   0.00959480650514988   0
0.240663455948823   0.343546423664762   -0.0632716598548383   -0.0615805656103163   0
0.196712694731957   0.0948187726401426   -0.0439507612168658   -0.24872765102462   0
0.163093694192753   0.0809557563666063   -0.0336190005392047   -0.0138630162735363   0
0.115839078097545   0.0775275419615368   -0.0472546160952075   -0.00342821440506953   0
0.0744042931098702   0.0858852548637269   -0.0414347849876749   0.00835771290219012   0
0.0477523894626539   0.103077763020325   -0.0266519036472163   0.0171925081565978   0
0.0502443600284244   0.134497978086951   0.00249197056577046   0.0314202150666259   0
0.091651949753941   0.180743989838696   0.0414075897255166   0.0462460117517457   0
0.0622033812575394   0.159469395384418   -0.0294485684964016   -0.0212745944542783   0
0.0616455133141902   0.175147297105344   -0.000557867943349187   0.015677901720926   0
0.0866631066773455   0.200035901965078   0.0250175933631552   0.0248886048597343   0
0.129473617134323   0.237716941866042   0.0428105104569771   0.0376810399009634   0
0.135186985328644   0.26352731994538   0.00571336819432178   0.0258103780793385   0
0.113103298494238   0.241163087421283   -0.022083686834406   -0.0223642325240976   0
0.0856433719256203   0.220363043505441   -0.027459926568618   -0.0208000439158418   0
0.0885531457341056   0.223681415123087   0.00290977380848523   0.00331837161764659   0
0.0915945217501585   0.102652171653188   0.00304137601605294   -0.1210292434699   0
0.507755007257434   0.120394670003377   0.416160485507276   0.017742498350189   0
0.248143596001804   0.0586404441920893   -0.25961141125563   -0.0617542258112872   0
0.0416743484984158   0.310003243738887   -0.206469247503388   0.251362799546798   0
0.10007601689891   0.373438659236264   0.0584016684004944   0.0634354154973764   0
0.0582850904994919   0.314506201330316   -0.0417909263994184   -0.0589324579059474   0
0.0896726200136114   0.334313550292649   0.0313875295141196   0.0198073489623325   0
0.0598356406542697   0.298291814936222   -0.0298369793593417   -0.0360217353564271   0
0.176765970285238   0.395311278597804   0.116930329630968   0.0970194636615824   0
0.149072377283755   0.367215755842297   -0.0276935930014833   -0.0280955227555071   0
0.174402774845373   0.428518852929416   0.0253303975616184   0.0613030970871193   0
0.328129797011819   0.580984563046715   0.153727022166446   0.152465710117299   0
0.295888023799519   0.555722711919634   -0.0322417732123007   -0.0252618511270812   0
0.317379806251716   0.587857815884204   0.0214917824521976   0.0321351039645698   0
0.317872473213333   0.58941180419219   0.000492666961616484   0.00155398830798659   0
0.315806589182889   0.585208686335279   -0.002065884030444   -0.00420311785691185   0
0.226552041493519   0.493886780161886   -0.0892545476893694   -0.0913219061733924   0
0.225255252882124   0.511219830360785   -0.0012967886113949   0.0173330501988984   0
0.24323975725671   0.516435699674787   0.017984504374586   0.00521586931400231   0
0.251941400604481   0.541376463745007   0.00870164334777032   0.0249407640702201   0
0.307682232914739   0.573245082354097   0.0557408323102578   0.0318686186090905   0
0.287206625391131   0.551525611989826   -0.0204756075236079   -0.0217194703642712   0
0.29133304121193   0.571950313330587   0.00412641582079948   0.0204247013407606   0
0.35086593688966   0.631712693585999   0.0595328956777299   0.0597623802554124   0
0.319474886108061   0.595620623215641   -0.0313910507815985   -0.0360920703703579   0
0.523781644842529   0.305964715305949   0.204306758734467   -0.289655907909692   0
0.674616189060918   0.387577795743658   0.150834544218389   0.0816130804377089   0
0.335744894053717   0.345592160749542   -0.3388712950072   -0.0419856349941161   0
0.170901720573381   0.417100877836767   -0.164843173480336   0.0715087170872249   0
0.138620182493019   0.471369222649021   -0.0322815380803617   0.0542683448122545   0
0.111705516291345   0.499674847303231   -0.0269146662016744   0.0283056246542096   0
0.107601673578469   0.532522638334498   -0.00410384271287624   0.0328477910312673   0
0.112427491121586   0.552040782623905   0.00482581754311763   0.0195181442894067   0
0.176042114953329   0.600486726102387   0.0636146238317428   0.0484459434784822   0
0.172644304208199   0.577543288395587   -0.00339781074512979   -0.0229434377068004   0
0.162161313890473   0.618405743816647   -0.0104829903177267   0.0408624554210602   0
0.195022870611691   0.686348844797472   0.0328615567212187   0.0679431009808258   0
0.240367700058123   0.69300816175817   0.0453448294464312   0.00665931696069799   0
0.313824241977048   0.772706117481794   0.0734565419189254   0.0796979557236235   0
0.389481387966242   0.839446424001305   0.0756571459891945   0.0667403065195115   0
0.420554474100146   0.861896225419635   0.0310730861339031   0.0224498014183292   0
0.407590112598768   0.838503234262663   -0.0129643615013773   -0.0233929911569719   0
0.411773952937923   0.860233596048672   0.00418384033915448   0.0217303617860088   0
0.457300344068928   0.870961601138827   0.0455263911310048   0.0107280050901555   0
0.488622164569881   0.899091356744355   0.0313218205009534   0.0281297556055276   0
0.512764559682111   0.94549259923663   0.02414239511223   0.046401242492275   0
