0   0   0   0   0
0.13524914933636   0.0763599983932754   0.13524914933636   0.0763599983932754   0
0.209377226116889   0.106165016138559   0.0741280767805289   0.0298050177452834   0
0.191363594108859   0.0912915447157714   -0.0180136320080294   -0.0148734714227874   0
0.162814714737375   0.0735149895294596   -0.0285488793714839   -0.0177765551863118   0
0.160654822755316   0.0811504811337657   -0.00215989198205929   0.0076354916043061   0
0.604550412299063   0.239962237212165   0.443895589543747   0.1588117560784   0
1.3637347621409   0.519332009050089   0.759184349841837   0.279369771837924   0
1.03104996707051   0.347694804002788   -0.332684795070386   -0.171637205047301   0
0.911598604465422   0.308624525956215   -0.119451362605093   -0.039070278046573   0
0.8037870060615   0.197618628141956   -0.107811598403921   -0.11100589781426   0
0.744053695398802   0.19098650323627   -0.0597333106626986   -0.00663212490568607   0
0.747417630562633   0.261247312927892   0.00336393516383104   0.070260809691622   0
0.718945395205701   0.250028493328374   -0.0284722353569319   -0.0112188195995175   0
0.670959690558697   0.242489930316631   -0.0479857046470038   -0.00753856301174347   0
0.571768504176444   0.235762659972344   -0.0991911863822529   -0.006727270344287   0
0.558490509663214   0.250232498582083   -0.0132779945132303   0.0144698386097394   0
0.51541245083601   0.253888281902316   -0.0430780588272036   0.00365578332023331   0
0.511168165744722   0.27003313037194   -0.00424428509128816   0.0161448484696237   0
0.481133131578311   0.26029468123612   -0.0300350341664115   -0.00973844913581978   0
0.427141009555001   0.268912550087674   -0.0539921220233093   0.00861786885155391   0
0.41420511368984   0.283538894347293   -0.0129358958651613   0.0146263442596189   0
0.346245191278823   0.309259581979464   -0.0679599224110176   0.0257206876321707   0
0.299853628791407   0.312251442652989   -0.0463915624874156   0.00299186067352503   0
0.345677121696972   0.266494370306369   0.045823492905565   -0.0457570723466199   0
0.383736927225028   0.236640249781292   0.0380598055280563   -0.029854120525077   0
0.354176492971705   0.258742362522705   -0.029560434253323   0.0221021127414127   0
0.326459350793045   0.264464034408111   -0.0277171421786608   0.00572167188540607   0
0.282409100401864   0.261172508600184   -0.0440502503911808   -0.00329152580792652   0
0.224604699741095   0.216022361110662   -0.0578044006607688   -0.0451501474895226   0
0.274358105572816   0.226886659356121   0.0497534058317212   0.0108642982454592   0
0.257667550931646   0.255421233021324   -0.0166905546411699   0.0285345736652037   0
0.224214496727494   0.288994120543101   -0.033453054204152   0.033572887521777   0
0.202308754802754   0.290301321047388   -0.0219057419247406   0.00130720050428668   0
0.16921875862898   0.288298144992898   -0.0330899961737735   -0.00200317605448996   0
0.196537985393719   0.347483477466149   0.0273192267647392   0.0591853324732504   0
0.218496212668196   0.330407156131431   0.0219582272744769   -0.0170763213347172   0
0.230240027268801   0.331058009869043   0.0117438146006048   0.00065085373761159   0
0.265009878497477   0.323245370626807   0.0347698512286758   -0.00781263924223574   0
0.226174657365317   0.314753261246885   -0.0388352211321599   -0.00849210937992179   0
0.25206483060567   0.322919137690832   0.0258901732403533   0.00816587644394617   0
0.22593716745337   0.325484230493881   -0.0261276631523006   0.00256509280304917   0
0.195688289343909   0.323862537967617   -0.0302488781094611   -0.00162169252626421   0
0.200407601287624   0.331918267265421   0.00471931194371589   0.00805572929780429   0
0.187407626408376   0.355104343521764   -0.0129999748792488   0.0231860762563432   0
0.245569983018498   0.333676783331314   0.0581623566101224   -0.0214275601904499   0
0.21892860026167   0.343989998861077   -0.0266413827568282   0.0103132155297626   0
0.236234878393496   0.338227928797627   0.0173062781318261   -0.0057620700634497   0
0.220555654202211   0.370478962594668   -0.015679224191285   0.0322510337970415   0
0.178887496459975   0.384028213595283   -0.041668157742236   0.0135492510006145   0
0.125390331386651   0.384255568336866   -0.0534971650733236   0.000227354741582975   0
0.0791701624393152   0.390268939112024   -0.0462201689473362   0.0060133707751584   0
0.178806559960096   0.398323854105789   0.0996363975207812   0.00805491499376443   0
0.211375328765389   0.391178637168811   0.0325687688052926   -0.00714521693697778   0
0.189203724840881   0.418453882958418   -0.0221716039245083   0.0272752457896072   0
0.199545846463447   0.414635932003097   0.0103421216225666   -0.0038179509553215   0
0.146298787649807   0.437328969593621   -0.0532470588136399   0.022693037590524   0
0.161350752165632   0.416120175212164   0.015051964515825   -0.0212087943814568   0
0.15423093641909   0.432086130918301   -0.00711981574654227   0.0159659557061374   0
0.181987643017253   0.42549280078646   0.0277567065981628   -0.00659333013184116   0
0.162353237925333   0.442249416513265   -0.0196344050919197   0.0167566157268048   0
0.162663414513343   0.434403152772279   0.000310176588009414   -0.00784626374098557   0
0.174161701081796   0.473002560232275   0.0114982865684534   0.0385994074599962   0
0.141265033735255   0.462334561103862   -0.0328966673465405   -0.0106679991284137   0
0.130328203562832   0.45425216776776   -0.0109368301724234   -0.00808239333610233   0
0.0852249165145944   0.45318654155519   -0.0451032870482377   -0.00106562621256956   0
0.0921022737532386   0.45116708900043   0.00687735723864422   -0.00201945255476021   0
0.174517804083692   0.439654771511676   0.0824155303304538   -0.0115123174887536   0
0.162767422708732   0.433117008765731   -0.0117503813749603   -0.0065377627459447   0
0.137601653021319   0.444109968360225   -0.0251657696874135   0.0109929595944932   0
0.129643054838072   0.456174893485113   -0.00795859818324651   0.0120649251248881   0
0.142090606248206   0.458507048164821   0.012447551410134   0.00233215467970854   0
0.132523237311634   0.463900391959169   -0.00956736893657206   0.00539334379434758   0
0.0943178341951962   0.477325951859876   -0.0382054031164377   0.013425559900707   0
0.0923899569283358   0.469167167121259   -0.00192787726686049   -0.00815878473861731   0
0.154630177667689   0.464622006042521   0.0622402207393535   -0.00454516107873748   0
0.123458036372672   0.429187755227615   -0.0311721412950172   -0.0354342508149064   0
0.115400163886897   0.431871768100719   -0.00805787248577487   0.00268401287310388   0
0.132019233524154   0.418036657647556   0.0166190696372568   -0.0138351104531628   0
