1.12604483736337e-14   2.6165638e-16   0   0   0
0.0385591906063132   0.033010256523583   0.0385591906063019   0.0330102565235828   0
0.022666207247604   0.0224986830945773   -0.0158929833587091   -0.0105115734290057   0
0.016633545302743   0.00611504867000267   -0.00603266194486099   -0.0163836344245747   0
0.0135892714836779   0.0357717822272548   -0.00304427381906514   0.0296567335572521   0
0.0332311200975915   0.0365066897588684   0.0196418486139136   0.000734907531613614   0
0.0213363166501378   0.0149443499940892   -0.0118948034474537   -0.0215623397647792   0
0.0471846712152974   0.0193745835083386   0.0258483545651596   0.00443023351424943   0
0.0931517427565585   0.0388534994634496   0.0459670715412611   0.019478915955111   0
0.0849160345756528   0.0186447851532745   -0.00823570818090573   -0.020208714310175   0
0.117398481355454   0.0695151751755826   0.032482446779801   0.050870390022308   0
0.100357833195705   0.0734610428025494   -0.0170406481597485   0.0039458676269668   0
0.134780575967571   0.0753596867552772   0.0344227427718655   0.00189864395272782   0
0.185018679026481   0.0972956706105988   0.0502381030589107   0.0219359838553216   0
0.170489850745775   0.0582736624049489   -0.0145288282807069   -0.0390220082056499   0
0.157535344579266   0.0467429362919262   -0.012954506166509   -0.0115307261130227   0
0.166049104313697   0.0550507014939672   0.00851375973443161   0.00830776520204104   0
0.142718522575418   0.0540286095802591   -0.0233305817382792   -0.00102209191370808   0
0.13558578359793   0.020958808486773   -0.00713273897748776   -0.0330698010934861   0
0.152600886334452   0.0445200949500742   0.0170151027365216   0.0235612864633012   0
0.155706861655263   0.030224275835104   0.0031059753208115   -0.0142958191149702   0
0.137435254675363   0.0132173724156863   -0.0182716069799009   -0.0170069034194177   0
0.161417959782328   0.0400709351062054   0.023982705106965   0.0268535626905191   0
0.179358799450044   0.0583643751462955   0.017940839667717   0.0182934400400901   0
0.149658462001053   0.0477966539025375   -0.0297003374489912   -0.0105677212437581   0
0.168861700791064   0.0459331388957011   0.019203238790011   -0.00186351500683632   0
0.186790639389902   0.0523672671975161   0.0179289385988376   0.006434128301815   0
0.179634703470333   0.0431824164654969   -0.00715593591956873   -0.00918485073201922   0
0.150016072706423   0.0695662907793309   -0.0296186307639104   0.026383874313834   0
0.170299192154603   0.0649484408752787   0.0202831194481803   -0.00461784990405219   0
0.166582479558377   0.0499201138124438   -0.00371671259622627   -0.0150283270628349   0
0.147297540284894   0.0557486197909296   -0.0192849392734827   0.0058285059784858   0
0.169072928676245   0.066724583311003   0.0217753883913511   0.0109759635200734   0
0.150941062841966   0.0652640424536384   -0.0181318658342791   -0.00146054085736465   0
0.123839058156512   0.0371991166915397   -0.0271020046854543   -0.0280649257620987   0
0.151432651030393   0.0514520321039339   0.0275935928738817   0.0142529154123942   0
0.143721313422114   0.0451185078950279   -0.00771133760827883   -0.00633352420890599   0
0.11682485643152   0.053168627088475   -0.0268964569905944   0.00805011919344708   0
0.140308130381231   0.0566296968557211   0.0234832739497106   0.00346106976724607   0
0.14549945594105   0.038069649157581   0.00519132555981958   -0.01856004769814   0
0.127654560096257   0.0551747686849789   -0.0178448958447931   0.0171051195273978   0
0.129121014051384   0.082198552953946   0.00146645395512626   0.0270237842689671   0
0.14535891519781   0.0931327152082362   0.016237901146426   0.0109341622542902   0
0.169095865580497   0.118769410796886   0.0237369503826874   0.0256366955886495   0
0.167645020499954   0.105317664113904   -0.00145084508054313   -0.0134517466829816   0
0.168301500980939   0.1148958796361   0.000656480480985544   0.00957821552219588   0
0.165125564225913   0.122051645640587   -0.00317593675502661   0.00715576600448656   0
0.206661981054159   0.128802650291834   0.0415364168282459   0.00675100465124716   0
0.20220549549083   0.127433113556812   -0.00445648556332856   -0.00136953673502185   0
0.225052938334071   0.13668376077797   0.0228474428432408   0.00925064722115809   0
0.188156908969884   0.124439160461056   -0.0368960293641865   -0.0122446003169137   0
0.183219125263824   0.115054502918918   -0.0049377837060601   -0.00938465754213826   0
0.162561150710477   0.110187082854644   -0.0206579745533468   -0.00486742006427367   0
0.15834692023612   0.132494477662663   -0.00421423047435707   0.0223073948080191   0
0.152374794976464   0.142973451303925   -0.00597212525965668   0.0104789736412619   0
0.129102306164524   0.122903077963918   -0.0232724888119392   -0.0200703733400074   0
0.145398978705206   0.13410405661149   0.0162966725406812   0.0112009786475721   0
0.141062637433992   0.153706228003637   -0.00433634127121318   0.0196021713921467   0
0.134744184423336   0.143183846954289   -0.00631845301065601   -0.0105223810493472   0
0.152292441250526   0.170190835760645   0.0175482568271896   0.0270069888063558   0
0.123216546988045   0.129951968386125   -0.0290758942624807   -0.04023886737452   0
0.171105555484573   0.149429822632792   0.0478890084965277   0.0194778542466662   0
0.134904161574893   0.119697929242447   -0.03620139390968   -0.0297318933903444   0
0.192629879567784   0.148632315446331   0.0577257179928908   0.0289343862038837   0
0.178799620281116   0.159684784925821   -0.0138302592866678   0.0110524694794901   0
0.132570015689453   0.133791536985631   -0.0462296045916629   -0.02589324794019   0
0.142500602152956   0.155590147197267   0.00993058646350339   0.0217986102116362   0
0.12449875405226   0.128204188988512   -0.0180018481006961   -0.0273859582087552   0
0.125972261137659   0.134875032299697   0.00147350708539902   0.00667084331118484   0
0.0967760514487782   0.100166212818901   -0.0291962096888812   -0.0347088194807957   0
