1.32512969689074e-14   1.92592995e-32   0   0   0
0.0510006116897459   0.0121775549841852   0.0510006116897326   0.0121775549841852   0
0.0280616213116614   0.0469538039512731   -0.0229389903780844   0.034776248967088   0
0.168816800994873   0.033811648077289   0.140755179683212   -0.0131421558739841   0
0.113842884487793   0.0260007409728262   -0.0549739165070796   -0.00781090710446282   0
0.0676714589014765   0.0500536435200342   -0.046171425586317   0.0240529025472081   0
0.0385097200327316   0.0452345206294485   -0.0291617388687448   -0.00481912289058578   0
0.0603685291988791   0.047898911582742   0.0218588091661475   0.00266439095329354   0
0.048184378141976   0.0713561466902299   -0.0121841510569031   0.0234572351074879   0
0.0867047805737609   0.0470359159942062   0.0385204024317848   -0.0243202306960236   0
0.0532648009681009   0.0759356280371335   -0.0334399796056599   0.0288997120429272   0
0.119688216615558   0.0678108733975636   0.0664234156474573   -0.00812475463956988   0
0.055125978359407   0.0698637686446028   -0.0645622382561512   0.00205289524703925   0
0.0797049919016552   0.0570527611331881   0.0245790135422482   -0.0128110075114147   0
0.0596086369260257   0.077247027510686   -0.0200963549756295   0.0201942663774979   0
0.0740572470997755   0.0577938637149295   0.0144486101737498   -0.0194531637957566   0
0.057170017472699   0.0880738765357281   -0.0168872296270765   0.0302800128207986   0
0.0708069799944304   0.0638484177364264   0.0136369625217314   -0.0242254587993017   0
0.0521173847361521   0.0945131768060282   -0.0186895952582783   0.0306647590696018   0
0.0812870232423124   0.0594123318321256   0.0291696385061603   -0.0351008449739026   0
0.0560001269334015   0.0978059451612964   -0.025286896308911   0.0383936133291708   0
0.0781253052364013   0.0664663975752009   0.0221251783029998   -0.0313395475860955   0
0.0563841357488905   0.0973064258636547   -0.0217411694875108   0.0308400282884538   0
0.0591031422836183   0.100974899202981   0.00271900653472778   0.003668473339326   0
0.124343917058918   0.070382608536968   0.0652407747753   -0.0305922906660127   0
0.0980935616406624   0.0807742129030277   -0.0262503554182559   0.0103916043660598   0
0.14753666208752   0.0639601799510762   0.0494431004468573   -0.0168140329519515   0
0.10766604158218   0.0639957749156523   -0.0398706205053394   3.55949645760578e-05   0
0.0594147811015457   0.0830923270565209   -0.0482512604806346   0.0190965521408686   0
0.150616981124512   0.0548714695900295   0.0912022000229666   -0.0282208574664914   0
0.0811038851504747   0.0694144018564749   -0.0695130959740375   0.0145429322664454   0
0.151202474977911   0.0479830286883267   0.0700985898274366   -0.0214313731681482   0
0.100795546655476   0.0857488074831163   -0.0504069283224354   0.0377657787947896   0
0.186773477307143   0.0648279772294939   0.0859779306516675   -0.0209208302536224   0
0.10210705633294   0.0845737487118578   -0.0846664209742032   0.0197457714823639   0
0.118423744324789   0.0560839734731299   0.0163166879918489   -0.0284897752387279   0
0.10909744556559   0.0653745358432755   -0.00932629875919951   0.00929056237014562   0
0.0895246320811487   0.0742228868296735   -0.0195728134844409   0.00884835098639807   0
0.147571390668597   0.0427953232947667   0.0580467585874487   -0.0314275635349068   0
0.0896116104150766   0.0758013035361638   -0.0579597802535207   0.0330059802413971   0
0.14597341310753   0.0474621836910487   0.0563618026924531   -0.0283391198451152   0
0.106177135625953   0.069970745771813   -0.0397962774815768   0.0225085620807643   0
0.13825893527518   0.0499287011131356   0.0320817996492273   -0.0200420446586774   0
0.101501879773491   0.0765535891594432   -0.0367570555016896   0.0266248880463076   0
0.135392674343593   0.0570398321697756   0.0338907945701027   -0.0195137569896676   0
0.100182813878368   0.0878538440660361   -0.0352098604652252   0.0308140118962605   0
0.139303839826359   0.060209304795627   0.0391210259479911   -0.0276445392704091   0
0.0800778262512215   0.100701650084359   -0.0592260135751376   0.0404923452887318   0
0.0614685231353758   0.114933729849011   -0.0186093031158458   0.0142320797646518   0
0.108022980637963   0.0826263758997023   0.0465544575025871   -0.0323073539493082   0
0.0755547931198217   0.132416350304789   -0.0324681875181411   0.0497899744050868   0
0.10357880153377   0.0946417397033486   0.0280240084139488   -0.0377746106014406   0
0.0759477655337534   0.145090554823243   -0.0276310360000171   0.0504488151198942   0
0.0909047692480153   0.10635917781091   0.0149570037142619   -0.0387313770123331   0
0.0607324054979608   0.130070335680382   -0.0301723637500545   0.0237111578694725   0
0.0705889536565619   0.123147804095814   0.0098565481586011   -0.00692253158456829   0
0.0638771432255701   0.157043027021564   -0.00671181043099174   0.0338952229257503   0
0.0743406243724808   0.161341062107836   0.0104634811469107   0.00429803508627227   0
0.084724134660984   0.177752711896621   0.0103835102885032   0.0164116497887846   0
0.130148631554989   0.205424058127701   0.0454244968940047   0.0276713462310798   0
0.0999745278331607   0.162854252350441   -0.0301741037218281   -0.0425698057772602   0
0.143251309450599   0.158368145533927   0.0432767816174385   -0.00448610681651329   0
0.107279342372364   0.138730529421839   -0.0359719670782348   -0.0196376161120885   0
0.116012727282429   0.182594957755338   0.00873338491006474   0.0438644283334991   0
0.081465852042214   0.151079210540585   -0.034546875240215   -0.0315157472147526   0
0.0772929429514089   0.192984153954716   -0.00417290909080509   0.0419049434141302   0
0.0736825967729738   0.170944216694694   -0.00361034617843516   -0.0220399372600215   0
0.0922062076716002   0.198444430069023   0.0185236108986264   0.0275002133743286   0
0.10140148031952   0.217516875143118   0.00919527264792025   0.0190724450740957   0
0.0648622776510828   0.222404747706886   -0.0365392026684377   0.00488787256376794   0
0.119989731008689   0.241834525779044   0.0551274533576058   0.0194297780721581   0
0.0742332443957865   0.198680133964325   -0.0457564866129021   -0.0431543918147196   0
0.106317175105187   0.238701518113596   0.0320839307094007   0.0400213841492711   0
