7.1054274e-15   0   0   0   0
0.00696573326365639   0.00450731932226056   0.00696573326364928   0.00450731932226056   0
0.0398913445744484   0.0131582335712563   0.0329256113107921   0.0086509142489957   0
0.053763287591497   0.015549192086654   0.0138719430170486   0.00239095851539775   0
0.0681974985628021   0.0423448627200337   0.0144342109713051   0.0267956706333797   0
0.0486606565234953   0.0426027633839763   -0.0195368420393068   0.000257900663942545   0
0.0354233398760103   0.0386501093615651   -0.013237316647485   -0.0039526540224112   0
0.0290227059618414   0.018900815440796   -0.00640063391416889   -0.019749293920769   0
0.0402929922522801   0.0324028067211438   0.0112702862904387   0.0135019912803478   0
0.0712369313696339   0.0630343373517738   0.0309439391173538   0.03063153063063   0
0.0650953805900565   0.0659450090583042   -0.0061415507795774   0.00291067170653042   0
0.0944408541937664   0.0920500754203322   0.0293454736037099   0.026105066362028   0
0.0569218044208254   0.0718895395091948   -0.037519049772941   -0.0201605359111374   0
0.0800901620156698   0.0998671603380147   0.0231683575948444   0.0279776208288199   0
0.0936695910539903   0.122456991958098   0.0135794290383205   0.0225898316200838   0
0.114071937649836   0.135178424528917   0.0204023465958457   0.0127214325708184   0
0.109773436265124   0.138269096631917   -0.00429850138471168   0.00309067210299993   0
0.103647339812229   0.146624757157083   -0.00612609645289566   0.00835566052516593   0
0.109122038783414   0.16195779758845   0.00547469897118545   0.0153330404313669   0
0.102328843040653   0.157695223645706   -0.00679319574276084   -0.00426257394274332   0
0.0931923834946409   0.157943276222471   -0.00913645954601232   0.000248052576764995   0
0.0819215448160363   0.153335022477037   -0.0112708386786046   -0.0046082537454343   0
0.0821787088061127   0.154253206123027   0.000257163990076303   0.000918183645989779   0
0.0992280101253028   0.170105498668083   0.0170493013191902   0.0158522925450565   0
0.108042574374297   0.170127755575156   0.00881456424899371   2.22569070732204e-05   0
0.102684869724172   0.180178953221246   -0.00535770465012463   0.0100511976460899   0
0.0908566749586048   0.173093160732698   -0.0118281947655671   -0.0070857924885481   0
0.10200084778165   0.185954570235445   0.0111441728230454   0.0128614095027462   0
0.0977460268357449   0.191807108240414   -0.00425482094590535   0.00585253800496954   0
0.081865322163665   0.190436105932765   -0.0158807046720799   -0.00137100230764942   0
0.063740946525843   0.18630361718025   -0.018124375637822   -0.00413248875251468   0
0.0591792221468464   0.17749588132714   -0.00456172437899662   -0.00880773585311004   0
0.0564922058044767   0.180980572564559   -0.00268701634236969   0.00348469123741865   0
0.0666428863960186   0.181799849395396   0.0101506805915419   0.000819276830837073   0
0.0633163171349139   0.175007315438098   -0.00332656926110468   -0.00679253395729798   0
0.0761907607900786   0.180921546178162   0.0128744436551647   0.00591423074006395   0
0.0613259497240182   0.200668963006753   -0.0148648110660604   0.0197474168285917   0
0.0770428916311352   0.218511162042612   0.0157169419071169   0.0178421990358591   0
0.0974344589428174   0.225989218662179   0.0203915673116822   0.00747805661956633   0
0.107253422302106   0.221755024345027   0.0098189633592881   -0.00423419431715186   0
0.111617673555613   0.223469436121198   0.00436425125350713   0.00171441177617071   0
0.083668008691212   0.197778262502343   -0.0279496648644007   -0.025691173618855   0
0.0805913918224529   0.211869094585157   -0.00307661686875906   0.0140908320828141   0
0.0941153435490579   0.216586559008469   0.013523951726605   0.00471746442331206   0
0.112236548324078   0.239331972135616   0.0181212047750199   0.0227454131271474   0
0.102303076133595   0.241714809098395   -0.00993347219048249   0.0023828369627785   0
0.0892272356238278   0.234848955643055   -0.0130758405097675   -0.00686585345533972   0
0.0862171957252803   0.235924603362388   -0.00301003989854753   0.00107564771933338   0
0.0921814717205518   0.245683945362521   0.0059642759952715   0.00975934200013226   0
0.102081307689847   0.252470102744088   0.00989983596929524   0.00678615738156779   0
0.0740205201264527   0.2423871272539   -0.0280607875633943   -0.0100829754901883   0
0.076359799719873   0.257595989905355   0.00233927959342024   0.0152088626514548   0
0.081681121156579   0.262673454403224   0.00532132143670598   0.00507746449786894   0
0.103821164540833   0.270708464077131   0.0221400433842536   0.00803500967390691   0
0.106122139175374   0.273769429340639   0.00230097463454183   0.0030609652635083   0
0.0941594453544579   0.269838686842042   -0.0119626938209165   -0.00393074249859676   0
0.0943075882788072   0.274615694265652   0.000148142924349295   0.00477700742360987   0
0.0828024014422054   0.279523658959744   -0.0115051868366018   0.00490796469409233   0
0.0902546542775199   0.287133397065422   0.00745225283531448   0.00760973810567783   0
0.0917120846782545   0.288551103975711   0.00145743040073458   0.00141770691028859   0
0.108009770798197   0.298836976587581   0.0162976861199422   0.0102858726118703   0
0.119260404178728   0.313616349823067   0.0112506333805311   0.0147793732354853   0
0.0866707201468421   0.288618066075934   -0.0325896840318856   -0.0249982837471326   0
0.0774905861397923   0.296421480582955   -0.00918013400704988   0.00780341450702071   0
0.0935153534419615   0.31983799500443   0.0160247673021693   0.0234165144214754   0
0.0778761028444509   0.321069582083035   -0.0156392505975107   0.00123158707860521   0
0.0804240414535089   0.32508558950579   0.002547938609058   0.00401600742275493   0
0.0716492167224954   0.315476725035191   -0.00877482473101343   -0.00960886447059944   0
0.0722025840310192   0.33285900979652   0.000553367308523803   0.0173822847613296   0
0.0926137461221804   0.347273043707621   0.0204111620911612   0.0144140339111008   0
