1.0921028e-14   1.92592995e-32   0   0   0
0.44070860202742   0.435403705369678   0.44070860202741   0.435403705369678   0
0.967012026268127   0.637725823332597   0.526303424240707   0.202322117962919   0
1.88021881010858   0.542867932951209   0.913206783840452   -0.0948578903813884   0
2.27549858161849   0.638601613023549   0.395279771509908   0.0957336800723402   0
2.19772224274914   0.937319285719206   -0.07777633886935   0.298717672695657   0
2.61661285132771   0.873950472225112   0.418890608578577   -0.0633688134940934   0
2.67703770481014   0.946388454135196   0.0604248534824219   0.0724379819100839   0
2.52966087364335   0.814697385515374   -0.147376831166787   -0.131691068619822   0
2.7074111693922   0.8107027810625   0.177750295748856   -0.0039946044528737   0
1.38934793857335   0.79630036293371   -1.31806323081886   -0.0144024181287906   1
1.57563098988045   0.79276311676487   0.186283051307105   -0.0035372461688391   0
1.42014117158988   0.707515294312378   -0.155489818290568   -0.085247822452492   0
1.78221462663921   0.727887602373411   0.362073455049322   0.0203723080610321   0
1.97880377232727   0.735313578706473   0.196589145688066   0.00742597633306286   0
1.97790087999459   0.748884971870254   -0.000902892332683924   0.0135713931637809   0
1.92835555420601   0.722857205922253   -0.0495453257885818   -0.0260277659480014   0
0.897545796607261   0.667076555893922   -1.03080975759875   -0.055780650028331   1
0.482320049053258   0.607550568743378   -0.415225747554003   -0.0595259871505439   0
0.505854810476269   0.572151142479614   0.0235347614230105   -0.0353994262637637   0
0.611903175764688   0.596992016038722   0.10604836528842   0.0248408735591077   0
0.707624336825407   0.527663841251416   0.0957211610607189   -0.0693281747873064   0
0.507574052484023   0.471562223832361   -0.200050284341384   -0.0561016174190542   0
0.667877820438096   0.418277535268747   0.160303767954073   -0.0532846885636144   0
0.540433561087531   0.487389904476096   -0.127444259350565   0.0691123692073488   0
0.625940709881477   0.457156026440309   0.0855071487939461   -0.030233878035787   0
0.736905154347583   0.409693966489913   0.110964444466106   -0.0474620599503963   0
0.755938917839395   0.385021421582322   0.0190337634918125   -0.0246725449075903   0
0.527528103237996   0.446917131614572   -0.228410814601399   0.0618957100322502   0
0.512197851880352   0.433034459554339   -0.0153302513576442   -0.0138826720602339   0
0.574313045274899   0.409586235862871   0.0621151933945473   -0.0234482236914677   0
0.63569140216066   0.402505957603817   0.0613783568857614   -0.00708027825905366   0
0.687165663247014   0.369228454274674   0.0514742610863536   -0.0332775033291427   0
0.731045126396954   0.388930023841252   0.0438794631499397   0.0197015695665776   0
0.68541916280693   0.408912698809752   -0.0456259635900232   0.0199826749684998   0
0.7241482511817   0.396292318835326   0.0387290883747696   -0.0126203799744257   0
0.778249319656516   0.3497020701913   0.0541010684748163   -0.0465902486440267   0
0.848433117714484   0.366833048343028   0.0701837980579678   0.0171309781517287   0
0.878610818316612   0.365019991882587   0.0301777006021281   -0.00181305646044083   0
0.674020493572339   0.38674697802969   -0.204590324744273   0.0217269861471029   0
0.654046972568119   0.421297395363055   -0.0199735210042196   0.0345504173333646   0
0.558871959781628   0.376168536359031   -0.095175012786491   -0.0451288590040242   0
0.220105780271521   0.754775647896778   -0.338766179510108   0.378607111537747   0
0.165628217150939   0.667559037993824   -0.0544775631205812   -0.0872166099029544   0
0.19042018725425   0.682755768885907   0.0247919701033102   0.0151967308920837   0
0.22837430101996   0.676385703135672   0.0379541137657107   -0.00637006575023491   0
0.497853624221088   0.35502557158356   0.269479323201128   -0.321360131552113   0
1.21895791473274   0.524916976888328   0.72110429051165   0.169891405304769   0
0.957761420454183   0.736557780866594   -0.261196494278555   0.211640803978266   0
1.44071176396587   0.69074693454627   0.482950343511692   -0.0458108463203236   0
0.856971434451089   0.375082439062426   -0.583740329514785   -0.315664495483844   0
0.502084976187175   0.447878820302136   -0.354886458263914   0.0727963812397092   0
0.236509302090839   0.867855180245835   -0.265575674096337   0.419976359943699   0
0.235952072049672   0.746603143450811   -0.000557230041166645   -0.121252036795024   0
0.344368925007885   0.720838642209192   0.108416852958213   -0.0257645012416181   0
0.471929280028538   0.651837931722623   0.127560355020653   -0.0690007104865696   0
0.483671357532704   0.618323848262467   0.0117420775041655   -0.0335140834601555   0
0.315457692090336   0.868743613754774   -0.168213665442367   0.250419765492307   0
0.470772440227961   1.07540129335049   0.155314748137625   0.206657679595714   0
0.415363494011072   1.0386475674818   -0.0554089462168892   -0.0367537258686839   0
0.253739199845282   0.763704901339967   -0.16162429416579   -0.274942666141837   0
0.26760917306862   0.723512199957695   0.0138699732233384   -0.0401927013822718   0
0.291815616099475   0.789126039385187   0.0242064430308546   0.0656138394274914   0
0.272976386390766   0.869225288120162   -0.0188392297087088   0.080099248734975   0
0.258177420705028   0.800395895424612   -0.0147989656857377   -0.0688293926955501   0
0.284214044794527   0.772091663925296   0.0260366240894984   -0.0283042314993158   0
0.308917868714018   0.770234650269044   0.0247038239194909   -0.00185701365625146   0
0.354247249502449   0.663115280308179   0.0453293807884316   -0.107119369960866   0
0.281103419210884   0.756581618095627   -0.0731438302915647   0.0934663377874485   0
0.306894204918424   0.7732488162708   0.0257907857075397   0.0166671981751729   0
0.265825604796633   0.893443649186084   -0.0410686001217912   0.120194832915284   0
0.277561173195596   0.895343981905205   0.0117355683989626   0.00190033271912127   0
0.336437454007479   0.867260951118062   0.0588762808118838   -0.0280830307871427   0
0.380895401672442   1.12994375911051   0.0444579476649628   0.262682807992444   0
0.339282496159494   1.59534580348194   -0.0416129055129487   0.465402044371433   0
0.207153740929763   1.44557636994987   -0.132128755229731   -0.149769433532065   0
0.249868381084244   1.46530441119048   0.0427146401544811   0.0197280412406078   0
