1.08025000532346e-14   1.90041825e-16   0   0   0
0.016255349714169   0.0271288228093851   0.0162553497141582   0.0271288228093849   0
0.0571768371849226   0.00852028776027998   0.0409214874707536   -0.0186085350491051   0
0.0874006973542291   0.0229110453702155   0.0302238601693065   0.0143907576099355   0
0.0378265351610453   0.0382802821874813   -0.0495741621931838   0.0153692368172659   0
0.0446867042775013   0.0305637765656875   0.006860169116456   -0.00771650562179378   0
0.164601144634197   0.0497123971331094   0.119914440356696   0.0191486205674219   0
0.174615561191718   0.0390077426271662   0.0100144165575207   -0.0107046545059432   0
0.2134266573278   0.0659820226855717   0.0388110961360816   0.0269742800584055   0
0.20512278593861   0.075334150274107   -0.00830387138918917   0.00935212758853526   0
0.198595241600945   0.0656502862229305   -0.00652754433766572   -0.00968386405117644   0
0.208923254353141   0.0920340382129569   0.0103280127521967   0.0263837519900263   0
0.200009624297682   0.1082683812947   -0.00891363005545989   0.0162343430817435   0
0.21355928099407   0.109139320379035   0.0135496566963881   0.000870939084334499   0
0.179935995263679   0.0840449475932333   -0.033623285730391   -0.0250943727858015   0
0.18872217699272   0.0849781144738983   0.00878618172904108   0.000933166880664957   0
0.126836687173005   0.0513083465694843   -0.0618854898197152   -0.033669767904414   0
0.167313073112709   0.062678298615288   0.0404763859397042   0.0113699520458037   0
0.160873696406992   0.0539527306275986   -0.00643937670571645   -0.00872556798768935   0
0.161914815132081   0.0626065647917053   0.00104111872508908   0.00865383416410666   0
0.189872102220779   0.0631171126814477   0.0279572870886978   0.000510547889742433   0
0.157626891715849   0.0485356544847001   -0.0322452105049299   -0.0145814581967477   0
0.162069651389126   0.0503139863517575   0.00444275967327629   0.00177833186705742   0
0.154519650870609   0.0500206716875016   -0.00755000051851701   -0.000293314664255896   0
0.175165901669356   0.0573866283898015   0.0206462507987471   0.00736595670229992   0
0.185679117202342   0.0901067234524609   0.0105132155329867   0.0327200950626593   0
0.144946221342212   0.111928743236957   -0.0407328958601299   0.0218220197844964   0
0.251211032949049   0.172494435316513   0.106264811606836   0.0605656920795557   0
0.0839754356744132   0.0768011629109077   -0.167235597274635   -0.0956932724056052   0
0.185161309347564   0.113344455924849   0.10118587367315   0.0365432930139418   0
0.408859349922151   0.188113596986441   0.223698040574587   0.0747691410615915   0
0.332107881257091   0.143726235209372   -0.0767514686650602   -0.0443873617770689   0
0.281677631439981   0.102013433727424   -0.0504302498171095   -0.0417128014819483   0
0.337698438219022   0.145162789871877   0.0560208067790405   0.0431493561444534   0
0.334570691767955   0.128402410460542   -0.00312774645106695   -0.0167603794113352   0
0.303647807600244   0.124254269874101   -0.0309228841677108   -0.00414814058644114   0
0.286369132398149   0.0953162225033926   -0.0172786752020947   -0.0289380473707084   0
0.324418889871023   0.131302038445474   0.038049757472874   0.0359858159420816   0
0.341717442277831   0.130100575950787   0.0172985524068082   -0.00120146249468756   0
0.302900673591176   0.108489105983311   -0.0388167686866551   -0.0216114699674755   0
0.286988915384167   0.1226945908538   -0.0159117582070096   0.014205484870489   0
0.322953586759398   0.138789433870028   0.0359646713752316   0.0160948430162275   0
0.305156348144569   0.124550962729344   -0.0177972386148293   -0.0142384711406838   0
0.359365867029463   0.127113152776178   0.0542095188848938   0.00256219004683456   0
0.355323987061031   0.132840839199002   -0.0040418799684323   0.0057276864228239   0
0.244175838632661   0.0816782608082016   -0.111148148428369   -0.0511625783908007   0
0.265356209453372   0.101404808501175   0.0211803708207108   0.0197265476929734   0
0.145461147730129   0.0847533423229939   -0.119895061723243   -0.0166514661781811   0
0.155239263680335   0.136778161981281   0.009778115950206   0.052024819658287   0
0.0894578156937611   0.119180707163124   -0.0657814479865739   -0.0175974548181572   0
0.0701937733603854   0.0869578724183724   -0.0192640423333757   -0.0322228347447513   0
0.0477640197281296   0.0936478989920744   -0.0224297536322558   0.00669002657370206   0
0.0817117691710508   0.125727377669917   0.0339477494429212   0.032079478677843   0
0.090795362600747   0.121745068519892   0.00908359342969622   -0.00398230915002541   0
0.111754885493851   0.170389112702256   0.0209595228931041   0.0486440441823642   0
0.125977060787335   0.259630770834703   0.0142221752934842   0.0892416581324464   0
0.139550875405018   0.259983048307732   0.0135738146176831   0.000352277473029516   0
0.116089903814084   0.236806372743816   -0.0234609715909344   -0.0231766755639165   0
0.078254632043038   0.208709719904287   -0.037835271771046   -0.0280966528395286   0
0.0990417781100731   0.221769322336885   0.0207871460670351   0.0130596024325984   0
0.202929550216758   0.0621477288684719   0.103887772106685   -0.159621593468414   0
0.729907853598495   0.294289336396184   0.526978303381736   0.232141607527712   0
