0   0   0   0   0
0.0517618262504144   0.0358428137819152   0.0517618262504144   0.0358428137819152   0
0.0457719925041267   0.041349925379576   -0.00598983374628771   0.00550711159766086   0
0.0216829291754769   0.0189233445071158   -0.0240890633286498   -0.0224265808724603   0
0.0445902576584805   0.00702096513414388   0.0229073284830037   -0.0119023793729719   0
0.035918903983128   0.0100044528024732   -0.00867135367535252   0.00298348766832931   0
0.0520449252883197   0.0197136643296413   0.0161260213051917   0.00970921152716811   0
0.0291888957133752   0.0101287034531371   -0.0228560295749445   -0.0095849608765042   0
0.0435796704851154   0.0114323332339512   0.0143907747717402   0.00130362978081412   0
0.01607511313441   0.00807510896184944   -0.0275045573507055   -0.00335722427210178   0
0.0425997844700831   0.0141103340400274   0.0265246713356732   0.00603522507817797   0
0.0589427617490843   0.0175714816517969   0.0163429772790011   0.00346114761176946   0
0.0609188962107495   0.0142623244800089   0.0019761344616652   -0.00330915717178798   0
0.0778145376999944   0.0181069677190375   0.0168956414892449   0.00384464323902858   0
0.0739441951370065   0.00719030521277944   -0.00387034256298781   -0.010916662506258   0
0.0667345362219011   0.0090045040468859   -0.0072096589151055   0.00181419883410646   0
0.0694381555215557   0.0172452022685165   0.00270361929965468   0.00824069822163056   0
0.0866486893300792   0.0254785418012496   0.0172105338085234   0.00823333953273316   0
0.0620306372083519   0.025657746421677   -0.0246180521217273   0.000179204620427361   0
0.0742031552776536   0.0336259759692574   0.0121725180693017   0.00796822954758043   0
0.104077998015683   0.0552317839846157   0.0298748427380296   0.0216058080153583   0
0.161619395413285   0.0604320662881763   0.0575413973976023   0.00520028230356059   0
0.186492574897805   0.0708538991034429   0.0248731794845193   0.0104218328152667   0
0.185180649520973   0.0672927082094886   -0.00131192537683184   -0.00356119089395433   0
0.161054194223021   0.0747575530711475   -0.0241264552979516   0.0074648448616589   0
0.201557285886033   0.0864378871196445   0.040503091663012   0.011680334048497   0
0.215196058140786   0.0752264710862959   0.0136387722547525   -0.0112114160333486   0
0.211429450041121   0.0681034107178359   -0.00376660809966517   -0.00712306036845999   0
0.221304846831844   0.101869127234429   0.00987539679072358   0.0337657165165932   0
0.217354713099721   0.12001369763477   -0.00395013373212291   0.0181445704003409   0
0.17598270058378   0.123475063016603   -0.0413720125159414   0.00346136538183345   0
0.13823147979493   0.100848725753987   -0.03775122078885   -0.0226263372626165   0
0.169272129057423   0.108939794700789   0.0310406492624927   0.00809106894680155   0
0.193330255256027   0.10047949530825   0.0240581261986044   -0.00846029939253885   0
0.223831410742604   0.115169126535376   0.0305011554865767   0.0146896312271261   0
0.22671096031157   0.102770854155995   0.00287954956896616   -0.0123982723793809   0
0.23745079898602   0.111259830435015   0.0107398386744498   0.00848897627902033   0
0.25458875709429   0.125617614975342   0.0171379581082702   0.0143577845403264   0
0.249502667911074   0.122225748600032   -0.00508608918321554   -0.00339186637530937   0
0.281598690281081   0.137417147457553   0.0320960223700066   0.0151913988575211   0
0.259449945450863   0.12331803305738   -0.0221487448302184   -0.014099114400173   0
0.224872754857635   0.142366957181523   -0.0345771905932276   0.0190489241241422   0
0.236623655427487   0.12446818742569   0.0117509005698522   -0.0178987697558323   0
0.226771403150255   0.141575446175276   -0.00985225227723177   0.0171072587495856   0
0.220663324038925   0.167074694635822   -0.00610807911133082   0.0254992484605464   0
0.202520777379756   0.163259294223871   -0.0181425466591687   -0.0038154004119515   0
0.209060580433697   0.160850385226039   0.00653980305394142   -0.00240890899783219   0
0.236582662576383   0.178748517149546   0.0275220821426857   0.0178981319235076   0
0.217441439235175   0.172721474274085   -0.0191412233412077   -0.00602704287546152   0
0.191691401638241   0.152492605381643   -0.0257500375969344   -0.0202288688924416   0
0.20121426183866   0.155485462148387   0.00952286020041915   0.00299285676674352   0
0.236381216861723   0.181426873161324   0.035166955023063   0.0259414110129375   0
0.238795596923934   0.192165141030103   0.00241438006221134   0.0107382678687787   0
0.19645954052812   0.189288058494142   -0.042336056395814   -0.00287708253596075   0
0.189489472508448   0.191911374160934   -0.0069700680196727   0.00262331566679158   0
0.198805885845031   0.171390650897666   0.00931641333658301   -0.0205207232632681   0
0.20591230555118   0.181533087710982   0.00710641970614903   0.0101424368133164   0
0.226281898019578   0.177593822450858   0.0203695924683988   -0.00393926526012367   0
0.211514642219933   0.152566749397223   -0.0147672557996454   -0.0250270730536353   0
0.217157862764901   0.163178478100129   0.00564322054496763   0.0106117287029063   0
0.203560015206042   0.168329314949839   -0.0135978475588592   0.00515083684970991   0
0.215424440991871   0.166433136199241   0.0118644257858292   -0.001896178750598   0
0.249121637414451   0.188329493366205   0.0336971964225801   0.0218963571669639   0
0.252894116240772   0.185156546428504   0.00377247882632167   -0.00317294693770143   0
0.26188135119627   0.197746790380559   0.00898723495549797   0.012590243952055   0
0.273123404848016   0.185067583307452   0.0112420536517451   -0.0126792070731066   0
0.273043659724628   0.198670967259651   -7.97451233876534e-05   0.0136033839521993   0
0.269298275945795   0.190792642973947   -0.00374538377883266   -0.00787832428570454   0
0.295400743202712   0.202515822358767   0.0261024672569171   0.0117231793848204   0
0.291630694980178   0.202796112258103   -0.00377004822253413   0.000280289899335207   0
0.291273846654303   0.207575409677727   -0.000356848325875514   0.00477929741962455   0
0.311877350300036   0.207428919990921   0.0206035036457332   -0.000146489686805862   0
0.302435757803549   0.20298193315687   -0.00944159249648641   -0.00444698683405151   0
0.26110981179918   0.206056945838527   -0.0413259460043691   0.00307501268165711   0
0.22682114953153   0.207063897811636   -0.0342886622676505   0.00100695197310913   0
0.255803028823136   0.202711795199516   0.0289818792916064   -0.00435210261212046   0
0.240615266461017   0.183216611140731   -0.0151877623621191   -0.0194951840587844   0
0.221865091179952   0.198140643540268   -0.0187501752810651   0.0149240323995373   0
