0   0   0   0   0
0.334975914497342   0.0920725170249539   0.334975914497342   0.0920725170249539   0
0.446863198005137   0.0946104352415213   0.111887283507796   0.00253791821656738   0
0.340049347187662   0.0988996488231684   -0.106813850817476   0.00428921358164713   0
0.325543799912717   0.25168790744534   -0.0145055472749441   0.152788258622172   0
0.33425070687499   0.197881672014787   0.00870690696227255   -0.0538062354305533   0
0.296468819247105   0.244295466065089   -0.0377818876278846   0.0464137940503014   0
0.325290921841251   0.300427558396371   0.0288221025941454   0.0561320923312829   0
0.334989000967942   0.298525690783786   0.00969807912669152   -0.00190186761258582   0
0.294669726446283   0.314013985323688   -0.0403192745216596   0.0154882945399021   0
0.345713736650634   0.302036494581392   0.0510440102043513   -0.0119774907422954   0
0.325194245494647   0.322297721855737   -0.0205194911559873   0.0202612272743447   0
0.31488032056014   0.352552021735311   -0.0103139249345067   0.0302542998795742   0
0.293171741047258   0.328998672557487   -0.0217085795128821   -0.0235533491778244   0
0.227427417331551   0.29862956435093   -0.0657443237157066   -0.0303691082065568   0
0.318337483598021   0.319645347845847   0.0909100662664696   0.0210157834949165   0
0.322337356081864   0.36434220387493   0.00399987248384343   0.044696856029083   0
0.306150658105599   0.34461958617129   -0.0161866979762655   -0.0197226177036394   0
0.30918789322298   0.350088178238705   0.00303723511738097   0.00546859206741535   0
0.198934730631036   0.324133719450716   -0.110253162591944   -0.0259544587879898   0
0.276174789845704   0.307616507785953   0.0772400592146676   -0.0165172116647627   0
0.222110229938721   0.322769177038245   -0.0540645599069828   0.0151526692522916   0
0.311314163178727   0.352859068698702   0.089203933240006   0.030089891660457   0
0.148812147682205   0.228141837752487   -0.162502015496522   -0.124717230946215   0
0.102443491973666   0.213861818197639   -0.0463686557085384   -0.014280019554848   0
0.228918598098769   0.286655876255794   0.126475106125103   0.0727940580581553   0
0.145689447825042   0.268970464215206   -0.083229150273727   -0.0176854120405875   0
0.298846461318525   0.36424060308892   0.153157013493483   0.0952701388737137   0
0.348990092292458   0.459185025744103   0.0501436309739337   0.0949444226551824   0
0.287853974293793   0.441308101822   -0.0611361179986658   -0.0178769239221022   0
0.340472919967785   0.404625066118713   0.0526189456739923   -0.0366830357032878   0
0.182918548635016   0.36198874747742   -0.157554371332769   -0.042636318641293   0
0.295651546062547   0.412422008614463   0.112732997427531   0.0504332611370434   0
0.247256731772713   0.480537574075192   -0.0483948142898346   0.0681155654607291   0
0.285347431840274   0.169979799527546   0.0380907000675617   -0.310557774547646   0
0.205261619092532   0.369910234550013   -0.0800858127477421   0.199930435022467   0
0.248167191845293   0.106734715130393   0.0429055727527607   -0.26317551941962   0
0.288323850817175   0.098031101209081   0.0401566589718819   -0.00870361392131241   0
0.326998291141471   0.105892620311779   0.0386744403242957   0.00786151910269853   0
0.34910149293326   0.178765734138453   0.0221032017917893   0.0728731138266733   0
0.432492538062247   0.236390563624307   0.0833910451289874   0.0576248294858544   0
0.436881934484864   0.300631492567901   0.00438939642261688   0.0642409289435935   0
0.497602904367212   0.374123233926252   0.0607209698823482   0.0734917413583516   0
0.558787392732531   0.418117323476994   0.061184488365319   0.043994089550742   0
0.510069717717307   0.454285149319318   -0.0487176750152239   0.0361678258423238   0
0.571479200118841   0.460813427363409   0.0614094824015335   0.00652827804409101   0
0.508761507782929   0.437468997899908   -0.0627176923359124   -0.0233444294635013   0
0.469620148391604   0.447630910178633   -0.0391413593913247   0.0101619122787255   0
0.575147572047405   0.511430055107356   0.105527423655801   0.0637991449287226   0
0.569949257104291   0.543571248574652   -0.00519831494311329   0.0321411934672956   0
0.562029433284162   0.573048289633113   -0.00791982382012957   0.0294770410584615   0
0.664349862191087   0.610530661962397   0.102320428906925   0.0374823723292841   0
0.620506331014621   0.567947517688753   -0.0438435311764662   -0.0425831442736443   0
0.640918130745132   0.621286416206851   0.0204117997305104   0.0533388985180986   0
0.67132801446649   0.639026558065951   0.0304098837213583   0.0177401418590998   0
0.641531918100557   0.686149206879256   -0.0297960963659327   0.0471226488133049   0
0.664499501840169   0.690668672834156   0.0229675837396114   0.00451946595490027   0
0.67389079207728   0.684080292674854   0.00939129023711183   -0.00658838015930208   0
0.615965649958399   0.687904272070948   -0.0579251421188817   0.00382397939609369   0
0.701195162494689   0.746347253107256   0.0852295125362902   0.0584429810363076   0
0.639031588756472   0.707404237322232   -0.0621635737382165   -0.0389430157850231   0
0.605615487807749   0.705180040477133   -0.0334161009487232   -0.00222419684509945   0
0.707156630755673   0.762159271588283   0.101541142947924   0.0569792311111502   0
0.610165611527721   0.720917767217607   -0.0969910192279521   -0.0412415043706764   0
0.652621420302358   0.697170200795761   0.0424558087746366   -0.0237475664218454   0
0.624353151589845   0.730276917191151   -0.0282682687125124   0.0331067163953892   0
0.666354699069416   0.735652957708294   0.0420015474795705   0.00537604051714291   0
0.70071150892359   0.78204885786543   0.0343568098541748   0.0463959001571362   0
0.685813538990856   0.761726998289581   -0.0148979699327345   -0.020321859575849   0
0.649038354015588   0.745036510619061   -0.036775184975268   -0.0166904876705203   0
0.70470775246182   0.774835494757152   0.0556693984462318   0.029798984138091   0
0.6897192558328   0.803205052695066   -0.01498849662902   0.0283695579379146   0
0.661837712502991   0.79320940394232   -0.0278815433298085   -0.0099956487527465   0
0.620834238930763   0.660272214958548   -0.0410034735722281   -0.132937188983772   0
0.420057881597003   0.462330680253813   -0.20077635733376   -0.197941534704735   0
0.563351728288929   0.525380798274544   0.143293846691926   0.0630501180207316   0
0.542836293260804   0.626706932913897   -0.0205154350281254   0.101326134639352   0
0.648075259680674   0.720846326737794   0.10523896641987   0.0941393938238975   0
0.57696686742602   0.664877709584923   -0.071108392254654   -0.0559686171528709   0
0.508910794858772   0.670773491062118   -0.0680560725672479   0.00589578147719472   0
0.60162884644446   0.684654050157579   0.0927180515856885   0.0138805590954612   0
0.532632564060513   0.690561770621964   -0.0689962823839477   0.00590772046438515   0
0.638379727746076   0.757177578677538   0.105747163685563   0.0666158080555734   0
0.599044836757564   0.755634179145261   -0.0393348909885118   -0.00154339953227678   0
0.581489532798193   0.785982159770423   -0.0175553039593717   0.0303479806251618   0
0.672775601891146   0.815105299047572   0.0912860690929534   0.0291231392771495   0
0.632124686159028   0.819326501993987   -0.0406509157321179   0.00422120294641515   0
0.587249577024061   0.827881179714179   -0.0448751091349674   0.00855467772019169   0
