2.14131900420791e-14   1.7347235e-16   0   0   0
0.0860978819264132   0.0338786372514087   0.0860978819263918   0.0338786372514085   0
0.0479958253959738   0.0743604953143653   -0.0381020565304394   0.0404818580629566   0
0.0850706157658184   0.13047170202942   0.0370747903698446   0.0561112067150546   0
0.0744405080944929   0.120639974620523   -0.0106301076713255   -0.00983172740889639   0
0.0498957643801481   0.114857668217594   -0.0245447437143448   -0.00578230640292973   0
0.0710662403118167   0.106595445089179   0.0211704759316685   -0.00826222312841429   0
0.0657295103241843   0.137802170195374   -0.0053367299876324   0.0312067251061949   0
0.136953405745416   0.19388015773685   0.0712238954212313   0.0560779875414757   0
0.142997076754067   0.186630492454819   0.00604367100865183   -0.00724966528203058   0
0.122763822557059   0.140750743930166   -0.0202332541970088   -0.0458797485246539   0
0.0786386680051832   0.141566872172131   -0.0441251545518753   0.000816128241965752   0
0.0750634649111006   0.159469912803295   -0.00357520309408266   0.0179030406311633   0
0.118897250629496   0.220363360634592   0.0438337857183953   0.0608934478312979   0
0.155565241979126   0.214637379527185   0.0366679913496304   -0.0057259811074071   0
0.118706899995713   0.264327421930983   -0.0368583419834136   0.0496900424037974   0
0.194737505772794   0.474539423723732   0.0760306057770815   0.210212001792749   0
0.144737763554771   0.402313477291626   -0.0499997422180235   -0.0722259464321064   0
0.128588790486702   0.398487226818918   -0.0161489730680689   -0.0038262504727074   0
0.141188764729246   0.368909795172388   0.0125999742425446   -0.0295774316465302   0
0.132984274189352   0.379085164886797   -0.00820449053989408   0.0101753697144084   0
0.0963401010514249   0.35949478657365   -0.0366441731379274   -0.0195903783131462   0
0.104218205736126   0.353707456838612   0.00787810468470077   -0.00578732973503837   0
0.16948811406071   0.395243721010987   0.065269908324584   0.041536264172375   0
0.146600507785977   0.388703068892755   -0.0228876062747329   -0.00654065211823229   0
0.11985974591469   0.396347795233379   -0.0267407618712864   0.00764472634062446   0
0.17142246209327   0.409641312617466   0.0515627161785791   0.0132935173840864   0
0.148381255806246   0.399381789295817   -0.0230412062870237   -0.0102595233216484   0
0.1724450960648   0.407606963777333   0.0240638402585546   0.00822517448151588   0
0.188670802556669   0.393154974329825   0.016225706491869   -0.0144519894475079   0
0.200466087568587   0.425430758919278   0.0117952850119173   0.0322757845894526   0
0.211232780437966   0.44958615776127   0.0107666928693796   0.0241553988419926   0
0.238346205858335   0.443087123371397   0.0271134254203688   -0.00649903438987315   0
0.227315165693269   0.41872080440548   -0.0110310401650665   -0.024366318965917   0
0.272420488193942   0.454651470856024   0.0451053225006734   0.035930666450544   0
0.168431593360714   0.569525517413061   -0.103988894833228   0.114874046557036   0
0.396451855544525   0.821817204585508   0.22802026218381   0.252291687172448   0
0.224972549426115   0.668463474796977   -0.17147930611841   -0.153353729788531   0
0.154613720651387   0.615306488079443   -0.070358828774728   -0.0531569867175339   0
0.199368849400076   0.639324057951973   0.044755128748689   0.0240175698725297   0
0.219206619931304   0.626566669861543   0.0198377705312284   -0.0127573880904306   0
0.225666367609446   0.640875096469306   0.0064597476781417   0.0143084266077634   0
0.263051536577347   0.60679885823297   0.0373851689679014   -0.0340762382363363   0
0.36660382968129   0.620936396802942   0.103552293103943   0.0141375385699725   0
0.341027651559762   0.771498818367445   -0.0255761781215277   0.150562421564503   0
0.294973232037124   0.741243788161522   -0.0460544195226382   -0.030255030205923   0
0.298431903557836   0.704061896928983   0.003458671520712   -0.0371818912325398   0
0.292265281271515   0.659082504530424   -0.00616662228632114   -0.0449793923985583   0
0.34456310853303   0.738320342942637   0.0522978272615151   0.079237838412213   0
0.310668785783274   0.698363787131733   -0.0338943227497561   -0.0399565558109046   0
0.442707095202502   0.42716306441122   0.132038309419228   -0.271200722720513   0
0.602556371678698   0.273325225806911   0.159849276476196   -0.153837838604308   0
0.488935283650287   0.471282733672423   -0.113621088028412   0.197957507865512   0
0.292960304130333   0.656879749452196   -0.195974979519954   0.185597015779774   0
0.202107428602081   0.63899597738397   -0.0908528755282524   -0.0178837720682268   0
0.194255993187216   0.683139138181463   -0.00785143541486483   0.0441431607974933   0
0.209254706071951   0.705434289929141   0.0149987128847353   0.022295151747678   0
0.341744976261923   0.614335515149741   0.132490270189972   -0.0910987747794   0
0.536857682127563   0.408515189297412   0.19511270586564   -0.205820325852329   0
0.507508895525851   0.388148507565552   -0.0293487866017119   -0.0203666817318598   0
0.472455988777106   0.440839666518641   -0.0350529067487451   0.0526911589530887   0
0.475118530751331   0.467750670275092   0.00266254197422466   0.0269110037564511   0
0.45760761065106   0.460679113196886   -0.0175109201002708   -0.00707155707820589   0
0.469887194499942   0.481388241324016   0.0122795838488821   0.0207091281271298   0
0.435149398532032   0.501669624731921   -0.0347377959679097   0.0202813834079053   0
0.473647963804424   0.503305740825009   0.0384985652723923   0.00163611609308723   0
0.47111566332696   0.500754838032615   -0.00253230047746461   -0.00255090279239367   0
0.466181657342418   0.492238295305495   -0.00493400598454147   -0.00851654272712032   0
0.433680594370615   0.496278277942794   -0.0325010629718034   0.00403998263729971   0
0.458268432400124   0.504669697128363   0.0245878380295091   0.00839141918556879   0
0.44993164506569   0.505811852230112   -0.00833678733443394   0.00114215510174942   0
0.441649833276615   0.488928694296794   -0.00828181178907522   -0.0168831579333183   0
0.537399679309071   0.492713852312922   0.0957498460324563   0.00378515801612817   0
0.725273100791988   0.379286142952117   0.187873421482917   -0.113427709360806   0
0.668876022826493   0.439587041060677   -0.0563970779654954   0.0603008981085601   0
0.573169861790095   0.415085864678654   -0.0957061610363971   -0.0245011763820223   0
0.445965665434635   0.399914603119735   -0.127204196355461   -0.0151712615589197   0
0.148860262380357   0.43641735092774   -0.297105403054277   0.0365027478080057   0
0.188392041812918   0.696626818183066   0.0395317794325611   0.260209467255326   0
0.178149058160326   0.618425711821804   -0.0102429836525925   -0.0782011063612619   0
0.211610659380796   0.663400700952256   0.0334616012204704   0.0449749891304516   0
0.249266955495254   0.752669422000897   0.0376562961144574   0.0892687210486414   0
0.264330866859173   0.631067769610765   0.0150639113639194   -0.121601652390132   0
