1.0801129e-14   2.413067e-50   0   0   0
0.20483277631418   0.0741591159808403   0.204832776314169   0.0741591159808403   0
0.636796940891205   0.182363119019873   0.431964164577025   0.108204003039032   0
0.726745529974352   0.164854444450488   0.0899485890831475   -0.017508674569385   0
0.672876295465058   0.213947891463967   -0.0538692345092936   0.0490934470134792   0
0.559691030296415   0.217334670805086   -0.113185265168643   0.00338677934111953   0
0.577240454383308   0.227253713686835   0.0175494240868925   0.0099190428817488   0
0.568226714459923   0.2573349525789   -0.00901373992338494   0.0300812388920644   0
0.494475934082747   0.264993723949737   -0.0737507803771764   0.00765877137083792   0
0.519839806052678   0.288006971282918   0.0253638719699316   0.0230132473331803   0
0.509014835344344   0.298773368485769   -0.0108249707083342   0.0107663972028516   0
0.491350190867349   0.30406415392813   -0.0176646444769944   0.00529078544236067   0
0.434852994762293   0.30749323100497   -0.0564971961050567   0.00342907707683976   0
0.46272294189847   0.322904535993631   0.0278699471361773   0.015411304988661   0
0.461329536562707   0.349535781769668   -0.00139340533576293   0.0266312457760373   0
0.353907778931241   0.407287410840393   -0.107421757631467   0.0577516290707247   0
0.412527249044141   0.431880251123526   0.0586194701129004   0.0245928402831329   0
0.397775248511613   0.43098035956672   -0.0147520005325283   -0.000899891556805865   0
0.356173299772874   0.404008197854269   -0.0416019487387381   -0.0269721617124506   0
0.417554212580218   0.44012034923853   0.0613809128073436   0.0361121513842608   0
0.408569686691398   0.398876439776824   -0.00898452588881965   -0.0412439094617056   0
0.360055341302143   0.380156584569007   -0.0485143453892558   -0.0187198552078174   0
0.371747743962144   0.365891177228026   0.0116924026600018   -0.0142654073409813   0
0.388647799343141   0.37305702828619   0.0169000553809965   0.0071658510581642   0
0.400840884106419   0.389986010876804   0.0121930847632779   0.0169289825906137   0
0.440881456542034   0.403218320760707   0.0400405724356151   0.0132323098839032   0
0.383337946970275   0.389371300386101   -0.0575435095717588   -0.0138470203746063   0
0.362392772322372   0.383252134237328   -0.0209451746479031   -0.00611916614877289   0
0.406165821306328   0.385521157800954   0.0437730489839564   0.00226902356362635   0
0.411039342378498   0.391661818850586   0.00487352107216926   0.00614066104963251   0
0.393402253256325   0.381073595249437   -0.017637089122173   -0.0105882236011499   0
0.420356498059779   0.403348595297294   0.0269542448034545   0.0222750000478577   0
0.400455492000319   0.455357174472633   -0.0199010060594597   0.0520085791753382   0
0.309744385930896   0.460368186858806   -0.0907111060694233   0.00501101238617363   0
0.234670203852786   0.427193974889192   -0.0750741820781105   -0.0331742119696142   0
0.275134337217992   0.434833546001476   0.0404641333652063   0.00763957111228403   0
0.25419877488564   0.428216408508041   -0.0209355623323514   -0.00661713749343479   0
0.253901500149293   0.425352557402951   -0.000297274736346997   -0.00286385110509041   0
0.243221120456805   0.413976099082392   -0.0106803796924885   -0.0113764583205587   0
0.245301770569539   0.402322054432054   0.00208065011273437   -0.0116540446503383   0
0.242956342705309   0.381695009489534   -0.00234542786423081   -0.0206270449425195   0
0.213788670700276   0.363475926444376   -0.029167672005033   -0.0182190830451588   0
0.206105284544897   0.384231431088428   -0.00768338615537831   0.0207555046440525   0
0.215248717551382   0.396727358394187   0.00914343300648449   0.0124959273057589   0
0.209808036544872   0.389016552821235   -0.00544068100650996   -0.00771080557295234   0
0.211618539437574   0.387352973660385   0.00181050289270246   -0.00166357916084947   0
0.192317636567379   0.385231312074516   -0.0193009028701953   -0.00212166158586902   0
0.160485794806729   0.378210158977186   -0.0318318417606495   -0.00702115309733009   0
0.18368129809655   0.358418666282866   0.0231955032898202   -0.0197914926943203   0
0.233938024164518   0.378760672338242   0.0502567260679684   0.0203420060553761   0
0.154911941117139   0.34767146920458   -0.0790260830473793   -0.0310892031336622   0
0.16682093284713   0.340564530200862   0.0119089917299918   -0.00710693900371756   0
0.164277447441868   0.362709748491662   -0.00254348540526242   0.0221452182908   0
0.138795791101899   0.37857211654453   -0.0254816563399693   0.0158623680528678   0
0.154795586417714   0.363777567403171   0.0159997953158154   -0.0147945491413587   0
0.147534981248561   0.351812938845963   -0.00726060516915314   -0.0119646285572078   0
0.142840661274079   0.371210829227199   -0.00469431997448183   0.0193978903812352   0
0.145649220328862   0.360860530171984   0.00280855905478281   -0.010350299055214   0
0.182580899296561   0.383251707884987   0.0369316789676991   0.0223911777130025   0
0.174745127146232   0.38621256848261   -0.0078357721503296   0.00296086059762274   0
0.141479818389498   0.373871806616216   -0.033265308756734   -0.0123407618663937   0
0.188945405910302   0.39264645352683   0.0474655875208046   0.0187746469106135   0
0.196107240143715   0.385024815531721   0.00716183423341313   -0.00762163799510879   0
0.175221654862781   0.362754880057108   -0.0208855852809343   -0.0222699354746124   0
0.219844795474856   0.362818414166092   0.0446231406120745   6.35341089836317e-05   0
0.2294348295992   0.363754275864878   0.00959003412434428   0.000935861698785789   0
0.220205036800302   0.342959047823486   -0.00922979279889791   -0.0207952280413913   0
0.188394552570847   0.324082593451471   -0.0318104842294546   -0.0188764543720158   0
0.18593242155912   0.30530928417994   -0.00246213101172782   -0.018773309271531   0
