8.155412e-15   7.475356e-16   0   0   0
0.0978028207216125   0.157572580698079   0.0978028207216044   0.157572580698078   0
0.113832599606734   0.107984523608729   0.0160297788851219   -0.0495880570893506   0
0.127009665031673   0.0476822267790438   0.0131770654249382   -0.0603022968296848   0
0.158449449470493   0.0902165593619002   0.0314397844388204   0.0425343325828564   0
0.160759485948756   0.163256888320236   0.00231003647826256   0.0730403289583355   0
0.0633587456649602   0.190682493920744   -0.0974007402837954   0.0274256056005083   0
0.0516513426285115   0.179438905603447   -0.0117074030364487   -0.011243588317297   0
0.0577602689509141   0.232500908623769   0.00610892632240261   0.0530620030203222   0
0.367285628778668   0.757288723050657   0.309525359827754   0.524787814426888   0
0.510926696909286   0.841627892025662   0.143641068130618   0.0843391689750048   0
0.367456676829041   0.716126788275125   -0.143470020080245   -0.125501103750537   0
0.509388820206961   0.38037551498976   0.141932143377919   -0.335751273285365   0
0.549826608406012   0.528628938882011   0.0404377881990511   0.148253423892251   0
0.542454617480626   0.524488062899492   -0.00737199092538565   -0.00414087598251944   0
0.475820832186919   0.615805839352205   -0.0666337852937067   0.0913177764527132   0
0.325016747650474   0.485564851271417   -0.150804084536445   -0.130240988080788   0
0.227922633048676   0.490285828976515   -0.0970941146017984   0.004720977705098   0
0.367884091459043   0.415974831254319   0.139961458410367   -0.0743109977221958   0
0.544737313670721   0.444275141576855   0.176853222211678   0.0283003103225358   0
0.450914905729118   0.302497694403334   -0.0938224079416026   -0.141777447173521   0
0.420222462134027   0.329671958691042   -0.0306924435950912   0.0271742642877076   0
0.271685161526438   0.260522109937577   -0.148537300607589   -0.0691498487534641   0
0.229802814282989   0.305599781196439   -0.0418823472434494   0.0450776712588615   0
0.320016242851658   0.56021857974622   0.090213428568669   0.254618798549781   0
0.283063872910083   0.494976634016582   -0.0369523699415747   -0.0652419457296388   0
0.407351553667739   0.62747943426759   0.124287680757656   0.132502800251008   0
0.461315879779587   0.758615001875956   0.0539643261118483   0.131135567608366   0
0.356980402332634   0.661844658007854   -0.104335477446953   -0.0967703438681017   0
0.537196905749154   0.690169466734789   0.18021650341652   0.028324808726935   0
0.442821474036001   0.717707636564136   -0.0943754317131535   0.0275381698293473   0
0.430205765358063   0.643861172415855   -0.0126157086779379   -0.0738464641482812   0
0.511257479510156   0.639819975869856   0.081051714152093   -0.00404119654599955   0
0.485714444000212   0.556696953288392   -0.0255430355099441   -0.0831230225814635   0
0.381465530760938   0.559171651354311   -0.104248913239273   0.00247469806591893   0
0.375660707024542   0.473370583449232   -0.00580482373639668   -0.0858010679050792   0
0.435392910961967   0.448325600873276   0.059732203937425   -0.0250449825759558   0
0.505094331681067   0.516796176394938   0.0697014207191002   0.0684705755216619   0
0.495774112337304   0.386405220586325   -0.00932021934376259   -0.130390955808613   0
0.502814747712205   0.387117745540753   0.00704063537490052   0.000712524954427474   0
0.3402214520641   0.355295880797032   -0.162593295648104   -0.0318218647437211   0
0.190485848801121   0.249880308900845   -0.14973560326298   -0.105415571896186   0
0.900154800915764   0.681508354147348   0.709668952114643   0.431628045246503   0
0.382457482903771   0.332418123256463   -0.517697318011993   -0.349090230890885   0
0.424650878594416   0.37654577277262   0.0421933956906455   0.0441276495161571   0
0.442724126629255   0.412778492207885   0.0180732480348387   0.0362327194352657   0
0.465882617357804   0.348109126715063   0.0231584907285485   -0.0646693654928224   0
0.294619392140672   0.269560311883289   -0.171263225217132   -0.0785488148317741   0
0.233947053501791   0.342021084303904   -0.0606723386388805   0.072460772420615   0
0.108535306274107   0.390482365048711   -0.125411747227685   0.0484612807448072   0
0.169161170974832   0.445703432193601   0.0606258647007257   0.0552210671448901   0
0.190889934203583   0.509642801802205   0.0217287632287505   0.0639393696086042   0
0.153563879010505   0.457317380456893   -0.0373260551930776   -0.0523254213453128   0
0.0532033105039081   0.460990220198715   -0.100360568506597   0.00367283974182236   0
0.073637903719872   0.425168546842692   0.0204345932159639   -0.0358216733560233   0
0.116753188840325   0.499971811864231   0.0431152851204532   0.0748032650215391   0
0.0339521145545738   0.461808423792005   -0.0828010742857514   -0.0381633880722261   0
0.285901968799505   0.416324819304559   0.251949854244931   -0.0454836044874452   0
0.20714334396083   0.449542638628916   -0.0787586248386749   0.0332178193243566   0
0.221335444622462   0.454097492327432   0.0141921006616322   0.0045548536985156   0
0.232205522607228   0.368862694075613   0.010870077984766   -0.085234798251819   0
0.176683384324962   0.379357339333636   -0.0555221382822666   0.0104946452580228   0
0.0719501186513108   0.626282120086606   -0.104733265673651   0.246924780752971   0
0.107239293048257   0.729648362913049   0.0352891743969466   0.103366242826443   0
0.153139264524161   0.755505248097167   0.0458999714759032   0.0258568851841179   0
0.243704905949338   0.46029324071587   0.0905656414251772   -0.295212007381297   0
0.200475467343209   0.522266047920901   -0.0432294386061289   0.061972807205031   0
0.0918113897646449   0.610715274673909   -0.108664077578564   0.0884492267530083   0
0.174922346036171   0.479274544252755   0.0831109562715261   -0.131440730421154   0
0.112148756698888   0.460716800050451   -0.0627735893372835   -0.0185577442023042   0
0.166442581588381   0.476493979378015   0.0542938248894939   0.0157771793275637   0
0.146859312883847   0.436730495799114   -0.0195832687045339   -0.0397634835789012   0
0.104299645733442   0.471769765252198   -0.0425596671504058   0.0350392694530844   0
0.133443792217465   0.452711172053099   0.0291441464840234   -0.0190585931990991   0
0.294412122922272   0.295925592527579   0.160968330704807   -0.156785579525519   0
0.293497216489336   0.308498324756138   -0.000914906432935403   0.0125727322285589   0
0.321940476756509   0.324298146143511   0.028443260267173   0.0157998213873726   0
0.244205767511797   0.420011014205771   -0.0777347092447123   0.09571286806226   0
0.325625795404532   0.454600160068233   0.0814200278927346   0.0345891458624615   0
