0   0   0   0   0
0.0594004328992914   0.0876161486626459   0.0594004328992914   0.0876161486626459   0
0.0698917966767845   0.0382330632300777   0.0104913637774932   -0.0493830854325683   0
0.0954026748767025   0.101654098712835   0.0255108781999179   0.0634210354827576   0
0.0561812447534696   0.0629121249999201   -0.0392214301232329   -0.0387419737129152   0
0.0790951460450558   0.102767113787816   0.0229139012915862   0.0398549887878962   0
0.0600541874630619   0.0408552156185558   -0.0190409585819939   -0.0619118981692605   0
0.0962778659106037   0.106726750585763   0.0362236784475418   0.0658715349672071   0
0.0600274779214645   0.0744774068905527   -0.0362503879891391   -0.0322493436952101   0
0.0896529283076911   0.108935957373057   0.0296254503862266   0.0344585504825044   0
0.0581309737450899   0.0553741022318872   -0.0315219545626013   -0.0535618551411699   0
0.10687083499791   0.109895705216195   0.0487398612528196   0.0545216029843083   0
0.0644721167453498   0.0538608665443004   -0.0423987182525597   -0.056034838671895   0
0.0879528885305623   0.115172533804312   0.0234807717852125   0.0613116672600119   0
0.0593010795330029   0.051875712210985   -0.0286518089975594   -0.0632968215933274   0
0.0660775172444974   0.0748693858339238   0.00677643771149451   0.0229936736229389   0
0.0701511747569385   0.0636868327486142   0.00407365751244106   -0.0111825530853097   0
0.126773088747907   0.132464614921042   0.0566219139909684   0.0687777821724281   0
0.0582218564700569   0.0803589366088307   -0.06855123227785   -0.0521056783122115   0
0.102270316588202   0.123869927012177   0.0440484601181451   0.0435109904033468   0
0.0902520555216285   0.107699336631407   -0.0120182610665735   -0.0161705903807708   0
0.0585906140085984   0.0623083032059141   -0.0316614415130301   -0.0453910334254926   0
0.0765720428806802   0.112881394916577   0.0179814288720818   0.0505730917106634   0
0.0583703882784662   0.0560738061209787   -0.018201654602214   -0.0568075887955988   0
0.0804467573173367   0.0974864871974866   0.0220763690388705   0.041412681076508   0
0.0754807821467077   0.08096408819636   -0.00496597517062901   -0.0165223990011266   0
0.0976122008588077   0.136662484849927   0.0221314187121   0.0556983966535669   0
0.0637053236498804   0.0669691919746564   -0.0339068772089272   -0.0696932928752705   0
0.0759659116901316   0.0908365794900689   0.0122605880402512   0.0238673875154125   0
0.107461567266928   0.133381398184089   0.0314956555767965   0.0425448186940199   0
0.0933775411906603   0.102691860375115   -0.0140840260762678   -0.0306895378089737   0
0.0993163226062325   0.122103823860435   0.00593878141557221   0.0194119634853194   0
0.0836210665982196   0.104286860993482   -0.015695256008013   -0.0178169628669526   0
0.115330541455675   0.148559742271385   0.0317094748574553   0.0442728812779028   0
0.0815285407197794   0.101701294306321   -0.0338020007358955   -0.0468584479650637   0
0.0600586514717726   0.102188943022273   -0.0214698892480069   0.000487648715952152   0
0.0634884227616628   0.0740344278716201   0.00342977128989023   -0.0281545151506531   0
0.0886194970580645   0.107753991847956   0.0251310742964017   0.0337195639763357   0
0.0861190636726935   0.101323591544103   -0.00250043338537097   -0.00643040030385271   0
0.0488671229373468   0.064496731324737   -0.0372519407353467   -0.036826860219366   0
0.0979924218559347   0.120135750098246   0.0491252989185878   0.0556390187735088   0
0.0534527939405351   0.0676960184811365   -0.0445396279153996   -0.0524397316171093   0
0.0911186734198168   0.117966422118982   0.0376658794792817   0.050270403637846   0
0.057782442722391   0.0759248684866102   -0.0333362306974258   -0.0420415536323723   0
0.0896620491256711   0.125540350833952   0.0318796064032801   0.0496154823473415   0
0.0567452365577349   0.0675088535114115   -0.0329168125679362   -0.0580314973225402   0
0.0873460073176683   0.127147766569864   0.0306007707599334   0.0596389130584529   0
0.0708695833541401   0.103770318615731   -0.0164764239635282   -0.0233774479541337   0
0.0638651028189229   0.100339776000198   -0.00700448053521721   -0.00343054261553319   0
0.0543273985483185   0.0898215530509663   -0.00953770427060444   -0.0105182229492313   0
0.0426086605718488   0.0735907219533804   -0.0117187379764697   -0.0162308310975859   0
0.0960793826598894   0.113325222051246   0.0534707220880406   0.0397345000978654   0
0.0564354382400792   0.0535754167238009   -0.0396439444198102   -0.0597498053274449   0
0.0711471971212044   0.102786922232751   0.0147117588811252   0.0492115055089497   0
0.0713668673777081   0.0594596927868904   0.000219670256503754   -0.0433272294458602   0
0.0596211922225128   0.0697129310013872   -0.0117456751551953   0.0102532382144968   0
0.102007887495067   0.142607210519806   0.0423866952725541   0.0728942795184184   0
0.0497493474310508   0.0583334077165608   -0.0522585400640162   -0.0842738028032448   0
0.0850803503021718   0.136374586093655   0.035331002871121   0.0780411783770942   0
0.0620945099909478   0.0799118657038549   -0.022985840311224   -0.0564627203898001   0
0.0716295803368829   0.121792947176185   0.00953507034593505   0.0418810814723301   0
0.0661609321073318   0.105467648362093   -0.00546864822955107   -0.0163252988140915   0
0.0402636076674794   0.0907109823082987   -0.0258973244398524   -0.0147566660537948   0
0.0752572144229194   0.128471368806769   0.03499360675544   0.0377603864984699   0
0.0542350802587134   0.072459068319677   -0.0210221341642061   -0.0560123004870916   0
0.0803850528123204   0.118726294430114   0.0261499725536071   0.0462672261104373   0
0.0573059288055678   0.073110716944145   -0.0230791240067527   -0.0456155774859692   0
0.0855202874882988   0.112877380374574   0.028214358682731   0.0397666634304292   0
0.0510241590905862   0.0695726463595514   -0.0344961283977126   -0.0433047340150228   0
0.0549853437613679   0.0880119777935856   0.00396118467078171   0.0184393314340342   0
0.0548297377591202   0.0751553780278373   -0.000155606002247718   -0.0128565997657483   0
0.0618424213432066   0.0732793065353314   0.00701268358408639   -0.0018760714925059   0
0.0804378855601018   0.045346596284231   0.0185954642168952   -0.0279327102511003   0
