1.1015952e-14   2.64883095e-49   0   0   0
0.0490499286624567   0.0208177986525871   0.0490499286624457   0.0208177986525871   0
0.0766431697166814   0.0182045294298545   0.0275932410542247   -0.00261326922273259   0
0.0642229142948384   0.0175116479590869   -0.0124202554218431   -0.000692881470767581   0
0.0455131941320036   0.0367588045183113   -0.0187097201628347   0.0192471565592243   0
0.0623064562177824   0.040343662194024   0.0167932620857788   0.00358485767571274   0
0.177291420849739   0.139257402731702   0.114984964631956   0.0989137405376782   0
0.0855916517765409   0.128896067577424   -0.0916997690731976   -0.0103613351542778   0
0.109005552489609   0.124251707926098   0.0234139007130677   -0.0046443596513263   0
0.0966420905179451   0.172125246966361   -0.0123634619716635   0.0478735390402626   0
0.055836975763732   0.133863006624361   -0.0408051147542131   -0.0382622403419993   0
0.05069866457832   0.17010680724828   -0.00513831118541199   0.0362438006239182   0
0.0709760461660499   0.176689352150856   0.0202773815877298   0.00658254490257681   0
0.154126492607266   0.0757941640261015   0.0831504464412159   -0.100895188124755   0
0.113225711717765   0.0491993680497124   -0.0409007808895005   -0.0265947959763891   0
0.0867255469211204   0.118903873438484   -0.0265001647966448   0.0697045053887714   0
0.0920792431689987   0.0759336465477173   0.00535369624787831   -0.0429702268907665   0
0.140703991385768   0.10802576059381   0.0486247482167689   0.0320921140460927   0
0.131721203788274   0.169897368850519   -0.00898278759749355   0.0618716082567089   0
0.122736116299288   0.17115830329826   -0.00898508748898615   0.00126093444774111   0
0.111177556126102   0.167276245608509   -0.0115585601731857   -0.00388205768975092   0
0.109641020342795   0.135464258279692   -0.00153653578330765   -0.0318119873288169   0
0.133513978144652   0.148730201123442   0.0238729578018571   0.0132659428437498   0
0.175608535296166   0.138848240612889   0.0420945571515142   -0.00988196051055268   0
0.184095809967645   0.150817872443335   0.00848727467147883   0.0119696318304453   0
0.217479223048415   0.130363303809886   0.0333834130807701   -0.0204545686334489   0
0.176543507051792   0.126592161199899   -0.0409357159966232   -0.00377114260998698   0
0.142119228290792   0.131091781220198   -0.0344242787609998   0.0044996200202988   0
0.116723440761978   0.135651808425595   -0.0253957875288136   0.00456002720539742   0
0.160506662361031   0.125279170627451   0.0437832215990528   -0.0103726377981441   0
0.18542684427161   0.16423590539666   0.0249201819105784   0.0389567347692087   0
0.168519777137925   0.132831287172653   -0.0169070671336845   -0.0314046182240062   0
0.172416228251365   0.138742099757793   0.00389645111343959   0.00591081258513962   0
0.163863738469186   0.156076727140217   -0.0085524897821786   0.0173346273824244   0
0.150197083498256   0.193240103406781   -0.0136666549709297   0.0371633762665633   0
0.137860439378445   0.168847012204019   -0.0123366441198109   -0.0243930912027619   0
0.111628849927127   0.190330062774802   -0.0262315894513184   0.021483050570783   0
0.162677093348127   0.198764019838929   0.0510482434209996   0.00843395706412706   0
0.148612636583126   0.188502845261141   -0.0140644567650005   -0.0102611745777877   0
0.175201986260883   0.17263374389269   0.0265893496777571   -0.0158691013684513   0
0.162797681269794   0.202681227990381   -0.0124043049910898   0.0300474840976913   0
0.22192665896667   0.256321524955587   0.0591289776968764   0.0536402969652055   0
0.325199901307899   0.256185923685796   0.103273242341229   -0.000135601269791175   0
0.223662420318115   0.281292237002259   -0.101537480989784   0.0251063133164637   0
0.148075044352715   0.276390031274098   -0.0755873759654002   -0.00490220572816091   0
0.155470648720548   0.282283371308456   0.00739560436783279   0.00589334003435776   0
0.213670677731898   0.292500305186707   0.0582000290113506   0.0102169338782508   0
0.263998448141668   0.27814022459752   0.05032777040977   -0.014360080589187   0
0.271845026067609   0.298967492818284   0.00784657792594062   0.0208272682207645   0
0.240005676261992   0.308336156317185   -0.031839349805617   0.00936866349890053   0
0.196382723269656   0.321806520789201   -0.0436229529923357   0.0134703644720164   0
0.159855947992991   0.33210684409602   -0.036526775276665   0.010300323306819   0
0.31450851797615   0.40735129092368   0.154652569983159   0.0752444468276592   0
0.987923728397671   0.535469580045743   0.673415210421521   0.128118289122064   0
0.753460770933469   1.18957391937783   -0.234462957464202   0.654104339332086   0
0.517712900176216   0.895484916060954   -0.235747870757253   -0.294089003316874   0
0.494882139774448   0.773322345380152   -0.0228307604017672   -0.122162570680803   0
0.653687394271238   0.739661699779115   0.15880525449679   -0.0336606456010364   0
0.681292946245559   0.699773974877169   0.0276055519743208   -0.0398877249019468   0
0.766228103535323   0.597333081477159   0.0849351572897642   -0.102440893400009   0
0.657437351628518   0.512849922325564   -0.108790751906805   -0.0844831591515955   0
0.692797027225342   0.495286197164631   0.0353596755968233   -0.0175637251609324   0
0.719729191452818   0.498521937385972   0.026932164227476   0.00323574022134038   0
0.658048913876871   0.513484755268848   -0.0616802775759464   0.014962817882876   0
0.595716233154512   0.471602244562779   -0.0623326807223589   -0.041882510706069   0
0.56508780151191   0.466139484480825   -0.0306284316426022   -0.00546276008195329   0
0.692759483376034   0.508319246016227   0.127671681864123   0.0421797615354015   0
0.271933788836828   0.550948465483   -0.420825694539206   0.0426292194667729   0
0.249578613768483   0.712650218647851   -0.0223551750683455   0.161701753164852   0
0.806054579129466   0.630478158529306   0.556475965360984   -0.0821720601185455   0
