0   0   0   0   0
0.0413207206944233   0.0311638833922967   0.0413207206944233   0.0311638833922967   0
0.066944100452713   0.0197550349165556   0.0256233797582896   -0.0114088484757411   0
0.0204071785648972   0.0224639770403953   -0.0465369218878158   0.00270894212383964   0
0.014717712930724   0.0369592994671964   -0.00568946563417318   0.0144953224268011   0
0.0528692561083555   0.0654576925436115   0.0381515431776316   0.0284983930764151   0
0.0282869720475454   0.0377422922487828   -0.0245822840608102   -0.0277154002948287   0
0.0127572093963396   0.0353111776562091   -0.0155297626512058   -0.0024311145925737   0
0.0874045129706609   0.0422269823280984   0.0746473035743213   0.00691580467188936   0
0.0791105749945186   0.0802070727458527   -0.00829393797614238   0.0379800904177543   0
0.0559496704717943   0.0502241488281511   -0.0231609045227243   -0.0299829239177016   0
0.0405131123449987   0.0141886856154343   -0.0154365581267956   -0.0360354632127168   0
0.0553878218418213   0.020302026666122   0.0148747094968226   0.00611334105068769   0
0.0616915102791189   0.0068999831323488   0.00630368843729764   -0.0134020435337732   0
0.0349839973281498   0.00954617692618358   -0.0267075129509691   0.00264619379383478   0
0.133088550501684   0.0357501530199456   0.0981045531735344   0.026203976093762   0
0.129016321667049   0.0249847427598158   -0.00407222883463521   -0.0107654102601298   0
0.0926933655497114   0.0200563398707515   -0.0363229561173376   -0.00492840288906423   0
0.120348142260853   0.0498745440928335   0.0276547767111415   0.0298182042220819   0
0.106186351621119   0.039661910813658   -0.0141617906397344   -0.0102126332791755   0
0.0615762758954053   0.033715869547133   -0.0446100757257132   -0.005946041266525   0
0.108034891906163   0.0825497243157533   0.0464586160107578   0.0488338547686203   0
0.0835902272347049   0.0422108585726294   -0.0244446646714583   -0.0403388657431239   0
0.089521049613529   0.0734862666214974   0.00593082237882417   0.031275408048868   0
0.0764622704197967   0.0728246577040066   -0.0130587791937323   -0.000661608917490841   0
0.121720047412458   0.0839054521386531   0.0452577769926616   0.0110807944346465   0
0.0604286492233316   0.0487268703601905   -0.0612913981891267   -0.0351785817784625   0
0.0916706340040139   0.0584870058587755   0.0312419847806823   0.009760135498585   0
0.0816483750714182   0.0655709004416602   -0.0100222589325957   0.00708389458288466   0
0.112348645845447   0.0840841562726286   0.030700270774029   0.0185132558309683   0
0.0597512786819345   0.0667543173083925   -0.0525973671635127   -0.017329838964236   0
0.121193124466154   0.0791553568985898   0.0614418457842195   0.0124010395901973   0
0.100527282681216   0.065114828389974   -0.0206658417849383   -0.0140405285086158   0
0.124298192770403   0.0874948470077462   0.0237709100891872   0.0223800186177722   0
0.119097814328841   0.0993982011146628   -0.00520037844156164   0.0119033541069166   0
0.110034004223996   0.0791897133455014   -0.00906381010484524   -0.0202084877691614   0
0.231244276264621   0.108692019386301   0.121210272040626   0.0295023060407995   0
0.150642918540666   0.0965841693514183   -0.0806013577239554   -0.0121078500348826   0
0.151283441048113   0.0950994945051191   0.000640522507446645   -0.00148467484629919   0
0.122707909004443   0.0974319432817189   -0.0285755320436696   0.00233244877659977   0
0.0964660674381104   0.083843946293636   -0.0262418415663328   -0.0135879969880829   0
0.153411749749489   0.120655745306506   0.0569456823113791   0.0368117990128697   0
0.0899887365992143   0.0618894731622331   -0.0634230131502752   -0.0587662721442726   0
0.123127093520813   0.0580146650004953   0.033138356921599   -0.0038748081617378   0
0.0952257513837231   0.064623936228471   -0.0279013421370901   0.00660927122797567   0
0.0857131230037322   0.0627512880668687   -0.00951262837999094   -0.00187264816160226   0
0.130588080185378   0.0868329661146427   0.0448749571816456   0.024081678047774   0
0.0727596986608554   0.0521246508903582   -0.0578283815245223   -0.0347083152242844   0
0.126149588607362   0.0898990457773389   0.0533898899465067   0.0377743948869806   0
0.0824995915226752   0.0689036493492463   -0.043649997084687   -0.0209953964280925   0
0.170611009527431   0.0816094720778296   0.0881114180047559   0.0127058227285832   0
0.0756927445417631   0.0564084360716008   -0.094918264985668   -0.0252010360062288   0
0.122574836327086   0.0932736935373022   0.0468820917853228   0.0368652574657014   0
0.0704152487542256   0.0603301426044079   -0.0521595875728603   -0.0329435509328943   0
0.13263426071021   0.0759174051424403   0.0622190119559842   0.0155872625380324   0
0.0753220874468591   0.0619087051819553   -0.0573121732633507   -0.014008699960485   0
0.119446207458749   0.0782879496411539   0.0441241200118895   0.0163792444591986   0
0.0834919287999293   0.0614793581664669   -0.0359542786588192   -0.016808591474687   0
0.096877152852491   0.0760705676049   0.0133852240525617   0.0145912094384331   0
0.100972931894852   0.074232857754658   0.00409577904236101   -0.00183770985024199   0
0.0881491538550168   0.0727163553217586   -0.0128237780398352   -0.00151650243289934   0
0.0653775579560256   0.0422080355819941   -0.0227715958989913   -0.0305083197397645   0
0.0651289437055741   0.0535137907014967   -0.000248614250451445   0.0113057551195026   0
0.0912285626097203   0.0634253347144305   0.0260996189041462   0.00991154401293382   0
0.0599049475388391   0.0403747970092499   -0.0313236150708812   -0.0230505377051806   0
0.0878493208505843   0.0602018273476484   0.0279443733117452   0.0198270303383985   0
0.107608642944081   0.0666302962411976   0.0197593220934967   0.00642846889354919   0
0.0698568650985454   0.0622088345158851   -0.0377517778455356   -0.00442146172531256   0
0.134631858852622   0.0871855502244243   0.0647749937540768   0.0249767157085392   0
0.0827602646683656   0.0813613305869804   -0.0518715941842565   -0.00582421963744389   0
0.138495812705914   0.114802827715783   0.0557355480375488   0.0334414971288023   0
0.0679074442103566   0.0780275502017929   -0.0705883684955578   -0.0367752775139898   0
0.109231597872993   0.0774813250396117   0.0413241536626367   -0.000546225162181113   0
0.0588841959086178   0.080490111793912   -0.0503474019643756   0.00300878675430026   0
0.103353882460148   0.0837461844725132   0.04446968655153   0.00325607267860115   0
0.0570453563087759   0.0706121218092315   -0.0463085261513719   -0.0131340626632817   0
0.0686734097318066   0.0788500387495761   0.0116280534230307   0.00823791694034465   0
