9.1537554e-15   1.39903685e-16   0   0   0
0.0935871012992978   0.021908510029589   0.0935871012992886   0.0219085100295888   0
0.0757986070163335   0.0281821243194119   -0.0177884942829643   0.00627361428982288   0
0.00860188608058387   0.0412988609321685   -0.0671967209357496   0.0131167366127567   0
0.0845819540709685   0.0927575322743337   0.0759800679903846   0.0514586713421651   0
0.106559234039011   0.0790142081883451   0.021977279968042   -0.0137433240859886   0
0.0908329572093147   0.123798333395748   -0.0157262768296959   0.0447841252074032   0
0.0780854196381848   0.0947919974371557   -0.0127475375711299   -0.0290063359585927   0
0.0586998800387443   0.0630145916930387   -0.0193855395994405   -0.031777405744117   0
0.105492057203944   0.141086678100474   0.0467921771651997   0.0780720864074349   0
0.0626378071367665   0.133452129174118   -0.0428542500671776   -0.00763454892635509   0
0.055213182136286   0.149012393190828   -0.00742462500048042   0.0155602640167097   0
0.15638821079039   0.183419044505698   0.101175028654104   0.03440665131487   0
0.048491002648249   0.177094265185744   -0.107897208142141   -0.00632477931995457   0
0.124146648274403   0.164514160816763   0.0756556456261542   -0.012580104368981   0
0.0771961234092357   0.0469846511451155   -0.0469505248651674   -0.117529509671647   0
0.132389500052901   0.0697400915704653   0.0551933766436649   0.0227554404253497   0
0.106589876568603   0.0594332760227357   -0.0257996234842974   -0.0103068155477296   0
0.0847740390295984   0.12658154247009   -0.0218158375390048   0.0671482664473547   0
0.057198190212359   0.124340171853272   -0.0275758488172394   -0.00224137061681809   0
0.0864242530269639   0.191199899802682   0.0292260628146049   0.0668597279494098   0
0.0488911616459595   0.176160034284548   -0.0375330913810044   -0.0150398655181337   0
0.0874121442518145   0.213364407326044   0.038520982605855   0.0372043730414954   0
0.0777479499037298   0.220834035870997   -0.00966419434808465   0.00746962854495339   0
0.0727403176712911   0.239640628091635   -0.00500763223243875   0.0188065922206382   0
0.0857766343011496   0.256773257935264   0.0130363166298585   0.0171326298436288   0
0.0865486003389304   0.264238890059019   0.000771966037780888   0.00746563212375451   0
0.118338331800532   0.274882661739475   0.0317897314616016   0.0106437716804565   0
0.134907908747859   0.257201214898217   0.0165695769473269   -0.0176814468412579   0
0.100290543856341   0.278300094707615   -0.0346173648915178   0.0210988798093975   0
0.10609197389373   0.285884499862791   0.00580143003738838   0.00758440515517622   0
0.135923842421747   0.295718878627418   0.0298318685280176   0.00983437876462701   0
0.185941354250975   0.292563956628585   0.0500175118292281   -0.00315492199883283   0
0.130997258596354   0.259173932310602   -0.0549440956546211   -0.0333900243179826   0
0.0557973227495401   0.174295713565066   -0.075199935846814   -0.0848782187455365   0
0.0651294093868123   0.239886881161548   0.00933208663727218   0.0655911675964816   0
0.0698875558730522   0.298965672422183   0.00475814648623989   0.0590787912606352   0
0.0741960559639606   0.321497637006152   0.00430850009090838   0.0225319645839697   0
0.104062269251773   0.335600500865065   0.0298662132878119   0.0141028638589128   0
0.14326259775219   0.372500054355982   0.0392003285004174   0.0368995534909166   0
0.106664523453507   0.38725299750636   -0.0365980742986834   0.0147529431503778   0
0.0819540147394076   0.377472434989015   -0.024710508714099   -0.00978056251734438   0
0.113772559069264   0.397936867923581   0.0318185443298566   0.0204644329345658   0
0.122263638169802   0.33008131455818   0.00849107910053741   -0.0678555533654009   0
0.130096402907891   0.313295770725497   0.00783276473808912   -0.0167855438326828   0
0.140094571927772   0.33625107607342   0.00999816901988157   0.0229553053479229   0
0.113697408345211   0.357667070325425   -0.0263971635825612   0.0214159942520049   0
0.198577190386885   0.42319432763358   0.0848797820416736   0.0655272573081553   0
0.219959668048279   0.411680624464413   0.0213824776613941   -0.0115137031691671   0
0.194979066645842   0.377381814862706   -0.024980601402437   -0.0342988096017069   0
0.206675649681648   0.390726011539709   0.011696583035806   0.0133441966770032   0
0.236519999984903   0.403587691654208   0.0298443503032553   0.0128616801144982   0
0.259147148997957   0.483101683462478   0.0226271490130539   0.0795139918082702   0
0.288184618658644   0.510835989900498   0.0290374696606871   0.0277343064380198   0
0.21275938297996   0.406900929759952   -0.0754252356786838   -0.103935060140545   0
0.244875427287424   0.353415285905792   0.0321160443074635   -0.0534856438541602   0
0.418229412210028   0.386711423002187   0.173353984922604   0.0332961370963943   0
0.283652304110704   0.397128499428517   -0.134577108099324   0.0104170764263308   0
0.194348337216004   0.263484362007113   -0.0893039668947001   -0.133644137421405   0
0.257550000259793   0.290946503011932   0.0632016630437887   0.0274621410048195   0
0.0782009487369341   0.285508180203165   -0.179349051522859   -0.00543832280876705   0
0.265871994671031   0.28913457623809   0.187671045934097   0.00362639603492476   0
0.264893346708454   0.278609709135936   -0.000978647962576962   -0.0105248671021542   0
0.263846203396987   0.257503215586964   -0.0010471433114671   -0.0211064935489718   0
0.356867151026945   0.270454958488439   0.0930209476299584   0.0129517429014749   0
0.310318271027723   0.272941088964135   -0.0465488799992226   0.00248613047569635   0
0.244442459581553   0.337466964047855   -0.0658758114461694   0.0645258750837195   0
0.323477826122878   0.325317561551436   0.0790353665413244   -0.0121494024964188   0
0.287369456775859   0.355455025962976   -0.0361083693470182   0.0301374644115397   0
0.250173421604207   0.337786748666761   -0.0371960351716527   -0.0176682772962146   0
0.302130860660826   0.266395739484491   0.0519574390566191   -0.0713910091822702   0
0.330675922498027   0.288250660425712   0.0285450618372012   0.0218549209412213   0
