1.4210855e-14   0   0   0   0
0.0170059196731829   0.00960529216734977   0.0170059196731687   0.00960529216734977   0
0.0463784286519617   0.0453424933995682   0.0293725089787788   0.0357372012322184   0
0.0555091357218554   0.0651102007778396   0.00913070706989369   0.0197677073782713   0
0.036620469291245   0.0373811194624003   -0.0188886664306104   -0.0277290813154393   0
0.0521662060426078   0.0321184057476255   0.0155457367513628   -0.00526271371477476   0
0.098034414938912   0.0650971729087872   0.0458682088963042   0.0329787671611616   0
0.122566301486629   0.0745763189062623   0.0245318865477169   0.00947914599747517   0
0.0880707497955087   0.0518855074678574   -0.0344955516911202   -0.022690811438405   0
0.0786046416501382   0.0522217718999986   -0.00946610814537047   0.000336264432141256   0
0.0718862869057059   0.0541362589458767   -0.00671835474443234   0.00191448704587809   0
0.0508691803633826   0.0347396456720019   -0.0210171065423232   -0.0193966132738748   0
0.0609085978143813   0.0334804003868777   0.0100394174509987   -0.00125924528512422   0
0.0653177426268933   0.0376506273394898   0.00440914481251201   0.00417022695261213   0
0.0644218834127531   0.0357825940534196   -0.000895859214140218   -0.00186803328607021   0
0.0705843094384054   0.0455188368691207   0.0061624260256523   0.00973624281570117   0
0.0653493869350527   0.0428151726529957   -0.00523492250335271   -0.00270366421612506   0
0.0710469032645586   0.0553676190848725   0.00569751632950595   0.0125524464318768   0
0.0708137880473566   0.0527429318510595   -0.00023311521720204   -0.002624687233813   0
0.0921551148026232   0.0780359448484251   0.0213413267552666   0.0252930129973657   0
0.0958017888314826   0.0625148975197823   0.00364667402885946   -0.0155210473286428   0
0.0971562263970002   0.0650251392265743   0.00135443756551758   0.002510241706792   0
0.090642243915565   0.0596795869155497   -0.00651398248143524   -0.00534555231102466   0
0.0880909522087842   0.0478147810259868   -0.00255129170678074   -0.0118648058895629   0
0.085872830495502   0.0561038095680409   -0.00221812171328224   0.00828902854205407   0
0.0859113868212592   0.0512813422927447   3.8556325757208e-05   -0.00482246727529615   0
0.118879295019788   0.0484428629602112   0.0329679081985292   -0.00283847933253353   0
0.102588131624331   0.0521287672369694   -0.0162911633954574   0.00368590427675818   0
0.0788610215929197   0.0637943385466087   -0.0237271100314112   0.0116655713096393   0
0.0861196764489877   0.0669872376870012   0.00725865485606798   0.00319289914039257   0
0.0900381698915527   0.0809600991993215   0.00391849344256506   0.0139728615123203   0
0.111566965181745   0.0739695332336802   0.021528795290192   -0.00699056596564133   0
0.114541061390782   0.0760990548154782   0.00297409620903748   0.00212952158179804   0
0.110829741786628   0.0905975381763604   -0.00371131960415386   0.0144984833608822   0
0.0967247242930068   0.104183312578235   -0.0141050174936215   0.0135857744018748   0
0.105721057264274   0.0994657934970795   0.00899633297126698   -0.00471751908115568   0
0.110124321274669   0.096919942909816   0.00440326401039515   -0.00254585058726353   0
0.110232437099882   0.0996970693694352   0.000108115825212848   0.00277712645961922   0
0.118096823088854   0.115886322386105   0.00786438598897259   0.0161892530166695   0
0.118713619885213   0.105678586011772   0.000616796796358621   -0.0102077363743329   0
0.117174033840498   0.0998731714025905   -0.00153958604471484   -0.00580541460918135   0
0.11571222137618   0.117100733759429   -0.00146181246431831   0.017227562356839   0
0.116981136231777   0.117657947920393   0.00126891485559745   0.00055721416096377   0
0.109691558525984   0.116730758110061   -0.00728957770579333   -0.000927189810332185   0
0.116455933608017   0.111740527039362   0.00676437508203269   -0.00499023107069876   0
0.125761430016543   0.116856423589482   0.00930549640852654   0.00511589655011982   0
0.13018970825481   0.14262855192308   0.00442827823826708   0.0257721283335977   0
0.121699574871363   0.132348890037451   -0.00849013338344776   -0.0102796618856288   0
0.12146594602455   0.124697512835838   -0.00023362884681212   -0.00765137720161317   0
0.150782794960398   0.164079796603149   0.0293168489358474   0.0393822837673113   0
0.148736104799965   0.141479236722247   -0.00204669016043316   -0.022600559880902   0
0.146614805678223   0.14698121987664   -0.00212129912174133   0.00550198315439326   0
0.149410893130592   0.157919813573495   0.00279608745236906   0.0109385936968548   0
0.14850534286923   0.149736735730923   -0.000905550261362298   -0.00818307784257172   0
0.149548026601381   0.181700876146352   0.00104268373215083   0.0319641404154286   0
0.25752614732734   0.172179377164796   0.107978120725959   -0.00952149898155608   0
0.312829717606462   0.193313370029335   0.0553035702791219   0.021133992864539   0
0.213079258086449   0.205543863759854   -0.0997504595200121   0.0122304937305186   0
0.208087982391899   0.223082178704048   -0.0049912756945508   0.0175383149441946   0
0.222303029258643   0.229964835761933   0.0142150468667445   0.00688265705788493   0
0.191487485680233   0.215935081409239   -0.0308155435784106   -0.0140297543526941   0
0.205580969628898   0.240371344804644   0.0140934839486657   0.0244362633954047   0
0.19672295957875   0.238201208777207   -0.00885801005014819   -0.00217013602743663   0
0.179440717540325   0.229604332049245   -0.0172822420384248   -0.00859687672796203   0
0.203391657969938   0.250897957867106   0.0239509404296131   0.0212936258178606   0
0.21742884474449   0.238905029047163   0.0140371867745514   -0.0119929288199426   0
0.241572516676009   0.259514854790837   0.0241436719315195   0.0206098257436741   0
0.232330487957217   0.252171935602433   -0.00924202871879254   -0.00734291918840374   0
0.232226867406787   0.258006489425549   -0.000103620550429478   0.00583455382311576   0
0.242638835455781   0.261166272190274   0.0104119680489935   0.00315978276472512   0
0.234952115575293   0.263064654299554   -0.00768671988048808   0.0018983821092794   0
0.229869709014216   0.260672416807389   -0.00508240656107692   -0.00239223749216438   0
0.226980072306626   0.265676788408023   -0.00288963670758943   0.00500437160063344   0
0.237451948503754   0.283645297609059   0.0104718761971278   0.0179685092010362   0
0.250100616681844   0.302878927877276   0.01264866817809   0.0192336302682174   0
0.230583469663808   0.295118935116461   -0.0195171470180365   -0.0077599927608154   0
0.244651854094746   0.297635562024092   0.0140683844309387   0.0025166269076316   0
0.253753442389792   0.296387786371534   0.00910158829504557   -0.00124777565255796   0
0.274024133627389   0.303233764219353   0.0202706912375975   0.00684597784781898   0
0.277262468463188   0.309361910111579   0.00323833483579905   0.0061281458922256   0
