1.1388874e-14   3.8518599e-32   0   0   0
0.055142201028462   0.0313864918174991   0.0551422010284507   0.0313864918174991   0
0.0407975494145029   0.0172099134017934   -0.0143446516139591   -0.0141765784157057   0
0.0407165712354044   0.0172767498525181   -8.0978179098537e-05   6.68364507246215e-05   0
0.0688479022356888   0.0345142947663624   0.0281313310002844   0.0172375449138443   0
0.0517745470621284   0.0332252423137781   -0.0170733551735604   -0.00128905245258426   0
0.0829953275547718   0.0462995874229532   0.0312207804926434   0.0130743451091751   0
0.0928235194953361   0.0618955956706198   0.00982819194056425   0.0155960082476666   0
0.101966360458215   0.0621084629429575   0.00914284096287865   0.000212867272337686   0
0.110997533059076   0.056874391757868   0.00903117260086116   -0.0052340711850895   0
0.106816424471263   0.0587455804878265   -0.00418110858781336   0.0018711887299585   0
0.109678642238826   0.0653169752205224   0.00286221776756389   0.00657139473269591   0
0.0935068578127845   0.0429696012912308   -0.0161717844260419   -0.0223473739292916   0
0.0945084137714932   0.0525434059579071   0.00100155595870872   0.00957380466667625   0
0.122701746681263   0.0696153884736859   0.0281933329097695   0.0170719825157788   0
0.153649338378489   0.0768071049308751   0.0309475916972265   0.00719171645718926   0
0.170828366963006   0.086534507700845   0.0171790285845167   0.00972740276996986   0
0.144325216103791   0.0975237836853508   -0.0265031508592153   0.0109892759845058   0
0.0832811516804566   0.0677733298039271   -0.0610440644233339   -0.0297504538814237   0
0.0997452508742437   0.0617169954718836   0.016464099193787   -0.00605633433204354   0
0.0987664571795839   0.0549172509509988   -0.00097879369465971   -0.00679974452088476   0
0.104968746574976   0.0606747338040635   0.00620228939539165   0.00575748285306468   0
0.118398487570116   0.0620937149466775   0.0134297409951401   0.00141898114261394   0
0.121415927657398   0.0506059268472881   0.00301744008728276   -0.0114877880993893   0
0.117720366013922   0.0672744071873229   -0.00369556164347606   0.0166684803400348   0
0.0975392979629588   0.074094934304559   -0.0201810680509636   0.00682052711723609   0
0.108005055766985   0.0632156506604542   0.0104657578040262   -0.0108792836441047   0
0.132043625432291   0.0639248303339248   0.0240385696653058   0.00070917967347052   0
0.124929200231133   0.0772587334506859   -0.0071144252011575   0.0133339031167611   0
0.149974484887411   0.0762433273525491   0.0250452846562781   -0.00101540609813677   0
0.136969111951243   0.0631943430532127   -0.0130053729361686   -0.0130489842993364   0
0.147353411431794   0.0906425969871039   0.0103842994805517   0.0274482539338913   0
0.148245351955644   0.0941601614955264   0.000891940523849194   0.00351756450842247   0
0.14494661448296   0.0793465922163223   -0.00329873747268411   -0.0148135692792041   0
0.149430640293862   0.0967796213773155   0.00448402581090232   0.0174330291609932   0
0.122394813406424   0.0928704603716524   -0.0270358268874381   -0.00390916100566312   0
0.128099225066821   0.0876880461101651   0.00570441166039712   -0.00518241426148724   0
0.141933866226969   0.0786510794463466   0.0138346411601478   -0.00903696666381854   0
0.169149755400871   0.105086681536706   0.0272158891739022   0.0264356020903598   0
0.169661429877232   0.116875956173797   0.000511674476360913   0.0117892746370902   0
0.146709359154395   0.106413261293218   -0.0229520707228369   -0.0104626948805789   0
0.181367478799144   0.1163694397838   0.0346581196447489   0.0099561784905826   0
0.201956076528572   0.131396008738105   0.0205885977294282   0.0150265689543043   0
0.20694642323949   0.119094714769483   0.00499034671091814   -0.0123012939686214   0
0.218588008636912   0.134804703910488   0.0116415853974222   0.0157099891410049   0
0.217434335426075   0.13520404048621   -0.00115367321083734   0.000399336575721804   0
0.203234057081923   0.129702570587417   -0.0142002783441519   -0.00550146989879291   0
0.205741091955008   0.138998462778457   0.00250703487308462   0.00929589219104013   0
0.181733165354531   0.129637364132773   -0.0240079266004763   -0.00936109864568418   0
0.180205401061732   0.122891045459457   -0.00152776429279902   -0.00674631867331629   0
0.188101805925765   0.118769628660544   0.0078964048640329   -0.00412141679891254   0
0.254058069024893   0.136378832741659   0.065956263099128   0.0176092040811145   0
0.228090994539016   0.126245569527757   -0.0259670744858775   -0.0101332632139011   0
0.212718595515976   0.135348343706189   -0.0153723990230394   0.00910277417843144   0
0.228689818649194   0.14294083934337   0.0159712231332178   0.00759249563718156   0
0.238203514192902   0.143141451429429   0.0095136955437079   0.000200612086058455   0
0.245809723552589   0.142180465883567   0.0076062093596867   -0.000960985545861798   0
0.254429650617965   0.135915344194772   0.00861992706537582   -0.00626512168879503   0
0.265789068335512   0.150905179145085   0.0113594177175476   0.0149898349503125   0
0.264629406581534   0.147017088300499   -0.0011596617539783   -0.00388809084458533   0
0.26892460051815   0.159200858680084   0.0042951939366157   0.0121837703795853   0
0.271801601048796   0.163676165898965   0.00287700053064677   0.00447530721888004   0
0.28870250568301   0.161592280816828   0.0169009046342138   -0.00208388508213692   0
0.297437443815053   0.188750943742846   0.00873493813204268   0.027158662926018   0
0.29637591584455   0.180680673886224   -0.00106152797050252   -0.00807026985662157   0
0.289067075016923   0.178171544497124   -0.00730884082762734   -0.00250912938910006   0
0.296926766013202   0.170691040805464   0.0078596909962787   -0.00748050369165973   0
0.268456448209276   0.16711121243681   -0.0284703178039256   -0.00357982836865386   0
0.26869548425732   0.185848142283869   0.000239036048043761   0.0187369298470582   0
0.268856630365464   0.184507986240995   0.000161146108143939   -0.00134015604287374   0
0.288102972863816   0.201462337237035   0.0192463424983524   0.0169543509960402   0
0.280148764703362   0.199915082791845   -0.00795420816045395   -0.00154725444518986   0
0.287275612399942   0.213460711350865   0.0071268476965799   0.0135456285590196   0
0.320231026821309   0.221122830630091   0.0329554144213673   0.00766211927922664   0
0.315417040848921   0.214769776844557   -0.00481398597238825   -0.00635305378553461   0
0.293499282740162   0.209013330320942   -0.0219177581087593   -0.00575644652361457   0
0.292146287440182   0.207815386254581   -0.00135299529998018   -0.00119794406636123   0
0.28774035267126   0.190544396709086   -0.00440593476892193   -0.0172709895454949   0
0.31412794317518   0.232412636506238   0.0263875905039205   0.0418682397971514   0
