1.0448691e-14   7.6469085e-50   0   0   0
0.0356245593551232   0.00919937600277135   0.0356245593551128   0.00919937600277135   0
0.0297511094060208   0.0168503702186488   -0.00587344994910248   0.00765099421587747   0
0.0373037096481835   0.0253249453811785   0.00755260024216279   0.00847457516252972   0
0.0230304660829407   0.0271606795799067   -0.0142732435652428   0.00183573419872816   0
0.0349033124318714   0.0426574354680446   0.0118728463489306   0.0154967558881379   0
0.0625752998973572   0.0591701147211401   0.0276719874654858   0.0165126792530955   0
0.0642176111879141   0.0680233501704716   0.00164231129055692   0.00885323544933151   0
0.045902280413905   0.0712525750602354   -0.0183153307740091   0.00322922488976378   0
0.0467072230567527   0.0595325489968176   0.000804942642847709   -0.0117200260634179   0
0.0594760726849182   0.089321361744762   0.0127688496281655   0.0297888127479445   0
0.0582682660715095   0.0669633030325865   -0.00120780661340866   -0.0223580587121756   0
0.0630653139097418   0.0711956742732487   0.00479704783823225   0.00423237124066225   0
0.0706734171378415   0.06946207466   0.00760810322809978   -0.00173359961324875   0
0.0849281322189341   0.0848823885901148   0.0142547150810925   0.0154203139301149   0
0.0909726577904233   0.0785917484504625   0.0060445255714892   -0.00629064013965237   0
0.0882860370602232   0.0861353491507517   -0.00268662073020007   0.00754360070028919   0
0.0965598933755345   0.0708274157842265   0.00827385631531133   -0.0153079333665252   0
0.0973003690490847   0.0906749307711521   0.000740475673550164   0.0198475149869256   0
0.105238374576011   0.101888901243867   0.00793800552692606   0.011213970472715   0
0.108538366829441   0.0990698331026747   0.00329999225343007   -0.00281906814119239   0
0.105988915103405   0.0929227822697538   -0.00254945172603552   -0.0061470508329209   0
0.0962897657210515   0.0796792401132504   -0.00969914938235378   -0.0132435421565035   0
0.0983158195991468   0.0985584510052051   0.00202605387809528   0.0188792108919548   0
0.106070839439407   0.111210663979774   0.00775501984026038   0.0126522129745686   0
0.119501010039349   0.145974824347846   0.0134301705999415   0.0347641603680723   0
0.128206586216017   0.143190500552413   0.00870557617666864   -0.00278432379543317   0
0.155384567296677   0.131588212702882   0.0271779810806598   -0.0116022878495313   0
0.159882505230494   0.143550562601282   0.00449793793381673   0.0119623498984001   0
0.166966387107638   0.168334633481509   0.00708388187714368   0.0247840708802271   0
0.189193126987699   0.191200528732566   0.0222267398800616   0.0228658952510577   0
0.194233696117648   0.197074454160361   0.00504056912994852   0.00587392542779419   0
0.206124965412297   0.19727998082629   0.011891269294649   0.000205526665929184   0
0.197678585315344   0.223535397581347   -0.00844638009695273   0.0262554167550567   0
0.212187575219092   0.239830536704588   0.0145089899037478   0.0162951391232416   0
0.237370991624089   0.255981785799524   0.0251834164049974   0.0161512490949363   0
0.254050899198445   0.254018073672364   0.0166799075743559   -0.00196371212716034   0
0.260466435868542   0.263155403254864   0.0064155366700967   0.00913732958250019   0
0.266135120631651   0.273383894001369   0.00566868476310894   0.0102284907465052   0
0.264059682116076   0.288930128856325   -0.0020754385155749   0.0155462348549555   0
0.271273193543918   0.277181390543503   0.00721351142784177   -0.0117487383128221   0
0.26790594413396   0.266127130152756   -0.00336724940995742   -0.0110542603907473   0
0.253347448184459   0.261198626339144   -0.0145584959495007   -0.00492850381361187   0
0.253700202667866   0.259269792265712   0.000352754483406159   -0.00192883407343147   0
0.27586035508901   0.292308230045938   0.0221601524211442   0.0330384377802259   0
0.287659570766302   0.321013016657151   0.0117992156772919   0.0287047866112134   0
0.293532587080195   0.323186469692035   0.00587301631389348   0.0021734530348837   0
0.270398636384145   0.301705162216118   -0.0231339506960506   -0.0214813074759168   0
0.290155560206674   0.335994137195783   0.019756923822529   0.0342889749796645   0
0.304613846417515   0.3472820966019   0.0144582862108412   0.0112879594061175   0
0.315912006118475   0.369960862382163   0.0112981597009605   0.0226787657802627   0
0.329599776661219   0.373521557703715   0.0136877705427439   0.00356069532155212   0
0.339855418219958   0.388250046931159   0.0102556415587388   0.0147284892274433   0
0.345810470569723   0.428568412686548   0.00595505234976551   0.0403183657553891   0
0.368797971188541   0.434844241076929   0.0229875006188172   0.0062758283903811   0
0.363427547508191   0.40280656405465   -0.00537042368035012   -0.0320376770222792   0
0.368700194981897   0.405624796038029   0.00527264747370648   0.00281823198337938   0
0.362610601128829   0.415593365210983   -0.00608959385306768   0.00996856917295441   0
0.381240587944617   0.442117526447058   0.0186299868157873   0.0265241612360749   0
0.391370701109693   0.443157009474619   0.0101301131650761   0.00103948302756068   0
0.379571996468589   0.407771565971072   -0.0117987046411036   -0.0353854435035467   0
0.393559026055184   0.412484800637155   0.0139870295865949   0.00471323466608253   0
0.385907758907752   0.430651529743958   -0.00765126714743264   0.0181667291068033   0
0.403097797208034   0.433867294002919   0.0171900383002821   0.00321576425896075   0
0.418214042484667   0.455670487467345   0.0151162452766331   0.0218031934644259   0
0.418653689153435   0.438899640310678   0.000439646668768168   -0.0167708471566666   0
0.394723967444454   0.432329171497659   -0.0239297217089813   -0.00657046881301893   0
0.391187671490877   0.439828913387994   -0.00353629595357685   0.00749974189033464   0
0.387845480962764   0.440921586107798   -0.0033421905281123   0.00109267271980396   0
0.403540380138806   0.449910695605143   0.0156948991760421   0.00898910949734555   0
0.415717365498036   0.467394596828739   0.0121769853592292   0.0174839012235957   0
0.407145640632048   0.465038614843781   -0.00857172486598745   -0.00235598198495857   0
0.425443976546909   0.50097696291713   0.0182983359148605   0.0359383480733497   0
0.438115094520677   0.524434137646444   0.0126711179737688   0.0234571747293136   0
0.446277973992769   0.522268175568861   0.00816287947209154   -0.00216596207758335   0
0.475302829121005   0.565869528820607   0.0290248551282357   0.043601353251747   0
0.488399271579823   0.583682271923515   0.0130964424588187   0.0178127431029076   0
0.490641382620338   0.61175081365103   0.00224211104051464   0.0280685417275147   0
0.520057433238926   0.602309927923702   0.029416050618588   -0.00944088572732793   0
0.492654702747199   0.561450231485262   -0.0274027304917274   -0.0408596964384398   0
0.662449360004486   0.586784504176927   0.169794657257287   0.0253342726916647   0
0.548128769010346   0.60010487752988   -0.11432059099414   0.0133203733529534   0
