1.07845064228998e-14   4.66533585e-16   0   0   0
0.116710888430036   0.142830824664958   0.116710888430025   0.142830824664957   0
0.0568048732211384   0.077693398938981   -0.0599060152088977   -0.0651374257259767   0
0.135138338438332   0.15095884298586   0.0783334652171936   0.073265444046879   0
0.109875521714942   0.118580745174199   -0.0252628167233901   -0.0323780978116609   0
0.0769223229631621   0.108908052181185   -0.0329531987517797   -0.00967269299301365   0
0.0589965762293181   0.105354548625957   -0.017925746733844   -0.00355350355522832   0
0.0650577773761235   0.0886512203981177   0.00606120114680535   -0.0167033282278393   0
0.0660584832749271   0.0770596001857279   0.00100070589880358   -0.0115916202123898   0
0.0682174654642482   0.0951760395396469   0.0021589821893211   0.018116439353919   0
0.0555422071811723   0.0904457290307548   -0.0126752582830759   -0.00473031050889205   0
0.0665882585251276   0.0798806920727547   0.0110460513439553   -0.0105650369580002   0
0.0650691802805843   0.0797860383522288   -0.00151907824454325   -9.46537205258613e-05   0
0.082464112790273   0.0751482465401899   0.0173949325096887   -0.0046377918120389   0
0.0522865626325429   0.0684517512305677   -0.0301775501577302   -0.00669649530962216   0
0.0604845826923172   0.0581545510112076   0.00819802005977431   -0.0102972002193601   0
0.0691009396162748   0.0700988467460865   0.00861635692395767   0.0119442957348789   0
0.0988258665578477   0.0953747012708333   0.0297249269415728   0.0252758545247468   0
0.074734174337909   0.113439269396655   -0.0240916922199387   0.0180645681258219   0
0.0665443815707487   0.069342063928397   -0.00818979276716035   -0.0440972054682582   0
0.0888708264596749   0.0797363289655062   0.0223264448889263   0.0103942650371092   0
0.103208835479798   0.0469577134650544   0.0143380090201234   -0.0327786155004518   0
0.0992636782223864   0.0487007504013962   -0.00394515725741193   0.0017430369363418   0
0.167019176687684   0.117305694170923   0.0677554984652977   0.0686049437695264   0
0.110804800370864   0.0891514339085708   -0.0562143763168198   -0.0281542602623518   0
0.114592231325826   0.130253214595528   0.00378743095496215   0.0411017806869573   0
0.0750096669240552   0.0972122112244824   -0.0395825644017712   -0.0330410033710457   0
0.0928638020841711   0.0901287273978745   0.0178541351601159   -0.00708348382660792   0
0.101606177477758   0.085837252925853   0.00874237539358662   -0.00429147447202144   0
0.102482173698099   0.0919827055198944   0.000875996220341388   0.00614545259404138   0
0.15923032186318   0.117237509438676   0.0567481481650809   0.025254803918782   0
0.145768454416363   0.128153836387525   -0.0134618674468173   0.0109163269488486   0
0.143399854629824   0.121845886499144   -0.00236859978653903   -0.00630794988838126   0
0.14512437714678   0.136631653610988   0.00172452251695676   0.0147857671118446   0
0.157859356342064   0.144507052438089   0.0127349791952841   0.00787539882710014   0
0.161395333940726   0.131842278940234   0.00353597759866187   -0.0126647734978542   0
0.15244996062294   0.145685450156423   -0.0089453733177863   0.0138431712161884   0
0.165233837365941   0.140340257203584   0.0127838767430013   -0.00534519295283883   0
0.181320030563962   0.155366964687363   0.0160861931980207   0.0150267074837791   0
0.176587612394949   0.155472175589204   -0.00473241816901315   0.000105210901840486   0
0.226931170568368   0.193359301904261   0.0503435581734195   0.0378871263150579   0
0.164405687152806   0.19828762737106   -0.0625254834155621   0.00492832546679853   0
0.154595730853429   0.200875385167603   -0.00980995629937684   0.00258775779654341   0
0.170337676953408   0.223633070374285   0.0157419460999782   0.0227576852066816   0
0.160183545341728   0.193180755642101   -0.0101541316116799   -0.030452314732184   0
0.178775664972077   0.202744064499128   0.0185921196303488   0.00956330885702708   0
0.180501177077774   0.200167419643491   0.00172551210569724   -0.00257664485563736   0
0.201355875505823   0.209125640159543   0.0208546984280487   0.00895822051605263   0
0.206527353230125   0.214870716730112   0.0051714777243029   0.00574507657056841   0
0.227920740246042   0.237914941200938   0.0213933870159166   0.0230442244708259   0
0.229506858983397   0.251668743120373   0.00158611873735523   0.0137538019194356   0
0.202517672258337   0.236066618544161   -0.0269891867250599   -0.0156021245762127   0
0.182071963422069   0.21521716854497   -0.0204457088362685   -0.020849449999191   0
0.185900600824295   0.220072173995619   0.00382863740222628   0.00485500545064993   0
0.200473056604068   0.236885701842157   0.0145724557797726   0.0168135278465376   0
0.217884536778673   0.23364864729395   0.0174114801746055   -0.00323705454820747   0
0.207030824809464   0.226332180603259   -0.0108537119692093   -0.00731646669069094   0
0.21789595880816   0.198786871662207   0.0108651339986963   -0.0275453089410518   0
0.202990833145187   0.20067650918329   -0.0149051256629731   0.00188963752108345   0
0.190169792059519   0.215449499910361   -0.0128210410856687   0.0147729907270711   0
0.179226684164195   0.218138659527672   -0.0109431078953231   0.00268915961731084   0
0.191993901033817   0.215177233004785   0.012767216869622   -0.00296142652288731   0
0.201411560337471   0.220454980169426   0.00941765930365374   0.00527774716464102   0
0.192223289544598   0.217693934312585   -0.00918827079287313   -0.00276104585684109   0
0.185966251180819   0.202126744610406   -0.00625703836377908   -0.015567189702179   0
0.175739969879612   0.224367735649706   -0.0102262813012071   0.0222409910392998   0
0.201975329681266   0.230561139834859   0.0262353598016538   0.0061934041851531   0
0.180077173656505   0.179991455988775   -0.0218981560247604   -0.0505696838460836   0
