0   0   0   0   0
0.0534232957443323   0.0997566883413701   0.0534232957443323   0.0997566883413701   0
0.0520808384397945   0.0592346712030985   -0.00134245730453772   -0.0405220171382716   0
0.0430908032853267   0.066393582683688   -0.00899003515446783   0.00715891148058955   0
0.0535057782687649   0.0734589155839875   0.0104149749834382   0.00706533290029945   0
0.0706103000291957   0.080407224641646   0.0171045217604308   0.00694830905765853   0
0.0643974040881729   0.106011234409042   -0.00621289594102276   0.0256040097673961   0
0.0799264129618336   0.129842212175537   0.0155290088736607   0.0238309777664944   0
0.0522113899788659   0.136338050142213   -0.0277150229829677   0.00649583796667688   0
0.0875537644548356   0.147726310310031   0.0353423744759697   0.0113882601678172   0
0.0964716252778341   0.150227995444209   0.00891786082299845   0.00250168513417862   0
0.0918639240751312   0.16384085092872   -0.00460770120270292   0.0136128554845109   0
0.0721131748165086   0.149750696728389   -0.0197507492586225   -0.0140901542003316   0
0.099740689077562   0.160204183680859   0.0276275142610534   0.0104534869524702   0
0.079673109869494   0.184118637432705   -0.020067579208068   0.0239144537518457   0
0.0528266527825393   0.157436631652919   -0.0268464570869547   -0.0266820057797854   0
0.0561743161660093   0.145267164495546   0.00334766338346994   -0.0121694671573727   0
0.0538776573610325   0.131732862440016   -0.00229665880497676   -0.0135343020555304   0
0.0715876304967954   0.148678807050465   0.0177099731357629   0.0169459446104492   0
0.0597109385784496   0.161383923757203   -0.0118766919183459   0.0127051167067377   0
0.0575173943298678   0.167122664748889   -0.00219354424858179   0.00573874099168628   0
0.0427475792863106   0.155246483322668   -0.0147698150435572   -0.0118761814262217   0
0.0545127249686907   0.164248034341233   0.0117651456823801   0.00900155101856495   0
0.0536819505419548   0.183200110423685   -0.000830774426735861   0.0189520760824524   0
0.0419487487077116   0.17824652172107   -0.0117332018342432   -0.00495358870261525   0
0.0567557968230691   0.178149029222727   0.0148070481153576   -9.74924983430936e-05   0
0.0600854014416858   0.173545583285119   0.00332960461861664   -0.00460344593760761   0
0.0463263341638851   0.163285616294257   -0.0137590672778006   -0.0102599669908622   0
0.0647306343050279   0.176000381966116   0.0184043001411428   0.0127147656718589   0
0.0845341504662498   0.187263309568492   0.0198035161612219   0.0112629276023762   0
0.0655226154346167   0.174003015315684   -0.0190115350316331   -0.0132602942528084   0
0.064235436005309   0.19165292033585   -0.00128717942930766   0.0176499050201666   0
0.0702044212961042   0.178355187021169   0.00596898529079522   -0.013297733314681   0
0.0637554687128716   0.203994144043482   -0.00644895258323264   0.025638957022313   0
0.0547354377761715   0.208589616802923   -0.0090200309367001   0.00459547275944086   0
0.0426198625458682   0.18546829337648   -0.0121155752303033   -0.0231213234264432   0
0.0612302979196221   0.209341157523879   0.0186104353737539   0.023872864147399   0
0.0543724161133534   0.207336513608712   -0.0068578818062687   -0.00200464391516691   0
0.0590153318688753   0.200696440809966   0.00464291575552188   -0.00664007279874604   0
0.0700069525630353   0.202201660501113   0.01099162069416   0.00150521969114736   0
0.0804449833515852   0.209489721504672   0.0104380307885499   0.00728806100355886   0
0.0654908122430799   0.200864304923236   -0.0149541711085053   -0.00862541658143634   0
0.0525080426684774   0.195981807639814   -0.0129827695746025   -0.00488249728342169   0
0.0467877581244684   0.197832600111297   -0.00572028454400896   0.00185079247148298   0
0.0549605079524712   0.196140938788744   0.00817274982800278   -0.00169166132255325   0
0.0565209087613577   0.200661262161478   0.00156040080888647   0.00452032337273439   0
0.0719709351445599   0.213117391799131   0.0154500263832022   0.0124561296376529   0
0.0483808222774774   0.206624870171278   -0.0235901128670825   -0.0064925216278536   0
0.0659049922328891   0.231319225984317   0.0175241699554118   0.024694355813039   0
0.0493245659790054   0.210136805533874   -0.0165804262538837   -0.0211824204504428   0
0.0521518568713687   0.204466724243319   0.00282729089236328   -0.00567008129055457   0
0.05350627245637   0.213479218921505   0.00135441558500133   0.00901249467818607   0
0.0769204498977205   0.212335819818581   0.0234141774413505   -0.00114339910292399   0
0.0482292919116351   0.225482934322643   -0.0286911579860854   0.0131471145040619   0
0.0924169633560148   0.209748522021601   0.0441876714443797   -0.0157344123010425   0
0.0556635354104404   0.220158070916712   -0.0367534279455743   0.0104095488951117   0
0.0710717160198228   0.236045286484389   0.0154081806093824   0.0158872155676769   0
0.0691552390084465   0.233685463652955   -0.00191647701137632   -0.00235982283143421   0
0.0760115676963011   0.232362223113635   0.00685632868785464   -0.00132324053932018   0
0.0785544842776564   0.234857075209032   0.00254291658135528   0.00249485209539704   0
0.0655363257961282   0.229608697927001   -0.0130181584815282   -0.00524837728203109   0
0.0685826356746047   0.236437045484765   0.00304630987847658   0.00682834755776404   0
0.0587455663599534   0.21398832834554   -0.00983706931465129   -0.0224487171392252   0
0.0578646555047317   0.217914478539862   -0.000880910855221712   0.00392615019432199   0
0.0605343539584162   0.210682564974811   0.0026696984536845   -0.00723191356505043   0
0.0651164020265745   0.222715354898864   0.00458204806815825   0.0120327899240529   0
0.0951982202997764   0.223528684686466   0.030081818273202   0.000813329787601819   0
0.116281723455992   0.190595791743884   0.0210835031562155   -0.0329328929425823   0
0.097002926450068   0.208850507894067   -0.0192787970059239   0.0182547161501832   0
0.151849247665294   0.194044491429512   0.0548463212152259   -0.0148060164645544   0
