0   0   0   0   0
0.052664896302519   0.0427210049625604   0.052664896302519   0.0427210049625604   0
0.042828738179647   0.027346881412978   -0.00983615812287195   -0.0153741235495824   0
0.049263838769502   0.0396426037406204   0.006435100589855   0.0122957223276424   0
0.0575078548112081   0.0504992227605896   0.00824401604170611   0.0108566190199691   0
0.056828934765603   0.0587524396754764   -0.000678920045605158   0.00825321691488684   0
0.0609967825051659   0.0604100962211733   0.00416784773956293   0.00165765654569689   0
0.0506544497353571   0.0617055933611812   -0.0103423327698088   0.00129549714000789   0
0.0566762439172383   0.0707444877327885   0.00602179418188121   0.00903889437160726   0
0.0631900336415089   0.0779364150654117   0.00651378972427064   0.00719192733262319   0
0.0663881213218786   0.0709978585864006   0.00319808768036962   -0.00693855647901111   0
0.0626367431964664   0.0723688367663276   -0.00375137812541222   0.0013709781799271   0
0.0792177622918517   0.0940918355235567   0.0165810190953853   0.021722998757229   0
0.0790996475569368   0.0892016105452015   -0.00011811473491484   -0.00489022497835521   0
0.0679990389367736   0.0906266724379947   -0.0111006086201632   0.00142506189279321   0
0.0967424592131206   0.107586627044204   0.028743420276347   0.0169599546062092   0
0.089282941391847   0.0950930065157502   -0.00745951782127365   -0.0124936205284537   0
0.0814464587785772   0.109251350361195   -0.00783648261326975   0.0141583438454445   0
0.0766333218527304   0.095579860013424   -0.00481313692584677   -0.0136714903477708   0
0.0752747022396785   0.0943045850384613   -0.00135861961305199   -0.00127527497496267   0
0.0994955659520638   0.120511489711818   0.0242208637123854   0.0262069046733565   0
0.0804183411076417   0.103055729824742   -0.0190772248444221   -0.0174557598870761   0
0.0892049407909191   0.100131957716296   0.00878659968327736   -0.00292377210844535   0
0.0886556971227033   0.100330979799402   -0.000549243668215738   0.000199022083105529   0
0.103769258146243   0.100545324539895   0.0151135610235396   0.000214344740493394   0
0.123782893244042   0.115796138518817   0.0200136350977992   0.0152508139789219   0
0.103633191283419   0.108126678079365   -0.0201497019606228   -0.00766946043945214   0
0.0964188508260493   0.107782524519495   -0.00721434045737007   -0.000344153559870164   0
0.11732671309772   0.114730667420277   0.0209078622716709   0.00694814290078188   0
0.101434085554374   0.107121093794635   -0.015892627543346   -0.00760957362564128   0
0.123364685677043   0.112228114575915   0.0219306001226687   0.00510702078127911   0
0.118034657768736   0.108105925892513   -0.00533002790830667   -0.00412218868340189   0
0.113785489750315   0.115791647973849   -0.00424916801842122   0.00768572208133653   0
0.144080378587849   0.140018964107432   0.030294888837534   0.0242273161335825   0
0.149385736009825   0.129753950700711   0.00530535742197635   -0.0102650134067209   0
0.157320950067208   0.138238903932081   0.00793521405738284   0.00848495323137033   0
0.135096165724769   0.128082558673544   -0.0222247843424395   -0.0101563452585371   0
0.143908991790476   0.128824022627517   0.00881282606570766   0.000741463953972538   0
0.149530904093428   0.141580747022285   0.00562191230295134   0.0127567243947683   0
0.15645639400604   0.14137506455442   0.0069254899126121   -0.000205682467865148   0
0.141578139476305   0.133613589731739   -0.0148782545297352   -0.007761474822681   0
0.142419321370502   0.150287650508608   0.000841181894197129   0.0166740607768694   0
0.134377429721743   0.134705877642836   -0.0080418916487584   -0.015581772865772   0
0.137762368228475   0.146151393235291   0.00338493850673147   0.0114455155924545   0
0.147308604163802   0.135956741217111   0.00954623593532744   -0.0101946520181791   0
0.143163712445632   0.129072259334764   -0.00414489171816984   -0.00688448188234705   0
0.146986695086682   0.140047856099693   0.00382298264104994   0.0109755967649287   0
0.147604377850351   0.140193368308762   0.000617682763668803   0.000145512209068721   0
0.149997746257843   0.130703198987625   0.00239336840749199   -0.00949016932113719   0
0.14299553609927   0.119118504515645   -0.00700221015857361   -0.0115846944719797   0
0.15040743238859   0.128751071112347   0.0074118962893206   0.00963256659670202   0
0.148354461021598   0.130411525226248   -0.00205297136699217   0.00166045411390076   0
0.15754241280193   0.121272240480878   0.00918795178033208   -0.00913928474537001   0
0.145626916935803   0.108267388901749   -0.0119154958661268   -0.0130048515791284   0
0.153530721792721   0.129150270874319   0.0079038048569178   0.0208828819725699   0
0.152900930736103   0.122910411114031   -0.000629791056617979   -0.00623985976028857   0
0.145851235745541   0.114679710509026   -0.00704969499056193   -0.00823070060500448   0
0.151885933062821   0.118286334727451   0.00603469731727999   0.00360662421842518   0
0.135007387801116   0.122604935316223   -0.0168785452617054   0.00431860058877168   0
0.153188364818328   0.110166201177614   0.0181809770172125   -0.0124387341386088   0
0.16312129948526   0.12337459523414   0.00993293466693213   0.0132083940565258   0
0.179004869383265   0.126408148762964   0.0158835698980045   0.00303355352882413   0
0.184100943031229   0.119741619902061   0.00509607364796361   -0.00666652886090352   0
0.171477371761154   0.129865546828989   -0.0126235712700747   0.0101239269269284   0
0.16418938241727   0.12538627524085   -0.00728798934388411   -0.00447927158813885   0
0.15331639441171   0.120356414486644   -0.0108729880055599   -0.00502986075420661   0
0.149268196734611   0.124176422315478   -0.00404819767709846   0.00382000782883485   0
0.142661621342955   0.130258872585789   -0.00660657539165588   0.00608245027031074   0
0.141270098484949   0.134007041849404   -0.00139152285800659   0.00374816926361438   0
0.148426938059364   0.134286313301907   0.00715683957441537   0.000279271452503449   0
0.126267414943617   0.118696369078164   -0.022159523115747   -0.0155899442237432   0
0.123370361724294   0.117490455558269   -0.00289705321932368   -0.00120591351989509   0
0.131167483219434   0.123561478498586   0.0077971214951405   0.00607102294031711   0
0.117906329539435   0.116236988930488   -0.0132611536799993   -0.00732448956809761   0
0.143432398442518   0.122485732112111   0.0255260689030833   0.00624874318162294   0
0.111976420248316   0.118279857312378   -0.0314559781942021   -0.00420587479973268   0
0.101789971921005   0.12219319546744   -0.0101864483273109   0.00391333815506162   0
