0   0   0   0   0
0.0453314014152026   0.102785344905387   0.0453314014152026   0.102785344905387   0
0.0921100519250799   0.107190543327494   0.0467786505098773   0.00440519842210731   0
0.0915185990732966   0.117483938203215   -0.000591452851783331   0.0102933948757211   0
0.117193746298699   0.104169271708977   0.0256751472254019   -0.0133146664942386   0
0.237554923935799   0.0863201516482077   0.1203611776371   -0.0178491200607692   0
0.190237040369168   0.10205667284931   -0.0473178835666309   0.0157365212011025   0
0.105224147347015   0.152802930219803   -0.0850128930221526   0.0507462573704927   0
0.116160215146962   0.183130142058712   0.0109360677999467   0.0303272118389089   0
0.160379287529471   0.178184308942621   0.0442190723825084   -0.00494583311609079   0
0.174060243002235   0.218308436413691   0.0136809554727645   0.0401241274710699   0
0.155565178424894   0.272654182842602   -0.0184950645773407   0.0543457464289113   0
0.172782240492492   0.287579170757133   0.0172170620675972   0.0149249879145307   0
0.130816448647005   0.311232152701817   -0.0419657918454865   0.0236529819446837   0
0.138892867600345   0.344224057426917   0.00807641895333974   0.0329919047251009   0
0.222059620753751   0.277028230375081   0.0831667531534065   -0.0671958270518363   0
0.1443090902714   0.40419969024279   -0.0777505304823513   0.127171459867709   0
0.105013693901013   0.428930724105966   -0.0392953963703869   0.0247310338631764   0
0.107310869877333   0.396134105565246   0.00229717597632008   -0.03279661854072   0
0.0944926030732826   0.391945707437794   -0.0128182668040505   -0.00418839812745242   0
0.0783625164882629   0.435695577755382   -0.0161300865850197   0.0437498703175885   0
0.0394096224168373   0.460545462304929   -0.0389528940714256   0.0248498845495471   0
0.0581189510150289   0.434416342444158   0.0187093285981916   -0.0261291198607711   0
0.141395586857505   0.411751373523523   0.0832766358424764   -0.0226649689206354   0
0.0592090763268715   0.45909245783171   -0.0821865105306338   0.0473410843081872   0
0.0430310195027889   0.45129098584865   -0.0161780568240826   -0.0078014719830603   0
0.0632704777260729   0.485786032195125   0.0202394582232841   0.0344950463464753   0
0.0376569396254054   0.496345764929213   -0.0256135381006675   0.0105597327340881   0
0.0194756662117251   0.495306219290368   -0.0181812734136803   -0.0010395456388454   0
0.0383733887366035   0.459944447830216   0.0188977225248784   -0.0353617714601519   0
0.0484606997977923   0.481280222963967   0.0100873110611888   0.0213357751337513   0
0.0464231509410796   0.491629395435571   -0.00203754885671266   0.0103491724716034   0
0.0568109592872643   0.50304506839168   0.0103878083461847   0.0114156729561088   0
0.0435491946531929   0.499172115679918   -0.0132617646340714   -0.00387295271176158   0
0.0608407704392409   0.505017034149738   0.017291575786048   0.00584491846981949   0
0.0431385631256505   0.491946792570394   -0.0177022073135904   -0.0130702415793435   0
0.0568913125149462   0.502317948974822   0.0137527493892957   0.0103711564044276   0
0.136830057964876   0.525976612145381   0.0799387454499297   0.0236586631705593   0
0.0296639624532784   0.429876532740817   -0.107166095511597   -0.0961000794045637   0
0.0798874092560597   0.32998995773046   0.0502234468027813   -0.0998865750103567   0
0.0404757591902982   0.431856955343106   -0.0394116500657615   0.101866997612645   0
0.0309744786984977   0.414856023183383   -0.00950128049180049   -0.0170009321597228   0
0.0937129102461648   0.423761244260913   0.0627384315476671   0.00890522107753033   0
0.0701257775815258   0.432817459898598   -0.023587132664639   0.00905621563768411   0
0.0663165809326463   0.464904578882728   -0.00380919664887948   0.0320871189841301   0
0.0708091193380569   0.467935125348626   0.00449253840541056   0.00303054646589868   0
0.106684957903246   0.468321937931652   0.0358758385651889   0.000386812583025975   0
0.0904854471564169   0.469925674577817   -0.0161995107468289   0.00160373664616498   0
0.140009055461301   0.475348068235413   0.0495236083048838   0.00542239365759595   0
0.0973499080263925   0.402599297846282   -0.0426591474349082   -0.0727487703891316   0
0.127330878426486   0.279370980623156   0.0299809704000931   -0.123228317223125   0
0.0962412186523409   0.33166920732842   -0.0310896597741447   0.0522982267052641   0
0.0693349773872701   0.340945598226962   -0.0269062412650708   0.00927639089854132   0
0.0744282810129479   0.384709998575938   0.00509330362567779   0.0437644003489758   0
0.14041160540146   0.390315016916088   0.0659833243885125   0.00560501834015048   0
0.129631868847234   0.389389199228819   -0.0107797365542262   -0.000925817687268682   0
0.113425677219325   0.38397131629982   -0.0162061916279091   -0.00541788292899953   0
0.140276134739021   0.41044934160855   0.0268504575196958   0.0264780253087303   0
0.151094328922248   0.427979643754193   0.0108181941832275   0.0175303021456433   0
0.129110694068914   0.421256685159938   -0.0219836348533344   -0.00672295859425553   0
0.12852956261075   0.473157439737748   -0.000581131458163631   0.0519007545778104   0
0.133406491157928   0.491107230205735   0.00487692854717722   0.0179497904679868   0
0.12535529756073   0.492166469424043   -0.00805119359719778   0.00105923921830742   0
0.127958361535352   0.488250602739388   0.00260306397462257   -0.00391586668465488   0
0.119344950252784   0.442061084795109   -0.00861341128256829   -0.0461895179442787   0
0.118161113811386   0.427222283636006   -0.0011838364413979   -0.0148388011591029   0
0.102174391401819   0.487261099324616   -0.0159867224095676   0.0600388156886095   0
0.104095941189108   0.52891053770848   0.00192154978728912   0.0416494383838643   0
0.120532521878345   0.542932848465964   0.0164365806892375   0.0140223107574837   0
0.111942715681888   0.54883844273338   -0.00858980619645749   0.00590559426741599   0
0.113192169637471   0.545649095907144   0.00124945395558355   -0.00318934682623528   0
0.137163575554699   0.576880169758522   0.0239714059172275   0.0312310738513774   0
0.116658525300478   0.576677080092172   -0.0205050502542212   -0.00020308966634941   0
0.161124096702218   0.445520073461494   0.0444655714017409   -0.131157006630678   0
0.146755886542658   0.447395699207877   -0.0143682101595604   0.00187562574638284   0
0.158731749523095   0.459497612384716   0.0119758629804371   0.0121019131768385   0
0.268097297402083   0.481683325847663   0.109365547878988   0.0221857134629468   0
0.210555554621914   0.489994699183727   -0.0575417427801685   0.00831137333606413   0
