1.77087817008385e-14   7.76367202638858e-32   0   0   0
0.251656037554611   0.212683095291986   0.251656037554594   0.212683095291986   0
0.301100849446495   0.197398008818497   0.0494448118918839   -0.0152850864734897   0
0.437894760307652   0.313187498621572   0.136793910861157   0.115789489803076   0
0.513803734298475   0.412411083091722   0.0759089739908232   0.0992235844701497   0
0.510955912981678   0.375941291529094   -0.00284782131679784   -0.036469791562628   0
0.435816091428579   0.316206546468327   -0.0751398215530991   -0.0597347450607668   0
0.583353056983637   0.447462978979249   0.147536965555059   0.131256432510922   0
0.527916571010168   0.444275194636837   -0.0554364859734697   -0.0031877843424119   0
0.524081018353456   0.409526091171753   -0.00383555265671132   -0.0347491034650843   0
0.488393814730867   0.368659718902349   -0.0356872036225897   -0.0408663722694038   0
0.587896749795593   0.432533545498533   0.0995029350647263   0.0638738265961835   0
0.51917842334986   0.408744098552132   -0.0687183264457332   -0.0237894469464006   0
0.569355741647018   0.440088859990753   0.0501773182971579   0.0313447614386215   0
0.582317935519535   0.436480329402279   0.0129621938725176   -0.00360853058847421   0
0.556352791621549   0.436029499780185   -0.0259651438979864   -0.000450829622094195   0
0.595271531872924   0.463415158370724   0.0389187402513752   0.0273856585905392   0
0.584099791060958   0.460737414566502   -0.0111717408119657   -0.0026777438042222   0
0.570764577531438   0.483997135445956   -0.0133352135295202   0.0232597208794538   0
0.582384092503485   0.476387251426491   0.0116195149720473   -0.00760988401946444   0
0.550631949844592   0.463239118828637   -0.0317521426588937   -0.0131481325978539   0
0.571283438946149   0.479440020115381   0.020651489101557   0.0162009012867436   0
0.591031541515006   0.478677183943234   0.0197481025688571   -0.000762836172146619   0
0.570078710081919   0.458830329663453   -0.0209528314330872   -0.0198468542797808   0
0.608632660779544   0.521162387050176   0.0385539506976257   0.0623320573867227   0
0.549712918999979   0.47842624584276   -0.0589197417795656   -0.0427361412074161   0
0.552557053913737   0.455379104826232   0.00284413491375812   -0.0230471410165279   0
0.620523959512054   0.47882371383618   0.0679669055983176   0.0234446090099479   0
0.579023451072793   0.479450103868352   -0.0415005084392612   0.000626390032172131   0
0.621704273119653   0.510396963005833   0.0426808220468602   0.0309468591374813   0
0.630462529589704   0.510576106189057   0.00875825647005013   0.000179143183223429   0
0.561923028423719   0.444302897068181   -0.0685395011659841   -0.0662732091208762   0
0.625300091652669   0.523042613019225   0.0633770632289492   0.0787397159510438   0
0.614747252539297   0.536072800303605   -0.0105528391133719   0.0130301872843809   0
0.599202373692653   0.507078017449707   -0.0155448788466438   -0.0289947828538982   0
0.674748455728454   0.540066297865098   0.0755460820358009   0.0329882804153913   0
0.661122954976782   0.537746160252399   -0.0136255007516715   -0.00232013761269967   0
0.65041484376922   0.53745633689125   -0.0107081112075628   -0.000289823361148245   0
0.657478861461967   0.533971994172934   0.00706401769274767   -0.00348434271831632   0
0.650967613076211   0.528905859045554   -0.00651124838575623   -0.00506613512738019   0
0.643326303360388   0.515371944867627   -0.00764130971582266   -0.0135339141779272   0
0.659249953508033   0.527909375754372   0.0159236501476447   0.0125374308867449   0
0.674425735307076   0.539170663806058   0.0151757817990426   0.0112612880516861   0
0.642086092950633   0.535109853514226   -0.0323396423564426   -0.00406081029183192   0
0.646998409096482   0.538535277177811   0.00491231614584908   0.00342542366358523   0
0.653946784974567   0.533017604307967   0.00694837587808483   -0.00551767286984373   0
0.631559651552745   0.525416381544371   -0.022387133421822   -0.00760122276359676   0
0.63950479398193   0.534296901252022   0.00794514242918476   0.00888051970765147   0
0.6385856156943   0.525635398766369   -0.000919178287629552   -0.00866150248565334   0
0.63607809587887   0.516801835075   -0.00250751981542996   -0.00883356369136878   0
0.63699845399221   0.534796303820656   0.000920358113339903   0.0179944687456559   0
0.645439383183606   0.54758483418289   0.00844092919139583   0.012788530362234   0
0.685121817879517   0.573457162198371   0.0396824346959105   0.0258723280154807   0
0.655605117347528   0.566490747976624   -0.029516700531989   -0.00696641422174693   0
0.621533510804438   0.56697117687875   -0.0340716065430897   0.000480428902125851   0
0.631769422521876   0.533401474447169   0.0102359117174378   -0.0335697024315802   0
0.623047217974799   0.501656401274637   -0.00872220454707695   -0.0317450731725323   0
0.655957650392206   0.524007987665665   0.0329104324174072   0.0223515863910282   0
0.674739016497503   0.535424878725191   0.0187813661052973   0.0114168910595261   0
0.671184284682866   0.553157911581064   -0.00355473181463695   0.017733032855873   0
0.655836043201767   0.540557978900706   -0.0153482414810997   -0.0125999326803582   0
0.625476314330734   0.525541683441862   -0.0303597288710329   -0.0150162954588439   0
0.633184488423861   0.530434948479566   0.00770817409312718   0.00489326503770371   0
0.632472954908088   0.541760205297885   -0.000711533515773022   0.0113252568183192   0
0.624256778472152   0.524692487235406   -0.00821617643593575   -0.0170677180624793   0
0.631521543998541   0.538039464370935   0.00726476552638911   0.0133469771355295   0
0.630521395470133   0.535782947056598   -0.0010001485284078   -0.00225651731433762   0
0.622912902699188   0.520402406223447   -0.00760849277094533   -0.0153805408331505   0
0.670434765888448   0.534722893039463   0.0475218631892597   0.0143204868160157   0
0.661106492415281   0.53370730384411   -0.00932827347316667   -0.00101558919535261   0
0.592648711708117   0.538911084752312   -0.0684577807071637   0.00520378090820195   0
0.617097335270462   0.521220442336184   0.024448623562345   -0.0176906424161283   0
0.74413505772882   0.548081823550265   0.127037722458357   0.0268613812140809   0
0.719050546399778   0.57935637448544   -0.0250845113290415   0.0312745509351747   0
