7.1054274e-15   0   0   0   0
0.0632180042322014   0.0257858668535317   0.0632180042321943   0.0257858668535317   0
0.0827156554008055   0.0431801255656711   0.0194976511686041   0.0173942587121394   0
0.101917667930566   0.0253325656544116   0.0192020125297609   -0.0178475599112595   0
0.0607970289011996   0.0470903108111931   -0.0411206390293668   0.0217577451567814   0
0.0538127234694772   0.0943583825262654   -0.00698430543172244   0.0472680717150724   0
0.0568149632068437   0.121663679183962   0.00300223973736648   0.0273052966576961   0
0.0692149203610864   0.119058415146265   0.0123999571542427   -0.00260526403769618   0
0.0828736795784432   0.109307851957903   0.0136587592173568   -0.0097505631883624   0
0.0750854480835842   0.112381480417806   -0.00778823149485897   0.00307362845990286   0
0.134124882426213   0.112050596517948   0.0590394343426288   -0.000330883899857623   0
0.14610079911134   0.122942301789375   0.0119759166851266   0.0108917052714263   0
0.130670195057851   0.103675010704546   -0.0154306040534888   -0.0192672910848281   0
0.1520191905994   0.141914573810384   0.0213489955415496   0.0382395631058375   0
0.126820027652496   0.16799425706212   -0.0251991629469047   0.0260796832517363   0
0.143959251681401   0.163956614740167   0.0171392240289051   -0.00403764232195342   0
0.155756893663032   0.159158651841272   0.0117976419816311   -0.004797962898895   0
0.224713375496392   0.115050563203314   0.0689564818333595   -0.0441080886379578   0
0.230585024700405   0.0840868648454373   0.00587164920401295   -0.0309636983578769   0
0.242496887363558   0.0818331064428081   0.0119118626631532   -0.00225375840262919   0
0.269742144970594   0.0698104339587802   0.0272452576070367   -0.0120226724840278   0
0.255230817814976   0.0494261258822354   -0.0145113271556185   -0.0203843080765449   0
0.274953307359009   0.0469607960356124   0.0197224895440334   -0.00246532984662294   0
0.259957311730454   0.0399384044654092   -0.0149959956285553   -0.00702239157020326   0
0.24350899429368   0.0647408045989665   -0.0164483174367744   0.0248024001335573   0
0.246033211063049   0.0672852104584507   0.00252421676936979   0.00254440585948422   0
0.30148012373901   0.0341851256051251   0.055446912675961   -0.0331000848533256   0
0.277345174129476   0.0535063821618467   -0.0241349496095341   0.0193212565567215   0
0.27486629210194   0.0471661936846882   -0.00247888202753599   -0.00634018847715852   0
0.281359447501604   0.0393224091091392   0.00649315539966411   -0.00784378457554893   0
0.291780969284212   0.0685621962343404   0.0104215217826081   0.0292397871252011   0
0.272176493417112   0.0735298084400678   -0.0196044758671003   0.00496761220572745   0
0.2917026966005   0.0696119903069406   0.0195262031833882   -0.00391781813312721   0
0.325813904221812   0.0761406682554938   0.0341112076213116   0.00652867794855325   0
0.407536196206271   0.0908718776404231   0.081722291984459   0.0147312093849292   0
0.399415490601736   0.075853581287258   -0.00812070560453465   -0.0150182963531651   0
0.428115441124193   0.0621216668980293   0.0286999505224571   -0.0137319143892287   0
0.404586542495368   0.0636790065916493   -0.0235288986288251   0.00155733969362004   0
0.379866192372132   0.0362522682035179   -0.0247203501232361   -0.0274267383881314   0
0.409328049575752   0.0411927828330259   0.0294618572036205   0.00494051462950795   0
0.412003638978975   0.0233862847294086   0.00267558940322282   -0.0178064981036173   0
0.408425720022004   0.0342942005993812   -0.00357791895697129   0.0109079158699726   0
0.426618603444672   0.0298128861485721   0.0181928834226683   -0.00448131445080903   0
0.436904072402286   0.0293316110778445   0.0102854689576134   -0.000481275070727611   0
0.443554822083563   0.0651157098715375   0.00665074968127694   0.0357840987936929   0
0.393801446915319   0.0966751255512068   -0.049753375168244   0.0315594156796693   0
0.410697289749475   0.0468887513819137   0.0168958428341558   -0.0497863741692931   0
0.397250570390964   0.0300183735377374   -0.0134467193585106   -0.0168703778441763   0
0.385680898121605   0.0364804530700109   -0.0115696722693588   0.0064620795322735   0
0.366770157381175   0.0607329255251794   -0.0189107407404301   0.0242524724551685   0
0.384575764509555   0.0733080836651626   0.0178056071283804   0.0125751581399832   0
0.363606639793058   0.0911330855923747   -0.0209691247164972   0.0178250019272121   0
0.507321089897237   0.102200528126126   0.143714450104179   0.0110674425337515   0
0.548177874459544   0.0969070172792819   0.0408567845623067   -0.00529351084684426   0
0.553240990762354   0.0879488761999419   0.00506311630281031   -0.00895814107933998   0
0.564186262960198   0.0969821717796118   0.0109452721978437   0.00903329557966986   0
0.512632590102186   0.10482798792386   -0.051553672858012   0.00784581614424863   0
0.542841058407596   0.095598275546958   0.0302084683054104   -0.0092297123769024   0
0.534705973801211   0.120300980619078   -0.0081350846063859   0.0247027050721202   0
0.463220840445794   0.110676079240714   -0.0714851333554168   -0.00962490137836387   0
0.389217673064208   0.109880555701747   -0.0740031673815861   -0.000795523538967696   0
0.447793634054678   0.0869599668980885   0.0585759609904704   -0.0229205888036581   0
0.382638983694315   0.0648823162170444   -0.0651546503603633   -0.0220776506810441   0
