0   0   0   0   0
0.106173720113613   0.0652573952761331   0.106173720113613   0.0652573952761331   0
0.0508262839287975   0.0502576217181283   -0.0553474361848156   -0.0149997735580047   0
0.01502843648036   0.0128718425360862   -0.0357978474484375   -0.0373857791820421   0
0.0337981737952039   0.0342539212787677   0.0187697373148439   0.0213820787426814   0
0.0604260596068557   0.0168117328662964   0.0266278858116518   -0.0174421884124712   0
0.0327441028965863   0.0259617175291063   -0.0276819567102695   0.00914998466280989   0
0.0335436327867928   0.0280851058959216   0.000799529890206575   0.00212338836681522   0
0.0582913112160334   0.0281862467994777   0.0247476784292406   0.00010114090355615   0
0.0783460538218266   0.0158228182929106   0.0200547426057931   -0.0123634285065671   0
0.0362717503831951   0.0293036784328305   -0.0420743034386315   0.0134808601399199   0
0.0595284392422133   0.0343618126341824   0.0232566888590182   0.0050581342013519   0
0.102444471182102   0.0592704330568094   0.042916031939889   0.024908620422627   0
0.0619221028913599   0.0727275884650132   -0.0405223682907424   0.0134571554082038   0
0.0552810039877786   0.0575881742486363   -0.00664109890358126   -0.0151394142163769   0
0.0812185101719601   0.0583426806746283   0.0259375061841815   0.000754506425992028   0
0.0433878309022807   0.0709555023481545   -0.0378306792696794   0.0126128216735262   0
0.0699582678619636   0.0527604516815848   0.0265704369596828   -0.0181950506665697   0
0.0851201041359158   0.066966424329441   0.0151618362739522   0.0142059726478562   0
0.0960786415399258   0.0882679181901768   0.01095853740401   0.0213014938607358   0
0.105434469198789   0.0743591837367571   0.00935582765886314   -0.0139087344534197   0
0.0908167582758847   0.0304891859554153   -0.0146177109229042   -0.0438699977813418   0
0.0840516629392561   0.0361511027440801   -0.00676509533662864   0.00566191678866478   0
0.0971983258989263   0.0656941060851013   0.0131466629596702   0.0295430033410213   0
0.0770632360481986   0.0783533176949731   -0.0201350898507277   0.0126592116098718   0
0.105796616828238   0.0954672378231078   0.0287333807800396   0.0171139201281347   0
0.130132092481511   0.0851205504311123   0.0243354756532728   -0.0103466873919955   0
0.122158285322823   0.124083899979739   -0.00797380715868837   0.0389633495486262   0
0.113759782266744   0.135578765846873   -0.00839850305607875   0.011494865867134   0
0.116929198923584   0.128497663154097   0.0031694166568404   -0.00708110269277584   0
0.145841142269615   0.151830208738593   0.0289119433460304   0.0233325455844962   0
0.129697956799221   0.127456036331419   -0.0161431854703937   -0.0243741724071735   0
0.125544255582129   0.136074621143773   -0.00415370121709238   0.00861858481235409   0
0.133878424018405   0.135716098868319   0.00833416843627655   -0.000358522275454715   0
0.146789372564616   0.140537273369685   0.0129109485462106   0.00482117450136654   0
0.126406345118634   0.119579536916775   -0.0203830274459815   -0.0209577364529106   0
0.115631769062725   0.132940393406549   -0.0107745760559091   0.0133608564897738   0
0.153590011926954   0.156302798566298   0.037958242864229   0.0233624051597499   0
0.139343592019392   0.127207255630617   -0.0142464199075616   -0.0290955429356819   0
0.181552590989088   0.150466221896659   0.0422089989696955   0.0232589662660427   0
0.171542409317452   0.136784397455642   -0.0100101816716356   -0.0136818244410174   0
0.168869132137662   0.158262955313433   -0.00267327717979027   0.0214785578577913   0
0.195114257018528   0.172363611683909   0.0262451248808662   0.0141006563704762   0
0.179120484025669   0.159385557636541   -0.0159937729928594   -0.0129780540473678   0
0.168877540039977   0.146975184776659   -0.0102429439856915   -0.0124103728598825   0
0.176211837930848   0.142659789613406   0.00733429789087095   -0.00431539516325327   0
0.166448158423202   0.161272268875879   -0.00976367950764631   0.0186124792624733   0
0.173735827734431   0.164071667736443   0.00728766931122879   0.00279939886056399   0
0.165624878722088   0.150032653926171   -0.00811094901234261   -0.0140390138102717   0
0.143065999810873   0.141872231111597   -0.0225588789112156   -0.00816042281457383   0
0.18117120033302   0.165651560123227   0.0381052005221477   0.0237793290116294   0
0.183993776977038   0.171131873142397   0.00282257664401775   0.0054803130191699   0
0.174852771345439   0.177361381825558   -0.00914100563159873   0.00622950868316105   0
0.189135433272179   0.19088973435987   0.0142826619267391   0.0135283525343119   0
0.16981072291552   0.1698698709085   -0.0193247103566586   -0.0210198634513697   0
0.188185262776995   0.159308178725471   0.0183745398614749   -0.0105616921830291   0
0.201525806557548   0.186309841236306   0.0133405437805532   0.0270016625108352   0
0.207025657060976   0.187306683998555   0.00549985050342791   0.00099684276224879   0
0.217195799998199   0.201548031616014   0.0101701429372227   0.0142413476174595   0
0.195971183369864   0.190773915463183   -0.021224616628335   -0.0107741161528309   0
0.213098140780986   0.203707676742946   0.0171269574111222   0.012933761279763   0
0.181944514480137   0.166229865653315   -0.0311536263008488   -0.0374778110896309   0
