7.1054274e-15   0   0   0   0
0.00897166053134111   0.012419254742754   0.00897166053133401   0.012419254742754   0
0.0132645030140059   0.0096065125654569   0.00429284248266481   -0.00281274217729712   0
0.0286409039209267   0.0117222903792778   0.0153764009069208   0.00211577781382091   0
0.026078792234919   0.0239954091742914   -0.00256211168600767   0.0122731187950136   0
0.0159599345280496   0.0189141500297804   -0.0101188577068695   -0.00508125914451099   0
0.023984120376835   0.0104082515970607   0.00802418584878539   -0.0085058984327197   0
0.0403672212534684   0.0138598000517479   0.0163831008766335   0.00345154845468715   0
0.0397299928757999   0.0149954490154502   -0.000637228377668511   0.00113564896370227   0
0.046483378483839   0.0282886514299661   0.00675338560803909   0.0132932024145159   0
0.0284547049522714   0.0206779052356795   -0.0180286735315676   -0.00761074619428654   0
0.0419427515375896   0.0108486878853952   0.0134880465853182   -0.00982921735028435   0
0.0554667624358824   0.0243879105270492   0.0135240108982927   0.0135392226416541   0
0.0440327693823045   0.0299362607678603   -0.0114339930535778   0.00554835024081107   0
0.0344343487189198   0.027170915500738   -0.00959842066338478   -0.00276534526712224   0
0.0226539298558258   0.0181896385730236   -0.0117804188630939   -0.00898127692771445   0
0.0284859331343529   0.0191433539332644   0.00583200327852706   0.000953715360240817   0
0.041182858433672   0.0192830105827475   0.0126969252993191   0.000139656649483046   0
0.0358533293471237   0.0490619073329159   -0.0053295290865483   0.0297788967501684   0
0.0352008726481049   0.0460625309296528   -0.000652456699018845   -0.00299937640326307   0
0.0488533811965866   0.038078887361647   0.0136525085484817   -0.00798364356800582   0
0.0424113966599932   0.0384039928542872   -0.00644198453659335   0.000325105492640199   0
0.0586552275339875   0.040471158216666   0.0162438308739942   0.00206716536237879   0
0.0495067340986804   0.045388597431663   -0.00914849343530704   0.00491743921499702   0
0.0605222800314101   0.0473146589561042   0.0110155459327296   0.00192606152444116   0
0.0384483218879166   0.0630967554185303   -0.0220739581434935   0.0157820964624261   0
0.0508703961753867   0.0530985427489495   0.0124220742874701   -0.00999821266958074   0
0.059828686866719   0.0525171591710133   0.00895829069133231   -0.000581383577936238   0
0.0700611565627562   0.0520254110588032   0.0102324696960372   -0.000491748112210096   0
0.0548350903918511   0.0545478832477593   -0.015226066170905   0.00252247218895607   0
0.0784226000152689   0.0420732450023415   0.0235875096234178   -0.0124746382454178   0
0.0820228716901698   0.0501720404537525   0.00360027167490089   0.00809879545141104   0
0.0847044909701409   0.0477475909626996   0.00268161927997113   -0.00242444949105287   0
0.0864187610448319   0.058547559038368   0.00171427007469094   0.0107999680756684   0
0.0685539052953034   0.0659583017389695   -0.0178648557495284   0.00741074270060146   0
0.0608629306584483   0.0499923045602435   -0.00769097463685516   -0.015965997178726   0
0.0725918516245576   0.0284450055808866   0.0117289209661093   -0.0215472989793568   0
0.0982576794744722   0.0371810700846018   0.0256658278499146   0.00873606450371517   0
0.0912696307264324   0.0352323607248089   -0.00698804874803972   -0.00194870935979294   0
0.0715580564889536   0.0504308748539652   -0.0197115742374789   0.0151985141291564   0
0.0735625434670917   0.0442309492929526   0.0020044869781381   -0.00619992556101267   0
0.0924891912953706   0.038616869907076   0.0189266478282789   -0.00561407938587659   0
0.114468591841593   0.0401557061467097   0.0219794005462228   0.00153883623963374   0
0.0940655249073805   0.0464918274842263   -0.0204030669342129   0.00633612133751663   0
0.0977975591807208   0.0478319613562889   0.00373203427334035   0.00134013387206251   0
0.0757658580257505   0.0554039085861238   -0.0220317011549703   0.00757194722983495   0
0.084849838915281   0.0569463910370586   0.00908398088953051   0.00154248245093475   0
0.0899748225113121   0.0586260988829776   0.00512498359603106   0.00167970784591905   0
0.0940791799840182   0.0560832762182498   0.0041043574727061   -0.00254282266472785   0
0.0909365990567167   0.0632851163101064   -0.00314258092730145   0.00720184009185669   0
0.111511719474336   0.0476399161600881   0.0205751204176195   -0.0156452001500184   0
0.125766487196098   0.0566171429952232   0.0142547677217614   0.00897722683513514   0
0.104357169551471   0.0686637977719074   -0.0214093176446266   0.0120466547766842   0
0.117987111946899   0.0721757844639369   0.0136299423954278   0.00351198669202948   0
0.117537604798104   0.0820105986247309   -0.000449507148795172   0.00983481416079401   0
0.0876853613742428   0.100116541927385   -0.0298522434238608   0.018105943302654   0
0.0966071374251292   0.0926970233889955   0.00892177605088644   -0.00741951853838947   0
0.10255868539462   0.0878690384158965   0.00595154796949043   -0.00482798497309891   0
0.108381005291231   0.084775727634232   0.00582231989661117   -0.00309331078166458   0
0.0923030870525108   0.0858626375429887   -0.0160779182387201   0.00108690990875671   0
0.0959235573247726   0.0886331987275606   0.00362047027226187   0.00277056118457189   0
0.125355227504364   0.081920053402051   0.0294316701795916   -0.00671314532550957   0
0.117812494488914   0.0694771120151783   -0.00754273301545046   -0.0124429413868727   0
0.102365149099444   0.09462507348776   -0.0154473453894692   0.0251479614725817   0
0.131156772816722   0.082858690310717   0.0287916237172772   -0.011766383177043   0
0.116323319944198   0.089277767859704   -0.0148334528725237   0.00641907754898698   0
