0   0   0   0   0
0.0532892848069645   0.0585891391283001   0.0532892848069645   0.0585891391283001   0
0.0697859279300566   0.0922069248968267   0.0164966431230921   0.0336177857685266   0
0.0407455260440496   0.0741693911555239   -0.029040401886007   -0.0180375337413028   0
0.0489339296417481   0.0562361303804755   0.00818840359769848   -0.0179332607750484   0
0.0368778933148111   0.0463585738592699   -0.012056036326937   -0.0098775565212056   0
0.0646194801311195   0.0594609500479993   0.0277415868163084   0.0131023761887294   0
0.080160815532174   0.0753058778199941   0.0155413354010545   0.0158449277719947   0
0.0930552062914298   0.0461092351149579   0.0128943907592558   -0.0291966427050361   0
0.124440626364367   0.0261968799302033   0.0313854200729368   -0.0199123551847546   0
0.0581739826526551   0.0233022878337405   -0.0662666437117115   -0.00289459209646285   0
0.107106856608241   0.0351412138697598   0.0489328739555857   0.0118389260360193   0
0.162398271772379   0.0118923257216935   0.0552914151641382   -0.0232488881480663   0
0.0830890697047473   0.0624780499175235   -0.0793092020676317   0.05058572419583   0
0.117791242596019   0.0706144727771462   0.0347021728912715   0.00813642285962276   0
0.084329404020899   0.0629739963136252   -0.0334618385751198   -0.00764047646352099   0
0.078305493127894   0.0811003494154218   -0.00602391089300507   0.0181263531017966   0
0.0517558171234542   0.0692943788462718   -0.0265496760044398   -0.0118059705691501   0
0.0506508167039616   0.0796828136232911   -0.00110500041949264   0.0103884347770194   0
0.0779828024713837   0.09361007061756   0.0273319857674221   0.0139272569942689   0
0.0706664675507317   0.0813096693871277   -0.00731633492065201   -0.0123004012304324   0
0.0743999174437734   0.062696555034939   0.00373344989304177   -0.0186131143521886   0
0.0503566168438678   0.062420261888749   -0.0240433005999056   -0.000276293146190085   0
0.155199022239731   0.0930798646722926   0.104842405395863   0.0306596027835436   0
0.100726338028873   0.0764908845794936   -0.0544726842108576   -0.016588980092799   0
0.0919025944370808   0.0881200018026033   -0.00882374359179212   0.0116291172231097   0
0.0980541725836344   0.0830859732722345   0.00615157814655352   -0.0050340285303688   0
0.0682757068630509   0.0834161675353589   -0.0297784657205835   0.000330194263124389   0
0.077952326148153   0.1007537270851   0.00967661928510212   0.0173375595497407   0
0.0709920544676108   0.105251307998547   -0.00696027168054218   0.00449758091344732   0
0.129607444502189   0.11055384633418   0.0586153900345777   0.00530253833563281   0
0.112706370550831   0.137124785209383   -0.0169010739513579   0.0265709388752037   0
0.112537796141837   0.130147373130755   -0.000168574408993705   -0.00697741207862865   0
0.0928529100316502   0.12999453653622   -0.0196848861101866   -0.000152836594534911   0
0.0842812787385999   0.152583607650581   -0.0085716312930503   0.0225890711143609   0
0.173002637076102   0.163520922358001   0.0887213583375016   0.0109373147074204   0
0.132937303417751   0.209191735372599   -0.0400653336583508   0.0456708130145982   0
0.140246570119731   0.208966548126784   0.00730926670198048   -0.000225187245814829   0
0.133995507540461   0.195651845483096   -0.0062510625792703   -0.0133147026436889   0
0.184547830027166   0.204611387923752   0.0505523224867056   0.008959542440656   0
0.207580298963852   0.209347637252376   0.0230324689366859   0.00473624932862479   0
0.179752422780461   0.211080561060479   -0.027827876183391   0.00173292380810272   0
0.241174201618011   0.22388742523796   0.0614217788375497   0.0128068641774811   0
0.214221135292263   0.221400852474493   -0.0269530663257483   -0.00248657276346684   0
0.193666404628618   0.221692424013959   -0.0205547306636452   0.000291571539465435   0
0.194198725418884   0.22498747501122   0.000532320790266105   0.00329505099726149   0
0.301620260205417   0.299902725315097   0.107421534786534   0.0749152503038771   0
0.310804977801439   0.303167115121969   0.00918471759602157   0.0032643898068711   0
0.177269125062803   0.279122787882114   -0.133535852738636   -0.0240443272398544   0
0.260405634509699   0.263078571952073   0.0831365094468955   -0.0160442159300407   0
0.311589724752776   0.276497213058661   0.0511840902430779   0.0134186411065879   0
0.165373876643433   0.253543596891277   -0.146215848109343   -0.0229536161673847   0
0.272521401277829   0.234791067000389   0.107147524634396   -0.0187525298908872   0
0.294974976860446   0.26326852057328   0.0224535755826168   0.0284774535728908   0
0.281549362106838   0.275663265763614   -0.013425614753608   0.0123947451903338   0
0.269087128491427   0.268735532324997   -0.0124622336154108   -0.00692773343861663   0
0.56702611437201   0.295656697011551   0.297938985880583   0.0269211646865539   0
0.383599916030158   0.286183166906083   -0.183426198341851   -0.00947353010546781   0
0.375747882085095   0.271120030840262   -0.00785203394506317   -0.015063136065821   0
0.351598806587251   0.299838239124955   -0.0241490754978446   0.0287182082846923   0
0.345728211682167   0.318533757962327   -0.00587059490508368   0.0186955188373721   0
0.336306956648688   0.30219729490282   -0.00942125503347907   -0.0163364630595072   0
0.358075947876414   0.311459497116757   0.0217689912277264   0.00926220221393709   0
0.344357792222992   0.298778273076408   -0.0137181556534219   -0.0126812240403488   0
0.174898482381365   0.237467205965548   -0.169459309841628   -0.06131106711086   0
0.209667909437874   0.267231326096877   0.0347694270565095   0.0297641201313291   0
0.245754903542512   0.251617237094728   0.0360869941046375   -0.0156140890021488   0
0.213557729963832   0.224597044822865   -0.03219717357868   -0.0270201922718629   0
