7.1054274e-15   0   0   0   0
0.0203635682265494   0.027221833613656   0.0203635682265423   0.027221833613656   0
0.00872118933214044   0.0323828078303982   -0.0116423788944089   0.00516097421674219   0
0.0288777119378424   0.0413753222229814   0.020156522605702   0.00899251439258322   0
0.0351812504384798   0.0244654564230554   0.00630353850063739   -0.016909865799926   0
0.0449989869737505   0.02311849400268   0.00981773653527069   -0.00134696242037538   0
0.0571592790233038   0.0394176937344954   0.0121602920495533   0.0162991997318154   0
0.0578633975411369   0.0390405076787694   0.000704118517833162   -0.000377186055726009   0
0.0518076536828292   0.0560036593075653   -0.00605574385830775   0.0169631516287959   0
0.0550244197792746   0.0583854758396367   0.0032167660964454   0.00238181653207133   0
0.0539377025875768   0.0714789029469492   -0.00108671719169779   0.0130934271073125   0
0.0486929906182348   0.0838945348079988   -0.00524471196934203   0.0124156318610496   0
0.0780837503126992   0.0769213133400458   0.0293907596944644   -0.00697322146795304   0
0.0700797019311092   0.0746886503279919   -0.00800404838159002   -0.00223266301205388   0
0.079640429594659   0.0861276096305547   0.00956072766354982   0.0114389593025628   0
0.0751010225094221   0.0887036112319705   -0.00453940708523694   0.00257600160141574   0
0.0734173162158106   0.0939872748930204   -0.00168370629361143   0.00528366366104994   0
0.0845004042845995   0.0963523471922561   0.0110830880687888   0.00236507229923572   0
0.083678748909081   0.119469149363394   -0.000821655375518468   0.0231168021711378   0
0.0872320056002158   0.110948671259631   0.00355325669113483   -0.00852047810376289   0
0.105473705216518   0.103161454215366   0.0182416996163025   -0.00778721704426524   0
0.1009178868602   0.115174320057819   -0.00455581835631784   0.0120128658424535   0
0.114317630332525   0.128921476081972   0.0133997434723245   0.0137471560241526   0
0.11497161353661   0.121945750288152   0.000653983204085273   -0.0069757257938194   0
0.10359899689321   0.123134285919656   -0.0113726166433999   0.00118853563150317   0
0.0960852792145151   0.139175325043207   -0.00751371767869531   0.0160410391235517   0
0.119804525911689   0.163064746298535   0.0237192466971744   0.0238894212553278   0
0.117767302747993   0.162855977235842   -0.00203722316369673   -0.000208769062692987   0
0.0924232815432964   0.151948459149217   -0.0253440212046964   -0.0109075180866257   0
0.0902360848043934   0.150373934152014   -0.00218719673890293   -0.00157452499720273   0
0.111035515788229   0.155045920615114   0.0207994309838352   0.00467198646309991   0
0.11336847972051   0.159367747548806   0.00233296393228104   0.00432182693369221   0
0.131452574010294   0.160727164558083   0.0180840942897845   0.00135941700927672   0
0.138542554702673   0.163984243027955   0.00708998069237915   0.00325707846987261   0
0.13960338982005   0.169171154744529   0.00106083511737634   0.00518691171657423   0
0.123328307369857   0.171513856337255   -0.0162750824501923   0.00234270159272573   0
0.121472626310336   0.164742696383775   -0.00185568105952162   -0.00677115995348018   0
0.150321272173249   0.171012155193611   0.0288486458629138   0.00626945880983615   0
0.127526555011413   0.150910998697636   -0.0227947171618361   -0.0201011564959755   0
0.122037971219121   0.191629373210209   -0.00548858379229242   0.0407183745125737   0
0.139286585953867   0.215204498770881   0.0172486147347461   0.0235751255606721   0
0.163258457330358   0.212238767819617   0.0239718713764907   -0.00296573095126393   0
0.182251525842777   0.203472038837997   0.0189930685124188   -0.0087667289816204   0
0.16404967793454   0.202081271480292   -0.0182018479082363   -0.00139076735770538   0
0.157577091890785   0.192786170613107   -0.00647258604375525   -0.00929510086718424   0
0.177705462741906   0.178660823453009   0.0201283708511206   -0.0141253471600986   0
0.176760653365186   0.183731424047236   -0.000944809376719424   0.0050706005942269   0
0.183324663489904   0.205720142847464   0.00656401012471747   0.0219887188002283   0
0.167886545395108   0.205836786915939   -0.0154381180947956   0.000116644068474725   0
0.128969205267816   0.209732669436658   -0.0389173401272922   0.00389588252071918   0
0.118724190405248   0.217766644960264   -0.0102450148625677   0.00803397552360555   0
0.143283745671008   0.228213352596639   0.0245595552657595   0.0104467076363755   0
0.1535964105339   0.228420408500294   0.0103126648628928   0.000207055903655051   0
0.163779984597772   0.221459839037067   0.0101835740638716   -0.00696056946322671   0
0.181850853871196   0.238331111943421   0.0180708692734242   0.0168712729063532   0
0.187201548461736   0.235449764207929   0.00535069459053975   -0.00288134773549145   0
0.190097243043647   0.231181034805274   0.00289569458191088   -0.00426872940265546   0
0.196183662258049   0.224120588605745   0.00608641921440248   -0.00706044619952878   0
0.194440965131313   0.227931349872121   -0.0017426971267365   0.00381076126637631   0
0.184366797546256   0.201488367723458   -0.0100741675850565   -0.0264429821486636   0
0.200182177062445   0.200347385808802   0.0158153795161882   -0.00114098191465531   0
0.22732647500245   0.232691398146027   0.0271442979400058   0.0323440123372245   0
