1.1244337e-14   3.4290855e-51   0   0   0
0.053778668380378   0.0586621562748583   0.0537786683803667   0.0586621562748583   0
0.0892145357079337   0.118084077973237   0.0354358673275557   0.0594219216983791   0
0.0736373647049592   0.104925441490337   -0.0155771710029744   -0.0131586364829   0
0.114332849856811   0.112580209208021   0.0406954851518516   0.00765476771768392   0
0.117427206083362   0.147130550934726   0.00309435622655106   0.0345503417267048   0
0.111045665671194   0.119143726203345   -0.00638154041216746   -0.0279868247313816   0
0.124668556728773   0.151733235640303   0.0136228910575788   0.0325895094369587   0
0.124269897996182   0.159498662671532   -0.000398658732590748   0.00776542703122823   0
0.146518447941977   0.127674221136424   0.0222485499457943   -0.0318244415351071   0
0.192031125828754   0.221478164749283   0.0455126778867769   0.0938039436128585   0
0.159719656631457   0.185682027675118   -0.0323114691972964   -0.0357961370741648   0
0.172108957470742   0.184778111428106   0.0123893008392847   -0.000903916247011999   0
0.177017967919921   0.22888672835915   0.00490901044917924   0.044108616931044   0
0.190404271084443   0.231322754704094   0.0133863031645217   0.00243602634494358   0
0.171573419978926   0.240966791536315   -0.0188308511055174   0.00964403683222176   0
0.227903305574407   0.251236805787056   0.056329885595481   0.0102700142507405   0
0.245802366451317   0.238696813976586   0.0178990608769103   -0.0125399918104699   0
0.173674143679715   0.248200035129771   -0.0721282227716017   0.00950322115318469   0
0.156267421881469   0.185320205938148   -0.0174067217982461   -0.0628798291916225   0
0.168498518826408   0.161000082186638   0.0122310969449386   -0.0243201237515097   0
0.166834980994646   0.141303449231464   -0.00166353783176143   -0.0196966329551745   0
0.179504072074055   0.133006092764515   0.0126690910794084   -0.00829735646694849   0
0.199608794287673   0.160633297761246   0.0201047222136188   0.0276272049967309   0
0.206928108940167   0.157158323808024   0.00731931465249352   -0.0034749739532221   0
0.201469183081375   0.161487272043897   -0.00545892585879224   0.00432894823587232   0
0.212757293783655   0.141534210884598   0.0112881107022803   -0.0199530611592981   0
0.186073047584477   0.14659443563826   -0.0266842461991779   0.00506022475366144   0
0.188364709344931   0.147892507381072   0.00229166176045434   0.00129807174281232   0
0.213767183698838   0.150922359867962   0.0254024743539062   0.00302985248688953   0
0.185228057903905   0.175179213237644   -0.0285391257949325   0.0242568533696821   0
0.178272629641097   0.163240730089285   -0.00695542826280843   -0.0119384831483589   0
0.205974051973973   0.164468446474858   0.0277014223328762   0.00122771638557295   0
0.218480697228862   0.152736373428244   0.0125066452548891   -0.011732073046614   0
0.283633841344669   0.150360543552891   0.0651531441158067   -0.00237582987535262   0
0.251715716106653   0.198234396243424   -0.0319181252380156   0.0478738526905329   0
0.323930984763241   0.164681510138758   0.0722152686565875   -0.0335528861046663   0
0.333597862755486   0.178068918715462   0.00966687799224503   0.0133874085767044   0
0.342741230267565   0.231243584519884   0.00914336751207939   0.0531746658044216   0
0.354505550847824   0.221951953374966   0.0117643205802587   -0.00929163114491766   0
0.371171102353507   0.209058994715163   0.0166655515056834   -0.0128929586598031   0
0.328900769789461   0.243696676317404   -0.0422703325640457   0.0346376816022407   0
0.295080407202332   0.173033496266337   -0.0338203625871297   -0.0706631800510668   0
0.291178534841682   0.157962392993605   -0.00390187236064932   -0.015071103272732   0
0.231090955197536   0.157326778122747   -0.0600875796441467   -0.000635614870857809   0
0.243624580336857   0.153003853185662   0.0125336251393209   -0.00432292493708566   0
0.245341048956343   0.196546469401918   0.00171646861948663   0.0435426162162565   0
0.266836048622876   0.197607215644536   0.0214949996665329   0.00106074624261804   0
0.275368599708626   0.187396521660914   0.00853255108575007   -0.0102106939836222   0
0.256166353938653   0.211725331198618   -0.0192022457699729   0.024328809537704   0
0.263721819582334   0.16937602704913   0.00755546564368037   -0.042349304149488   0
0.287247606622914   0.185504502089263   0.0235257870405806   0.0161284750401326   0
0.271829074056718   0.19812957569585   -0.015418532566196   0.0126250736065872   0
0.306946771707972   0.186195425180009   0.0351176976512532   -0.0119341505158412   0
0.321413637436646   0.19179917330469   0.0144668657286749   0.0056037481246814   0
0.276880683531821   0.217229648884173   -0.0445329539048255   0.0254304755794831   0
0.289393859203326   0.186342674589962   0.012513175671505   -0.0308869742942108   0
0.284979429841424   0.224930187621022   -0.00441442936190206   0.0385875130310601   0
0.263912119045349   0.236651010568433   -0.0210673107960744   0.0117208229474109   0
0.300634319058524   0.210508856664223   0.0367222000131743   -0.0261421539042105   0
0.292728678992436   0.264723252157513   -0.00790564006608779   0.0542143954932905   0
0.279573962041853   0.26883373407085   -0.0131547169505827   0.00411048191333691   0
0.354012960987463   0.270832409188908   0.0744389989456093   0.00199867511805812   0
0.325673613600171   0.275348271041819   -0.0283393473872918   0.00451586185291042   0
0.332120697889553   0.253454065257419   0.00644708428938218   -0.0218942057843995   0
0.28781701435436   0.225196053527411   -0.0443036835351935   -0.0282580117300079   0
0.275228199856626   0.253933288985544   -0.0125888144977332   0.0287372354581325   0
0.291437897683412   0.224068799717293   0.0162096978267862   -0.0298644892682504   0
0.305662652119117   0.231659189236148   0.0142247544357049   0.00759038951885418   0
0.308633883506726   0.215022672237075   0.00297123138760874   -0.0166365169990728   0
0.285638688531139   0.185966521764641   -0.0229951949755866   -0.0290561504724335   0
0.282055727197678   0.223644355808121   -0.00358296133346137   0.0376778340434794   0
0.288071131824992   0.230401807731279   0.00601540462731365   0.00675745192315799   0
0.358850869099601   0.224275202915009   0.0707797372746091   -0.00612660481626962   0
0.331799202813496   0.225207049707118   -0.0270516662861045   0.000931846792109392   0
0.313158708256607   0.191102933642032   -0.0186404945568897   -0.0341041160650868   0
0.402305055819847   0.213265182226592   0.0891463475632399   0.0221622485845603   0
0.368308529637267   0.210439713246169   -0.0339965261825794   -0.00282546898042321   0
