1.61847440375737e-14   1.528579e-16   0   0   0
0.0634191405082496   0.0216076412500782   0.0634191405082335   0.0216076412500781   0
0.0381839022252077   0.0602384161469519   -0.0252352382830419   0.0386307748968737   0
0.0574924894591838   0.0650371232177287   0.0193085872339761   0.00479870707077677   0
0.0596785110943236   0.0994585844067842   0.0021860216351398   0.0344214611890555   0
0.094498531491065   0.210285926340287   0.0348200203967414   0.110827341933503   0
0.100748302425068   0.269040512944732   0.00624977093400318   0.0587545866044457   0
0.218041417393197   0.363189436104438   0.117293114968129   0.094148923159706   0
0.25803715941394   0.418064784157492   0.0399957420207428   0.0548753480530533   0
0.306302071005834   0.450700638894874   0.0482649115918942   0.0326358547373827   0
0.364701335237574   0.466974345972473   0.0583992642317395   0.0162737070775981   0
0.406767511035637   0.460926293969748   0.042066175798063   -0.00604805200272462   0
0.293299720747569   0.449907411970092   -0.113467790288067   -0.0110188819996563   0
0.316503311365613   0.381444901122829   0.0232035906180432   -0.0684625108472623   0
0.213278711971171   0.378418100181785   -0.103224599394442   -0.00302680094104446   0
0.246280035169005   0.386458778746805   0.0330013231978339   0.00804067856502061   0
0.258683295088164   0.386213003748233   0.0124032599191593   -0.000245774998572201   0
0.310271066655614   0.39639647632886   0.05158777156745   0.0101834725806266   0
0.246205755950321   0.336858281461652   -0.0640653107052929   -0.0595381948672078   0
0.304527635894512   0.305701092662546   0.0583218799441907   -0.031157188799106   0
0.287371317436941   0.289956570329937   -0.0171563184575709   -0.0157445223326093   0
0.274713944984882   0.461608477493554   -0.0126573724520588   0.171651907163618   0
0.364514278641572   0.672259541994197   0.0898003336566897   0.210651064500642   0
0.281476972699401   0.490971264338436   -0.0830373059421712   -0.181288277655761   0
0.269965136755176   0.461810033900814   -0.0115118359442241   -0.0291612304376217   0
0.236450463316947   0.48217516670903   -0.0335146734382293   0.0203651328082162   0
0.30018119402857   0.49842710652047   0.0637307307116225   0.0162519398114394   0
0.396205031381097   0.480263215068433   0.0960238373525272   -0.0181638914520369   0
0.407609639134014   0.306408948416788   0.011404607752917   -0.173854266651645   0
0.273894136942142   0.430452489997738   -0.133715502191872   0.12404354158095   0
0.243995679828759   0.434173022906996   -0.029898457113383   0.00372053290925767   0
0.327470837170652   0.500436476458849   0.0834751573418936   0.0662634535518531   0
0.334177652964582   0.48638187747835   0.00670681579392979   -0.0140545989804985   0
0.38711084995578   0.436533881346746   0.052933196991198   -0.0498479961316038   0
0.357217715402765   0.65301396062221   -0.0298931345530152   0.216480079275463   0
0.394139576638107   0.68320201402798   0.0369218612353425   0.0301880534057705   0
0.372939601894306   0.658790624673437   -0.0211999747438016   -0.0244113893545428   0
0.418542924818922   0.65907750763059   0.0456033229246164   0.000286882957152845   0
0.378896688364906   0.669563891926621   -0.0396462364540157   0.0104863842960309   0
0.409448826067508   0.715577948953662   0.0305521377026018   0.0460140570270412   0
0.320411676573101   0.640653317008843   -0.0890371494944074   -0.0749246319448192   0
0.397665704496789   0.573182684213703   0.0772540279236879   -0.0674706327951399   0
0.333925324914469   0.564453906753369   -0.0637403795823196   -0.00872877746033385   0
0.361346553916974   0.621052018097592   0.0274212290025048   0.0565981113442228   0
0.354403513001551   0.629973502848732   -0.00694304091542325   0.0089214847511403   0
0.342085971998196   0.648833843669501   -0.0123175410033548   0.0188603408207692   0
0.341665670356526   0.630841728150901   -0.000420301641669452   -0.0179921155186008   0
0.355930715827075   0.60494304000969   0.0142650454705484   -0.0258986881412102   0
0.334887062337265   0.641069682084109   -0.02104365348981   0.036126642074419   0
0.422103395910547   0.686350530260428   0.0872163335732817   0.0452808481763185   0
0.468810637583278   0.750707228325741   0.0467072416727315   0.064356698065313   0
0.408428530474971   0.706260680469237   -0.060382107108307   -0.0444465478565035   0
0.418073177989483   0.715252731427083   0.00964464751451238   0.00899205095784539   0
0.392702111657779   0.725865076259954   -0.025371066331704   0.0106123448328713   0
0.465897616604566   0.762487423012147   0.0731955049467866   0.0366223467521928   0
0.456640354396564   0.768123170151483   -0.00925726220800244   0.00563574713933579   0
0.452100789054091   0.773053217827122   -0.00453956534247224   0.00493004767563932   0
0.514181133558053   0.815741586129762   0.0620803445039621   0.0426883683026404   0
0.477084822204381   0.813773055110948   -0.0370963113536723   -0.00196853101881411   0
0.478438029158118   0.894815521219717   0.00135320695373659   0.0810424661087689   0
0.478569343285837   0.839126861589129   0.000131314127719717   -0.0556886596305881   0
0.445725901807384   0.824323313164204   -0.0328434414784536   -0.0148035484249252   0
0.581389571127546   0.942642568800164   0.135663669320162   0.118319255635961   0
0.526066525377048   0.898938435574632   -0.055323045750498   -0.0437041332255319   0
0.500135645577524   0.898004917153683   -0.0259308797995242   -0.000933518420949131   0
0.528825756652829   0.872378879392888   0.0286901110753053   -0.0256260377607949   0
0.443205959098452   0.830443756580526   -0.0856197975543764   -0.0419351228123626   0
