0   0   0   0   0
0.0753270151965349   0.0359886708545484   0.0753270151965349   0.0359886708545484   0
0.139306076798645   0.0752073809865354   0.0639790616021099   0.039218710131987   0
0.225314807884155   0.116600156696967   0.0860087310855104   0.0413927757104319   0
0.227485676210787   0.115088104049674   0.00217086832663171   -0.00151205264729301   0
0.199026356457579   0.0922468929253892   -0.0284593197532075   -0.0228412111242851   0
0.159602315014725   0.0734094178294709   -0.0394240414428539   -0.0188374750959184   0
0.219762067329928   0.100390910006004   0.0601597523152027   0.026981492176533   0
0.175849544169968   0.0876363944377302   -0.0439125231599605   -0.0127545155682737   0
0.159914824138576   0.0721931250797209   -0.0159347200313915   -0.0154432693580093   0
0.15360935382386   0.0740674005338305   -0.00630547031471615   0.00187427545410955   0
0.194701841619801   0.0978501403581343   0.0410924877959409   0.0237827398243039   0
0.110911642856645   0.0680323097829761   -0.083790198763156   -0.0298178305751583   0
0.132526166005482   0.0776155255434828   0.0216145231488376   0.00958321576050673   0
0.232299979128475   0.137226316919011   0.0997738131229928   0.0596107913755281   0
0.220314938819289   0.120824166360596   -0.0119850403091862   -0.016402150558415   0
0.203336736334804   0.115353827764323   -0.0169782024844853   -0.00547033859627252   0
0.13000786060601   0.0724072346102262   -0.0733288757287938   -0.0429465931540971   0
0.14014310521952   0.0882089037958642   0.0101352446135096   0.015801669185638   0
0.15954730373515   0.0791763269593822   0.0194041985156307   -0.009032576836482   0
0.120604955085603   0.0492247834542038   -0.038942348649547   -0.0299515435051784   0
0.0748967934569899   0.048709576252332   -0.0457081616286132   -0.000515207201871794   0
0.13016436013626   0.0731067259038435   0.0552675666792698   0.0243971496515115   0
0.0569345237671755   0.0255132361140939   -0.0732298363690843   -0.0475934897897497   0
0.0628934479247826   0.0393957914790732   0.00595892415760713   0.0138825553649793   0
0.117101972939092   0.0845840871303944   0.0542085250143094   0.0451882956513212   0
0.14612894225713   0.102088287570656   0.0290269693180378   0.0175042004402617   0
0.169346262679007   0.103987612138776   0.0232173204218768   0.00189932456811989   0
0.163901921915134   0.118021509792781   -0.00544434076387268   0.0140338976540051   0
0.1727985001292   0.123073869348521   0.00889657821406589   0.00505235955574022   0
0.163322742645469   0.132136978617115   -0.00947575748373058   0.00906310926859401   0
0.161013213225853   0.129512698863603   -0.00230952941961626   -0.00262427975351232   0
0.126972691894914   0.108536145012425   -0.0340405213309389   -0.0209765538511776   0
0.113434939163436   0.0783025203037411   -0.0135377527314777   -0.0302336247086843   0
0.121205401075768   0.0811201632442687   0.0077704619123317   0.00281764294052761   0
0.134940219945687   0.080115808962776   0.0137348188699187   -0.00100435428149269   0
0.121931063525595   0.0771669781354049   -0.0130091564200919   -0.0029488308273711   0
0.136019630411517   0.0881433081282127   0.0140885668859215   0.0109763299928078   0
0.130022811824239   0.0881773863465833   -0.00599681858727744   3.40782183705923e-05   0
0.0985412986540613   0.0750822283210309   -0.0314815131701778   -0.0130951580255524   0
0.104325310240659   0.061708187867284   0.00578401158659769   -0.0133740404537469   0
0.123431379070932   0.0749748686230924   0.0191060688302734   0.0132666807558084   0
0.122267231137805   0.0732310248444978   -0.001164147933127   -0.00174384377859457   0
0.107802815805193   0.0573054300317343   -0.0144644153326126   -0.0159255948127635   0
0.112391676598723   0.0602426367948872   0.00458886079352984   0.0029372067631529   0
0.103737507954896   0.0580047910060086   -0.00865416864382709   -0.00223784578887856   0
0.104482527716114   0.0584435185015554   0.000745019761218491   0.000438727495546805   0
0.104985860325483   0.0727828737393444   0.000503332609369245   0.014339355237789   0
0.136507159318286   0.0848889801389038   0.0315212989928025   0.0121061063995594   0
0.123460513766948   0.0785873452918233   -0.0130466455513378   -0.00630163484708048   0
0.117183288870851   0.0690990167908514   -0.00627722489609739   -0.00948832850097196   0
0.1278857788831   0.0682817038167364   0.0107024900122497   -0.000817312974114956   0
0.123941146383994   0.0789355559803923   -0.00394463249910601   0.0106538521636558   0
0.130563522442973   0.0684805373555641   0.00662237605897839   -0.0104550186248281   0
0.108349524721498   0.0428146191048207   -0.0222139977214747   -0.0256659182507435   0
0.143051014142571   0.0552235021118611   0.0347014894210727   0.0124088830070404   0
0.121291276095365   0.0686412666598988   -0.0217597380472059   0.0134177645480377   0
0.119375975752445   0.0698743859807442   -0.00191530034291923   0.00123311932084538   0
0.113283980387705   0.067142374561157   -0.00609199536474038   -0.00273201141958719   0
0.127397086516113   0.0702842279669649   0.014113106128408   0.00314185340580789   0
0.133681715222512   0.0701591228422949   0.00628462870639893   -0.000125105124669928   0
0.143922575662162   0.0678848135106616   0.0102408604396503   -0.00227430933163336   0
0.147760438077435   0.0706464524598325   0.0038378624152724   0.00276163894917097   0
0.158109830543309   0.0640330401874687   0.0103493924658748   -0.00661341227236383   0
0.144711768538858   0.0693412782158003   -0.0133980620044516   0.00530823802833161   0
0.0896881310910244   0.044709301235934   -0.0550236374478334   -0.0246319769798663   0
0.0457070613011592   0.0732282324393563   -0.0439810697898652   0.0285189312034223   0
0.0318329880144924   0.0564447286476554   -0.0138740732866668   -0.0167835037917009   0
0.0228654252035404   0.0579664822603781   -0.00896756281095199   0.00152175361272278   0
0.0574369812364848   0.0542467507856877   0.0345715560329444   -0.00371973147469046   0
