7.1054274e-15   0   0   0   0
0.044453414659368   0.0291265044936146   0.0444534146593609   0.0291265044936146   0
0.0211675532004768   0.0447664598481689   -0.0232858614588912   0.0156399553545543   0
0.0385492759043817   0.059330985605673   0.017381722703905   0.0145645257575041   0
0.0779716565235188   0.0635605742262078   0.0394223806191371   0.0042295886205348   0
0.0716197600142982   0.080575081676241   -0.00635189650922061   0.0170145074500331   0
0.0771307122922683   0.0420758905360605   0.00551095227797013   -0.0384991911401805   0
0.0498814100452135   0.0516314443803175   -0.0272493022470548   0.00955555384425705   0
0.105815895430324   0.0770648629291124   0.0559344853851108   0.0254334185487948   0
0.0713932683144262   0.0789181072040096   -0.0344226271158981   0.00185324427489719   0
0.164636793801724   0.0947898587314519   0.0932435254872983   0.0158717515274424   0
0.215384041058411   0.135920607008421   0.0507472472566862   0.0411307482769692   0
0.298128017332695   0.179189358951295   0.082743976274284   0.0432687519428736   0
0.324724931501716   0.198258824632832   0.0265969141690212   0.0190694656815371   0
0.366138360555248   0.231077689756541   0.0414134290535326   0.0328188651237091   0
0.3583228691556   0.21732319708239   -0.00781549139964893   -0.0137544926741511   0
0.36991554924359   0.234441835956163   0.0115926800879909   0.0171186388737734   0
0.362256436455938   0.227372955116015   -0.00765911278765286   -0.00706888084014837   0
0.399101099273627   0.261134672332056   0.0368446628176895   0.0337617172160417   0
0.387595186660033   0.245463883938224   -0.0115059126135938   -0.015670788393832   0
0.413039555045494   0.272215845973961   0.0254443683854605   0.0267519620357367   0
0.395695334177581   0.252245735904222   -0.0173442208679124   -0.0199701100697392   0
0.436173942762213   0.293357070237886   0.0404786085846321   0.0411113343336638   0
0.454921453756174   0.310878641833277   0.0187475109939604   0.0175215715953913   0
0.435521217433555   0.310308148989742   -0.0194002363226186   -0.00057049284353522   0
0.400812283358695   0.27888715172732   -0.0347089340748602   -0.0314209972624218   0
0.496382561924233   0.339588312189903   0.0955702785655382   0.0607011604625826   0
0.430388483617096   0.279561766874693   -0.0659940783071374   -0.0600265453152098   0
0.448289953671473   0.318262461338872   0.0179014700543767   0.0387006944641795   0
0.422829380159165   0.269058045321039   -0.0254605735123075   -0.0492044160178331   0
0.476120142334079   0.325744972996455   0.0532907621749143   0.0566869276754161   0
0.460212818227283   0.304178042403807   -0.0159073241067964   -0.0215669305926486   0
0.451401445145697   0.312244044041243   -0.00881137308158597   0.00806600163743626   0
0.41542658146278   0.291038070318376   -0.0359748636829172   -0.0212059737228671   0
0.455918541171896   0.326622348753983   0.0404919597091165   0.035584278435607   0
0.461325851676315   0.325151449913407   0.00540731050441845   -0.00147089884057561   0
0.47593707468504   0.348283566131715   0.0146112230087257   0.0231321162183079   0
0.457437511952783   0.319875770051671   -0.0184995627322571   -0.0284077960800439   0
0.418062037228879   0.305364336863615   -0.0393754747239048   -0.0145114331880563   0
0.442879825003333   0.327879559731738   0.0248177877744546   0.0225152228681233   0
0.416458929101575   0.291994195055908   -0.0264208959017587   -0.0358853646758304   0
0.489452692899041   0.359692083052746   0.0729937637974665   0.0676978879968378   0
0.451624571502815   0.318559122574669   -0.0378281213962257   -0.0411329604780762   0
0.484030577826478   0.352687570777333   0.0324060063236631   0.0341284482026635   0
0.451355101045779   0.301061914213142   -0.0326754767806989   -0.0516256565641904   0
0.526050208931542   0.371338851131938   0.0746951078857623   0.0702769369187957   0
0.455096254169511   0.287893530736827   -0.0709539547620303   -0.0834453203951113   0
0.49535371174628   0.331101135830394   0.0402574575767686   0.043207605093567   0
0.470331872178327   0.318807467533009   -0.0250218395679527   -0.0122936682973852   0
0.512436577111769   0.366890777762839   0.0421047049334419   0.04808331022983   0
0.507427623609426   0.375709388733678   -0.00500895350234287   0.00881861097083952   0
0.530980869207394   0.399583823045564   0.0235532455979679   0.0238744343118859   0
0.581524492855111   0.416536829967266   0.0505436236477169   0.0169530069217019   0
0.528647147456547   0.367222673444172   -0.0528773453985646   -0.0493141565230942   0
0.530474638095694   0.384032445185492   0.00182749063914689   0.0168097717413202   0
0.524162230151259   0.357552594469248   -0.00631240794443444   -0.0264798507162435   0
0.568268828150916   0.415696889030878   0.0441065979996573   0.0581442945616293   0
0.535802935632337   0.378893099676209   -0.0324658925185796   -0.0368037893546688   0
0.547340815052525   0.386329125271889   0.0115378794201879   0.00743602559567974   0
0.56105771905132   0.397463068394198   0.0137169039987952   0.0111339431223095   0
0.557831399939721   0.379034041397865   -0.00322631911159876   -0.018429026996333   0
0.582028892528332   0.403115843200522   0.0241974925886108   0.0240818018026568   0
0.575386774067033   0.397194554109872   -0.00664211846129947   -0.00592128909064948   0
0.546354228983985   0.37999709027918   -0.0290325450830476   -0.0171974638306926   0
0.540202859850887   0.400222539131124   -0.00615136913309811   0.0202254488519446   0
0.588987866073019   0.426115858937873   0.0487850062221322   0.0258933198067482   0
0.592290541515101   0.393237960503016   0.00330267544208229   -0.0328778984348566   0
0.618263202059174   0.45114902103826   0.0259726605440723   0.057911060535244   0
0.567701122459042   0.421933547042507   -0.0505620796001317   -0.0292154739957531   0
0.578572777067142   0.41618122013913   0.0108716546081004   -0.00575232690337646   0
0.6137613328041   0.421932205970433   0.0351885557369574   0.00575098583130251   0
0.670051358749802   0.54885297128628   0.0562900259457025   0.126920765315848   0
0.5751676311072   0.446783827147044   -0.0948837276426022   -0.102069144139236   0
0.538519941595387   0.428001495239821   -0.0366476895118126   -0.0187823319072232   0
0.632354401261134   0.455892750159795   0.0938344596657461   0.0278912549199736   0
0.658747521552174   0.456972016585918   0.0263931202910401   0.00107926642612277   0
