1.0559799e-14   7.70372e-32   0   0   0
0.0744219061111118   0.0609573420226703   0.0744219061111012   0.0609573420226703   0
0.0758492418577315   0.0418969903040691   0.00142733574661974   -0.0190603517186012   0
0.110243776125092   0.070541901173336   0.0343945342673602   0.0286449108692669   0
0.0714778528259477   0.100696614031861   -0.038765923299144   0.0301547128585248   0
0.0619476749253549   0.0719496603827424   -0.00953017790059277   -0.0287469536491184   0
0.0658770506499327   0.0287749384506644   0.00392937572457781   -0.043174721932078   0
0.0685237278869435   0.0415275815287127   0.00264667723701074   0.0127526430780483   0
0.0660271570443548   0.0860351398712695   -0.00249657084258864   0.0445075583425569   0
0.0841928422106269   0.0728505579500479   0.0181656851662721   -0.0131845819212217   0
0.0862929240232214   0.0966167423896453   0.00210008181259454   0.0237661844395974   0
0.0768147717465003   0.0785018310946564   -0.00947815227672112   -0.0181149112949888   0
0.0739389163266399   0.0757584264842636   -0.00287585541986045   -0.00274340461039284   0
0.0822152044314868   0.0453383089319406   0.0082762881048469   -0.030420117552323   0
0.0897879254506772   0.0546237183517584   0.00757272101919042   0.00928540941981774   0
0.0712475826221573   0.0804663529072459   -0.0185403428285199   0.0258426345554875   0
0.102183912672897   0.0674495552321606   0.0309363300507392   -0.0130167976750853   0
0.0907667656259851   0.067333437642263   -0.0114171470469115   -0.000116117589897588   0
0.0992362551955468   0.0869682665477732   0.00846948956956174   0.0196348289055102   0
0.10543727176382   0.0937670153723333   0.00620101656827349   0.00679874882456005   0
0.0867613216196338   0.0777476868119722   -0.0186759501441865   -0.0160193285603611   0
0.0860905651464881   0.0914904060906628   -0.000670756473145712   0.0137427192786907   0
0.0816735747311253   0.0500906508993218   -0.00441699041536281   -0.041399755191341   0
0.0669596438115826   0.0722663336401627   -0.0147139309195427   0.0221756827408409   0
0.106189486777047   0.0793243467169878   0.0392298429654639   0.00705801307682513   0
0.102671522985948   0.0489368430539954   -0.00351796379109834   -0.0303875036629924   0
0.103596571555631   0.0575810638519159   0.000925048569683146   0.00864422079792049   0
0.13651478197195   0.0703032536044874   0.0329182104163183   0.0127221897525715   0
0.144096897551735   0.0865864458135601   0.00758211557978536   0.0162831922090726   0
0.119898960016513   0.0740251053183115   -0.0241979375352219   -0.0125613404952485   0
0.0658941870690899   0.0422212767988616   -0.0540047729474233   -0.03180382851945   0
0.13912661065494   0.0913845269723561   0.0732324235858501   0.0491632501734946   0
0.120530136472696   0.0771909789549833   -0.0185964741822436   -0.0141935480173729   0
0.102790748845817   0.0477743360451686   -0.0177393876268794   -0.0294166429098147   0
0.0914337807886711   0.0306617486196521   -0.0113569680571459   -0.0171125874255165   0
0.0777831671939556   0.061381898027297   -0.0136506135947156   0.030720149407645   0
0.109225934899975   0.0524022486181039   0.0314427677060195   -0.00897964940919314   0
0.095755998793504   0.0203163774874672   -0.0134699361064711   -0.0320858711306367   0
0.0688220274299982   0.0246318547124538   -0.0269339713635057   0.00431547722498667   0
0.0951822198195694   0.0430504570692063   0.0263601923895712   0.0184186023567524   0
0.0959739170194564   0.0460034736528298   0.000791697199886948   0.00295301658362356   0
0.0841272341926068   0.0423108512663456   -0.0118466828268496   -0.0036926223864842   0
0.0902508877378514   0.0653855342660601   0.00612365354524465   0.0230746829997145   0
0.108197721343646   0.0911750400651262   0.0179468336057945   0.0257895057990661   0
0.0755061606365903   0.0694052475468829   -0.0326915607070556   -0.0217697925182433   0
0.0642512148190549   0.055419948847949   -0.0112549458175354   -0.0139852986989339   0
0.0985453540466691   0.0481376278540956   0.0342941392276143   -0.00728232099385348   0
0.101520033765739   0.0531598809634385   0.00297467971906989   0.00502225310934291   0
0.107191541374415   0.0750082029202154   0.00567150760867609   0.021848321956777   0
0.0764027250239602   0.0459517939569935   -0.0307888163504549   -0.029056408963222   0
0.141826367519873   0.0385191072023348   0.0654236424959123   -0.00743268675465865   0
0.163320620069381   0.0671976790256466   0.0214942525495087   0.0286785718233117   0
0.145583552875838   0.0489308884652135   -0.0177370671935431   -0.018266790560433   0
0.1439419669223   0.0265574816666567   -0.00164158595353814   -0.0223734067985568   0
0.129689296156721   0.0209499831745865   -0.0142526707655791   -0.00560749849207028   0
0.187803160091555   0.0345609794057063   0.0581138639348343   0.0136109962311199   0
0.203447851594605   0.065290262954483   0.0156446915030495   0.0307292835487767   0
0.185830624150316   0.0449683606046661   -0.0176172274442885   -0.020321902349817   0
0.163688006732492   0.0363922474881193   -0.0221426174178236   -0.00857611311654673   0
0.17136194447283   0.0507172942972113   0.00767393774033762   0.0143250468090919   0
0.275180807218613   0.147613992167309   0.103818862745783   0.096896697870098   0
0.236901113287133   0.0919861598900329   -0.0382796939314803   -0.0556278322772763   0
0.23819973181889   0.090731535089419   0.0012986185317565   -0.0012546248006139   0
0.289369519025905   0.133175172012747   0.0511697872070149   0.0424436369233279   0
0.269445341389093   0.148131688893367   -0.0199241776368117   0.0149565168806198   0
0.258776416368673   0.121417042869995   -0.0106689250204194   -0.0267146460233713   0
0.283859315490464   0.140038359688154   0.0250828991217902   0.0186213168181589   0
0.291228292256523   0.142057283004166   0.00736897676605908   0.00201892331601186   0
0.298227887838362   0.164234468972658   0.0069995955818391   0.0221771859684921   0
0.281734487632761   0.159379346345385   -0.0164934002056012   -0.00485512262727286   0
0.242495161102633   0.0986815389415178   -0.0392393265301277   -0.0606978074038676   0
0.255991321357728   0.134734489352931   0.0134961602550952   0.0360529504114131   0
0.286403560266427   0.140416023879419   0.0304122389086994   0.00568153452648779   0
0.336364457048079   0.199680731097806   0.0499608967816519   0.0592647072183878   0
0.303704275327762   0.17235208563642   -0.0326601817203173   -0.0273286454613865   0
0.290966445749444   0.160819383394454   -0.012737829578318   -0.0115327022419656   0
0.274006749329193   0.131481541127882   -0.0169596964202515   -0.029337842266572   0
