1.07213579941776e-14   3.635801e-16   0   0   0
0.0947386642742023   0.057301495832352   0.0947386642741915   0.0573014958323516   0
0.0982058130319449   0.0577657095302735   0.00346714875774259   0.000464213697921476   0
0.0623944887014786   0.0407677167157679   -0.0358113243304663   -0.0169979928145056   0
0.161420876907381   0.089617383417091   0.0990263882059026   0.0488496667013231   0
0.067575166424877   0.0425960586333468   -0.0938457104825042   -0.0470213247837441   0
0.137398280826839   0.0816144301422149   0.0698231144019619   0.0390183715088681   0
0.0589900743273339   0.0329666760452957   -0.078408206499505   -0.0486477540969193   0
0.119588211994153   0.060755327250619   0.0605981376668189   0.0277886512053233   0
0.161860466819254   0.0788111083163531   0.0422722548251011   0.0180557810657341   0
0.0863324293504986   0.0441427764714516   -0.0755280374687554   -0.0346683318449015   0
0.16024984070232   0.0772294172688343   0.0739174113518218   0.0330866407973827   0
0.1242145670359   0.0622147561881305   -0.0360352736664206   -0.0150146610807038   0
0.118256185326898   0.0588504945868563   -0.0059583817090019   -0.00336426160127416   0
0.172466406283824   0.08761087593158   0.0542102209569256   0.0287603813447237   0
0.124665633209585   0.0576555881345607   -0.0478007730742386   -0.0299552877970192   0
0.183566688349854   0.0752468839909405   0.0589010551402691   0.0175912958563798   0
0.179943784016022   0.084848793597989   -0.00362290433383172   0.00960190960704846   0
0.177587474180261   0.0790580141794182   -0.00235630983576171   -0.00579077941857081   0
0.225098707772687   0.09376962567613   0.0475112335924265   0.0147116114967119   0
0.182982056298983   0.0748524023052997   -0.0421166514737041   -0.0189172233708303   0
0.230263840151345   0.100976512529546   0.0472817838523616   0.0261241102242458   0
0.243996417114061   0.104328310637176   0.013732576962716   0.0033517981076302   0
0.210757655790338   0.0844954801837429   -0.0332387613237231   -0.0198328304534329   0
0.277540340823435   0.103418624995288   0.0667826850330977   0.0189231448115451   0
0.227184771396702   0.0566298939962105   -0.0503555694267337   -0.0467887309990775   0
0.235070538742907   0.0861058780120411   0.00788576734620525   0.0294759840158306   0
0.212018902126319   0.0833251120345023   -0.0230516366165874   -0.00278076597753875   0
0.197441659167538   0.0992647818383085   -0.0145772429587818   0.0159396698038062   0
0.225849251621729   0.0937747506600668   0.0284075924541917   -0.00549003117824171   0
0.218230891085998   0.0931781204347527   -0.00761836053573092   -0.000596630225314088   0
0.186699677284012   0.0913585761727364   -0.0315312138019867   -0.00181954426201633   0
0.229521749796721   0.0936460640054926   0.0428220725127095   0.00228748783275619   0
0.183451654286183   0.0785327615142336   -0.0460700955105388   -0.0151133024912589   0
0.198689573105556   0.0869257505748375   0.0152379188193735   0.00839298906060386   0
0.229920959132435   0.0973014103868887   0.031231386026879   0.0103756598120511   0
0.195909827505668   0.0900094387081974   -0.0340111316267669   -0.00729197167869125   0
0.206880382394433   0.0882581094614866   0.0109705548887645   -0.00175132924671083   0
0.240157723031338   0.0837151177420739   0.0332773406369058   -0.00454299171941269   0
0.213292614838829   0.0831907321933124   -0.0268651081925091   -0.000524385548761483   0
0.27198869907153   0.0928696146384141   0.058696084232701   0.00967888244510166   0
0.241541293696225   0.0905626542684633   -0.030447405375305   -0.00230696036995073   0
0.220686559721088   0.0932640920199507   -0.0208547339751373   0.00270143775148733   0
0.281015161940312   0.0936762303978608   0.0603286022192242   0.000412138377910182   0
0.211682860597847   0.0953558697527937   -0.0693323013424655   0.00167963935493289   0
0.268788120721814   0.100802595145364   0.057105260123967   0.00544672539257074   0
0.262158679114433   0.106198311228027   -0.00662944160738027   0.00539571608266243   0
0.231492564656176   0.114541648228111   -0.030666114458257   0.00834333700008426   0
0.253599202191502   0.114183367607693   0.0221066375353252   -0.000358280620418636   0
0.236973540311478   0.11649494197446   -0.0166256618800239   0.00231157436676775   0
0.218624714263208   0.141034775931475   -0.0183488260482701   0.0245398339570149   0
0.288131575582015   0.129477439700501   0.0695068613188074   -0.0115573362309743   0
0.206624413872804   0.106531412401171   -0.0815071617092112   -0.0229460272993293   0
0.259482974896367   0.105601773217382   0.0528585610235631   -0.000929639183789716   0
0.287546865678087   0.106898351222231   0.0280638907817201   0.00129657800484956   0
0.261374127385486   0.116530031305057   -0.0261727382926008   0.00963168008282551   0
0.259004784033044   0.116219865509831   -0.00236934335244271   -0.000310165795225761   0
0.245147822927514   0.11987319145091   -0.0138569611055293   0.00365332594107851   0
0.284689245923523   0.119769583393434   0.0395414229960084   -0.000103608057475973   0
0.255160029464076   0.117854279600479   -0.0295292164594465   -0.00191530379295471   0
0.317069449811948   0.126569594815489   0.0619094203478713   0.00871531521500987   0
0.298353079142514   0.1196788037837   -0.0187163706694335   -0.00689079103178841   0
0.303739074813927   0.11257162604498   0.00538599567141274   -0.00710717773872033   0
0.307704497956807   0.109115171011318   0.00396542314288073   -0.00345645503366213   0
0.286239005941668   0.102906557659422   -0.0214654920151391   -0.00620861335189635   0
0.332749344888584   0.112928357732154   0.0465103389469159   0.0100218000727328   0
0.299491234368391   0.113688066673444   -0.0332581105201932   0.000759708941289558   0
0.290287552555913   0.107635769574063   -0.00920368181247805   -0.0060522970993805   0
0.32284355007017   0.110801665659246   0.0325559975142567   0.003165896085183   0
