0   0   0   0   0
0.043511986319928   0.0482014222176995   0.043511986319928   0.0482014222176995   0
0.0443797802356689   0.0872160348973234   0.000867793915740905   0.0390146126796239   0
0.097764155497127   0.0568810952151583   0.0533843752614581   -0.0303349396821651   0
0.0177055967829145   0.0511904959744764   -0.0800585587142124   -0.00569059924068188   0
0.0360644246392637   0.103257463781301   0.0183588278563492   0.0520669678068242   0
0.0200740087319132   0.0968523681405471   -0.0159904159073505   -0.00640509564075345   0
0.0425852128369723   0.0441521440379362   0.0225112041050591   -0.0527002241026109   0
0.0684705629498516   0.0734437511676551   0.0258853501128793   0.0292916071297189   0
0.0134790860504584   0.0662759378870297   -0.0549914768993933   -0.00716781328062541   0
0.0458658729083383   0.0750311855033143   0.03238678685788   0.00875524761628466   0
0.087166016283611   0.0678162971699752   0.0413001433752727   -0.00721488833333916   0
0.0537900931667441   0.0516170361558106   -0.0333759231168669   -0.0161992610141645   0
0.0200719892771469   0.0563302183126935   -0.0337181038895972   0.0047131821568829   0
0.062809935290889   0.106087694706823   0.0427379460137421   0.0497574763941298   0
0.0299450289564938   0.0530709219594789   -0.0328649063343952   -0.0530167727473445   0
0.0191892435777824   0.0992850708955402   -0.0107557853787114   0.0462141489360613   0
0.0612563020182819   0.115257048809179   0.0420670584404995   0.0159719779136388   0
0.02458135213381   0.07744417079542   -0.0366749498844719   -0.037812878013759   0
0.0535156033929039   0.064774244867238   0.0289342512590939   -0.0126699259281819   0
0.0447239516128864   0.037772129538486   -0.00879165178001753   -0.027002115328752   0
0.0373713028814476   0.0664601655249073   -0.00735264873143882   0.0286880359864213   0
0.0881963896292222   0.0931187659212611   0.0508250867477746   0.0266586003963538   0
0.0222234759410786   0.0719118837541493   -0.0659729136881436   -0.0212068821671118   0
0.0567124857684567   0.0980617672594565   0.034489009827378   0.0261498835053071   0
0.0325431634272642   0.103767109597309   -0.0241693223411925   0.00570534233785296   0
0.0592426500285856   0.172158727884297   0.0266994866013214   0.0683916182869872   0
0.053849776630513   0.179985420207886   -0.00539287339807257   0.00782669232358935   0
0.0182915990786722   0.14376403195967   -0.0355581775518408   -0.0362213882482165   0
0.134432565917199   0.181119618539277   0.116140966838527   0.0373555865796074   0
0.129649166332567   0.312812138234697   -0.0047833995846322   0.13169251969542   0
0.131422237664913   0.295833334029126   0.00177307133234605   -0.0169788042055706   0
0.0852185724754384   0.291936721065767   -0.0462036651894744   -0.00389661296335941   0
0.928182427564034   0.143130049109643   0.842963855088596   -0.148806671956124   0
0.562484245119999   0.142902533770102   -0.365698182444035   -0.00022751533954099   0
0.356557139787882   0.167715870812451   -0.205927105332117   0.0248133370423495   0
0.0534775292626032   0.167982529402093   -0.303079610525279   0.000266658589642033   0
0.0307663288625432   0.127875358108817   -0.02271120040006   -0.0401071712932765   0
0.10051347463315   0.176031617193065   0.0697471457706073   0.0481562590842483   0
0.115106395299988   0.209901959557877   0.0145929206668371   0.0338703423648114   0
0.08970537879782   0.171498524362651   -0.0254010165021676   -0.0384034351952253   0
0.0835195852378947   0.193760498588139   -0.00618579355992525   0.0222619742254877   0
0.092193625268252   0.240974928286872   0.00867404003035732   0.0472144296987327   0
0.056296721626753   0.272521401441981   -0.035896903641499   0.0315464731551094   0
0.0657664254520792   0.280720126350053   0.00946970382532618   0.00819872490807216   0
0.0687729731204724   0.258035868447757   0.00300654766839316   -0.0226842579022964   0
0.124283706341747   0.283303475939239   0.0555107332212751   0.0252676074914817   0
0.295783882554482   0.40187151175689   0.171500176212734   0.118568035817651   0
0.235933406856707   0.401580974552883   -0.0598504756977752   -0.000290537204007291   0
0.331150416232974   0.461010887324087   0.0952170093762671   0.0594299127712041   0
0.336986663561292   0.443453196172974   0.00583624732831778   -0.0175576911511133   0
0.210221822276199   0.433281994898465   -0.126764841285092   -0.0101712012745085   0
0.267467247188728   0.440210912474808   0.0572454249125294   0.00692891757634295   0
0.207532571238997   0.413004943233566   -0.0599346759497313   -0.0272059692412422   0
0.220103708111579   0.476486499023316   0.0125711368725821   0.0634815557897507   0
0.230612411550214   0.528509856317343   0.010508703438635   0.0520233572940266   0
0.197368640118903   0.518544772553774   -0.0332437714313117   -0.00996508376356886   0
0.226036764518694   0.568836671240262   0.0286681243997916   0.0502918986864878   0
0.204339917006355   0.569664193294746   -0.0216968475123389   0.000827522054483887   0
0.17575588685552   0.515222529872518   -0.0285840301508355   -0.0544416634222279   0
0.245343272011419   0.51664932887511   0.0695873851558991   0.00142679900259235   0
0.231960891273128   0.509984896002702   -0.0133823807382909   -0.00666443287240803   0
0.207194429892161   0.50998279505901   -0.0247664613809667   -2.10094369268443e-06   0
0.305544525537948   0.563528843186214   0.0983500956457865   0.0535460481272043   0
0.293395190382957   0.593639739898252   -0.0121493351549908   0.0301108967120379   0
0.309556680392696   0.617228397462124   0.0161614900097389   0.0235886575638719   0
0.222771183933252   0.594946606560705   -0.0867854964594437   -0.022281790901419   0
0.24814978269387   0.464995436115402   0.0253785987606179   -0.129951170445303   0
0.233832603397591   0.291286295496648   -0.0143171792962789   -0.173709140618754   0
0.256993197013293   0.351728537285424   0.0231605936157018   0.0604422417887758   0
0.329474621870523   0.457944078499598   0.07248142485723   0.106215541214175   0
0.269910499468808   0.492900358980037   -0.0595641224017145   0.034956280480439   0
