7.1054274e-15   0   0   0   0
0.0248785795686237   0.0135071415328876   0.0248785795686166   0.0135071415328876   0
0.0248330115877524   0.0278642460130914   -4.55679808713562e-05   0.0143571044802038   0
0.0203795389944228   0.0228773026371856   -0.0044534725933296   -0.00498694337590584   0
0.0410695678426265   0.0435353744664686   0.0206900288482037   0.020658071829283   0
0.0411430269416008   0.0381808283195472   7.34590989743197e-05   -0.00535454614692133   0
0.0431790527126856   0.023772000632324   0.00203602577108482   -0.0144088276872233   0
0.0640877948929607   0.036543267823238   0.0209087421802751   0.012771267190914   0
0.0800396724737695   0.0539424758283938   0.0159518775808088   0.0173992080051558   0
0.0683563967385718   0.0703902310083612   -0.0116832757351977   0.0164477551799674   0
0.0669206006789918   0.0757057713718214   -0.00143579605958001   0.00531554036346026   0
0.0650147902587589   0.0622156500181522   -0.00190581042023284   -0.0134901213536692   0
0.0462908451579769   0.0807486422122069   -0.0187239451007821   0.0185329921940547   0
0.108892217173852   0.128986460794734   0.0626013720158747   0.0482378185825273   0
0.081208571587962   0.114498527821898   -0.0276836455858896   -0.0144879329728359   0
0.061648054728746   0.090369330116745   -0.019560516859216   -0.0241291977051533   0
0.134710062122408   0.141163051781741   0.0730620073936619   0.0507937216649957   0
0.13698425677982   0.159425596044244   0.00227419465741166   0.0182625442625031   0
0.12866742509381   0.174795699226526   -0.00831683168600966   0.0153701031822819   0
0.16647661333185   0.189540496381469   0.0378091882380396   0.0147447971549438   0
0.19291193125462   0.200490615329461   0.02643531792277   0.0109501189479916   0
0.176122458436918   0.205166079024321   -0.0167894728177012   0.00467546369485947   0
0.192254365025087   0.211296160999754   0.0161319065881687   0.00613008197543305   0
0.164014509596401   0.197779614101067   -0.0282398554286857   -0.0135165468986867   0
0.179963471946172   0.227880647417767   0.0159489623497706   0.0301010333167001   0
0.0923237251783277   0.173027361190699   -0.0876397467678444   -0.0548532862270681   0
0.142256876541268   0.211891733385659   0.0499331513629408   0.0388643721949603   0
0.147239622360324   0.205713819883903   0.00498274581905511   -0.00617791350175606   0
0.128390529114566   0.183201520373304   -0.0188490932457573   -0.0225122995105986   0
0.184405329579844   0.243565406590601   0.0560148004652778   0.0603638862172965   0
0.188511269350405   0.23881140650586   0.00410593977056101   -0.00475400008474078   0
0.173998136918773   0.25229339085353   -0.014513132431632   0.0134819843476697   0
0.191447772605035   0.256678088765399   0.0174496356862621   0.00438469791186891   0
0.233443177863247   0.295961842369923   0.0419954052582115   0.0392837536045246   0
0.210344728217493   0.277255471159997   -0.0230984496457542   -0.0187063712099266   0
0.233883503188873   0.301656266609116   0.0235387749713807   0.0244007954491195   0
0.21827521866588   0.300760330607519   -0.0156082845229936   -0.000895936001597486   0
0.195943666027245   0.296380669254987   -0.0223315526386351   -0.00437966135253148   0
0.232627401329774   0.317089605159059   0.0366837353025298   0.0207089359040715   0
0.214786326996695   0.310765267121668   -0.0178410743330792   -0.00632433803739035   0
0.2257060521844   0.324026952517996   0.0109197251877045   0.0132616853963279   0
0.216633822738205   0.307290964594571   -0.00907222944619507   -0.0167359879234251   0
0.252228909944772   0.355073843510257   0.0355950872065678   0.0477828789156855   0
0.258858002657115   0.344086488424653   0.0066290927123428   -0.0109873550856039   0
0.243070322485318   0.331573144573788   -0.015787680171797   -0.0125133438508646   0
0.178170167462896   0.291131743249364   -0.0649001550224222   -0.0404414013244241   0
0.183099902213062   0.278141088318256   0.00492973475016592   -0.0129906549311081   0
0.162958309849903   0.285461176575769   -0.0201415923631585   0.00732008825751268   0
0.202578574809841   0.305628672772363   0.0396202649599375   0.0201674961965947   0
0.18562888237913   0.272482082112619   -0.0169496924307109   -0.033146590659744   0
0.195508714266746   0.304492979431511   0.00987983188761582   0.0320108973188913   0
0.238201568431575   0.325223662085016   0.0426928541648295   0.0207306826535056   0
0.227502688661518   0.323782543858457   -0.0106988797700575   -0.00144111822655962   0
0.208718795812211   0.320904576978969   -0.0187838928493069   -0.00287796687948788   0
0.240149344009265   0.342154919098071   0.0314305481970539   0.0212503421191023   0
0.223942182394017   0.328915591972905   -0.0162071616152474   -0.0132393271251655   0
0.265800496845074   0.364962674862917   0.0418583144510568   0.0360470828900114   0
0.233107713277951   0.334866583468274   -0.0326927835671235   -0.0300960913946431   0
0.232483119366642   0.355473793386032   -0.000624593911308757   0.0206072099177582   0
0.26184643876581   0.368519062920315   0.029363319399168   0.0130452695342831   0
0.222346969337255   0.3429667514453   -0.0394994694285546   -0.0255523114750152   0
0.315888097889801   0.394877161072179   0.0935411285525454   0.051910409626879   0
0.269251955964193   0.367323212799307   -0.0466361419256074   -0.0275539482728716   0
0.28934602164   0.397478971908513   0.0200940656758061   0.0301557591092054   0
0.27335101319768   0.383913842099743   -0.0159950084423198   -0.0135651298087692   0
0.244916378811166   0.385244532568781   -0.0284346343865137   0.00133069046903739   0
0.239900825080123   0.375505930085477   -0.00501555373104312   -0.00973860248330399   0
0.251053113075124   0.401885584365078   0.0111522879950008   0.026379654279601   0
0.257035198157217   0.396531203134814   0.00598208508209352   -0.00535438123026383   0
