1.1667525e-14   1.92592995e-32   0   0   0
0.0112763502444188   0.0156576991912103   0.0112763502444072   0.0156576991912103   0
0.0102377349713952   0.0527845971886565   -0.00103861527302357   0.0371268979974462   0
0.0283290775256099   0.075307303213284   0.0180913425542147   0.0225227060246275   0
0.0295470242872898   0.0968226220609726   0.00121794676167984   0.0215153188476886   0
0.0304024331423258   0.124676502010471   0.000855408855036058   0.0278538799494982   0
0.0251617766988964   0.129294597098986   -0.00524065644342944   0.00461809508851506   0
0.0262776773382392   0.153177713789432   0.00111590063934285   0.0238831166904463   0
0.0353829614568898   0.155850699244556   0.00910528411865053   0.0026729854551234   0
0.029354353517899   0.144036135297302   -0.00602860793899075   -0.0118145639472533   0
0.641586263632384   0.0448838450926372   0.612231910114485   -0.0991522902046651   0
0.549110682359169   0.0298303388615519   -0.092475581273215   -0.0150535062310854   0
0.507107869211554   0.0357615431847062   -0.0420028131476149   0.00593120432315431   0
0.479748436042226   0.0377759724586025   -0.0273594331693281   0.00201442927389632   0
0.492850519005032   0.0476482146195141   0.0131020829628058   0.00987224216091162   0
0.382887403659454   0.0344342277045102   -0.109963115345577   -0.0132139869150039   0
0.41672024376725   0.0348872587889856   0.0338328401077951   0.000453031084475343   0
0.397595129348991   0.05313207263956   -0.0191251144182584   0.0182448138505744   0
0.41247181666279   0.0523630062795048   0.0148766873137988   -0.0007690663600552   0
0.41730044958463   0.0497709565948008   0.00482863292184049   -0.00259204968470395   0
0.441935946862486   0.0465687548037403   0.024635497277856   -0.00320220179106055   0
0.404294848312994   0.0582752396322059   -0.0376410985494922   0.0117064848284656   0
0.415489563421131   0.0483916020057972   0.0111947151081371   -0.00988363762640867   0
0.416182297883635   0.0918206069990825   0.000692734462503619   0.0434290049932852   0
0.429046850862857   0.157559351534018   0.0128645529792218   0.0657387445349355   0
0.436537056318654   0.160962413598689   0.00749020545579732   0.00340306206467098   0
0.434908618866234   0.136988014041268   -0.00162843745241964   -0.0239743995574208   0
0.414567266435833   0.133365723840314   -0.0203413524304017   -0.00362229020095398   0
0.38906930160737   0.162159541667056   -0.0254979648284626   0.0287938178267421   0
0.41671564219387   0.124249611364186   0.0276463405865003   -0.03790993030287   0
0.419822869612743   0.112542661115511   0.00310722741887215   -0.0117069502486752   0
0.40392594407141   0.155760590497023   -0.0158969255413322   0.0432179293815118   0
0.420055131144172   0.207337200048874   0.0161291870727618   0.051576609551851   0
0.377224908467132   0.223754470773503   -0.0428302226770401   0.0164172707246291   0
0.406142027036066   0.214000397799651   0.0289171185689338   -0.00975407297385228   0
0.352880348910316   0.256618864986754   -0.0532616781257496   0.0426184671871034   0
0.40219482105139   0.258103666764944   0.0493144721410735   0.00148480177818971   0
0.389196299822306   0.234928312742213   -0.0129985212290842   -0.023175354022731   0
0.374224866206203   0.232929729846372   -0.0149714336161026   -0.00199858289584043   0
0.325577883370872   0.208768443687774   -0.0486469828353305   -0.0241612861585988   0
0.336661518804573   0.169575760405726   0.0110836354337003   -0.0391926832820472   0
0.30365537710813   0.2412738912964   -0.0330061416964426   0.0716981308906736   0
0.294133481531807   0.296936065444227   -0.00952189557632316   0.0556621741478273   0
0.242008580950959   0.324973906173311   -0.0521249005808475   0.0280378407290836   0
0.283411526986838   0.264759175212728   0.0414029460358783   -0.0602147309605833   0
0.256044472697903   0.226184127571109   -0.0273670542889345   -0.0385750476416182   0
0.169050438014701   0.241944416414632   -0.0869940346832024   0.0157602888435228   0
0.145227124506441   0.175689659072329   -0.0238233135082594   -0.0662547573423037   0
0.467660266356483   0.381453672865348   0.322433141850041   0.20576401379302   0
0.773506592972722   0.434818205941285   0.305846326616239   0.0533645330759366   0
0.704905139579497   0.399403244182204   -0.0686014533932252   -0.0354149617590814   0
0.580852464802864   0.432022951764763   -0.124052674776633   0.0326197075825597   0
0.271600113752581   0.375560353729049   -0.309252351050283   -0.0564625980357147   0
0.329556533599986   0.365868123210598   0.0579564198474046   -0.00969223051845047   0
0.339324102770661   0.359520620177542   0.00976756917067523   -0.0063475030330562   0
0.306211322626845   0.377685991928738   -0.0331127801438162   0.0181653717511958   0
0.219105543841991   0.399651947557548   -0.0871057787848545   0.0219659556288099   0
0.0880801308732493   0.383377480402882   -0.131025412968741   -0.0162744671546653   0
0.113268191340057   0.585443442334469   0.0251880604668075   0.202065961931586   0
0.159870116494751   0.487915788065475   0.0466019251546938   -0.0975276542689936   0
0.136324888939262   0.452299418216967   -0.0235452275554885   -0.0356163698485075   0
0.140604513817637   0.446454963474359   0.00427962487837522   -0.00584445474260886   0
