1.1169777e-14   1.92968786555396e-32   0   0   0
0.0184840336529769   0.0303658899205011   0.0184840336529658   0.0303658899205011   0
0.0395889489034385   0.0337039483526999   0.0211049152504615   0.00333805843219885   0
0.0606440022377951   0.0979329911332562   0.0210550533343567   0.0642290427805563   0
0.0408329028441112   0.127396002336397   -0.019811099393684   0.0294630112031412   0
0.0859356577134625   0.129959103071974   0.0451027548693513   0.00256310073557647   0
0.0954573373870972   0.141068097186723   0.00952167967363476   0.0111089941147489   0
0.166624639764829   0.171683264950709   0.0711673023777316   0.0306151677639861   0
0.238048995729176   0.157181233276453   0.0714243559643471   -0.0145020316742561   0
0.223259205944098   0.175558164784593   -0.0147897897850784   0.0183769315081402   0
0.230872381817417   0.182713134222425   0.00761317587331903   0.00715496943783231   0
0.295813803942283   0.225221159702368   0.0649414221248667   0.0425080254799429   0
0.348300662394621   0.249225567755859   0.052486858452338   0.024004408053491   0
0.343947563689409   0.295020415437651   -0.00435309870521222   0.045794847681792   0
0.408405399773178   0.311908996076122   0.0644578360837691   0.0168885806384709   0
0.41025723715663   0.338709603178646   0.00185183738345207   0.0268006071025234   0
0.399895013962015   0.338787398237058   -0.0103622231946153   7.77950584120446e-05   0
0.34493137478331   0.30320632116809   -0.0549636391787051   -0.0355810770689678   0
0.312460881836212   0.335807017267856   -0.0324704929470979   0.0326006960997656   0
0.336912488899733   0.276068425268376   0.0244516070635206   -0.0597385919994791   0
0.292385029518871   0.185896886958569   -0.0445274593808612   -0.0901715383098074   0
0.0910579965923866   0.096388425687714   -0.201327032926485   -0.089508461270855   0
0.109279835633891   0.125253497121522   0.0182218390415041   0.0288650714338077   0
0.167656459986957   0.191676513546998   0.0583766243530659   0.0664230164254759   0
0.260174825206635   0.240706565853045   0.0925183652196779   0.0490300523060469   0
0.237617537320842   0.240153157286718   -0.0225572878857923   -0.000553408566326935   0
0.291066117631771   0.257560177408238   0.0534485803109286   0.0174070201215206   0
0.259805778203864   0.283600674247823   -0.0312603394279073   0.0260404968395851   0
0.297038609740522   0.285666693555091   0.0372328315366583   0.00206601930726813   0
0.256339338910357   0.30909499747767   -0.0406992708301646   0.0234283039225788   0
0.237748558876688   0.290412650036473   -0.018590780033669   -0.0186823474411973   0
0.183000118388338   0.271408597275145   -0.0547484404883498   -0.0190040527613282   0
0.263372982725273   0.257139463248807   0.080372864336935   -0.0142691340263378   0
0.347223296088055   0.287008127929251   0.0838503133627814   0.0298686646804438   0
0.390431508531288   0.32772917177187   0.043208212443233   0.040721043842619   0
0.29552887268823   0.329600907541665   -0.0949026358430581   0.00187173576979505   0
0.283612803345751   0.337989203905191   -0.0119160693424787   0.0083882963635265   0
0.299435501733586   0.33518911326401   0.0158226983878348   -0.00280009064118086   0
0.327553323329613   0.345246607775559   0.028117821596027   0.0100574945115486   0
0.268766294972974   0.336991664191783   -0.058787028356639   -0.00825494358377621   0
0.272952767871757   0.348613916710308   0.00418647289878277   0.0116222525185251   0
0.192416898986939   0.253150857661045   -0.0805358688848177   -0.0954630590492631   0
0.251669651614177   0.270817384658739   0.0592527526272383   0.0176665269976939   0
0.208660260506492   0.262557377198376   -0.0430093911076855   -0.00826000746036254   0
0.285109071412586   0.299420620647146   0.0764488109060943   0.0368632434487695   0
0.382611004963657   0.335820577918245   0.0975019335510713   0.0363999572710994   0
0.425595762140083   0.347701759435434   0.0429847571764256   0.0118811815171884   0
0.428060729356938   0.409257900460986   0.00246496721685502   0.0615561410255528   0
0.459157151033088   0.444888453409396   0.0310964216761498   0.0356305529484099   0
0.445728719372534   0.459742169249174   -0.0134284316605537   0.0148537158397775   0
0.455781641614639   0.479206388194494   0.0100529222421049   0.0194642189453199   0
0.436041587074967   0.38783555642558   -0.0197400545396716   -0.091370831768914   0
0.363928342216047   0.352926818481342   -0.0721132448589205   -0.0349087379442374   0
0.267019199254565   0.246962857174188   -0.0969091429614816   -0.105963961307154   0
0.311391127352371   0.273875004182269   0.0443719280978059   0.0269121470080809   0
0.385774653436763   0.328566966168108   0.0743835260843922   0.0546919619858393   0
0.386938716008923   0.352512293492195   0.00116406257215951   0.0239453273240865   0
0.366425079578893   0.35121329593717   -0.0205136364300301   -0.00129899755502472   0
0.395472103740783   0.386132433226884   0.0290470241618907   0.0349191372897134   0
0.458894192413692   0.407162083216017   0.0634220886729086   0.0210296499891337   0
0.474752962735316   0.407544505728771   0.015858770321624   0.000382422512754055   0
0.456161592635664   0.451700673457633   -0.0185913700996524   0.0441561677288614   0
0.409663404765338   0.4118374484286   -0.0464981878703259   -0.0398632250290324   0
0.368066717195835   0.394451584424575   -0.0415966875695022   -0.0173858640040258   0
0.359515875890185   0.45213902340172   -0.00855084130565054   0.0576874389771455   0
0.38145703162689   0.449090248872238   0.0219411557367055   -0.00304877452948232   0
0.376337370622402   0.47505295059099   -0.00511966100448807   0.025962701718752   0
0.307243276689695   0.494255913092737   -0.0690940939327075   0.0192029625017475   0
0.342554292863755   0.455792742978539   0.0353110161740599   -0.0384631701141978   0
0.328309720815619   0.480558817374028   -0.014244572048136   0.0247660743954887   0
0.370217527984367   0.487383247932203   0.0419078071687485   0.00682443055817494   0
0.411818457509458   0.516562975131564   0.0416009295250908   0.0291797271993612   0
0.430056041489229   0.477917196250876   0.0182375839797711   -0.0386457788806878   0
0.428441010412122   0.484533271598969   -0.0016150310771067   0.00661607534809239   0
0.372004726354899   0.471703200239074   -0.0564362840572234   -0.0128300713598947   0
0.385336784700967   0.481399674628503   0.013332058346068   0.0096964743894285   0
0.404571243606181   0.509245670395476   0.0192344589052144   0.027845995766973   0
0.339442986083342   0.3695788380913   -0.0651282575228396   -0.139666832304176   0
