0   0   0   0   0
0.218976642835747   0.0939599873224437   0.218976642835747   0.0939599873224437   0
0.293098216300897   0.145733493228101   0.0741215734651501   0.051773505905657   0
0.375701844957055   0.175502141997565   0.0826036286561582   0.029768648769464   0
0.325124627977355   0.11857998057567   -0.0505772169796999   -0.0569221614218948   0
0.354111393378915   0.1419497739889   0.0289867654015592   0.0233697934132301   0
0.427644167245036   0.117179304751455   0.0735327738661212   -0.0247704692374453   0
0.37270756331327   0.186055305221195   -0.0549366039317661   0.0688760004697403   0
0.380666648332576   0.240517490117705   0.00795908501930598   0.0544621848965099   0
0.437384304427887   0.251627924441586   0.056717656095311   0.0111104343238813   0
0.509975396121729   0.299183983947377   0.0725910916938423   0.0475560595057911   0
0.519405318557322   0.340696170515105   0.00942992243559304   0.0415121865677273   0
0.577174172380347   0.36881470127358   0.0577688538230252   0.0281185307584759   0
0.679871927309325   0.384135032399561   0.102697754928977   0.0153203311259801   0
0.796344852371204   0.439051566917978   0.116472925061879   0.0549165345184173   0
0.834232091720151   0.525715275444921   0.0378872393489468   0.0866637085269436   0
0.83403068392028   0.547790517635901   -0.000201407799870656   0.0220752421909793   0
0.823806928245519   0.593257780037333   -0.0102237556747609   0.0454672624014318   0
0.845350423581236   0.615617437072497   0.0215434953357166   0.0223596570351646   0
0.822075472909656   0.615502493283194   -0.0232749506715798   -0.000114943789303767   0
0.791252263160402   0.591273094188947   -0.0308232097492541   -0.0242293990942468   0
0.757053400720434   0.587947404790004   -0.0341988624399678   -0.00332568939894318   0
0.745400870319042   0.623338021948349   -0.0116525304013916   0.0353906171583458   0
0.772596449702969   0.638185666406829   0.0271955793839271   0.0148476444584799   0
0.755842840289526   0.610721492047835   -0.0167536094134435   -0.0274641743589938   0
0.790362398623162   0.59953023386821   0.034519558333636   -0.011191258179625   0
0.840275475615171   0.628711563877675   0.0499130769920089   0.0291813300094651   0
0.82172332852137   0.611902479897193   -0.0185521470938004   -0.0168090839804821   0
0.823356483651955   0.558567144567467   0.00163315513058504   -0.0533353353297263   0
0.911781303322674   0.551238465426737   0.088424819670719   -0.00732867914072988   0
0.754111364888376   0.641461818913157   -0.157669938434299   0.0902233534864201   0
1.06969874992705   1.27244533250103   0.315587385038677   0.630983513587876   0
1.13538383106504   1.24724541564774   0.0656850811379919   -0.0251999168532961   0
0.880999913162123   1.13756479467375   -0.254383917902922   -0.10968062097399   0
1.02793910089408   1.12624585140248   0.14693918773196   -0.0113189432712657   0
0.907252458673559   1.06294562804213   -0.120686642220525   -0.063300223360351   0
0.829804363224748   1.02761305945904   -0.0774480954488104   -0.0353325685830874   0
0.605201074206033   1.05955140246565   -0.224603289018715   0.0319383430066102   0
0.707527482122298   1.20029155273324   0.102326407916265   0.140740150267589   0
0.765216239945717   1.18815393316215   0.0576887578234193   -0.0121376195710907   0
0.747550303827342   1.09075118260809   -0.0176659361183752   -0.0974027505540567   0
0.740869898733081   1.10757986990623   -0.00668040509426127   0.0168286872981402   0
0.779998118153869   1.17228680746258   0.0391282194207878   0.0647069375563498   0
0.698477180951852   1.12461230337962   -0.0815209372020165   -0.0476745040829654   0
0.75145676955074   1.10896256580564   0.0529795885988883   -0.0156497375739795   0
0.740024839749795   1.04692250578365   -0.0114319298009451   -0.0620400600219875   0
0.762158057476712   1.03717673330165   0.0221332177269163   -0.0097457724820047   0
0.812241435549038   1.0614399819156   0.0500833780723267   0.0242632486139522   0
0.769745810322222   1.02429605916573   -0.0424956252268165   -0.0371439227498656   0
0.739406968162379   1.00621633275296   -0.0303388421598424   -0.0180797264127772   0
0.786805094658647   1.01055969001317   0.0473981264962678   0.00434335726021184   0
0.767285608052941   1.00199250231874   -0.0195194866057058   -0.00856718769442866   0
0.792288498029271   1.02544450459926   0.0250028899763297   0.0234520022805189   0
0.755592183301265   1.00053427513097   -0.0366963147280062   -0.0249102294682879   0
0.723994165098755   1.00868319274921   -0.0315980182025102   0.00814891761823722   0
0.755855126980729   1.04560875517262   0.0318609618819741   0.0369255624234084   0
0.748759181080235   1.01537124100374   -0.00709594590049423   -0.0302375141688798   0
0.707018336860843   1.00225661551299   -0.0417408442193921   -0.0131146254907504   0
0.684557024857122   0.995424210813902   -0.0224613120037204   -0.00683240469908486   0
0.707055774305329   1.0040146809337   0.0224987494482072   0.00859047011980119   0
0.718361124803801   0.998619498805398   0.0113053504984713   -0.00539518212830481   0
0.658990338285874   1.00500071252728   -0.0593707865179263   0.00638121372188472   0
1.31016266514287   1.80598996247131   0.651172326856995   0.800989249944027   0
1.44124272358878   1.73346013677666   0.131080058445907   -0.0725298256946532   0
1.29933037199818   1.58969636536363   -0.141912351590593   -0.143763771413026   0
1.29664763745999   1.54608872972767   -0.0026827345381939   -0.04360763563596   0
1.2457413905482   1.49171283552411   -0.0509062469117882   -0.054375894203563   0
1.08839727201469   1.46382987405802   -0.157344118533515   -0.0278829614660876   0
0.911980438582133   1.40262649466089   -0.176416833432554   -0.0612033793971338   0
0.900076686002892   1.45693927604125   -0.0119037525792403   0.0543127813803586   0
0.97961294776536   1.46573459383038   0.0795362617624673   0.00879531778913067   0
0.944924954024059   1.43587350457682   -0.0346879937413007   -0.0298610892535529   0
0.903975060313775   1.38472623895992   -0.0409498937102846   -0.051147265616899   0
