1.1128481e-14   1.45547545e-51   0   0   0
0.0368111654202777   0.0191585421035918   0.0368111654202666   0.0191585421035918   0
0.0389428460483976   0.0131975133033215   0.00213168062811988   -0.00596102880027029   0
0.0722896463538578   0.0308830244033972   0.0333468003054602   0.0176855111000756   0
0.0843808255267802   0.0294068441201268   0.0120911791729224   -0.00147618028327039   0
0.0929024301892385   0.0451494374221004   0.0085216046624583   0.0157425933019736   0
0.0922222842054234   0.050060661952712   -0.000680145983815036   0.00491122453061159   0
0.0684273978519618   0.0481636407622113   -0.0237948863534617   -0.00189702119050074   0
0.0971806816518721   0.0640022725999842   0.0287532837999104   0.015838631837773   0
0.0837088043927077   0.0688477470512412   -0.0134718772591644   0.00484547445125694   0
0.0933728769458298   0.0790738645271684   0.00966407255312209   0.0102261174759273   0
0.0681739236334612   0.0451365445796825   -0.0251989533123686   -0.0339373199474859   0
0.0491832490673358   0.0122807053449221   -0.0189906745661254   -0.0328558392347605   0
0.0579841576440457   0.0120096961408345   0.0088009085767099   -0.000271009204087558   0
0.0207506432410638   0.00606228505868334   -0.0372335144029818   -0.00594741108215119   0
0.0379631214626777   0.0245745611446544   0.0172124782216139   0.018512276085971   0
0.0304585500280571   0.0191924646461098   -0.00750457143462059   -0.00538209649854463   0
0.0553826610198411   0.052901382497017   0.024924110991784   0.0337089178509072   0
0.0668589563127844   0.0411615028111689   0.0114762952929433   -0.011739879685848   0
0.0194203862489286   0.0187572357051676   -0.0474385700638559   -0.0224042671060013   0
0.014748549017903   0.0122040556246828   -0.00467183723102559   -0.0065531800804848   0
0.0411913011171828   0.023405344032942   0.0264427520992798   0.0112012884082592   0
0.0864867045076449   0.0596043941359481   0.0452954033904621   0.0361990501030061   0
0.0225313689800394   0.0544920038422256   -0.0639553355276055   -0.00511239029372246   0
0.0254192971552643   0.0568392198369749   0.00288792817522493   0.00234721599474925   0
0.0657103701141972   0.0787698091834289   0.0402910729589329   0.021930589346454   0
0.0341729483897276   0.0391622137918731   -0.0315374217244696   -0.0396075953915558   0
0.0478805178165351   0.0780812021954193   0.0137075694268074   0.0389189884035462   0
0.0442872379262559   0.0903675390055312   -0.00359327989027915   0.0122863368101119   0
0.109940212067517   0.0603824714395048   0.0656529741412608   -0.0299850675660264   0
0.0386261244345217   0.0222773177129946   -0.071314087632995   -0.0381051537265102   0
0.0388188403606678   0.0275683674914873   0.0001927159261461   0.00529104977849275   0
0.0469784198163583   0.0167124564646905   0.00815957945569045   -0.0108559110267968   0
0.0217292959024639   0.0293810495602915   -0.0252491239138944   0.012668593095601   0
0.0154266382959531   0.0672268164637848   -0.00630265760651081   0.0378457669034933   0
0.0850817201602363   0.0616500099779512   0.0696550818642832   -0.00557680648583356   0
0.0552776361856003   0.0568460865911248   -0.0298040839746359   -0.00480392338682638   0
0.0459317209003433   0.0755946578515201   -0.00934591528525704   0.0187485712603952   0
0.0929929485913829   0.0854673394828939   0.0470612276910396   0.00987268163137378   0
0.0453951645433707   0.0601768465597494   -0.0475977840480122   -0.0252904929231444   0
0.033123297034063   0.0611430774809525   -0.0122718675093077   0.000966230921203022   0
0.053096418947322   0.0833614335376674   0.0199731219132589   0.0222183560567149   0
0.045342251904078   0.103617714949946   -0.00775416704324391   0.0202562814122784   0
0.0315533742480872   0.0948412154888847   -0.0137888776559909   -0.00877649946106107   0
0.025500330276263   0.0793591368789261   -0.00605304397182417   -0.0154820786099586   0
0.0520433119563148   0.0713518646781988   0.0265429816800519   -0.00800727220072732   0
0.0596609667601429   0.0664774450163719   0.0076176548038281   -0.0048744196618269   0
0.101312612433788   0.0875198672992916   0.0416516456736451   0.0210424222829197   0
0.0786427858720788   0.0831384311187645   -0.0226698265617093   -0.00438143618052711   0
0.129460761972101   0.0832350913475571   0.0508179761000225   9.66602287926499e-05   0
0.0626092072040601   0.0735430951318891   -0.0668515547680411   -0.00969199621566799   0
0.0408113737295387   0.0772134220065116   -0.0217978334745214   0.00367032687462246   0
0.0593624615392954   0.0723947306451679   0.0185510878097567   -0.0048186913613437   0
0.0546222613476653   0.0811887525842444   -0.00474020019163014   0.00879402193907645   0
0.0541390194366337   0.088324946986019   -0.000483241911031579   0.00713619440177461   0
0.0958533068050756   0.100672700142534   0.0417142873684418   0.0123477531565147   0
0.0480528522893445   0.117519928784573   -0.047800454515731   0.0168472286420392   0
0.0452648881512662   0.105031087821863   -0.00278796413807831   -0.0124888409627097   0
0.165667499776558   0.148306756688998   0.120402611625292   0.043275668867135   0
0.0902785920412605   0.146787266568731   -0.0753889077352974   -0.00151949012026681   0
0.0911908186006366   0.180109115488008   0.000912226559376103   0.0333218489192766   0
0.11131922869756   0.128259313479705   0.0201284100969232   -0.0518498020083032   0
0.0719737646570368   0.184950028240463   -0.039345464040523   0.056690714760758   0
