0   0   0   0   0
0.0420207939062272   0.0206211228146769   0.0420207939062272   0.0206211228146769   0
0.0516190006520274   0.0473000350198081   0.00959820674580013   0.0266789122051312   0
0.0539424945986047   0.0716802617228407   0.00232349394657733   0.0243802267030326   0
0.0703639608847278   0.10627151106482   0.0164214662861232   0.0345912493419788   0
0.101456620759545   0.12808767717872   0.0310926598748176   0.0218161661139009   0
0.0754256275752554   0.120388467029723   -0.0260309931842901   -0.00769921014899734   0
0.133946857982907   0.125466337048346   0.0585212304076513   0.00507787001862266   0
0.125259493658422   0.166004049002132   -0.00868736432448489   0.0405377119537866   0
0.177329545754678   0.153791219796582   0.0520700520962566   -0.0122128292055506   0
0.174138268884986   0.168979321004144   -0.00319127686969245   0.0151881012075618   0
0.192858280931505   0.170766483021241   0.018720012046519   0.0017871620170978   0
0.230791741681172   0.16758119041665   0.0379334607496665   -0.00318529260459147   0
0.224170130432626   0.209232121109475   -0.00662161124854502   0.0416509306928255   0
0.219015379281494   0.233428428967187   -0.00515475115113273   0.0241963078577116   0
0.232915133416146   0.250090483044375   0.0138997541346527   0.016662054077188   0
0.258380616049301   0.279410447680123   0.0254654826331542   0.0293199646357475   0
0.309696094867383   0.279263211007534   0.0513154788180825   -0.000147236672588258   0
0.315373554493569   0.268436046916724   0.0056774596261856   -0.0108271640908099   0
0.31989248593622   0.265627219849422   0.00451893144265092   -0.00280882706730196   0
0.345576542870561   0.301966182487502   0.0256840569343418   0.0363389626380797   0
0.347895731359726   0.308462644053871   0.00231918848916401   0.00649646156636841   0
0.361180659403082   0.361004903635086   0.0132849280433566   0.052542259581215   0
0.378133146053775   0.366003951806797   0.0169524866506932   0.00499904817171154   0
0.426536385204172   0.354242403908471   0.0484032391503967   -0.0117615478983261   0
0.419531738085553   0.34181088476066   -0.00700464711861876   -0.0124315191478114   0
0.38789888251285   0.303579370016815   -0.031632855572703   -0.0382315147438443   0
0.347288885868127   0.281214663176981   -0.0406099966447229   -0.0223647068398345   0
0.406618508638147   0.260491312421896   0.0593296227700201   -0.0207233507550851   0
0.403296870363784   0.249838930452549   -0.00332163827436344   -0.0106523819693465   0
0.403024049067737   0.265127491642691   -0.000272821296047498   0.0152885611901421   0
0.425792543886269   0.236713630765483   0.0227684948185324   -0.0284138608772083   0
0.603895296850877   0.106333451412408   0.178102752964608   -0.130380179353075   0
0.489443348167697   0.165053791035192   -0.11445194868318   0.0587203396227839   0
0.498340160402595   0.170113705871322   0.00889681223489813   0.00505991483613011   0
0.501494566969129   0.155199785432812   0.00315440656653426   -0.0149139204385103   0
0.478432052433436   0.196627729828542   -0.0230625145356931   0.0414279443957302   0
0.493915075858141   0.178108835981624   0.0154830234247049   -0.018518893846918   0
0.507908511625774   0.168375395293874   0.0139934357676332   -0.00973344068775034   0
0.528547272557497   0.191683250020997   0.0206387609317228   0.0233078547271235   0
0.498879045427613   0.22297771359514   -0.0296682271298844   0.0312944635741425   0
0.485158210101871   0.235230637999575   -0.0137208353257417   0.0122529244044352   0
0.457940427809026   0.265647492282525   -0.0272177822928455   0.0304168542829505   0
0.473419092473463   0.238971302909583   0.0154786646644374   -0.0266761893729427   0
0.472904552409019   0.284550690747991   -0.000514540064444069   0.0455793878384085   0
0.486429694676102   0.291872135495959   0.0135251422670836   0.0073214447479682   0
0.488013824280034   0.304603311075436   0.00158412960393134   0.0127311755794772   0
0.494240086390013   0.301567191434847   0.00622626210997934   -0.00303611964058936   0
0.463863542455683   0.325656886302758   -0.0303765439343304   0.0240896948679106   0
0.486208064588439   0.333809394814462   0.0223445221327561   0.00815250851170457   0
0.469836380086728   0.354060351612906   -0.016371684501711   0.0202509567984439   0
0.470648260055293   0.339445609920069   0.00081187996856541   -0.0146147416928375   0
0.497118138254988   0.343939951964569   0.0264698781996944   0.00449434204450061   0
0.479186739429418   0.347193080569624   -0.0179313988255695   0.00325312860505456   0
0.47430110297117   0.335851021996404   -0.00488563645824858   -0.0113420585732196   0
0.501408330115521   0.345940570444428   0.027107227144351   0.0100895484480239   0
0.494170543667587   0.347277053541306   -0.00723778644793333   0.00133648309687767   0
0.492648498287751   0.363457446530827   -0.00152204537983658   0.0161803929895216   0
0.49933866434409   0.386600803986991   0.00669016605633888   0.023143357456164   0
0.49388701246691   0.371322170369527   -0.00545165187717983   -0.015278633617465   0
0.488795469727643   0.392763843497605   -0.00509154273926671   0.0214416731280784   0
0.481842804306128   0.415722062135007   -0.0069526654215149   0.0229582186374017   0
0.442075095002444   0.422339503766675   -0.0397677093036845   0.00661744163166844   0
0.472978806832096   0.437838154337484   0.0309037118296519   0.0154986505708087   0
0.505239350707679   0.418772477271686   0.0322605438755834   -0.0190656770657975   0
0.518913700869376   0.434398720877956   0.0136743501616975   0.0156262436062699   0
0.496542630358701   0.431408095162307   -0.0223710705106755   -0.00299062571564929   0
0.492368184756906   0.423065901537915   -0.00417444560179453   -0.00834219362439137   0
0.475564363125398   0.426190021202686   -0.0168038216315089   0.00312411966477055   0
0.49502809525   0.449990127780246   0.0194637321246023   0.0238001065775605   0
0.512171994183341   0.482243808440013   0.017143898933341   0.0322536806597662   0
0.507541665432086   0.496010256302005   -0.00463032875125491   0.0137664478619922   0
0.560047487145084   0.511841871102885   0.0525058217129981   0.0158316148008797   0
0.488924512497042   0.463043856298337   -0.0711229746480426   -0.0487980148045471   0
0.529839026237112   0.450027618782457   0.0409145137400701   -0.01301623751588   0
0.490405378548406   0.468276570763432   -0.0394336476887059   0.0182489519809745   0
0.52069179440375   0.474556485549697   0.0302864158553448   0.00627991478626466   0
0.526564723032973   0.473123320703137   0.00587292862922251   -0.0014331648465597   0
0.471045305052553   0.496917304639464   -0.0555194179804198   0.0237939839363274   0
