0   0   0   0   0
0.0606356982937214   0.0618636816501554   0.0606356982937214   0.0618636816501554   0
0.0874030211111237   0.0805124099678653   0.0267673228174024   0.0186487283177099   0
0.0547398832749513   0.134922550469405   -0.0326631378361724   0.0544101405015394   0
0.0404787996332326   0.121632382750044   -0.0142610836417187   -0.0132901677193606   0
0.0568399161234822   0.120135976487764   0.0163611164902496   -0.00149640626227962   0
0.0280039082810952   0.101557901445349   -0.0288360078423869   -0.0185780750424156   0
0.0586439632371367   0.119532387277449   0.0306400549560415   0.0179744858320999   0
0.0206359428688982   0.0802131504464076   -0.0380080203682385   -0.039319236831041   0
0.0547516461708688   0.115749865901349   0.0341157033019705   0.0355367154549413   0
0.0267081099794519   0.102996184753556   -0.0280435361914168   -0.0127536811477925   0
0.0602984371506523   0.112532102404296   0.0335903271712004   0.00953591765073937   0
0.0643732055083494   0.103227320138387   0.00407476835769709   -0.00930478226590901   0
0.0500410319831835   0.0811902484418946   -0.0143321735251659   -0.0220370716964921   0
0.0690359989936242   0.110449319991829   0.0189949670104407   0.0292590715499343   0
0.0296657731061645   0.0887828027435083   -0.0393702258874597   -0.0216665172483207   0
0.0758517559418517   0.127042647701149   0.0461859828356872   0.0382598449576404   0
0.0501326322285286   0.0973792201817143   -0.0257191237133231   -0.0296634275194343   0
0.085372301634291   0.0779009776516974   0.0352396694057624   -0.0194782425300169   0
0.0754557214804855   0.109322330049669   -0.00991658015380555   0.0314213523979719   0
0.0813562573695041   0.128982783473645   0.00590053588901866   0.019660453423976   0
0.0526934253290252   0.079838677420665   -0.0286628320404789   -0.0491441060529803   0
0.0814606218370724   0.104033598211365   0.0287671965080471   0.0241949207906998   0
0.042051394801874   0.072558055954272   -0.0394092270351984   -0.0314755422570928   0
0.062542222151553   0.088494682260659   0.020490827349679   0.0159366263063869   0
0.0619150435947948   0.0742646302748981   -0.000627178556758236   -0.0142300519857608   0
0.0485544307569452   0.139600163431987   -0.0133606128378495   0.0653355331570886   0
0.0660084343611293   0.107632309059403   0.0174540036041841   -0.0319678543725841   0
0.0623480234874565   0.0957263432858429   -0.00366041087367276   -0.0119059657735597   0
0.0712730105260372   0.102199485394319   0.00892498703858065   0.00647314210847573   0
0.10076782586264   0.194999537462145   0.0294948153366023   0.0928000520678261   0
0.127188077183713   0.169443975333783   0.0264202513210732   -0.0255555621283615   0
0.110821425248219   0.150876013139578   -0.016366651935494   -0.018567962194205   0
0.108190790319701   0.122243143421602   -0.00263063492851802   -0.0286328697179766   0
0.127562779154115   0.167708605790029   0.0193719888344145   0.0454654623684269   0
0.127098393607989   0.175878738638819   -0.000464385546125962   0.00817013284879078   0
0.118145583905886   0.175212827643096   -0.0089528097021034   -0.000665910995723745   0
0.108196444396906   0.176733867485908   -0.00994913950897959   0.00152103984281191   0
0.103583093338643   0.173712949983684   -0.00461335105826347   -0.00302091750222322   0
0.11759753730383   0.170104642636494   0.0140144439651871   -0.00360830734719017   0
0.112251736722483   0.178216879291632   -0.00534580058134664   0.00811223665513805   0
0.11896869095113   0.196435363160802   0.0067169542286471   0.0182184838691699   0
0.123609528406298   0.167253072202355   0.00464083745516748   -0.0291822909584472   0
0.246897248798798   0.154952661414446   0.1232877203925   -0.0123004107879091   0
0.1428240866306   0.18118013357804   -0.104073162168198   0.0262274721635943   0
0.132986563122131   0.18697573245752   -0.00983752350846881   0.00579559887948031   0
0.130750019559487   0.192123749311067   -0.00223654356264488   0.00514801685354702   0
0.133771621895778   0.250851054665068   0.00302160233629117   0.0587273053540006   0
0.130832188982827   0.21211043813823   -0.00293943291295071   -0.0387406165268376   0
0.126592647729056   0.202546591631004   -0.00423954125377068   -0.00956384650722647   0
0.120543945344116   0.210580988006439   -0.00604870238494076   0.00803439637543477   0
0.12402722860479   0.218504568707723   0.00348328326067437   0.0079235807012846   0
0.134995766546674   0.219813998336601   0.0109685379418838   0.00130942962887778   0
0.128603173683885   0.215458564128306   -0.00639259286278898   -0.00435543420829448   0
0.129091397303276   0.219040297174829   0.000488223619391548   0.00358173304652207   0
0.140636870680434   0.209321776283305   0.0115454733771576   -0.009718520891524   0
0.135313205483236   0.210260314137336   -0.00532366519719846   0.000938537854031252   0
0.137629816943481   0.209261268154398   0.00231661146024587   -0.000999045982938124   0
0.125042322401215   0.212029212912086   -0.0125874945422659   0.00276794475768832   0
0.134421482878898   0.214950073604503   0.00937916047768292   0.00292086069241729   0
0.129588732335592   0.195689478449771   -0.00483275054330612   -0.0192605951547319   0
0.123215183305884   0.244109159633288   -0.00637354902970816   0.0484196811835169   0
