0   0   0   0   0
0.0716881998680848   0.0491260054036211   0.0716881998680848   0.0491260054036211   0
0.0176788623034721   0.0577927207453569   -0.0540093375646127   0.00866671534173585   0
0.0282082218960011   0.0676421543689112   0.010529359592529   0.00984943362355427   0
0.0393120941459925   0.0693966875100063   0.0111038722499914   0.00175453314109514   0
0.0905018193008757   0.0682600153168731   0.0511897251548832   -0.00113667219313324   0
0.0722869735585733   0.0631663136797816   -0.0182148457423024   -0.00509370163709151   0
0.0599300156040108   0.084698041393381   -0.0123569579545625   0.0215317277135994   0
0.0481764989416401   0.0811210914458486   -0.0117535166623707   -0.0035769499475324   0
0.0707788988172949   0.0853584309757747   0.0226023998756548   0.00423733952992608   0
0.0899150579753519   0.0940403223667667   0.019136159158057   0.00868189139099203   0
0.073577424558875   0.0982768493283063   -0.016337633416477   0.00423652696153955   0
0.122921282665356   0.116001917590721   0.0493438581064813   0.0177250682624148   0
0.121586074805338   0.109305227711841   -0.00133520786001805   -0.00669668987887961   0
0.0994729710493092   0.107816283203252   -0.022113103756029   -0.0014889445085892   0
0.133419761630577   0.139195954617568   0.0339467905812673   0.0313796714143156   0
0.0984167263768587   0.159885532264426   -0.0350030352537178   0.0206895776468584   0
0.141662767082643   0.135413600048018   0.0432460407057841   -0.0244719322164087   0
0.14611200396223   0.152357574839466   0.00444923687958668   0.0169439747914485   0
0.151990281588715   0.143317448993408   0.0058782776264853   -0.00904012584605826   0
0.19432646605692   0.154572389277155   0.0423361844682053   0.0112549402837471   0
0.165394687541049   0.154019418985266   -0.0289317785158707   -0.000552970291888832   0
0.186727126706179   0.163421538419749   0.0213324391651298   0.00940211943448307   0
0.205693757906463   0.182567329204155   0.0189666312002836   0.0191457907844059   0
0.195821398442653   0.166141316061639   -0.00987235946380949   -0.016426013142516   0
0.213859506285451   0.182473655621521   0.0180381078427978   0.0163323395598818   0
0.210682487248989   0.195210169285011   -0.0031770190364622   0.01273651366349   0
0.153750026721646   0.181394264747815   -0.0569324605273427   -0.0138159045371955   0
0.18721443203843   0.191673539383937   0.0334644053167839   0.0102792746361215   0
0.219556603325438   0.18469602267612   0.0323421712870078   -0.00697751670781663   0
0.254302208946036   0.196187123734739   0.0347456056205982   0.011491101058619   0
0.226951869352895   0.181940629283416   -0.0273503395931408   -0.0142464944513234   0
0.208304134658788   0.18311001673016   -0.0186477346941073   0.00116938744674472   0
0.23415272185843   0.192778276901461   0.0258485871996424   0.00966826017130071   0
0.236200277036559   0.185025889905288   0.0020475551781283   -0.00775238699617337   0
0.215237513381326   0.177244287892215   -0.0209627636552325   -0.00778160201307312   0
0.240309282422688   0.184308176804533   0.0250717690413617   0.00706388891231791   0
0.240774966437284   0.188291311323556   0.000465684014596374   0.00398313451902366   0
0.21773774514063   0.183736720878624   -0.0230372212966544   -0.00455459044493245   0
0.195379861775235   0.179735829272364   -0.0223578833653947   -0.00400089160625988   0
0.22129427670564   0.181823061332495   0.0259144149304051   0.00208723206013089   0
0.274327764126608   0.188556392623574   0.0530334874209674   0.0067333312910797   0
0.231757777848228   0.174755309010367   -0.0425699862783798   -0.013801083613207   0
0.208466730376818   0.167436532510344   -0.0232910474714095   -0.00731877650002291   0
0.22488536161458   0.171598486260497   0.0164186312377612   0.00416195375015263   0
0.234734154083863   0.16058803425537   0.00984879246928388   -0.0110104520051273   0
0.248143347163038   0.175545514534074   0.0134091930791746   0.0149574802787046   0
0.248866933471756   0.179562987086238   0.000723586308717522   0.00401747255216345   0
0.249436635488141   0.188816736125461   0.000569702016385454   0.00925374903922357   0
0.247660369366985   0.191206215337932   -0.00177626612115628   0.00238947921247104   0
0.288302105351274   0.184946473733272   0.0406417359842892   -0.00625974160466033   0
0.275067687264128   0.185125155919167   -0.0132344180871465   0.000178682185894397   0
0.248129534548739   0.186104532323792   -0.0269381527153889   0.000979376404625948   0
0.257134401979034   0.196535238719649   0.00900486743029508   0.0104307063958562   0
0.282082576961068   0.197548339601619   0.0249481749820341   0.00101310088196988   0
0.316074411280045   0.196481125046306   0.0339918343189775   -0.00106721455531211   0
0.30589797443898   0.202381079807251   -0.0101764368410657   0.00589995476094463   0
0.297595015043271   0.203370400724636   -0.00830295939570885   0.000989320917384962   0
0.320420720876488   0.209178175620849   0.0228257058332176   0.00580777489621248   0
0.34425821421793   0.22020464515681   0.0238374933414421   0.0110264695359611   0
0.339753527102834   0.214844070117643   -0.00450468711509633   -0.00536057503916648   0
0.353349437617548   0.222517841132681   0.0135959105147139   0.00767377101503744   0
0.35693769183633   0.228854645669833   0.00358825421878184   0.00633680453715227   0
0.349688322005085   0.222827421804232   -0.00724936983124469   -0.00602722386560123   0
0.327132409594955   0.211102465031842   -0.0225559124101303   -0.0117249567723899   0
0.344378162742297   0.222312551845054   0.0172457531473418   0.011210086813212   0
0.348659295339063   0.214650901442443   0.00428113259676627   -0.00766165040261102   0
0.363916593640159   0.211040642414096   0.0152572983010958   -0.00361025902834652   0
0.369772467702924   0.205775853157559   0.00585587406276494   -0.0052647892565372   0
0.363651615247582   0.205323446153342   -0.00612085245534161   -0.000452407004217087   0
0.396603755521625   0.211554784154439   0.0329521402740427   0.00623133800109729   0
0.388652684228673   0.187441177188213   -0.00795107129295169   -0.0241136069662258   0
0.444819057542289   0.18978083733338   0.0561663733136158   0.00233966014516671   0
0.397331467785269   0.223963408837998   -0.0474875897570197   0.0341825715046176   0
0.611754715839719   0.408066338819311   0.21442324805445   0.184102929981314   0
0.629731144138049   0.432830249923088   0.0179764282983307   0.0247639111037772   0
0.561933530057105   0.430756812790904   -0.0677976140809439   -0.00207343713218489   0
0.653968713039102   0.370638155032272   0.0920351829819962   -0.060118657758632   0
0.671787197191862   0.338996677420918   0.0178184841527604   -0.031641477611354   0
