0   0   0   0   0
0.0309513802549346   0.0181706839538316   0.0309513802549346   0.0181706839538316   0
0.037447344686111   0.0310211311993503   0.00649596443117638   0.0128504472455187   0
0.0183947748050411   0.0388682976453231   -0.0190525698810699   0.00784716644597279   0
0.0441070797775873   0.038265320573505   0.0257123049725461   -0.000602977071818132   0
0.0415023417971141   0.0482788569976565   -0.00260473798047318   0.0100135364241516   0
0.0715692680089859   0.0510361622539953   0.0300669262118718   0.0027573052563388   0
0.0681927522910787   0.0703819732176057   -0.00337651571790717   0.0193458109636104   0
0.0556796847053503   0.0857148955722863   -0.0125130675857284   0.0153329223546805   0
0.083840533446825   0.098105473024729   0.0281608487414747   0.0123905774524427   0
0.121788407085762   0.112878775265744   0.0379478736389372   0.0147733022410155   0
0.156024580523098   0.13024658920523   0.0342361734373354   0.0173678139394853   0
0.159949508950271   0.105613196651362   0.00392492842717371   -0.024633392553868   0
0.173556534128356   0.0998078338356761   0.0136070251780849   -0.00580536281568571   0
0.199999125321272   0.115537142072943   0.0264425911929155   0.0157293082372674   0
0.227277720949815   0.106933874433878   0.0272785956285432   -0.00860326763906524   0
0.216129692196762   0.10474879317016   -0.0111480287530534   -0.00218508126371873   0
0.233766761206731   0.0842084464771316   0.017637069009969   -0.0205403466930279   0
0.242038234903874   0.0856306545208112   0.00827147369714348   0.00142220804367961   0
0.239625569684836   0.143217510597105   -0.00241266521903813   0.0575868560762934   0
0.262038943631705   0.128510351915693   0.022413373946869   -0.0147071586814121   0
0.296952252352653   0.14834556795405   0.034913308720948   0.0198352160383578   0
0.28743333242104   0.146808473238989   -0.00951891993161275   -0.00153709471506175   0
0.280152232543305   0.154440574828325   -0.00728109987773495   0.00763210158933583   0
0.27243189610996   0.18004106240486   -0.00772033643334535   0.025600487576535   0
0.272377680967274   0.166493699157535   -5.42151426859427e-05   -0.0135473632473242   0
0.279183017844012   0.162550699789952   0.00680533687673812   -0.00394299936758355   0
0.26112725062187   0.241975060057966   -0.0180557672221424   0.0794243602680143   0
0.226398153241047   0.198049485617658   -0.0347290973808225   -0.0439255744403081   0
0.223534362893192   0.186630702981591   -0.00286379034785525   -0.0114187826360671   0
0.26203914381593   0.183304953757397   0.0385047809227382   -0.00332574922419399   0
0.269292906565844   0.186471108336286   0.00725376274991391   0.00316615457888894   0
0.28250850098768   0.177730648833822   0.0132155944218363   -0.00874045950246397   0
0.300643735374981   0.181323726838029   0.0181352343873003   0.00359307800420666   0
0.272540346148673   0.208743066232014   -0.0281033892263074   0.0274193393939857   0
0.25260757288099   0.220255130393851   -0.0199327732676831   0.0115120641618367   0
0.260370760278766   0.207663873199448   0.00776318739777571   -0.0125912571944031   0
0.290492390071402   0.195202864206593   0.030121629792636   -0.0124610089928553   0
0.292381761367162   0.204449599387043   0.00188937129576017   0.00924673518045052   0
0.264868953071266   0.210102902255973   -0.0275128082958961   0.00565330286893018   0
0.252290721405304   0.188374783956352   -0.0125782316659617   -0.0217281182996216   0
0.250075462538751   0.182529388083767   -0.00221525886655266   -0.00584539587258501   0
0.234760067996847   0.216645071578646   -0.0153153945419039   0.0341156834948793   0
0.237729029479019   0.214322420266467   0.00296896148217185   -0.00232265131217921   0
0.251488524433647   0.227302540067999   0.0137594949546277   0.0129801198015321   0
0.292016613623684   0.23907094365869   0.0405280891900367   0.011768403590691   0
0.26467856484483   0.227342529387765   -0.0273380487788537   -0.0117284142709249   0
0.280176319770427   0.205140810051156   0.0154977549255972   -0.0222017193366086   0
0.278339661749041   0.228303519030512   -0.00183665802138594   0.0231627089793559   0
0.271106563789021   0.228148695381789   -0.00723309796001997   -0.000154823648723379   0
0.274985355366455   0.192804602326655   0.00387879157743382   -0.0353440930551335   0
0.275066544797119   0.21694485497245   8.1189430664208e-05   0.0241402526457944   0
0.277690673562625   0.192306202891667   0.00262412876550594   -0.0246386520807828   0
0.276439082782344   0.211053731836866   -0.00125159078028181   0.0187475289451995   0
0.282041344825215   0.234661918263075   0.00560226204287156   0.0236081864262087   0
0.301272456235636   0.229450761671974   0.0192311114104206   -0.00521115659110125   0
0.295417256922527   0.229916100971486   -0.00585519931310907   0.000465339299512119   0
0.316276760635567   0.252895079317773   0.0208595037130402   0.022978978346287   0
0.311713899626979   0.279419222662634   -0.00456286100858733   0.0265241433448613   0
0.319569901884641   0.258726007847408   0.00785600225766175   -0.0206932148152266   0
0.318704602036806   0.233539815638761   -0.000865299847834899   -0.0251861922086466   0
0.329842053596107   0.230668311166731   0.0111374515593009   -0.00287150447203008   0
0.332032520949757   0.261136689062891   0.00219046735364986   0.0304683778961604   0
0.286967594331061   0.247431464922674   -0.0450649266186965   -0.0137052241402172   0
0.288145156818741   0.228383088845231   0.00117756248768047   -0.0190483760774433   0
0.301526936298155   0.248961296212606   0.013381779479414   0.0205782073673757   0
0.303725191731323   0.245028483895149   0.00219825543316771   -0.00393281231745751   0
0.291697598596376   0.260970676474221   -0.0120275931349463   0.015942192579072   0
0.298513115816225   0.255337060896562   0.00681551721984835   -0.00563361557765857   0
0.320137489344742   0.262021103492455   0.0216243735285169   0.00668404259589228   0
0.330268982797434   0.249837005530605   0.0101314934526925   -0.0121840979618494   0
0.355707397267581   0.289601098214516   0.0254384144701471   0.0397640926839111   0
0.335329053726569   0.263842835196237   -0.0203783435410123   -0.0257582630182791   0
0.321672442292487   0.276118479676862   -0.013656611434082   0.012275644480625   0
0.344347891666312   0.284406111185264   0.022675449373825   0.00828763150840139   0
0.30316318888397   0.253537883021993   -0.0411847027823419   -0.0308682281632708   0
0.314218312992217   0.249468772887449   0.0110551241082469   -0.00406911013454378   0
