1.1095587e-14   3.8518599e-32   0   0   0
0.0295201327542879   0.0257466342707086   0.0295201327542768   0.0257466342707086   0
0.0261755471386782   0.0135495444086866   -0.00334458561560973   -0.012197089862022   0
0.130309677332164   0.0487169017142045   0.104134130193486   0.0351673573055179   0
0.0899089508057789   0.12988679796769   -0.040400726526385   0.0811698962534856   0
0.0782233226257024   0.159744841066625   -0.0116856281800765   0.0298580430989351   0
0.0957611854234789   0.134799564134131   0.0175378627977766   -0.0249452769324943   0
0.100791863352353   0.168338463710484   0.00503067792887399   0.0335388995763536   0
0.0897320872680504   0.207489991243084   -0.0110597760843025   0.0391515275325992   0
0.0984979562764382   0.199529304510881   0.00876586900838776   -0.00796068673220235   0
0.0900931895647649   0.182598331543983   -0.00840476671167335   -0.0169309729668982   0
0.136418007742852   0.261304378752183   0.0463248181780872   0.0787060472082001   0
0.171910266829306   0.363190587410171   0.0354922590864543   0.101886208657988   0
0.19302177910378   0.343334730516821   0.021111512274474   -0.0198558568933501   0
0.200419848003862   0.370896696509403   0.00739806890008154   0.0275619659925815   0
0.18436008272179   0.349223881557963   -0.016059765282072   -0.0216728149514398   0
0.198051447605124   0.387080567417841   0.0136913648833345   0.0378566858598784   0
0.211309523197106   0.410340292852179   0.0132580755919818   0.0232597254343377   0
0.18504857649215   0.396389792039256   -0.0262609467049564   -0.013950500812923   0
0.114408989106519   0.339367987614169   -0.0706395873856303   -0.0570218044250866   0
0.195612587865962   0.370379988324914   0.0812035987594424   0.0310120007107448   0
0.124519131461814   0.326868901142954   -0.0710934564041473   -0.0435110871819599   0
0.203992763228489   0.392603781261953   0.0794736317666745   0.0657348801189987   0
0.181006229839477   0.396833992684315   -0.0229865333890119   0.00423021142236268   0
0.193429861833755   0.407228773017825   0.0124236319942777   0.0103947803335095   0
0.0958537793035814   0.391495827525123   -0.0975760825301733   -0.0157329454927022   0
0.0945174094942884   0.428212571582909   -0.00133636980929301   0.0367167440577867   0
0.178721886080244   0.476076847156187   0.0842044765859556   0.0478642755732779   0
0.214102167623962   0.495952290723153   0.0353802815437176   0.0198754435669655   0
0.131289486503705   0.483474579684217   -0.0828126811202566   -0.0124777110389354   0
0.149650313880585   0.474400330649676   0.0183608273768801   -0.00907424903454185   0
0.157187082719206   0.466525728241251   0.00753676883862112   -0.00787460240842497   0
0.124423000719392   0.466029159778644   -0.0327640819998142   -0.000496568462606761   0
0.201843233760744   0.527180926867176   0.0774202330413519   0.0611517670885326   0
0.238913594502748   0.570910723091017   0.0370703607420037   0.0437297962238405   0
0.251619087462749   0.559120690350761   0.012705492960001   -0.011790032740256   0
0.174803385518007   0.514348309778872   -0.0768157019447418   -0.0447723805718893   0
0.144820690895067   0.531286145045336   -0.0299826946229396   0.016937835266464   0
0.244977366836191   0.545770017286452   0.100156675941124   0.0144838722411164   0
0.237744125025987   0.530404040077511   -0.0072332418102046   -0.015365977208941   0
0.182284019912495   0.536955937586786   -0.0554601051134918   0.00655189750927443   0
0.2409838908279   0.552606715891949   0.0586998709154049   0.0156507783051636   0
0.234647203777738   0.55304705642434   -0.00633668705016166   0.000440340532391059   0
0.150876396305865   0.536225141367439   -0.0837708074718734   -0.0168219150569008   0
0.199812775819523   0.56933370812905   0.0489363795136584   0.0331085667616107   0
0.225926676239894   0.54419969036275   0.0261139004203708   -0.0251340177662998   0
0.24951770135526   0.573105408425711   0.0235910251153663   0.0289057180629605   0
0.174063574607933   0.559633597328254   -0.0754541267473273   -0.0134718110974564   0
0.230329106609942   0.565031306917522   0.0562655320020093   0.00539770958926766   0
0.288874586496448   0.596451838209082   0.0585454798865064   0.0314205312915604   0
0.188219327443888   0.544087491821785   -0.100655259052561   -0.0523643463872979   0
0.224294801032348   0.556023009460938   0.0360754735884602   0.011935517639153   0
0.245147659245485   0.566582331590909   0.0208528582131373   0.010559322129971   0
0.190452619533545   0.538304436099359   -0.0546950397119405   -0.0282778954915494   0
0.195571263144961   0.564072926570498   0.00511864361141617   0.0257684904711388   0
0.238585748597975   0.567606332487952   0.0430144854530145   0.00353340591745444   0
0.207648292266669   0.542870920685869   -0.0309374563313062   -0.0247354118020839   0
0.1884523099009   0.562442217819611   -0.0191959823657692   0.0195712971337423   0
0.170145471263275   0.558867661078946   -0.0183068386376248   -0.00357455674066454   0
0.112808411395742   0.55194990552072   -0.0573370598675325   -0.00691775555822605   0
0.190516498938652   0.554753080482855   0.0777080875429099   0.00280317496213478   0
0.202677445376936   0.562130000127533   0.0121609464382837   0.00737691964467779   0
0.0876257097874206   0.534537315065852   -0.115051735589515   -0.0275926850616804   0
0.127683101780949   0.55214667815159   0.0400573919935285   0.0176093630857381   0
0.187242354413167   0.531838266256959   0.0595592526322181   -0.0203084118946316   0
0.176568929957575   0.515520479094493   -0.0106734244555919   -0.0163177871624657   0
0.160632617517452   0.49365165258407   -0.0159363124401231   -0.0218688265104227   0
0.141324606631524   0.504001726009715   -0.0193080108859287   0.0103500734256445   0
0.147971941794832   0.534290332658085   0.00664733516330837   0.03028860664837   0
0.187583705008061   0.547417745307479   0.039611763213229   0.0131274126493945   0
0.154593389764121   0.539352936553082   -0.0329903152439397   -0.00806480875439786   0
0.226001235419354   0.593781193415926   0.071407845655233   0.0544282568628441   0
0.228131592958811   0.756454222372824   0.00213035753945665   0.162673028956899   0
0.225988970293409   0.776572990866345   -0.00214262266540186   0.020118768493521   0
0.304146518547578   0.759606175152592   0.0781575482541688   -0.0169668157137535   0
0.244575196622185   0.671183643649127   -0.0595713219253928   -0.0884225315034651   0
