1.4210855e-14   0   0   0   0
0.047121715471874   0.0206547936434833   0.0471217154718597   0.0206547936434833   0
0.0128322354392031   0.0286815690527212   -0.0342894800326709   0.00802677540923792   0
0.0617787788288395   0.0415320695476118   0.0489465433896365   0.0128505004948906   0
0.0687561236911349   0.0436708041079964   0.00697734486229531   0.0021387345603846   0
0.027316720081271   0.0484940705094886   -0.0414394036098639   0.00482326640149223   0
0.0691342635935089   0.0190693473434648   0.0418175435122379   -0.0294247231660238   0
0.0495221650171038   0.0535146001647224   -0.0196120985764051   0.0344452528212576   0
0.0636773585548835   0.0693435548786254   0.0141551935377797   0.015828954713903   0
0.0913703305369993   0.0358323862796497   0.0276929719821158   -0.0335111685989757   0
0.0498447239136367   0.0428856944613313   -0.0415256066233626   0.00705330818168154   0
0.0778918929306521   0.0383924357256763   0.0280471690170154   -0.00449325873565494   0
0.0658650020299721   0.0656357062927855   -0.01202689090068   0.0272432705671092   0
0.0647916963209413   0.0722635592329714   -0.00107330570903075   0.00662785294018588   0
0.0953027074481006   0.0569795391447447   0.0305110111271592   -0.0152840200882267   0
0.0672688989702983   0.0348093795065913   -0.0280338084778022   -0.0221701596381534   0
0.0635970418848973   0.0305443834901577   -0.00367185708540102   -0.00426499601643354   0
0.0980257364513329   0.0368934946768316   0.0344286945664356   0.0063491111866739   0
0.0847717034088716   0.0479575439242387   -0.0132540330424612   0.011064049247407   0
0.0744427049583593   0.0170464403961879   -0.0103289984505124   -0.0309111035280508   0
0.0745770943260008   0.0236517554076887   0.000134389367641569   0.00660531501150079   0
0.0877058113330161   0.045177347729989   0.0131287170070153   0.0215255923223004   0
0.0971074212615969   0.0410038479154972   0.00940160992858077   -0.00417349981449183   0
0.0784441753411836   0.0547087237178207   -0.0186632459204133   0.0137048758023235   0
0.083304290434736   0.0248192442272067   0.0048601150935524   -0.029889479490614   0
0.0534942449919252   0.0291754323133845   -0.0298100454428108   0.00435618808617777   0
0.083032115621845   0.0341718449225536   0.0295378706299199   0.0049964126091691   0
0.135881336488224   0.0790788363185126   0.0528492208663789   0.044906991395959   0
0.0735165491070699   0.0390066188831012   -0.0623647873811541   -0.0400722174354115   0
0.0983711586109121   0.0265695285111371   0.0248546095038423   -0.0124370903719641   0
0.0914541222328099   0.0508348356887475   -0.00691703637810222   0.0242653071776104   0
0.0761414191799322   0.0349101787814134   -0.0153127030528777   -0.0159246569073342   0
0.0842465617057949   0.0490040125436867   0.00810514252586267   0.0140938337622733   0
0.04165343292282   0.0216733404344512   -0.0425931287829748   -0.0273306721092355   0
0.0689702308065022   0.0174939543644019   0.0273167978836822   -0.00417938607004936   0
0.0581728595920131   0.0166163824588378   -0.010797371214489   -0.000877571905564076   0
0.0630266736986265   0.0248956954293725   0.00485381410661333   0.0082793129705347   0
0.0754925636648609   0.022513822023095   0.0124658899662344   -0.00238187340627747   0
0.0625622158185436   0.0127888965497495   -0.0129303478463173   -0.00972492547334551   0
0.0838316920058964   0.0277711983285644   0.0212694761873528   0.0149823017788149   0
0.0807968916488931   0.0403413913323209   -0.00303480035700333   0.0125701930037565   0
0.0461280627523553   0.0206597983115467   -0.0346688288965378   -0.0196815930207742   0
0.0700015460140081   0.0431205498164344   0.0238734832616528   0.0224607515048878   0
0.0694230913309683   0.0314282444616044   -0.000578454683039797   -0.01169230535483   0
0.0679778483454695   0.0288801429379   -0.00144524298549885   -0.00254810152370441   0
0.100922378932489   0.0275517767061513   0.0329445305870193   -0.00132836623174869   0
0.030001108868412   0.0307594646905362   -0.0709212700640768   0.00320768798438487   0
0.0702016314895679   0.0369077630836209   0.0402005226211559   0.00614829839308467   0
0.0617961768469004   0.0399813414119127   -0.00840545464266749   0.00307357832829188   0
0.0356309500484677   0.0377539308072826   -0.0261652267984327   -0.00222741060463018   0
0.0781205585857384   0.0472635265177685   0.0424896085372707   0.00950959571048595   0
0.0589924927619544   0.0363351514712544   -0.019128065823784   -0.0109283750465141   0
0.0386502375972153   0.0494067928190103   -0.0203422551647391   0.0130716413477559   0
0.0625860556963133   0.0367924285825962   0.0239358180990981   -0.0126143642364142   0
0.06812539473263   0.0357449977846747   0.00553933903631669   -0.0010474307979215   0
0.0748978003279965   0.0711901532153941   0.00677240559536645   0.0354451554307194   0
0.076064318320585   0.0482258380255261   0.00116651799258856   -0.0229643151898679   0
0.046240010298812   0.0402650253317886   -0.0298243080217731   -0.00796081269373747   0
0.0767454510836035   0.0601330522121152   0.0305054407847915   0.0198680268803266   0
0.080152106729493   0.0631602058994212   0.00340665564588948   0.00302715368730598   0
0.0586279219758093   0.074523869570119   -0.0215241847536837   0.0113636636706978   0
0.0621280574145448   0.0721537566919423   0.00350013543873551   -0.00237011287817672   0
0.0777702233729861   0.0683924825869083   0.0156421659584413   -0.00376127410503399   0
0.0672450273117934   0.0672855864567523   -0.0105251960611927   -0.00110689613015595   0
0.0863281257780214   0.0779894534735142   0.0190830984662281   0.0107038670167619   0
0.0979078841447079   0.0710496808350332   0.0115797583666865   -0.00693977263848108   0
0.114730141779709   0.0846139363708339   0.0168222576350011   0.0135642555358007   0
0.126624601190536   0.0552386512628851   0.0118944594108268   -0.0293752851079488   0
0.0809253189053283   0.0627414178010608   -0.0456992822852075   0.00750276653817565   0
0.0874300979940738   0.0444591418695729   0.00650477908874558   -0.0182822759314878   0
0.0496091692370876   0.0486630211821457   -0.0378209287569862   0.00420387931257273   0
0.0588699536840395   0.0641197045502903   0.00926078444695186   0.0154566833681446   0
