7.1054274e-15   0   0   0   0
0.014942670967048   0.0156051924141764   0.0149426709670409   0.0156051924141764   0
0.0332782191459559   0.009221138698244   0.0183355481789079   -0.00638405371593239   0
0.0272716081991176   0.0464027408687442   -0.00600661094683833   0.0371816021705002   0
0.0399473683272725   0.0588658101815887   0.0126757601281549   0.0124630693128445   0
0.035532214447138   0.0506398130025281   -0.00441515388013452   -0.00822599717906062   0
0.0904803351686578   0.0719466950268778   0.0549481207215198   0.0213068820243497   0
0.0584331539221584   0.0789470684194385   -0.0320471812464994   0.00700037339256067   0
0.03482361372848   0.0332345025430416   -0.0236095401936784   -0.0457125658763969   0
0.0199146557213738   0.0224186966198776   -0.0149089580071062   -0.010815805923164   0
0.0506219050386095   0.0483300017470816   0.0307072493172357   0.025911305127204   0
0.0416508254903201   0.0528025114480693   -0.00897107954828943   0.00447250970098773   0
0.0365770309541106   0.0419841307133703   -0.00507379453620942   -0.010818380734699   0
0.0561912421913487   0.0438653644302543   0.0196142112372381   0.00188123371688403   0
0.102125687302101   0.0881661086105033   0.0459344451107523   0.044300744180249   0
0.127984636026331   0.100798460939259   0.0258589487242296   0.0126323523287556   0
0.101824294587183   0.066044245538859   -0.0261603414391478   -0.0347542154003999   0
0.0251521128686803   0.0369282922533979   -0.0766721817185025   -0.0291159532854611   0
0.0367566027915846   0.0415983708717835   0.0116044899229043   0.00467007861838557   0
0.0284431484976716   0.0408661754670768   -0.008313454293913   -0.000732195404706648   0
0.0297617038531097   0.0225058977659976   0.00131855535543814   -0.0183602777010793   0
0.215430954176068   0.0897586134925518   0.185669250322958   0.0672527157265542   0
0.452375048242337   0.388883339842404   0.236944094066269   0.299124726349852   0
0.697495707831265   0.461389490102117   0.245120659588929   0.0725061502597129   0
0.50779725087967   0.335004017092534   -0.189698456951595   -0.126385473009582   0
0.516847942600978   0.310856562300908   0.00905069172130801   -0.0241474547916258   0
0.501465449720603   0.305264299657608   -0.0153824928803745   -0.00559226264330015   0
0.501572606333761   0.306722917643729   0.000107156613157966   0.00145861798612057   0
0.474857062186114   0.303146984927201   -0.0267155441476477   -0.0035759327165279   0
0.487393569306595   0.301807156272432   0.0125365071204812   -0.00133982865476862   0
0.523674322152638   0.266526838212164   0.0362807528460435   -0.0352803180602687   0
0.445530848216243   0.269923266556305   -0.0781434739363957   0.00339642834414106   0
0.445240057579767   0.283255722303595   -0.000290790636476024   0.0133324557472903   0
0.465264735954928   0.287237144661345   0.0200246783751612   0.00398142235775012   0
0.510794291608475   0.294663433704284   0.0455295556535469   0.00742628904293879   0
0.413366186038129   0.286931413721679   -0.0974281055703462   -0.00773201998260542   0
0.436018763917192   0.278000595223994   0.0226525778790632   -0.00893081849768501   0
0.45079301716645   0.275532546651384   0.0147742532492582   -0.00246804857260918   0
0.457314594865566   0.275379401775479   0.00652157769911571   -0.00015314487590512   0
0.460614700693098   0.268854143400687   0.00330010582753187   -0.00652525837479212   0
0.458692116254303   0.26416251619623   -0.00192258443879423   -0.00469162720445671   0
0.568213410253428   0.314330931677686   0.109521293999124   0.0501684154814555   0
0.241814239082457   0.169548525587164   -0.326399171170971   -0.144782406090522   0
1.68874651419126   1.19070009273143   1.44693227510881   1.02115156714427   1
4.58166547819231   4.47645458915886   2.89291896400105   3.28575449642743   1
2.95950627424283   2.5062281039573   -1.62215920394948   -1.97022648520156   1
0.866362533223313   0.552965208104238   -2.09314374101952   -1.95326289585306   1
0.684815887004538   0.515193230247784   -0.181546646218775   -0.0377719778564544   0
0.69032053162089   0.595647317419833   0.00550464461635225   0.0804540871720492   0
0.650495551398554   0.60067083007909   -0.0398249802223362   0.00502351265925738   0
0.672476583201023   0.785481441163453   0.0219810318024691   0.184810611084363   0
1.31656213439358   1.42356784142755   0.644085551192554   0.638086400264093   0
1.58690855252119   1.47431448167239   0.270346418127609   0.0507466402448422   0
1.03465701395602   1.21243935613519   -0.552251538565167   -0.261875125537201   0
0.688122864746256   1.05053883867004   -0.346534149209763   -0.161900517465147   0
0.411145601078376   0.864936372755099   -0.27697726366788   -0.185602465914941   0
0.479162401921769   0.819539332073243   0.0680168008433921   -0.0453970406818562   0
0.720499717633402   0.705014820348581   0.241337315711634   -0.114524511724661   0
0.658450278967476   0.660736286088944   -0.0620494386659266   -0.0442785342596378   0
0.748058088248319   0.751013095205537   0.0896078092808432   0.090276809116593   0
1.75917406228312   1.5401675312081   1.0111159740348   0.789154436002561   1
2.15385204390082   1.84152601234068   0.394677981617706   0.301358481132579   0
2.08783149277511   1.71721270708925   -0.0660205511257117   -0.124313305251429   0
1.92291494075316   1.58223946778436   -0.164916552021957   -0.13497323930489   0
1.90227897446628   1.49150988724963   -0.0206359662868805   -0.0907295805347237   0
1.90628120999369   1.43990441476759   0.00400223552741164   -0.0516054724820434   0
1.88402979583801   1.39883349645879   -0.0222514141556811   -0.0410709183087958   0
1.83175646148045   1.33173711544815   -0.052273334357559   -0.0670963810106417   0
1.80955971845966   1.28744438455083   -0.0221967430207874   -0.0442927308973209   0
1.7349403614819   1.22875554657798   -0.0746193569777551   -0.0586888379728512   0
1.51659592471072   1.09631658141533   -0.218344436771185   -0.132438965162651   0
1.15685680209326   0.892923537390248   -0.359739122617455   -0.203393044025082   0
1.07427290716895   0.837943993703805   -0.0825838949243167   -0.0549795436864422   0
1.10268772981178   0.822875513171423   0.0284148226428287   -0.0150684805323822   0
1.12858003821991   0.835970628607073   0.0258923084081311   0.01309511543565   0
1.09742242719783   0.792896384539662   -0.0311576110220779   -0.0430742440674111   0
1.08785131859248   0.76368094540485   -0.00957110860534471   -0.0292154391348126   0
1.10781158440298   0.769091345755633   0.0199602658104956   0.00541040035078333   0
1.05157403143678   0.711842244885625   -0.0562375529662045   -0.0572491008700079   0
