0   0   0   0   0
0.0700824568252418   0.0151377713399942   0.0700824568252418   0.0151377713399942   0
0.0226930471811187   0.00799144270264673   -0.0473894096441231   -0.00714632863734748   0
0.100319995664797   0.0330618603232459   0.0776269484836781   0.0250704176205992   0
0.0519507979358207   0.0183385912203128   -0.0483691977289761   -0.0147232691029332   0
0.052178447535346   0.0140811717166424   0.000227649599525259   -0.00425741950367033   0
0.0477320902352843   0.0242945810094378   -0.00444635730006173   0.0102134092927954   0
0.011764041642923   0.0181043783494091   -0.0359680485923613   -0.0061902026600287   0
0.0894563420205843   0.0445806775343642   0.0776923003776613   0.026476299184955   0
0.0427632816757083   0.024556456466477   -0.046693060344876   -0.0200242210678871   0
0.042577843494388   0.0158940958168351   -0.000185438181320267   -0.00866236064964192   0
0.0539824295246697   0.0219704918905677   0.0114045860302816   0.00607639607373261   0
0.0197773514412381   0.0132802757200055   -0.0342050780834316   -0.00869021617056221   0
0.0772453427109092   0.0329008278476225   0.0574679912696711   0.019620552127617   0
0.0487619725133212   0.019336789971776   -0.028483370197588   -0.0135640378758465   0
0.00691267767201886   0.00857228883494696   -0.0418492948413024   -0.010764501136829   0
0.0364273906953802   0.0152719275597843   0.0295147130233614   0.00669963872483732   0
0.0313154262200391   0.0310022203361009   -0.00511196447534113   0.0157302927763166   0
0.0660671845936125   0.0359397441381614   0.0347517583735734   0.00493752380206051   0
0.018034629815994   0.0219561511108113   -0.0480325547776185   -0.0139835930273502   0
0.0644566642166687   0.0430736290577381   0.0464220344006747   0.0211174779469269   0
0.0342937670717155   0.0425575284197485   -0.0301628971449532   -0.000516100637989604   0
0.0757744212544823   0.0536605623717735   0.0414806541827668   0.011103033952025   0
0.0296434562988621   0.0392433472327439   -0.0461309649556201   -0.0144172151390296   0
0.065508756907467   0.0535155488901801   0.0358653006086049   0.0142722016574362   0
0.0341306453142919   0.0546401959097673   -0.0313781115931751   0.00112464701958716   0
0.0603408346886862   0.0588133420754271   0.0262101893743943   0.00417314616565988   0
0.0421238328994553   0.0655661822741266   -0.0182170017892309   0.00675284019869942   0
0.0469813085424852   0.0614155712867533   0.00485747564302991   -0.00415061098737322   0
0.0501393519268364   0.0673941413246256   0.0031580433843512   0.00597857003787228   0
0.0122760137258555   0.0512790936428475   -0.0378633382009809   -0.0161150476817781   0
0.0569743028846187   0.0633096378474473   0.0446982891587632   0.0120305442045998   0
0.0205135015535579   0.0563942907630864   -0.0364608013310608   -0.0069153470843609   0
0.0397295625419958   0.0656486614860874   0.0192160609884379   0.00925437072300101   0
0.0526769070619059   0.0606559489769794   0.01294734451991   -0.00499271250910797   0
0.0194336239404175   0.0601653230192459   -0.0332432831214884   -0.000490625957733533   0
0.0602698338213438   0.0755137657805578   0.0408362098809263   0.0153484427613119   0
0.0543002294342577   0.0792487894304332   -0.0059696043870861   0.00373502364987537   0
0.0456627527658546   0.0873871881052465   -0.00863747666840303   0.00813839867481328   0
0.114565983049198   0.123838750074806   0.0689032302833429   0.0364515619695597   0
0.094633944248175   0.123626467093135   -0.0199320388010226   -0.000212282981671641   0
0.0896275959601347   0.12082063065147   -0.00500634828804031   -0.00280583644166443   0
0.114894820886807   0.130918288602155   0.025267224926672   0.0100976579506849   0
0.0924612864718191   0.126647934297677   -0.0224335344149876   -0.00427035430447797   0
0.131848826645136   0.14823914712157   0.0393875401733166   0.0215912128238934   0
0.0878251805311792   0.128741884806487   -0.0440236461139565   -0.019497262315083   0
0.144491925435768   0.157702966784327   0.0566667449045891   0.0289610819778394   0
0.131583673641901   0.166434282241173   -0.0129082517938673   0.00873131545684619   0
0.128056777416462   0.159216412398746   -0.00352689622543942   -0.0072178698424272   0
0.146428049092237   0.172816863830265   0.0183712716757755   0.0136004514315195   0
0.122819451474066   0.171924661742008   -0.0236085976181714   -0.000892202088257549   0
0.14027824554625   0.180917582723542   0.0174587940721839   0.00899292098153415   0
0.145093617641463   0.186736042623709   0.00481537209521371   0.00581845990016736   0
0.129971667532233   0.188870236873684   -0.0151219501092303   0.00213419424997449   0
0.167413086308159   0.20122949188054   0.0374414187759258   0.0123592550068565   0
0.149563754563626   0.197942701865672   -0.0178493317445325   -0.00328679001486859   0
0.163820672961634   0.207947311744322   0.0142569183980072   0.0100046098786504   0
0.172229776778467   0.209578410469844   0.00840910381683377   0.00163109872552225   0
0.161807347098599   0.214873344182248   -0.0104224296798686   0.00529493371240342   0
0.191564404087205   0.228739897047991   0.0297570569886066   0.0138665528657428   0
0.203179883113149   0.228311915925389   0.0116154790259438   -0.00042798112260109   0
0.166271569015733   0.214534810189108   -0.0369083140974166   -0.0137771057362813   0
0.194652665818949   0.224441215093406   0.028381096803216   0.00990640490429812   0
0.185420727488073   0.228645690279549   -0.00923193833087529   0.00420447518614259   0
0.175138463908294   0.232184672224314   -0.0102822635797797   0.00353898194476515   0
0.207607689736975   0.24592847913731   0.0324692258286811   0.0137438069129958   0
0.167141684485922   0.222630108990861   -0.0404660052510531   -0.0232983701464488   0
0.178595903480593   0.213973661187923   0.0114542189946713   -0.00865644780293834   0
0.172787190807291   0.216984617912064   -0.00580871267330177   0.00301095672414145   0
0.149526933358387   0.21198261081858   -0.0232602574489036   -0.00500200709348383   0
0.17294176052112   0.217127498228123   0.0234148271627324   0.00514488740954291   0
0.156539712970967   0.214733449317996   -0.0164020475501525   -0.00239404891012709   0
