0   0   0   0   0
0.107844193373142   0.0331777539680153   0.107844193373142   0.0331777539680153   0
0.0451194748270318   0.0239166218679309   -0.06272471854611   -0.00926113210008441   0
0.0405646451289583   0.0360474216231519   -0.00455482969807353   0.012130799755221   0
0.0421753080299728   0.048590490146004   0.00161066290101455   0.012543068522852   0
0.0752174504881657   0.0549021927591609   0.0330421424581929   0.00631170261315697   0
0.0812449509438983   0.0555834652935194   0.0060275004557326   0.000681272534358505   0
0.06667369036553   0.0505450947512348   -0.0145712605783683   -0.00503837054228466   0
1.03244378530382   0.705061490406642   0.965770094938287   0.654516395655407   0
1.11329534358452   0.786166658277169   0.0808515582806992   0.0811051678705275   0
0.893424726800902   0.665818925237089   -0.219870616783615   -0.12034773304008   0
0.796679062099066   0.565984245673386   -0.0967456647018358   -0.0998346795637026   0
0.771446841611334   0.532042765340869   -0.0252322204877318   -0.0339414803325172   0
0.764169405555394   0.524204644833466   -0.00727743605593978   -0.00783812050740318   0
0.832808997254594   0.524097466378162   0.0686395916992   -0.000107178455303836   0
0.772650280810524   0.527537182728236   -0.0601587164440702   0.00343971635007423   0
0.445185916359482   0.23940082609169   -0.327464364451042   -0.288136356636546   0
0.384600328835182   0.238914082160999   -0.0605855875242997   -0.000486743930690814   0
0.344590366271032   0.228369317592166   -0.0400099625641498   -0.0105447645688337   0
0.410434720868696   0.252395580327114   0.0658443545976632   0.0240262627349487   0
0.399934215629876   0.260415376133164   -0.0105005052388195   0.00801979580604956   0
0.432583741374204   0.274861681191032   0.032649525744328   0.014446305057868   0
0.250509624206784   0.220605520607765   -0.18207411716742   -0.0542561605832667   0
0.125864144087081   0.198738986830542   -0.124645480119704   -0.0218665337772234   0
0.187951926623231   0.188426991129484   0.0620877825361503   -0.0103119957010583   0
0.16004954102095   0.161695465437258   -0.0279023856022814   -0.0267315256922253   0
0.79368446581318   0.511223960504876   0.633634924792231   0.349528495067617   0
0.809892650161835   0.391903370922338   0.0162081843486542   -0.119320589582538   0
0.412194837311278   0.269884071562769   -0.397697812850557   -0.122019299359569   0
0.323132155917899   0.250447759469825   -0.0890626813933786   -0.0194363120929444   0
0.303390911697163   0.250844543673349   -0.0197412442207356   0.000396784203524736   0
0.297338850313885   0.245282197997065   -0.00605206138327841   -0.00556234567628397   0
0.331367882396833   0.221929111878911   0.0340290320829475   -0.0233530861181548   0
0.318237929979892   0.224766784699373   -0.0131299524169406   0.00283767282046218   0
0.277951590408655   0.234734854289381   -0.0402863395712365   0.0099680695900084   0
0.322937070481666   0.249520334173492   0.0449854800730108   0.014785479884111   0
0.314411032467951   0.239808733800851   -0.00852603801371493   -0.00971160037264107   0
0.283290907344678   0.261623327427566   -0.0311201251232731   0.0218145936267147   0
0.183991404985446   0.232443945057085   -0.0992995023592323   -0.0291793823704811   0
0.203251201789834   0.230086809700385   0.0192597968043877   -0.00235713535669996   0
0.194393824409109   0.228254295050176   -0.00885737738072423   -0.00183251465020856   0
0.213708983335796   0.226227388435334   0.0193151589266868   -0.00202690661484234   0
0.197212600746021   0.229049837956876   -0.0164963825897756   0.00282244952154231   0
0.152713616457858   0.218114763374581   -0.0444989842881626   -0.0109350745822952   0
0.155675395155269   0.232565155736005   0.00296177869741113   0.014450392361424   0
0.162595198428917   0.221532454178507   0.00691980327364738   -0.0110327015574984   0
0.106274448930859   0.217777786493245   -0.0563207494980574   -0.00375466768526173   0
0.127071487670569   0.218065622248422   0.0207970387397095   0.000287835755176907   0
0.148913070880781   0.227104386640362   0.0218415832102125   0.00903876439194046   0
0.0926909365053342   0.238037963836611   -0.0562221343754469   0.0109335771962491   0
0.0725264067565141   0.24623283549369   -0.0201645297488201   0.00819487165707886   0
0.143013165286784   0.232526570188331   0.0704867585302696   -0.0137062653053593   0
0.325221981523756   0.712341735220033   0.182208816236972   0.479815165031702   0
0.519361503405034   0.306050048147868   0.194139521881279   -0.406291687072164   0
0.167185494226521   0.345940845249597   -0.352176009178514   0.0398907971017292   0
0.123643233924549   0.279709505859307   -0.0435422603019712   -0.0662313393902904   0
0.21274346264714   0.323963272527276   0.0891002287225907   0.044253766667969   0
0.102444852411782   0.30823499949668   -0.110298610235358   -0.0157282730305962   0
0.0888383558861146   0.318611492053332   -0.0136064965256676   0.0103764925566522   0
0.162110954099257   0.452736128396966   0.073272598213142   0.134124636343634   0
0.126357246171356   0.419459351928631   -0.0357537079279003   -0.0332767764683346   0
0.228648573190867   0.454247084145094   0.10229132701951   0.0347877322164623   0
0.183462532847727   0.435762657961398   -0.0451860403431396   -0.0184844261836952   0
0.145755724794663   0.419909062043791   -0.037706808053064   -0.0158535959176073   0
0.159283079063845   0.430907930239856   0.0135273542691819   0.0109988681960646   0
0.202637661939622   0.447603514582613   0.0433545828757766   0.0166955843427574   0
0.218010411049556   0.462153216226382   0.0153727491099343   0.0145497016437688   0
0.265075857166823   0.451708340678398   0.0470654461172669   -0.0104448755479837   0
0.293842245966487   0.434142919613951   0.0287663887996646   -0.0175654210644468   0
0.47289726729733   0.46116166001325   0.179055021330842   0.0270187403992983   0
0.955771313024833   0.632997009290408   0.482874045727504   0.171835349277158   0
0.646330448464964   0.375669659393998   -0.309440864559869   -0.25732734989641   0
0.312027031922937   0.368800793479255   -0.334303416542028   -0.00686886591474251   0
0.356510783959355   0.353317240042898   0.0444837520364177   -0.0154835534363572   0
0.149563572751426   0.332029494115139   -0.206947211207929   -0.0212877459277597   0
0.223943720792367   0.376493281179536   0.0743801480409411   0.0444637870643971   0
0.290932762807676   0.424826668316764   0.0669890420153085   0.0483333871372284   0
0.286510404411242   0.414431731929808   -0.0044223583964334   -0.010394936386956   0
0.205691198017817   0.367080355998134   -0.0808192063934248   -0.0473513759316743   0
0.23216506863836   0.379027310094741   0.0264738706205426   0.0119469540966077   0
0.277769894047258   0.372043430515702   0.0456048254088982   -0.00698387957903901   0
0.203047534032806   0.359162054240957   -0.0747223600144526   -0.0128813762747454   0
0.256171603388539   0.377794132734946   0.053124069355733   0.0186320784939892   0
