1.30333655358428e-14   1.36183809237993e-32   0   0   0
0.0119096342746709   0.0310455483356077   0.0119096342746578   0.0310455483356077   0
0.137559342426215   0.0920153959980829   0.125649708151544   0.0609698476624752   0
0.0680429268553266   0.068490854775102   -0.0695164155708887   -0.0235245412229809   0
0.143030706324854   0.103819717285016   0.0749877794695278   0.0353288625099139   0
0.133505601354064   0.102586267625739   -0.0095251049707907   -0.00123344965927681   0
0.0349153344062304   0.0288674525823523   -0.0985902669478333   -0.0737188150433868   0
0.795795826995835   0.524339703102649   0.760880492589605   0.495472250520296   0
0.246292268221893   0.0607775552949125   -0.549503558773942   -0.463562147807736   0
0.146085806261774   0.0606495887596317   -0.100206461960119   -0.000127966535280799   0
0.209163238252432   0.0583799652284507   0.0630774319906575   -0.00226962353118101   0
0.138759457771362   0.111006563090093   -0.0704037804810701   0.0526265978616423   0
0.10703901198759   0.103821034322305   -0.0317204457837723   -0.0071855287677885   0
0.12346398919704   0.182380340667931   0.0164249772094503   0.0785593063456266   0
0.146321334784811   0.147724220184199   0.0228573455877713   -0.034656120483732   0
0.154292734305608   0.18192322119128   0.00797139952079656   0.0341990010070805   0
0.113234266184659   0.207344400384777   -0.041058468120949   0.0254211791934978   0
0.142218382332777   0.195186839224581   0.0289841161481186   -0.0121575611601966   0
0.118982322655403   0.195181453749344   -0.023236059677374   -5.38547523692978e-06   0
0.130182228988432   0.170518842558634   0.0111999063330285   -0.0246626111907095   0
0.131593455962332   0.215785843650971   0.00141122697389989   0.0452670010923363   0
0.145912316834833   0.21023498219633   0.0143188608725009   -0.00555086145464051   0
0.147595647397096   0.22363289292987   0.00168333056226333   0.0133979107335398   0
0.140830184333644   0.198502003465347   -0.00676546306345235   -0.025130889464523   0
0.456435554068243   0.0881525507060248   0.315605369734599   -0.110349452759322   0
0.583602323967709   0.165884717045619   0.127166769899466   0.077732166339594   0
0.417014912821476   0.11880865911764   -0.166587411146233   -0.0470760579279783   0
0.413415131212494   0.119174520208829   -0.00359978160898211   0.000365861091188788   0
0.364812629454797   0.144708074548295   -0.0486025017576966   0.0255335543394654   0
0.320932448854589   0.152323305240368   -0.0438801806002083   0.00761523069207307   0
0.294808221944502   0.19191811892003   -0.0261242269100874   0.0395948136796627   0
0.234437488659584   0.250115771542327   -0.0603707332849173   0.0581976526222961   0
0.247724869330579   0.230586736639984   0.0132873806709942   -0.0195290349023427   0
0.2144463224653   0.265175620613065   -0.0332785468652782   0.0345888839730812   0
0.169713426266723   0.230402597388354   -0.044732896198577   -0.0347730232247107   0
0.185297601366741   0.263808492562692   0.0155841751000175   0.0334058951743374   0
0.161960343888087   0.278677119241794   -0.0233372574786539   0.0148686266791025   0
0.176316963518889   0.279378765685745   0.0143566196308024   0.000701646443951098   0
0.157101464429498   0.291861297347634   -0.0192154990893914   0.0124825316618883   0
0.147041080702249   0.280939315068769   -0.0100603837272487   -0.0109219822788643   0
0.209378694689498   0.326407671827066   0.0623376139872487   0.0454683567582967   0
0.159317532022566   0.283788478684366   -0.0500611626669318   -0.0426191931426997   0
0.167054003787369   0.311479623453658   0.00773647176480252   0.0276911447692919   0
0.144487730432214   0.296312344918162   -0.0225662733551545   -0.0151672785354967   0
0.183691373886423   0.326709532088794   0.0392036434542088   0.0303971871706328   0
0.148235831265296   0.312150473210642   -0.0354555426211273   -0.0145590588781523   0
0.178722739915292   0.302888741001659   0.0304869086499966   -0.00926173220898352   0
0.278196709783793   0.211483919272937   0.0994739698685006   -0.0914048217287221   0
0.747355915458031   0.199543407430824   0.469159205674238   -0.0119405118421123   0
0.437578805039051   0.220265999815519   -0.30977711041898   0.0207225923846943   0
0.359505213533315   0.249043944937386   -0.0780735915057361   0.0287779451218673   0
0.288741453024836   0.324479383967731   -0.0707637605084786   0.075435439030345   0
0.247302817053839   0.29962721976315   -0.0414386359709971   -0.0248521642045809   0
0.243374633916139   0.35869485693365   -0.00392818313770016   0.0590676371705001   0
0.217195281487777   0.352216632436455   -0.0261793524283616   -0.00647822449719487   0
0.251506063866824   0.309056168002062   0.0343107823790468   -0.0431604644343928   0
0.215018711295955   0.33262159825034   -0.0364873525708687   0.0235654302482778   0
0.223948091363961   0.313616632655201   0.00892938006800559   -0.0190049655951393   0
0.222220433733528   0.353395917730104   -0.00172765763043273   0.0397792850749031   0
0.217985952697759   0.319954683768768   -0.0042344810357694   -0.0334412339613359   0
0.226948147804843   0.321909934772973   0.00896219510708449   0.00195525100420474   0
0.875647061174321   0.265541368189394   0.648698913369478   -0.0563685665835794   0
0.44788723394238   0.218960153430481   -0.427759827231942   -0.0465812147589127   0
0.401680658406149   0.236036405520944   -0.046206575536231   0.0170762520904634   0
0.33582103255332   0.234190011292479   -0.0658596258528288   -0.00184639422846525   0
0.225014273161093   0.327667747705342   -0.110806759392227   0.0934777364128634   0
0.210100754075619   0.33000902702815   -0.0149135190854733   0.00234127932280737   0
0.226617574959036   0.360659820262889   0.0165168208834165   0.0306507932347388   0
0.191573263468307   0.342183809598597   -0.0350443114907289   -0.018476010664292   0
0.201734397966393   0.375485445085475   0.0101611344980855   0.0333016354868785   0
0.170607084880697   0.355454273625725   -0.0311273130856952   -0.0200311714597499   0
0.503099405677084   0.144363764942449   0.332492320796386   -0.211090508683277   0
0.575885059696963   0.145215729169776   0.0727856540198794   0.000851964227327112   0
