0   0   0   0   0
0.0437742292936978   0.0279014144126026   0.0437742292936978   0.0279014144126026   0
0.0782275928724498   0.0386964067754378   0.034453363578752   0.0107949923628353   0
0.0512337551304577   0.0309682950374926   -0.0269938377419921   -0.00772811173794518   0
0.0222640875768454   0.0300906686724822   -0.0289696675536122   -0.0008776263650104   0
0.0293101258682376   0.0308848258586707   0.00704603829139212   0.000794157186188464   0
0.00999476748048112   0.0289951540069854   -0.0193153583877565   -0.00188967185168525   0
0.0410765285056507   0.0404597419795603   0.0310817610251696   0.0114645879725748   0
0.0355267996412262   0.0366245187232836   -0.00554972886442454   -0.00383522325627665   0
0.0316261898305493   0.0428697332605895   -0.00390060981067689   0.00624521453730593   0
0.0714198682022743   0.0738002685302536   0.039793678371725   0.0309305352696641   0
0.0728740036126031   0.106059483396671   0.00145413541032884   0.032259214866417   0
0.127935632477118   0.147433757061449   0.0550616288645148   0.041374273664778   0
0.283917766885565   0.161757545205416   0.155982134408447   0.0143237881439671   0
0.239880136709937   0.167701278562822   -0.0440376301756284   0.00594373335740644   0
0.231549379639572   0.153331993966647   -0.00833075707036471   -0.0143692845961749   0
0.210576919525232   0.120093331396343   -0.0209724601143402   -0.0332386625703047   0
0.242035013763722   0.133221650126156   0.0314580942384905   0.0131283187298134   0
0.217398525212697   0.141731520044583   -0.0246364885510255   0.00850986991842687   0
0.117728620468715   0.186392518450711   -0.0996699047439821   0.044660998406128   0
0.0918047648711991   0.241557500352995   -0.0259238555975155   0.0551649819022841   0
0.0770578370857194   0.202745428760582   -0.0147469277854797   -0.0388120715924131   0
0.05837558986573   0.194415684504389   -0.0186822472199894   -0.00832974425619265   0
0.0610803978375444   0.185986921967583   0.00270480797181447   -0.00842876253680624   0
0.0688996707754597   0.167043078081917   0.00781927293791525   -0.0189438438856657   0
0.10344600469905   0.178714357251582   0.0345463339235905   0.0116712791696649   0
0.0840921723638755   0.163735572174646   -0.0193538323351746   -0.0149787850769363   0
0.072846882321629   0.173774800267215   -0.0112452900422465   0.0100392280925687   0
0.0579818454911436   0.170952448189175   -0.0148650368304854   -0.00282235207804005   0
0.115420610886709   0.159181509583131   0.0574387653955653   -0.0117709386060436   0
0.102015115103008   0.175013803056948   -0.0134054957837008   0.0158322934738175   0
0.186784352333467   0.240819175486023   0.0847692372304593   0.0658053724290745   0
0.129502715097196   0.239347560094021   -0.0572816372362709   -0.00147161539200186   0
0.10860658461954   0.218261788995898   -0.0208961304776562   -0.0210857710981232   0
0.0884608668102325   0.217926427420454   -0.0201457178093078   -0.000335361575444199   0
0.0882067164458376   0.228058321030901   -0.000254150364394926   0.0101318936104474   0
0.176796389811233   0.297538793892941   0.0885896733653957   0.0694804728620402   0
0.169606616805758   0.285538170327766   -0.00718977300547566   -0.0120006235651756   0
0.147374757619266   0.254132339604295   -0.0222318591864919   -0.0314058307234705   0
0.119058462482886   0.247441594192701   -0.0283162951363799   -0.00669074541159395   0
0.132873797354501   0.251870940542787   0.0138153348716149   0.00442934635008543   0
0.237572919037083   0.279643950046481   0.104699121682582   0.0277730095036939   0
0.148586269323643   0.340574271959701   -0.0889866497134396   0.0609303219132209   0
0.200884404225897   0.364951551339984   0.0522981349022541   0.0243772793802829   0
0.203395328452011   0.369402702930058   0.0025109242261136   0.00445115159007409   0
0.214644587918317   0.408981572187953   0.0112492594663061   0.0395788692578946   0
0.312253579873882   0.449727226876749   0.0976089919555647   0.0407456546887958   0
0.283244200066466   0.429712298531474   -0.0290093798074161   -0.020014928345275   0
0.180278355003966   0.38881480997016   -0.102965845062499   -0.040897488561314   0
0.137800261128483   0.359256713728132   -0.0424780938754833   -0.0295580962420283   0
0.124343503355086   0.355362095305383   -0.0134567577733971   -0.00389461842274857   0
0.136268362303917   0.346428471768363   0.0119248589488309   -0.00893362353702043   0
0.15472074822871   0.360077698736447   0.018452385924793   0.0136492269680846   0
0.138306733512772   0.355550730073507   -0.0164140147159382   -0.00452696866293972   0
0.187870578762795   0.378612422775594   0.0495638452500238   0.0230616927020862   0
0.209736831218891   0.371804787123101   0.0218662524560957   -0.00680763565249248   0
0.205144210690751   0.367345131128023   -0.0045926205281398   -0.00445965599507819   0
0.220278727462545   0.372708023271315   0.0151345167717934   0.00536289214329216   0
0.231399525761545   0.378963498458384   0.0111207982989998   0.00625547518706904   0
0.225651392195665   0.364986614200689   -0.00574813356587908   -0.0139768842576947   0
0.20271117123919   0.373836730803496   -0.0229402209564753   0.00885011660280688   0
0.239346279604277   0.387367739727947   0.0366351083650872   0.0135310089244508   0
0.186158028743045   0.357521421509989   -0.0531882508612321   -0.0298463182179582   0
0.201519260469105   0.367248614010928   0.0153612317260599   0.00972719250093951   0
0.239053319641592   0.376485185316581   0.0375340591724873   0.00923657130565225   0
0.259660390448445   0.381844299025644   0.0206070708068528   0.00535911370906345   0
0.263480798839773   0.390093988430596   0.00382040839132808   0.00824968940495158   0
0.191722510103318   0.348024510382804   -0.0717582887364551   -0.0420694780477919   0
0.251514229768091   0.362858863426206   0.0597917196647729   0.0148343530434022   0
0.206308367333089   0.339776425664143   -0.0452058624350017   -0.0230824377620628   0
0.205899926700801   0.350087506514742   -0.000408440632288259   0.0103110808505992   0
0.210989245333756   0.35672726400312   0.0050893186329552   0.0066397574883777   0
0.232736876061497   0.354947429420327   0.0217476307277406   -0.00177983458279291   0
0.238735770881459   0.351218948208656   0.00599889481996191   -0.00372848121167141   0
0.224488089945068   0.376510579369883   -0.0142476809363904   0.0252916311612269   0
0.204525409441786   0.391936944052333   -0.0199626805032829   0.0154263646824508   0
0.22435637927004   0.389910731751105   0.019830969828254   -0.00202621230122846   0
0.198280226992539   0.389629661374866   -0.0260761522775005   -0.000281070376238701   0
0.265671361533481   0.393647900613239   0.0673911345409422   0.00401823923837313   0
0.251883841072199   0.39152038350203   -0.0137875204612825   -0.00212751711120951   0
0.254051072252823   0.384401083940619   0.00216723118062428   -0.00711929956141072   0
0.241783460799889   0.370743782425173   -0.0122676114529343   -0.0136573015154459   0
0.235086084751321   0.372442528173244   -0.00669737604856807   0.00169874574807066   0
0.218480716066807   0.379874628997259   -0.0166053686845139   0.00743210082401535   0
0.242813807357646   0.380326915676194   0.0243330912908391   0.000452286678934599   0
0.182354643254884   0.384677298802137   -0.0604591641027618   0.00435038312594294   0
