1.1743808e-14   3.8518599e-32   0   0   0
0.0529525824499875   0.0436047076838041   0.0529525824499758   0.0436047076838041   0
0.0780401245951768   0.0387980629979729   0.0250875421451893   -0.00480664468583117   0
0.0265029618203655   0.0372726827415373   -0.0515371627748113   -0.00152538025643562   0
0.0586872487927508   0.0544127319279767   0.0321842869723853   0.0171400491864394   0
0.0590760430217535   0.0471520048737688   0.000388794229002759   -0.00726072705420788   0
0.047887398630015   0.0235197782342825   -0.0111886443917386   -0.0236322266394863   0
0.0681319075575881   0.0194994258042162   0.0202445089275731   -0.00402035243006631   0
0.0717320844751256   0.0202080929156897   0.00360017691753753   0.000708667111473514   0
0.0610069534857882   0.0335755231804839   -0.0107251309893374   0.0133674302647942   0
0.0630094555325993   0.0328484126171672   0.00200250204681114   -0.000727110563316702   0
0.0794853404584222   0.0261185836035792   0.0164758849258229   -0.00672982901358802   0
0.100784704698857   0.048424347327805   0.0212993642404351   0.0223057637242258   0
0.115272190768547   0.0667704681274749   0.0144874860696895   0.0183461207996699   0
0.141212693723679   0.0755898011874248   0.0259405029551318   0.00881933305994988   0
0.151032532944984   0.093090968753395   0.00981983922130542   0.0175011675659702   0
0.146495706512259   0.0996345212859004   -0.00453682643272496   0.00654355253250544   0
0.161070701394529   0.0984107971174999   0.01457499488227   -0.00122372416840053   0
0.177274376172868   0.105527838383262   0.0162036747783386   0.00711704126576183   0
0.196579050671751   0.118139622209198   0.0193046744988837   0.0126117838259367   0
0.200955929838973   0.13467679569236   0.00437687916722129   0.0165371734831611   0
0.211119912012611   0.129215459399448   0.0101639821736386   -0.00546133629291162   0
0.147873777268413   0.0937542420553783   -0.0632461347441981   -0.0354612173440696   0
0.172615416807762   0.12443658249599   0.0247416395393483   0.0306823404406112   0
0.186918681093449   0.120945105052396   0.0143032642856877   -0.00349147744359304   0
0.162877956906568   0.127990789043058   -0.024040724186881   0.00704568399066194   0
0.171349674606211   0.128568400152519   0.00847171769964228   0.000577611109460197   0
0.176888515787658   0.145784129661788   0.00553884118144712   0.0172157295092694   0
0.178859803487314   0.151853689045618   0.00197128769965607   0.00606955938383025   0
0.186108545763533   0.146550137408792   0.00724874227621955   -0.00530355163682586   0
0.185622300917106   0.154858814576883   -0.000486244846427092   0.00830867716809017   0
0.195354809107028   0.158076220726975   0.00973250818992227   0.00321740615009258   0
0.199398188927146   0.150674224604369   0.00404337982011718   -0.00740199612260589   0
0.197590377011542   0.150898092629277   -0.00180781191560411   0.000223868024907842   0
0.200143221627871   0.172338166499921   0.00255284461632999   0.0214400738706442   0
0.198769584512484   0.178179410895061   -0.00137363711538716   0.00584124439514008   0
0.201821637475861   0.180226667008273   0.00305205296337638   0.00204725611321163   0
0.203637674630711   0.187895073446452   0.00181603715485074   0.00766840643817884   0
0.207400396668113   0.177481172747551   0.00376272203740169   -0.0104139006989009   0
0.184537885869133   0.178572496017846   -0.02286251079898   0.0010913232702946   0
0.181514956764614   0.17636126335037   -0.0030229291045189   -0.0022112326674753   0
0.192637922848694   0.179048034971744   0.0111229660840794   0.00268677162137346   0
0.195386175705997   0.187408191344163   0.00274825285730362   0.00836015637241902   0
0.201317201405026   0.174932564318793   0.00593102569902892   -0.0124756270253701   0
0.187367621825988   0.179409629954294   -0.0139495795790379   0.00447706563550176   0
0.179883591501841   0.175743945618319   -0.00748403032414721   -0.00366568433597522   0
0.18182116210436   0.174175159940323   0.00193757060251915   -0.00156878567799662   0
0.208549793020703   0.210755523447205   0.0267286309163431   0.0365803635068822   0
0.215797058901091   0.200031793452323   0.00724726588038821   -0.0107237299948821   0
0.213717731986035   0.204373608383395   -0.00207932691505647   0.004341814931072   0
0.226649519795902   0.199424965826976   0.0129317878098675   -0.00494864255641814   0
0.238278900955155   0.214217278050887   0.0116293811592526   0.0147923122239104   0
0.224189693819521   0.192097763909843   -0.0140892071356339   -0.0221195141410437   0
0.199719717440798   0.182666153101053   -0.0244699763787229   -0.00943161080878996   0
0.203270009071472   0.174959411556307   0.00355029163067397   -0.00770674154474621   0
0.204085557326714   0.20454924514722   0.000815548255241688   0.0295898335909127   0
0.230769307725394   0.211293057434437   0.0266837503986798   0.00674381228721746   0
0.206744808148743   0.206171103412751   -0.0240244995766506   -0.00512195402168669   0
0.195626240405207   0.224138990702721   -0.0111185677435363   0.0179678872899704   0
0.165670186389248   0.204627190523674   -0.0299560540159588   -0.019511800179047   0
0.150555464326836   0.18122632078174   -0.015114722062412   -0.0234008697419341   0
0.146677386437812   0.193387007272219   -0.00387807788902397   0.012160686490479   0
0.150131244725728   0.197208236762164   0.00345385828791617   0.00382122948994512   0
