1.83190816078833e-14   1.3058273e-49   0   0   0
0.0240584112886977   0.0170345312163098   0.0240584112886794   0.0170345312163098   0
0.0532863122226017   0.046010168229469   0.0292279009339041   0.0289756370131592   0
0.0394593731076235   0.028059662697874   -0.0138269391149783   -0.017950505531595   0
0.0383164311414837   0.0256892940764346   -0.00114294196613973   -0.00237036862143937   0
0.0669631525013325   0.0456236087952687   0.0286467213598488   0.019934314718834   0
0.0457575930242577   0.0211212024143911   -0.0212055594770748   -0.0245024063808775   0
0.0613265642203152   0.0534660478955792   0.0155689711960575   0.0323448454811881   0
0.0535515826781508   0.0392553862485977   -0.00777498154216438   -0.0142106616469814   0
0.0557569957170144   0.0187976174227998   0.00220541303886358   -0.020457768825798   0
0.0501525967446352   0.0400443634397983   -0.00560439897237913   0.0212467460169985   0
0.0685788521278872   0.0468641048003454   0.0184262553832519   0.00681974136054708   0
0.0544975162736929   0.0289372767625016   -0.0140813358541943   -0.0179268280378438   0
0.0609159833609631   0.0585233571375694   0.0064184670872702   0.0295860803750678   0
0.057906245794035   0.0371767312911489   -0.00300973756692812   -0.0213466258464205   0
0.0447689792055427   0.0252973636791362   -0.0131372665884924   -0.0118793676120127   0
0.0575610775706881   0.045178101114605   0.0127920983651454   0.0198807374354688   0
0.0527409737664174   0.0225316435240718   -0.00482010380427061   -0.0226464575905332   0
0.0421049411282063   0.0412355759633602   -0.0106360326382112   0.0187039324392885   0
0.0600691828060189   0.0272424100468536   0.0179642416778127   -0.0139931659165066   0
0.0510762644539612   0.0310325182087173   -0.0089929183520577   0.00379010816186365   0
0.0452305298498753   0.0253708543784162   -0.00584573460408595   -0.00566166383030105   0
0.0485570011735533   0.0250227321772457   0.00332647132367798   -0.000348122201170489   0
0.0598596967893509   0.041601192268242   0.0113026956157976   0.0165784600909963   0
0.0749391849212755   0.0307238242628795   0.0150794881319247   -0.0108773680053625   0
0.0484324200968788   0.0371276048736069   -0.0265067648243967   0.00640378061072738   0
0.0655101507191733   0.0426425146813398   0.0170777306222944   0.0055149098077329   0
0.0508066041217857   0.0145588617465224   -0.0147035465973876   -0.0280836529348174   0
0.0494559618782563   0.0371953648467707   -0.00135064224352936   0.0226365031002482   0
0.0510236478144859   0.0297993385013829   0.00156768593622957   -0.00739602634538781   0
0.0382225627435949   0.0285786939239143   -0.012801085070891   -0.00122064457746855   0
0.0398805026119691   0.0358248045966708   0.00165793986837415   0.00724611067275647   0
0.0445219910242127   0.0277960414315212   0.00464148841224359   -0.00802876316514955   0
0.0587202628049311   0.0318463884140579   0.0141982717807184   0.00405034698253666   0
0.0540624130468121   0.0395827978951671   -0.00465784975811897   0.00773640948110923   0
0.0713237881916455   0.0560323508734729   0.0172613751448334   0.0164495529783058   0
0.0909154606715425   0.0522164937685567   0.0195916724798969   -0.00381585710491622   0
0.0857410638498146   0.0513364367315513   -0.00517439682172785   -0.000880057037005409   0
0.0988171627530763   0.0757097457479432   0.0130760989032617   0.0243733090163919   0
0.10738127406884   0.0796528279389239   0.0085641113157635   0.00394308219098066   0
0.0944471822146147   0.0595491748638861   -0.0129340918542251   -0.0201036530750378   0
0.0804537693315884   0.0612295064214754   -0.0139934128830263   0.00168033155758925   0
0.0943768839499915   0.0517588219917644   0.0139231146184031   -0.00947068442971099   0
0.0880232664176693   0.067771882562376   -0.00635361753232219   0.0160130605706116   0
0.0712953157296007   0.0416196698859259   -0.0167279506880686   -0.0261522126764501   0
0.0919745761233448   0.0775772854823115   0.020679260393744   0.0359576155963856   0
0.0981288654843983   0.056173187407884   0.00615428936105351   -0.0214040980744276   0
0.0758952050747599   0.0581674904111351   -0.0222336604096384   0.00199430300325109   0
0.115118025288381   0.0765365168413824   0.0392228202136208   0.0183690264302473   0
0.0865085877679491   0.0514426780192949   -0.0286094375204316   -0.0250938388220874   0
0.112183778914555   0.0748003951650624   0.0256751911466057   0.0233577171457675   0
0.0874328044280917   0.0511841255362474   -0.024750974486463   -0.023616269628815   0
0.0611280818569307   0.0652025422638144   -0.026304722571161   0.0140184167275671   0
0.0682934798218352   0.0525751282550677   0.00716539796490453   -0.0126274140087467   0
0.0763186842313178   0.0670234361332831   0.00802520440948257   0.0144483078782154   0
0.0902805337778313   0.0544351897224572   0.0139618495465135   -0.0125882464108259   0
0.0818225639503969   0.0498100756871841   -0.00845796982743438   -0.00462511403527312   0
0.0892159249960552   0.0634649148833407   0.00739336104565824   0.0136548391961567   0
0.0962449746090392   0.0601534265241773   0.00702904961298403   -0.00331148835916345   0
0.0836970417226361   0.0429354947032667   -0.0125479328864031   -0.0172179318209106   0
0.0954608525178971   0.0725686458757702   0.011763810795261   0.0296331511725036   0
0.103513269054205   0.0608755678975502   0.00805241653630752   -0.01169307797822   0
0.0836500241697092   0.0556258997321626   -0.0198632448844954   -0.00524966816538762   0
0.0943365287619076   0.0617804304925611   0.0106865045921984   0.0061545307603985   0
0.103060338119324   0.0494177768679408   0.00872380935741655   -0.0123626536246203   0
0.0990877283148128   0.062361078082327   -0.00397260980451138   0.0129433012143863   0
0.0897607747156003   0.0554174220043014   -0.00932695359921254   -0.0069436560780256   0
0.125693370348384   0.0492381319249871   0.0359325956327833   -0.00617929007931431   0
0.0811818349205104   0.0483651176223227   -0.0445115354278732   -0.000873014302664406   0
0.108287744174282   0.059155877758584   0.0271059092537712   0.0107907601362612   0
0.108928787159435   0.0485240150417558   0.000641042985153245   -0.0106318627168282   0
0.0715622782351586   0.0379370761846518   -0.0373665089242763   -0.0105869388571039   0
0.0860202751465405   0.0461597558308891   0.0144579969113819   0.00822267964623723   0
0.0913086093225041   0.0508732106937936   0.00528833417596362   0.00471345486290455   0
0.0993788125277084   0.0677549031925428   0.00807020320520431   0.0168816924987492   0
0.125999117357873   0.0625045703959625   0.026620304830165   -0.00525033279658035   0
0.101833563608438   0.0630166764303575   -0.0241655537494357   0.000512106034395096   0
0.0916814069112128   0.0672475527409068   -0.0101521566972249   0.00423087631054928   0
0.124024971433852   0.0767477674053842   0.0323435645226387   0.00950021466447742   0
