1.071632e-14   8.61302075509098e-32   0   0   0
1.39585972280087   0.832398395063525   1.39585972280086   0.832398395063525   1
1.66752506346908   0.820389158289544   0.271665340668213   -0.0120092367739817   0
1.69058858620872   0.865731715791599   0.0230635227396419   0.0453425575020554   0
1.14247268171446   0.731673828361791   -0.548115904494268   -0.134057887429808   0
2.79648003899637   0.707773708783007   1.65400735728191   -0.0239001195787842   1
2.97767806497741   2.97711582317564   0.181198025981042   2.26934211439264   1
2.46712435465188   3.30947310029012   -0.510553710325528   0.33235727711448   0
2.00416366663874   2.69131978234344   -0.462960688013144   -0.618153317946685   0
2.65900251591166   2.27028345375954   0.654838849272918   -0.421036328583894   0
2.48239919988037   1.99529474892474   -0.176603316031284   -0.2749887048348   0
3.27131328736693   1.81405871185185   0.788914087486552   -0.181236037072887   0
3.35695207862585   1.75592786351112   0.0856387912589249   -0.0581308483407357   0
3.80939370784521   1.67107771220959   0.45244162921936   -0.0848501513015247   0
3.73358113369132   1.86769077693027   -0.075812574153892   0.196613064720676   0
3.89904864030514   1.69906674412502   0.165467506613822   -0.168624032805253   0
4.17244191186499   1.62198218136472   0.273393271559851   -0.0770845627603014   0
4.03939313293169   1.54118366034118   -0.1330487789333   -0.0807985210235342   0
4.26825046128096   1.52657628978311   0.228857328349266   -0.0146073705580714   0
4.44507499296678   0.580570254037696   0.176824531685823   -0.946006035745415   0
4.63808972426431   0.339633514607854   0.193014731297526   -0.240936739429842   0
4.4574312132997   0.419161109432837   -0.180658510964608   0.0795275948249823   0
4.50256425532369   0.602219831213897   0.0451330420239939   0.18305872178106   0
6.14310592612652   0.7255766538411   1.64054167080283   0.123356822627203   1
2.04877104198905   0.725894165001007   -4.09433488413747   0.000317511159907191   1
2.55063597521173   0.652075750707545   0.501864933222679   -0.0738184142934617   0
6.33987801103049   1.6835294725068   3.78924203581876   1.03145372179925   1
6.79659952846046   1.92574303100563   0.456721517429972   0.242213558498827   0
7.13381398503092   1.58046649542379   0.337214456570456   -0.345276535581841   0
6.3945988411773   1.86415354212743   -0.739215143853615   0.283687046703644   0
5.04962417932483   1.92795947036964   -1.34497466185247   0.0638059282422136   1
4.95317404581679   1.71175184069781   -0.0964501335080419   -0.216207629671836   0
5.0857215784191   1.52238455964179   0.132547532602308   -0.189367281056016   0
5.12740180766421   1.30417974369569   0.0416802292451175   -0.218204815946103   0
5.23612167316559   1.08091287377475   0.108719865501376   -0.22326686992094   0
4.99511218896358   1.22450878381248   -0.241009484202015   0.143595910037731   0
4.90717469016864   1.21536054860732   -0.0879374987949335   -0.00914823520516239   0
4.62521542316379   1.05473385032735   -0.281959267004855   -0.160626698279969   0
4.00609056195483   0.714001223766409   -0.619124861208953   -0.340732626560939   0
4.01547150783317   0.781639266307417   0.00938094587834115   0.0676380425410084   0
3.12694456595594   0.527458880121591   -0.888526941877234   -0.254180386185826   0
2.59399293018532   0.477649608351643   -0.532951635770623   -0.0498092717699473   0
2.13806824911265   0.305265232777041   -0.455924681072667   -0.172384375574602   0
2.22699521176631   0.280103610771453   0.0889269626536549   -0.0251616220055888   0
1.69055556641603   0.519074113804761   -0.536439645350274   0.238970503033309   0
0.854129794902414   0.663375560456949   -0.836425771513617   0.144301446652188   0
2.26158895638766   0.517767116788508   1.40745916148525   -0.145608443668442   1
0.833810619906097   0.650886296055823   -1.42777833648156   0.133119179267315   1
3.36054151874512   2.66710478219165   2.52673089883902   2.01621848613583   1
4.09916214292898   4.33171829460464   0.738620624183859   1.66461351241299   1
4.30957832537435   6.68028904740297   0.210416182445375   2.34857075279833   1
3.55551283847586   5.62095303659436   -0.754065486898491   -1.0593360108086   1
3.62788635105118   5.54587236383283   0.0723735125753198   -0.0750806727615361   0
3.76885737325388   5.29408861620148   0.140971022202693   -0.251783747631351   0
3.68411840034052   5.14018051296899   -0.0847389729133594   -0.15390810323249   0
3.16767446105097   5.12969420801069   -0.516443939289544   -0.0104863049582997   0
3.40685075746342   4.99031187733775   0.239176296412449   -0.139382330672936   0
3.37403787576345   4.87246735668623   -0.0328128816999693   -0.117844520651516   0
3.38805350131494   4.75830331708124   0.0140156255514912   -0.11416403960499   0
3.38174304043936   4.53288803296172   -0.00631046087558529   -0.225415284119522   0
3.89703703184847   4.52560752195663   0.515293991409108   -0.00728051100508864   0
3.88747316291583   4.63383570933119   -0.00956386893263739   0.108228187374554   0
3.61300188378654   4.38302882434549   -0.274471279129285   -0.2508068849857   0
3.46104326807414   4.25223456712345   -0.151958615712401   -0.130794257222037   0
1.49186998796593   3.0491903085374   -1.96917328010822   -1.20304425858605   1
1.47639242971094   1.07141291001935   -0.0154775582549866   -1.97777739851805   1
0.871081998922266   0.660821690830776   -0.605310430788674   -0.410591219188578   0
0.531155842288889   0.666014360020749   -0.339926156633376   0.00519266918997219   0
1.20523321209946   1.1014874903146   0.674077369810576   0.435473130293851   0
0.535523411595235   0.852659840975131   -0.66970980050423   -0.248827649339468   0
3.85170232716788   1.55630258787046   3.31617891557265   0.70364274689533   1
3.75877277297947   1.64442853973777   -0.0929295541884176   0.0881259518673121   0
3.55762166186717   1.67834614167426   -0.2011511111123   0.0339176019364857   0
3.49590224106934   1.62949829924496   -0.06171942079783   -0.0488478424292988   0
