0   0   0   0   0
0.0260539495700308   0.00466667773860349   0.0260539495700308   0.00466667773860349   0
0.0191368730222603   0.00969046208249863   -0.00691707654777043   0.00502378434389514   0
0.0419449500230109   0.0212277138417305   0.0228080770007506   0.0115372517592319   0
0.0358741143304602   0.0291116635821631   -0.0060708356925507   0.00788394974043252   0
0.043039643837921   0.0473554266604431   0.0071655295074608   0.01824376307828   0
0.0489575428924356   0.0531435077315126   0.00591789905451455   0.00578808107106956   0
0.0532422774830995   0.0621345419432033   0.00428473459066391   0.00899103421169069   0
0.0690785510470323   0.066587420141678   0.0158362735639328   0.0044528781984747   0
0.0599800168710213   0.0756952755490442   -0.00909853417601095   0.00910785540736617   0
0.0673756040467413   0.076867116785513   0.00739558717572   0.00117184123646884   0
0.0851491542626462   0.0972427081210046   0.0177735502159048   0.0203755913354915   0
0.110781611607312   0.115461808528001   0.025632457344666   0.0182191004069964   0
0.0904753931882838   0.102559013170861   -0.0203062184190283   -0.0129027953571397   0
0.0948850806380332   0.0980348471397673   0.00440968744974936   -0.00452416603109394   0
0.0993708435851957   0.103738376169298   0.00448576294716249   0.00570352902953046   0
0.0998523851431864   0.105332991281666   0.000481541557990683   0.0015946151123678   0
0.109074149096785   0.128443730347671   0.00922176395359824   0.0231107390660054   0
0.10642981345033   0.136708366253929   -0.00264433564645425   0.00826463590625828   0
0.0990843526747492   0.125216824474996   -0.00734546077558118   -0.0114915417789329   0
0.127174362988939   0.148788875207463   0.0280900103141896   0.023572050732466   0
0.122345541235959   0.139625979009728   -0.00482882175297994   -0.00916289619773408   0
0.112123034567047   0.139048979488794   -0.0102225066689123   -0.000576999520934596   0
0.123771236861992   0.149492049085153   0.0116482022949452   0.0104430695963588   0
0.122406951587006   0.146355421980871   -0.00136428527498532   -0.0031366271042815   0
0.127043279589676   0.161151536006796   0.00463632800266914   0.014796114025925   0
0.0996636499016323   0.150222497160801   -0.0273796296880433   -0.0109290388459952   0
0.114942567238306   0.15885921487839   0.0152789173366741   0.00863671771758931   0
0.199846298315215   0.132546487242528   0.084903731076909   -0.0263127276358618   0
0.160616020893712   0.138747676104651   -0.0392302774215037   0.00620118886212226   0
0.138633698726976   0.165933076236299   -0.0219823221667361   0.0271854001316487   0
0.111766208391842   0.186641905595531   -0.026867490335133   0.0207088293592312   0
0.109179903365901   0.183456901734653   -0.00258630502594168   -0.00318500386087792   0
0.126547112255025   0.224005060936659   0.017367208889124   0.040548159202006   0
0.11395445095335   0.211508174164447   -0.0125926613016747   -0.0124968867722112   0
0.126629382721494   0.230561741658229   0.0126749317681436   0.0190535674937816   0
0.145107106356795   0.248807641271994   0.0184777236353014   0.0182458996137655   0
0.129113499801276   0.238450677990751   -0.0159936065555186   -0.0103569632812433   0
0.152968878511079   0.256099834836121   0.0238553787098026   0.0176491568453695   0
0.165199570891744   0.250548609091847   0.012230692380665   -0.00555122574427386   0
0.161512421714172   0.252502600020493   -0.00368714917757201   0.00195399092864668   0
0.158214706530016   0.254499017670914   -0.00329771518415636   0.00199641765042052   0
0.163952057193045   0.269126914584855   0.00573735066302916   0.0146278969139415   0
0.15474939939749   0.251819316743069   -0.00920265779555512   -0.0173075978417861   0
0.150375599533173   0.25334901207478   -0.00437379986431624   0.00152969533171099   0
0.150061022882666   0.259647289890188   -0.000314576650507908   0.00629827781540793   0
0.152114131868878   0.245646996544074   0.00205310898621272   -0.0140002933461146   0
0.17190069994012   0.233016326839074   0.0197865680712415   -0.0126306697049996   0
0.147988258114499   0.229915340843963   -0.0239124418256209   -0.00310098599511069   0
0.160940886901548   0.249653466344233   0.0129526287870487   0.0197381255002692   0
0.15141878025207   0.247891230441402   -0.0095221066494772   -0.00176223590283031   0
0.150273460536234   0.234664155328168   -0.00114531971583667   -0.0132270751132343   0
0.162391290941864   0.251184964401779   0.0121178304056305   0.0165208090736111   0
0.146243650536752   0.255775875711231   -0.0161476404051123   0.00459091130945183   0
0.144296337260443   0.250347987840014   -0.00194731327630898   -0.0054278878712169   0
0.178274729688803   0.259824905882396   0.0339783924283603   0.00947691804238193   0
0.161350853866189   0.236277685534053   -0.0169238758226143   -0.0235472203483427   0
0.159167374255739   0.232744944279384   -0.00218347961045026   -0.00353274125466907   0
0.160663721826549   0.251139561991044   0.00149634757081069   0.0183946177116602   0
0.149499460305737   0.230011578500472   -0.011164261520812   -0.0211279834905729   0
0.156268629116862   0.248166250782157   0.00676916881112494   0.0181546722816854   0
0.163876822404585   0.252693019101912   0.00760819328772275   0.00452676831975474   0
0.145682816884797   0.217957564704625   -0.0181940055197875   -0.0347354543972872   0
0.169601124674461   0.257649822114583   0.0239183077896639   0.0396922574099583   0
0.154212568767136   0.251420842650774   -0.0153885559073256   -0.00622897946380868   0
0.153845147093087   0.230696308035916   -0.000367421674048851   -0.020724534614858   0
0.181147445873558   0.240549558576099   0.0273022987804709   0.00985325054018249   0
0.169589556783932   0.230635442148106   -0.0115578890896254   -0.0099141164279927   0
0.18300407556123   0.241620229985353   0.0134145187772972   0.010984787837247   0
0.173737733210833   0.237037408049317   -0.00926634235039664   -0.00458282193603576   0
0.129510315929784   0.248205349731254   -0.0442274172810488   0.0111679416819369   0
0.128176475761604   0.251057948572468   -0.00133384016818031   0.00285259884121389   0
0.138115869068214   0.227430331487265   0.00993939330661026   -0.0236276170852032   0
