0   0   0   0   0
0.0581708749446187   0.0186849861167699   0.0581708749446187   0.0186849861167699   0
0.0233414358836564   0.029672704077781   -0.0348294390609623   0.0109877179610111   0
0.0372799023537449   0.0373374942661284   0.0139384664700885   0.00766479018834732   0
0.0353284090058281   0.0478814450049576   -0.00195149334791678   0.0105439507388292   0
0.0513416674239974   0.0413299700046969   0.0160132584181693   -0.0065514750002607   0
0.0300771991969132   0.0429096203182527   -0.0212644682270841   0.00157965031355584   0
0.0682455203718808   0.0418531671899768   0.0381683211749676   -0.00105645312827594   0
0.0388870139542207   0.0648883747191025   -0.0293585064176601   0.0230352075291257   0
0.107803133153771   0.0696830314243353   0.06891611919955   0.00479465670523284   0
0.0796961497404701   0.070192350054388   -0.0281069834133007   0.000509318630052699   0
0.0593014392716408   0.0683468121166703   -0.0203947104688293   -0.00184553793771766   0
0.0793128721117262   0.0787459159805212   0.0200114328400854   0.0103991038638509   0
0.0625952473035024   0.0689234327167649   -0.0167176248082238   -0.0098224832637563   0
0.0553358542762257   0.067668031301524   -0.00725939302727674   -0.00125540141524093   0
0.0859388551068065   0.0790579030925523   0.0306030008305808   0.0113898717910283   0
0.0333510383525587   0.0784817650502799   -0.0525878167542478   -0.000576138042272356   0
0.0958208639055055   0.0944900948839147   0.0624698255529468   0.0160083298336347   0
0.0472550818385679   0.0908243800133985   -0.0485657820669376   -0.0036657148705162   0
0.0395961081286436   0.0918274653821406   -0.00765897370992427   0.00100308536874208   0
0.0487125500436262   0.108674168044436   0.00911644191498259   0.0168467026622951   0
0.0617258991590208   0.126151948889678   0.0130133491153945   0.0174777808452423   0
0.0276655586934117   0.109939664953974   -0.0340603404656091   -0.0162122839357036   0
0.0305151155877084   0.130320605956715   0.00284955689429673   0.0203809410027405   0
0.0494092085208089   0.146727103748006   0.0188940929331005   0.0164064977912914   0
0.0613654164609217   0.164437201027506   0.0119562079401127   0.0177100972794993   0
0.0875265287104387   0.180956121218688   0.026161112249517   0.016518920191182   0
0.0565255185514838   0.160193888544564   -0.0310010101589549   -0.0207622326741237   0
0.074541602061088   0.170844140697752   0.0180160835096042   0.0106502521531881   0
0.0689934249799728   0.173137268576809   -0.00554817708111517   0.00229312787905714   0
0.0844440792158137   0.17114799122362   0.0154506542358409   -0.00198927735318882   0
0.0785342758347743   0.161957411198987   -0.0059098033810394   -0.00919058002463308   0
0.063971216736792   0.164369594190752   -0.0145630590979824   0.00241218299176529   0
0.0761468145586176   0.166166614583138   0.0121755978218257   0.00179702039238552   0
0.0777577297536967   0.176152590140465   0.00161091519507908   0.00998597555732719   0
0.0650178358138148   0.183679232383523   -0.0127398939398819   0.00752664224305744   0
0.0830377942389758   0.199727010580863   0.0180199584251609   0.0160477781973399   0
0.0813982157814237   0.197134578863662   -0.00163957845755207   -0.00259243171720069   0
0.0796986147060132   0.188427677547778   -0.00169960107541044   -0.00870690131588414   0
0.0692930678186042   0.189538020781394   -0.010405546887409   0.0011103432336167   0
0.061275763572648   0.210954983411942   -0.00801730424595626   0.0214169626305479   0
0.0841151148599181   0.211046544412138   0.0228393512872702   9.15610001955003e-05   0
0.0867051736066627   0.233162012152243   0.00259005874674455   0.0221154677401057   0
0.102836946409336   0.264989746406695   0.0161317728026737   0.0318277342544513   0
0.0895957242863581   0.258857479777718   -0.0132412221229783   -0.00613226662897648   0
0.112366052298036   0.258019871461831   0.0227703280116781   -0.000837608315886917   0
0.076198219613408   0.247643309036696   -0.0361678326846281   -0.0103765624251355   0
0.153731613065084   0.270391707669886   0.0775333934516764   0.0227483986331896   0
0.112613332453728   0.266953421292224   -0.0411182806113567   -0.0034382863776613   0
0.0985679016419344   0.259139379470517   -0.0140454308117933   -0.0078140418217072   0
0.121894784386127   0.27070760977496   0.0233268827441928   0.0115682303044429   0
0.10932703117598   0.277241159305375   -0.0125677532101474   0.00653354953041552   0
0.209574897051667   0.246275699633873   0.100247865875687   -0.0309654596715021   0
0.170463660065817   0.277367470894903   -0.0391112369858493   0.03109177126103   0
0.155016757425657   0.287675208429273   -0.0154469026401606   0.0103077375343693   0
0.221642746778671   0.302025434151624   0.0666259893530144   0.0143502257223511   0
0.171548365030795   0.334438394460813   -0.0500943817478764   0.0324129603091892   0
0.134276578914531   0.330160074870094   -0.037271786116264   -0.00427831959071912   0
0.151029860840709   0.320137241514856   0.0167532819261779   -0.0100228333552379   0
0.128765291186251   0.306906058333158   -0.0222645696544574   -0.0132311831816978   0
0.107601075252052   0.338459424596642   -0.0211642159341993   0.0315533662634843   0
0.125489141827879   0.334795401189682   0.0178880665758272   -0.00366402340696043   0
0.10873122709425   0.332324494360352   -0.0167579147336293   -0.00247090682932932   0
0.100805376701424   0.336909016729839   -0.00792585039282614   0.00458452236948681   0
0.106619878926857   0.332118013103397   0.00581450222543338   -0.00479100362644264   0
0.154408170609717   0.370154183892484   0.0477882916828601   0.0380361707890874   0
0.211334024096114   0.330665507337643   0.0569258534863964   -0.0394886765548408   0
0.289712356487284   0.308255081646749   0.0783783323911698   -0.0224104256908939   0
0.214511723891665   0.336714365402494   -0.0752006325956188   0.0284592837557447   0
0.229849227954575   0.344936690903504   0.0153375040629105   0.0082223255010096   0
0.206446723698625   0.353458979715654   -0.0234025042559505   0.00852228881215045   0
0.213029983030345   0.339795229578008   0.00658325933171966   -0.0136637501376463   0
0.235429764408294   0.346892020741449   0.022399781377949   0.00709679116344109   0
0.328585111467451   0.397024378629852   0.093155347059157   0.0501323578884033   0
0.265533185276271   0.425486897084841   -0.0630519261911795   0.0284625184549884   0
0.279905803058466   0.382248931317859   0.0143726177821947   -0.043237965766982   0
0.285220422668397   0.37762892679021   0.00531461960993118   -0.00462000452764871   0
0.269305454738129   0.356595199501999   -0.0159149679302682   -0.0210337272882104   0
