1.1432075673269e-14   1.88551035e-16   0   0   0
0.047257048524227   0.0311604984314613   0.0472570485242156   0.0311604984314612   0
0.0658469346932893   0.043472743772979   0.0185898861690622   0.0123122453415176   0
0.0845623116565884   0.0728611526687983   0.0187153769632991   0.0293884088958194   0
0.0433540336027801   0.00905784093017657   -0.0412082780538083   -0.0638033117386218   0
0.0474551476060809   0.0559545612497742   0.00410111400330078   0.0468967203195976   0
0.0287387382794551   0.070671056405774   -0.0187164093266258   0.0147164951559998   0
0.0970255736575706   0.10368031507624   0.0682868353781155   0.0330092586704656   0
0.0529435430840584   0.0683687628281828   -0.0440820305735122   -0.0353115522480568   0
0.0388311403319776   0.0662924879229531   -0.0141124027520807   -0.00207627490522976   0
0.0974468192954782   0.0880786394999383   0.0586156789635005   0.0217861515769852   0
0.124504843533502   0.113239224132465   0.0270580242380241   0.0251605846325267   0
0.0812944733092046   0.0912757205782766   -0.0432103702242977   -0.0219635035541884   0
0.139925268499861   0.123175158344002   0.0586307951906565   0.0318994377657257   0
0.0830511607537215   0.116831254908171   -0.0568741077461396   -0.00634390343583156   0
0.0904459904335501   0.0934204614642788   0.00739482967982864   -0.0234107934438919   0
0.076147675420569   0.0910833109339913   -0.0142983150129811   -0.0023371505302875   0
0.179777345988444   0.163908118443341   0.103629670567875   0.0728248075093494   0
0.148156046023374   0.159473861578745   -0.0316212999650702   -0.00443425686459537   0
0.158590048631389   0.116211883494277   0.0104340026080149   -0.0432619780844685   0
0.079328617092339   0.0950252959715294   -0.0792614315390502   -0.0211865875227475   0
0.0733828811683833   0.109331257601297   -0.00594573592395567   0.0143059616297677   0
0.127657113252382   0.100358038427506   0.054274232083999   -0.00897321917379068   0
0.078778345378539   0.0628541055581074   -0.0488787678738433   -0.0375039328693991   0
0.123233481146016   0.0899525983900195   0.0444551357674767   0.0270984928319121   0
0.0520650054909645   0.0833615134719575   -0.0711684756550512   -0.00659108491806198   0
0.068244108328086   0.0804602645308694   0.0161791028371215   -0.00290124894108809   0
0.044173508897119   0.0879733601365367   -0.0240705994309671   0.00751309560566732   0
0.0902218240761766   0.12274136319934   0.0460483151790577   0.0347680030628032   0
0.093408778561501   0.131857826355061   0.00318695448532437   0.0091164631557208   0
0.0862081786030415   0.143023089040537   -0.00720059995845948   0.0111652626854762   0
0.0229946656170676   0.148133539583157   -0.0632135129859739   0.00511045054262044   0
0.0416827650669654   0.118081953216753   0.0186880994498978   -0.0300515863664045   0
0.0573219258770684   0.095404031339524   0.0156391608101029   -0.0226779218772288   0
0.018768097214176   0.0907409619980424   -0.0385538286628923   -0.00466306934148164   0
0.0414196492830695   0.0712441041209441   0.0226515520688934   -0.0194968578770982   0
0.101435046948732   0.0669631714655917   0.0600153976656629   -0.00428093265535241   0
0.03374242597643   0.0632388621715627   -0.0676926209723024   -0.00372430929402905   0
0.0789151693290483   0.0807509301826698   0.0451727433526183   0.0175120680111071   0
0.105943287483084   0.0719051132118866   0.0270281181540361   -0.00884581697078318   0
0.144360189142781   0.0993510740939486   0.0384169016596964   0.0274459608820619   0
0.0257840246668462   0.172216431836421   -0.118576164475935   0.0728653577424727   0
0.0470192678001205   0.130348790790675   0.0212352431332743   -0.0418676410457461   0
0.0975918706338168   0.139234466889547   0.0505726028336963   0.00888567609887175   0
0.0495103447829951   0.116341954555684   -0.0480815258508217   -0.0228925123338625   0
0.0783637911615661   0.106629691127588   0.028853446378571   -0.00971226342809683   0
0.0890848312930695   0.10512495878894   0.0107210401315034   -0.00150473233864719   0
0.0652447047383773   0.137990664050633   -0.0238401265546923   0.0328657052616928   0
0.0750092695683841   0.160106110530287   0.00976456483000684   0.0221154464796535   0
0.0297216409856918   0.134774336336675   -0.0452876285826923   -0.025331774193612   0
0.0549403780420833   0.122979732904249   0.0252187370563915   -0.0117946034324252   0
0.0447162269518106   0.0893364184489954   -0.0102241510902728   -0.0336433144552541   0
0.0311138867487259   0.101127601939805   -0.0136023402030846   0.0117911834908092   0
0.0739142547678381   0.0802935484063943   0.0428003680191122   -0.0208340535334103   0
0.022991858932147   0.0806592922271153   -0.0509223958356911   0.00036574382072091   0
0.10222914892888   0.0924903499772473   0.0792372899967335   0.011831057750132   0
0.0200178685878728   0.0796707168762051   -0.0822112803410076   -0.0128196331010422   0
0.0898795918310184   0.0842068762621398   0.0698617232431455   0.00453615938593467   0
0.110613846349893   0.0975957643385554   0.0207342545188749   0.0133888880764156   0
0.0506190751540659   0.0801220839035958   -0.0599947711958274   -0.0174736804349596   0
0.142127850428123   0.0984369443658312   0.0915087752740568   0.0183148604622355   0
0.0530710993449256   0.0793198198189833   -0.0890567510831971   -0.0191171245468479   0
0.0742375379131523   0.087467236810945   0.0211664385682266   0.00814741699196163   0
0.0322248680074395   0.0728871434790177   -0.0420126699057128   -0.0145800933319273   0
0.0993445787177235   0.0833826601084324   0.067119710710284   0.0104955166294147   0
0.0982422048580938   0.0709612813091748   -0.0011023738596297   -0.0124213787992576   0
0.05969918154337   0.0560928529811672   -0.0385430233147238   -0.0148684283280076   0
0.113113384260482   0.0590221428434219   0.0534142027171119   0.00292928986225474   0
0.071870150124315   0.0442110028994554   -0.0412432341361668   -0.0148111399439665   0
0.0539151082646555   0.0436569562313131   -0.0179550418596595   -0.000554046668142322   0
0.105632847961015   0.0449553053381407   0.0517177396963591   0.00129834910682759   0
0.106668806752142   0.0750228517458449   0.00103595879112714   0.0300675464077042   0
0.0620526711026603   0.0655117238043031   -0.0446161356494814   -0.00951112794154182   0
0.0965852141824661   0.0609739664076913   0.0345325430798058   -0.00453775739661176   0
0.0932847861353644   0.0476020133550209   -0.00330042804710172   -0.0133719530526704   0
0.0517658482450977   0.0226901762947574   -0.0415189378902667   -0.0249118370602635   0
0.0674203808316014   0.0304119727080428   0.0156545325865037   0.00772179641328542   0
