1.0945678e-14   1.2204314e-49   0   0   0
0.0753849379366812   0.0179952075217018   0.0753849379366702   0.0179952075217018   0
0.0838694498326414   0.0610483042703532   0.0084845118959602   0.0430530967486515   0
0.0689576937454156   0.0443623907583629   -0.0149117560872258   -0.0166859135119903   0
0.0939505703738625   0.0357155264291418   0.0249928766284469   -0.0086468643292211   0
0.0766628442243453   0.0127794740447404   -0.0172877261495172   -0.0229360523844014   0
0.127712153251585   0.0338740201866635   0.0510493090272398   0.0210945461419231   0
0.116929116064753   0.052198771590881   -0.0107830371868319   0.0183247514042175   0
0.11362831928505   0.137722299783106   -0.00330079677970369   0.085523528192225   0
0.176594857407007   0.0832593494505821   0.0629665381219574   -0.0544629503325239   0
0.0987792844852567   0.0763250473370721   -0.0778155729217502   -0.00693430211350998   0
0.102493509918962   0.0785107533406326   0.00371422543370555   0.00218570600356048   0
0.0608730380834465   0.0744088692109615   -0.0416204718355158   -0.00410188412967116   0
0.109456910573631   0.0852941991835349   0.0485838724901847   0.0108853299725735   0
0.121565489167891   0.101879128553602   0.0121085785942601   0.0165849293700669   0
0.105478483695656   0.0896008068778157   -0.0160870054722357   -0.0122783216757861   0
0.175431038385086   0.121631174523635   0.0699525546894307   0.0320303676458197   0
0.133837712218012   0.112973917324837   -0.0415933261670739   -0.00865725719879808   0
0.138727921556087   0.132065147409103   0.00489020933807494   0.0190912300842657   0
0.17044930064475   0.170972623267839   0.0317213790886622   0.0389074758587357   0
0.157107351909571   0.164717299098165   -0.0133419487351788   -0.00625532416967356   0
0.118107125571267   0.156543871492855   -0.0390002263383039   -0.0081734276053102   0
0.14635065933518   0.164854865733178   0.0282435337639134   0.00831099424032272   0
0.0890608475286299   0.134095826126935   -0.0572898118065504   -0.030759039606243   0
0.0907953538766045   0.187907223622921   0.00173450634797462   0.0538113974959865   0
0.142320205960171   0.214125177702608   0.051524852083566   0.0262179540796865   0
0.152420969714086   0.205817241369484   0.0101007637539158   -0.00830793633312407   0
0.192624905689404   0.212188214850169   0.0402039359753176   0.00637097348068549   0
0.131478539894482   0.162829358402443   -0.0611463657949223   -0.0493588564477264   0
0.138834137950782   0.154050758289407   0.00735559805630043   -0.00877860011303583   0
0.131683896952884   0.157170334272108   -0.00715024099789799   0.00311957598270104   0
0.106253972672766   0.178276153657729   -0.0254299242801182   0.0211058193856213   0
0.0920708251201306   0.142996437708659   -0.0141831475526352   -0.0352797159490706   0
0.0831690669529146   0.135836814084185   -0.00890175816721599   -0.00715962362447375   0
0.0795120279237818   0.119788200980691   -0.00365703902913281   -0.0160486131034935   0
0.0974734842682814   0.176037389783042   0.0179614563444996   0.0562491888023508   0
0.133794403715934   0.178345803351145   0.0363209194476525   0.00230841356810263   0
0.156503817443879   0.211468100221347   0.0227094137279446   0.0331222968702021   0
0.172283407986659   0.222071891074275   0.0157795905427809   0.0106037908529278   0
0.247536901660244   0.267877737445048   0.0752534936735851   0.0458058463707732   0
0.238410488348529   0.29799303016283   -0.00912641331171529   0.0301152927177819   0
0.190439800314923   0.312873857634847   -0.0479706880336065   0.0148808274720174   0
0.215921371263095   0.32672403722449   0.0254815709481728   0.0138501795896434   0
0.192712963746084   0.304691360464119   -0.0232084075170116   -0.0220326767603717   0
0.244327984032432   0.323603955617288   0.0516150202863479   0.0189125951531697   0
0.275444730374251   0.344930185802059   0.0311167463418192   0.0213262301847709   0
0.240237671551477   0.356029445566618   -0.0352070588227737   0.0110992597645591   0
0.260613274144773   0.367073823618633   0.0203756025932958   0.011044378052015   0
0.257641694023342   0.363786142124344   -0.00297158012143112   -0.00328768149428982   0
0.287748915480646   0.371065079997563   0.0301072214573046   0.00727893787321987   0
0.258957963074112   0.376785341484186   -0.028790952406535   0.00572026148662214   0
0.288191177835752   0.394019232313467   0.0292332147616401   0.0172338908292816   0
0.285333878607228   0.393403483750963   -0.00285729922852362   -0.000615748562503737   0
0.283646650700285   0.407664802518742   -0.00168722790694287   0.0142613187677788   0
0.25077067495129   0.37736550565398   -0.0328759757489948   -0.0302992968647625   0
0.22252326875844   0.394903344551402   -0.0282474061928506   0.0175378388974222   0
0.263762379505652   0.390594141600234   0.0412391107472125   -0.00430920295116832   0
0.286676563101746   0.402734523082319   0.0229141835960933   0.0121403814820851   0
0.267898294420418   0.406006976188899   -0.018778268681328   0.00327245310657992   0
0.266408657661601   0.420360015680148   -0.00148963675881636   0.0143530394912491   0
0.303311026691001   0.428993048454239   0.0369023690294002   0.00863303277409111   0
0.309948718237275   0.441853748999847   0.00663769154627392   0.012860700545608   0
0.274747877760654   0.422901379722011   -0.0352008404766215   -0.0189523692778353   0
0.260064646938476   0.431972494102475   -0.0146832308221782   0.00907111438046337   0
0.32123261197428   0.446449854733266   0.0611679650358041   0.0144773606307907   0
0.337028459871693   0.458341935733311   0.0157958478974137   0.0118920810000452   0
0.311504283090626   0.448648576704438   -0.0255241767810676   -0.00969335902887314   0
0.319039417839353   0.456554334112189   0.00753513474872758   0.00790575740775157   0
0.296715539075709   0.464138293889489   -0.0223238787636448   0.00758395977729936   0
0.241792506443625   0.4337166273628   -0.0549230326320831   -0.0304216665266888   0
0.271973218549286   0.430454921377604   0.0301807121056609   -0.00326170598519548   0
0.264955753444166   0.453745688999934   -0.00701746510512063   0.0232907676223297   0
0.275192819290698   0.471150353283555   0.0102370658465322   0.0174046642836211   0
0.301922575953293   0.499509723079454   0.0267297566625955   0.028359369795899   0
0.167387871250517   0.357446126159676   -0.134534704702776   -0.142063596919778   0
