1.4210855e-14   0   0   0   0
0.364317639714182   0.118558357790323   0.364317639714168   0.118558357790323   0
0.109409294246118   0.0564973908843508   -0.254908345468063   -0.0620609669059719   0
0.053831550132442   0.0718906696509356   -0.0555777441136764   0.0153932787665848   0
0.0498537640511497   0.0754410976642933   -0.00397778608129231   0.00355042801335767   0
0.0860957682371912   0.0892224602941643   0.0362420041860416   0.013781362629871   0
0.10403367552895   0.0820961865014469   0.0179379072917586   -0.00712627379271734   0
0.126175327755299   0.0694560721540866   0.0221416522263492   -0.0126401143473603   0
0.0995004315113562   0.0799340522742114   -0.0266748962439429   0.0104779801201248   0
0.131490687730103   0.0763324178806393   0.0319902562187471   -0.00360163439357203   0
0.176819728039056   0.0918984547305557   0.0453290403089529   0.0155660368499163   0
0.240442452043136   0.0734122187706882   0.0636227240040798   -0.0184862359598675   0
0.264804607183684   0.0419418708071127   0.0243621551405478   -0.0314703479635755   0
0.236687073871411   0.0664229656997232   -0.0281175333122728   0.0244810948926105   0
0.225425824056505   0.0823278912087698   -0.0112612498149062   0.0159049255090466   0
0.184784395931544   0.104131777120627   -0.0406414281249606   0.0218038859118574   0
0.2621009460484   0.0975100365596462   0.0773165501168561   -0.006621740560981   0
0.196986604069432   0.106774298449513   -0.0651143419789679   0.00926426188986701   0
0.172514234556926   0.117700702431964   -0.024472369512506   0.0109264039824505   0
0.105619515471451   0.110011760532331   -0.0668947190854756   -0.00768894189963286   0
0.0914376183965865   0.125512076799161   -0.0141818970748641   0.0155003162668302   0
0.0922929144901428   0.133444855418544   0.000855296093556335   0.00793277861938305   0
0.188113381449098   0.129595384154306   0.0958204669589554   -0.00384947126423807   0
0.209125869134708   0.0822085253783119   0.02101248768561   -0.0473868587759941   0
0.217410976352564   0.093973259153635   0.00828510721785558   0.0117647337753231   0
0.204245737461478   0.0939651441424725   -0.0131652388910853   -8.11501116244895e-06   0
0.199607630292433   0.0923476889879925   -0.0046381071690455   -0.00161745515448003   0
0.197137187616529   0.102072846135548   -0.00247044267590418   0.00972515714755526   0
0.243197280870871   0.112510523071202   0.0460600932543418   0.0104376769356545   0
0.248538419708421   0.100914719550719   0.00534113883755033   -0.0115958035204829   0
0.254597301808456   0.112578615332802   0.00605888210003491   0.0116638957820829   0
0.231805554342732   0.125016208368198   -0.0227917474657239   0.0124375930353952   0
0.255716969624469   0.127688170967018   0.0239114152817368   0.00267196259882052   0
0.268419062080692   0.128452843998747   0.0127020924562232   0.000764673031728558   0
0.303550613922092   0.139721958315783   0.0351315518413998   0.0112691143170367   0
0.287250340153457   0.124628437037373   -0.0163002737686347   -0.0150935212784101   0
0.303657865455949   0.134056231651378   0.0164075253024921   0.00942779461400475   0
0.304226611499746   0.121301704476694   0.000568746043796531   -0.012754527174684   0
0.297663089349412   0.12400154948268   -0.00656352215033318   0.002699845005986   0
0.31325112444173   0.133264418727472   0.0155880350923174   0.00926286924479236   0
0.388145873007538   0.106016188259849   0.0748947485658081   -0.0272482304676228   0
0.385611244817254   0.154130850685018   -0.00253462819028361   0.0481146624251686   0
0.389470734770876   0.149600213276162   0.00385948995362179   -0.00453063740885593   0
0.370565430862737   0.149753470126749   -0.0189053039081394   0.000153256850587091   0
0.344297686240941   0.170239034186036   -0.0262677446217957   0.0204855640592872   0
0.346383679915401   0.155469078265888   0.00208599367445994   -0.0147699559201486   0
0.34503603631433   0.19165020513639   -0.00134764360107126   0.0361811268705022   0
0.318333030357126   0.28575958493984   -0.0267030059572036   0.0941093798034497   0
0.344127768688484   0.297435816809912   0.0257947383313578   0.0116762318700728   0
0.354576874618301   0.272977534319287   0.0104491059298168   -0.0244582824906259   0
0.394791172994609   0.230895578751018   0.040214298376308   -0.0420819555682688   0
0.374729909879176   0.241556219079786   -0.0200612631154329   0.0106606403287682   0
0.411322232136918   0.23916370278064   0.0365923222577422   -0.00239251629914566   0
0.415930473907287   0.237480712594031   0.00460824177036873   -0.00168299018660931   0
0.393683728330585   0.206879036374451   -0.0222467455767013   -0.0306016762195803   0
0.43562263034345   0.216727456979487   0.041938902012865   0.00984842060503677   0
0.467356228513823   0.227888259922352   0.0317335981703727   0.011160802942865   0
0.498068100163601   0.223872299755788   0.0307118716497783   -0.00401596016656439   0
0.443976897964047   0.188682410030941   -0.0540912021995542   -0.0351898897248472   0
0.64211534499595   0.0966486024388866   0.198138447031902   -0.0920338075920543   0
0.612590746069435   0.0563531013163732   -0.0295245989265142   -0.0402955011225134   0
0.508846930681103   0.126118548593253   -0.103743815388332   0.0697654472768794   0
