1.4004555483604e-14   9.580179e-17   0   0   0
0.0295104600865827   0.0232817149825153   0.0295104600865686   0.0232817149825152   0
0.0420473836886669   0.0364596704942341   0.0125369236020842   0.0131779555117187   0
0.0467447269948716   0.031365867932678   0.00469734330620474   -0.00509380256155603   0
0.0117268624446169   0.0143086054551608   -0.0350178645502546   -0.0170572624775172   0
0.0331745945252786   0.0550457369660047   0.0214477320806616   0.0407371315108438   0
0.058676302605124   0.0753503397265921   0.0255017080798454   0.0203046027605874   0
0.0471991673860209   0.0695934720036707   -0.0114771352191031   -0.00575686772292143   0
0.103198073953084   0.099901143939524   0.0559989065670636   0.0303076719358534   0
0.10863725365166   0.108261660773893   0.00543917969857574   0.00836051683436889   0
0.0974160921741302   0.10677652580612   -0.0112211614775299   -0.00148513496777275   0
0.128033414995864   0.133764540564994   0.0306173228217339   0.0269880147588736   0
0.147642099321405   0.168047393127765   0.0196086843255409   0.0342828525627715   0
0.146672720473102   0.159750410093996   -0.000969378848303254   -0.00829698303376969   0
0.128103268821918   0.143081004179286   -0.0185694516511836   -0.0166694059147099   0
0.121505533067967   0.136242163412795   -0.00659773575395059   -0.00683884076649094   0
0.122762885624977   0.155810227585079   0.00125735255700953   0.0195680641722846   0
0.133860831469442   0.163481801209172   0.0110979458444648   0.00767157362409224   0
0.1187586384988   0.146973438055523   -0.0151021929706419   -0.0165083631536484   0
0.129325676350708   0.147919362300714   0.0105670378519085   0.000945924245191215   0
0.126226165482915   0.116008116762069   -0.00309951086779281   -0.0319112455386451   0
0.107341843974017   0.107023953824307   -0.0188843215088981   -0.00898416293776227   0
0.137095971905518   0.142243218670992   0.0297541279315002   0.0352192648466852   0
0.175931071109074   0.195215393535158   0.0388350992035564   0.0529721748641657   0
0.170803885282869   0.19059131432716   -0.005127185826205   -0.0046240792079984   0
0.157541240892664   0.180774328865438   -0.0132626443902054   -0.00981698546172119   0
0.13622190741018   0.15595895152629   -0.0213193334824833   -0.024815377339148   0
0.150285723144994   0.17244802764857   0.0140638157348142   0.0164890761222799   0
0.145954242619184   0.178761590413105   -0.00433148052581003   0.0063135627645349   0
0.170157724458705   0.192035463633323   0.0242034818395202   0.0132738732202181   0
0.117922393697899   0.124304308667808   -0.0522353307608054   -0.0677311549655152   0
0.050195248245252   0.0703974953924153   -0.0677271454526473   -0.0539068132753929   0
0.011769255562648   0.0495108847798003   -0.038425992682604   -0.020886610612615   0
0.0319435345915486   0.0402997585127119   0.0201742790289005   -0.00921112626708844   0
0.0434824356838237   0.0487774133712012   0.0115389010922752   0.00847765485848934   0
0.101574715179703   0.122235516843395   0.0580922794958792   0.0734581034721938   0
0.136810803197379   0.162896838071524   0.035236088017676   0.0406613212281291   0
0.201403684919641   0.217904721989181   0.0645928817222619   0.0550078839176564   0
0.211366051731828   0.236225523911608   0.00996236681218712   0.0183208019224279   0
0.198591911089658   0.215891182492562   -0.01277414064217   -0.020334341419046   0
0.187057276867456   0.202199793126021   -0.0115346342222015   -0.0136913893665415   0
0.22137428579809   0.216392451794332   0.0343170089306335   0.014192658668311   0
0.22339407023163   0.219897088550765   0.00201978443354042   0.00350463675643303   0
0.236964881228937   0.239668260740687   0.0135708109973063   0.0197711721899218   0
0.241354888431153   0.259163025165008   0.00439000720221619   0.0194947644243218   0
0.244214912857243   0.245875301218224   0.00286002442609054   -0.0132877239467841   0
0.226156533659796   0.221582900783551   -0.0180583791974473   -0.0242924004346733   0
0.255986526724693   0.257627249522761   0.0298299930648964   0.0360443487392103   0
0.274608547885541   0.298049752519675   0.0186220211608485   0.0404225029969133   0
0.261539909408087   0.290924029066694   -0.0130686384774545   -0.00712572345298068   0
0.245757870015145   0.259597942570133   -0.0157820393929416   -0.0313260864965607   0
0.258898709092713   0.270720154999646   0.0131408390775682   0.0111222124295128   0
0.267606751219602   0.273634838720189   0.0087080421268883   0.00291468372054293   0
0.263882914292739   0.279819415576153   -0.00372383692686218   0.00618457685596402   0
0.267891897130498   0.288995396786103   0.0040089828377583   0.00917598120994961   0
0.249676605763401   0.254072374590035   -0.0182152913670964   -0.0349230221960677   0
0.266753140525996   0.271966951669816   0.0170765347625948   0.0178945770797813   0
0.282645812138409   0.289442741370231   0.0158926716124131   0.0174757897004146   0
0.283797482345106   0.301422558555227   0.00115167020669665   0.0119798171849964   0
0.287696073590935   0.305900580204073   0.00389859124582886   0.0044780216488462   0
0.304878106777719   0.324020352865981   0.0171820331867848   0.0181197726619075   0
0.278245555521955   0.286636495928759   -0.0266325512557644   -0.0373838569372217   0
0.301536514675323   0.29574317014509   0.0232909591533677   0.00910667421633116   0
0.289116624707103   0.300847549161627   -0.0124198899682197   0.00510437901653715   0
0.313007192283361   0.322609316202561   0.0238905675762583   0.0217617670409338   0
0.330785380289189   0.325047649778249   0.0177781880058274   0.00243833357568773   0
0.311993847765279   0.300005521475275   -0.0187915325239096   -0.025042128302974   0
0.250877489242325   0.273080678273196   -0.0611163585229546   -0.026924843202079   0
0.226328402102312   0.239824677424979   -0.0245490871400127   -0.0332560008482171   0
0.211841659270561   0.208351749296233   -0.014486742831751   -0.0314729281287456   0
0.232944176846997   0.226476118523548   0.0211025175764366   0.0181243692273146   0
0.237921326291379   0.247188198457723   0.00497714944438121   0.0207120799341752   0
