1.1191626e-14   4.81482485e-33   0   0   0
0.0357642386976351   0.0160079685766532   0.0357642386976239   0.0160079685766532   0
0.0198240364089095   0.0148857954009093   -0.0159402022887257   -0.00112217317574391   0
0.0361715666021396   0.0234965406103216   0.0163475301932302   0.00861074520941231   0
0.0263576315786592   0.0279973830025559   -0.00981393502348044   0.00450084239223426   0
0.0572847170312742   0.0260690003213502   0.030927085452615   -0.00192838268120574   0
0.0222150022366087   0.0354461546143169   -0.0350697147946655   0.00937715429296672   0
0.0195456236345636   0.0396178744549965   -0.00266937860204515   0.00417171984067959   0
0.0550345446097147   0.0650935407958347   0.0354889209751511   0.0254756663408382   0
0.0929171390516119   0.0469180938703559   0.0378825944418971   -0.0181754469254789   0
0.0468842514911726   0.062623480284711   -0.0460328875604393   0.0157053864143551   0
0.0619403567345371   0.100129188556815   0.0150561052433644   0.0375057082721045   0
0.064167548755644   0.112242188974938   0.00222719202110693   0.0121130004181228   0
0.0811028313336667   0.131523635296228   0.0169352825780227   0.01928144632129   0
0.0715365941347088   0.102521080853371   -0.0095662371989579   -0.0290025544428573   0
0.109279218525406   0.140821909018227   0.0377426243906974   0.0383008281648559   0
0.086133970404137   0.138693758859515   -0.0231452481212692   -0.00212815015871148   0
0.0746476768281915   0.120610699084898   -0.0114862935759454   -0.0180830597746169   0
0.0502844004944433   0.121789938858722   -0.0243632763337482   0.00117923977382348   0
0.0913309528513171   0.156782998310589   0.0410465523568737   0.0349930594518673   0
0.11030364922522   0.177890531408931   0.0189726963739033   0.0211075330983421   0
0.12258612751743   0.167178796020538   0.0122824782922092   -0.0107117353883939   0
0.124112082848452   0.150432196021664   0.00152595533102227   -0.0167465999988735   0
0.135027202105255   0.168790311294896   0.0109151192568032   0.0183581152732317   0
0.14341481401848   0.161116771444844   0.00838761191322515   -0.00767353985005217   0
0.172370615025417   0.207792106474103   0.0289558010069372   0.0466753350292594   0
0.185016485961179   0.215896511108333   0.0126458709357615   0.00810440463423046   0
0.165900603852781   0.21336468163165   -0.0191158821083975   -0.00253182947668357   0
0.203785047191878   0.243163089202377   0.0378844433390969   0.0297984075707271   0
0.190537584594863   0.219959230247436   -0.0132474625970156   -0.0232038589549412   0
0.174300705562712   0.207410240155871   -0.0162368790321506   -0.0125489900915644   0
0.210015698745047   0.237082586351385   0.0357149931823346   0.0296723461955137   0
0.11870727700674   0.164790495932592   -0.0913084217383062   -0.0722920904187928   0
0.103006858756884   0.163267128343428   -0.0157004182498563   -0.00152336758916463   0
0.128399277514333   0.178916459943345   0.0253924187574488   0.015649331599917   0
0.171280402317494   0.217279924488977   0.0428811248031611   0.0383634645456327   0
0.213155735166871   0.263584462677962   0.0418753328493765   0.0463045381889849   0
0.197283502872913   0.29170260425757   -0.0158722322939576   0.028118141579608   0
0.16052164158277   0.264548053936938   -0.0367618612901434   -0.0271545503206327   0
0.185217374934404   0.281986038296964   0.0246957333516345   0.0174379843600269   0
0.183318711382718   0.261640294376557   -0.0018986635516865   -0.0203457439204077   0
0.178774318475237   0.253257245373833   -0.0045443929074809   -0.00838304900272402   0
0.187514503338732   0.258722822902775   0.00874018486349573   0.00546557752894222   0
0.182461522570434   0.255668947523074   -0.00505298076829799   -0.00305387537970048   0
0.177800823949455   0.255469702026731   -0.00466069862097909   -0.000199245496343203   0
0.262618628060797   0.334579664242053   0.0848178041113419   0.079109962215322   0
0.204363248927779   0.278956717873967   -0.0582553791330186   -0.0556229463680863   0
0.192017769142713   0.309153631564703   -0.0123454797850651   0.0301969136907365   0
0.171276813105157   0.307365785692917   -0.0207409560375564   -0.00178784587178643   0
0.128504754318233   0.277212194118733   -0.0427720587869244   -0.0301535915741837   0
0.102706420374324   0.297146882228371   -0.0257983339439089   0.0199346881096374   0
0.198687236031391   0.393668208903524   0.0959808156570675   0.0965213266751534   0
0.198942117163428   0.413143237012134   0.00025488113203645   0.01947502810861   0
0.064415470563826   0.239392001623442   -0.134526646599602   -0.173751235388692   0
0.0709360444157131   0.303776904323536   0.00652057385188702   0.0643849027000938   0
0.0883873074019956   0.365423829994279   0.0174512629862825   0.0616469256707436   0
0.195488370328034   0.419584134292996   0.107101062926038   0.0541603042987162   0
0.17028754254497   0.429853533385653   -0.0252008277830635   0.0102693990926577   0
0.206874458684125   0.45490294578198   0.0365869161391545   0.0250494123963269   0
0.205869079893369   0.483379454647467   -0.00100537879075505   0.028476508865487   0
0.202295633779596   0.484162384437908   -0.00357344611377367   0.000782929790441089   0
0.221954097559585   0.484381925288043   0.0196584637799894   0.000219540850135147   0
0.189495310978729   0.470198109006875   -0.0324587865808561   -0.0141838162811679   0
0.198237369200763   0.507702012390336   0.0087420582220343   0.0375039033834605   0
0.215819483936169   0.514836320590788   0.0175821147354057   0.00713430820045202   0
0.197022106353695   0.504606991726433   -0.0187973775824738   -0.0102293288643555   0
0.274005901409515   0.564966187475543   0.0769837950558196   0.0603591957491101   0
0.188076112099231   0.532488509181426   -0.0859297893102837   -0.0324776782941169   0
0.106371175967173   0.505484077561587   -0.0817049361320586   -0.0270044316198383   0
0.0780579574040532   0.523608867577497   -0.0283132185631193   0.0181247900159093   0
0.13665627626251   0.531099079524862   0.0585983188584564   0.00749021194736521   0
0.132876822554803   0.529626635836881   -0.00377945370770705   -0.00147244368798138   0
0.126873000277641   0.526204928789214   -0.00600382227716148   -0.00342170704766642   0
0.224416010797488   0.60385881624788   0.0975430105198473   0.0776538874586661   0
0.117635323897201   0.50196939372627   -0.106780686900288   -0.10188942252161   0
0.0544018575019935   0.473247315696817   -0.0632334663952072   -0.0287220780294531   0
0.0993885105329236   0.501538391936771   0.0449866530309301   0.0282910762399541   0
0.0929549422122614   0.506417214351411   -0.00643356832066222   0.00487882241463988   0
0.134312859627734   0.528268092941885   0.0413579174154725   0.0218508785904739   0
