1.64432370689267e-14   4.6094123e-16   0   0   0
0.0391411480711868   0.0602778083213147   0.0391411480711704   0.0602778083213142   0
0.0677632088497978   0.0428584971411415   0.028622060778611   -0.0174193111801731   0
0.0574650944337453   0.0571715715998038   -0.0102981144160525   0.0143130744586623   0
0.0601399335595271   0.0564484085352978   0.00267483912578172   -0.000723163064506038   0
0.0700167111116353   0.0603744677959398   0.00987677755210826   0.00392605926064199   0
0.0863150231762562   0.0520335093717738   0.0162983120646209   -0.00834095842416603   0
0.0683315170337104   0.0408007263408249   -0.0179835061425458   -0.0112327830309489   0
0.0929724395041177   0.0369114722416427   0.0246409224704073   -0.00388925409918216   0
0.0872318843679696   0.0376600234432953   -0.00574055513614813   0.00074855120165257   0
0.0829691357706086   0.0565963175222055   -0.00426274859736099   0.0189362940789102   0
0.0850413878238687   0.0225891245476362   0.00207225205326014   -0.0340071929745693   0
0.0718744320923741   0.029659259640708   -0.0131669557314946   0.00707013509307185   0
0.0986475941142125   0.0366849727420006   0.0267731620218385   0.00702571310129255   0
0.105185575683399   0.0322205739576272   0.00653798156918678   -0.00446439878437343   0
0.106468754550008   0.0171867887440106   0.00128317886660841   -0.0150337852136166   0
0.0761601477406473   0.0118548522772903   -0.0303086068093605   -0.00533193646672028   0
0.0773473369504967   0.0230042017324688   0.00118718920984948   0.0111493494551785   0
0.0798521253979255   0.0208325755292894   0.00250478844742871   -0.0021716262031794   0
0.086008731286536   0.0211256558158696   0.00615660588861053   0.000293080286580233   0
0.0829722499897639   0.0152902107993776   -0.00303648129677209   -0.005835445016492   0
0.0685703465439006   0.0165185344300291   -0.0144019034458633   0.00122832363065148   0
0.0875374436860758   0.0198966036355834   0.0189670971421752   0.00337806920555426   0
0.101293953519992   0.0738680262193446   0.0137565098339166   0.0539714225837612   0
0.139207378828927   0.0801877463866617   0.0379134253089343   0.00631972016731711   0
0.121008314813058   0.0643364088401087   -0.0181990640158689   -0.015851337546553   0
0.0716958649704629   0.0327731856118027   -0.0493124498425948   -0.031563223228306   0
0.108909684619758   0.0403593256824785   0.0372138196492951   0.00758614007067577   0
0.146639267150358   0.027751125747722   0.0377295825305997   -0.0126081999347565   0
0.173094295943704   0.0442494514008911   0.0264550287933465   0.0164983256531691   0
0.174005723160726   0.0587817064836472   0.00091142721702181   0.0145322550827561   0
0.157959337772488   0.0536181424962052   -0.016046385388238   -0.005163563987442   0
0.191859903943676   0.0546568377316914   0.0339005661711883   0.00103869523548616   0
0.18704757522344   0.0714782550073052   -0.00481232872023676   0.0168214172756138   0
0.178996135300075   0.0393978917060863   -0.00805143992336424   -0.0320803633012189   0
0.181319460746489   0.0468357571287268   0.0023233254464132   0.00743786542264048   0
0.186670674754335   0.0387918673327197   0.00535121400784613   -0.0080438897960071   0
0.175389228272638   0.0350284131926594   -0.0112814464816967   -0.00376345414006028   0
0.170686349133915   0.0315331638765157   -0.00470287913872341   -0.00349524931614372   0
0.163374113016401   0.0397999988700808   -0.00731223611751353   0.00826683499356511   0
0.136516701416318   0.0330717143450202   -0.026857411600083   -0.00672828452506065   0
0.142977338419474   0.0301158454356069   0.00646063700315586   -0.0029558689094133   0
0.142232008973871   0.0337816770266018   -0.000745329445602932   0.00366583159099493   0
0.147854250093311   0.0482511403444055   0.00562224111943999   0.0144694633178037   0
0.140397067481356   0.0433584669006951   -0.00745718261195483   -0.00489267344371035   0
0.138802616536656   0.0821655022639206   -0.0015944509447002   0.0388070353632255   0
0.144183011732898   0.074622583575358   0.00538039519624176   -0.00754291868856255   0
0.14865919169254   0.0733639596062894   0.00447617995964175   -0.00125862396906859   0
0.135084245284876   0.0674775033080543   -0.0135749464076637   -0.00588645629823517   0
0.132458021934204   0.0743808486182788   -0.00262622335067195   0.0069033453102245   0
0.115678666878782   0.0549246376283312   -0.0167793550554217   -0.0194562109899475   0
0.131342126156873   0.0695501539664313   0.0156634592780905   0.0146255163381001   0
0.170510863943768   0.0860038464019782   0.0391687377868953   0.0164536924355469   0
0.170818553102107   0.0860121923504633   0.000307689158339008   8.34594848511672e-06   0
0.181222010506008   0.0975549195161324   0.0104034574039005   0.0115427271656691   0
0.168945555805207   0.0934700919856151   -0.0122764547008006   -0.00408482753051735   0
0.188761272772597   0.0924102671998386   0.0198157169673901   -0.00105982478577653   0
0.191746426587259   0.102124815009272   0.00298515381466175   0.00971454780943388   0
0.193131362139264   0.0963064238897111   0.00138493555200511   -0.00581839111956137   0
0.175643298666695   0.11603781931149   -0.0174880634725688   0.0197313954217791   0
0.166507611460419   0.0799021821871598   -0.00913568720627558   -0.0361356371243304   0
0.218756697212688   0.0844392772859191   0.052249085752269   0.00453709509875937   0
0.251083839954383   0.118981538136697   0.0323271427416946   0.0345422608507777   0
0.25722651626142   0.145049441559386   0.00614267630703708   0.026067903422689   0
0.229250952685619   0.115822084018289   -0.0279755635758012   -0.0292273575410967   0
0.219407402881674   0.121123642184449   -0.00984354980394461   0.00530155816615958   0
0.275570202270838   0.156446638499428   0.0561627993891638   0.0353229963149798   0
0.250079337533873   0.175276729784819   -0.0254908647369652   0.018830091285391   0
0.259399767619166   0.202544947341922   0.0093204300852931   0.0272682175571028   0
0.279950550053368   0.226353696791768   0.0205507824342016   0.0238087494498458   0
0.304989381820269   0.232492669614212   0.0250388317669014   0.00613897282244408   0
0.294292800023099   0.193958515844727   -0.0106965817971699   -0.0385341537694856   0
0.289919666176961   0.164151635052894   -0.00437313384613836   -0.0298068807918326   0
0.315156343479859   0.138680932018874   0.0252366773028985   -0.0254707030340197   0
0.302139177323325   0.135107352334079   -0.0130171661565344   -0.00357357968479494   0
