9.2723763e-15   4.8652275e-17   0   0   0
0.0662897496210318   0.0344623206942945   0.0662897496210225   0.0344623206942945   0
0.0762178267126455   0.04324361191633   0.00992807709161372   0.00878129122203541   0
0.0514159730677206   0.027249623321954   -0.0248018536449249   -0.015993988594376   0
0.0639499252880024   0.0401076087811848   0.0125339522202818   0.0128579854592308   0
0.10062770799825   0.0613007392335312   0.0366777827102476   0.0211931304523464   0
0.118880323017163   0.0699117583463042   0.0182526150189135   0.008611019112773   0
0.143395429401044   0.0820206533008437   0.0245151063838802   0.0121088949545394   0
0.188966898956605   0.0992312333449246   0.0455714695555612   0.017210580044081   0
0.27313017957216   0.159504706076832   0.0841632806155549   0.0602734727319072   0
0.287593887674836   0.16157133297396   0.0144637081026762   0.00206662689712828   0
0.370121103913912   0.192563048290607   0.0825272162390758   0.0309917153166464   0
0.434150749075929   0.213240295863548   0.0640296451620171   0.0206772475729417   0
0.447865231883626   0.235773295059061   0.0137144828076973   0.0225329991955124   0
0.505342047463173   0.266755207868577   0.0574768155795473   0.0309819128095163   0
0.536416979747607   0.26688537251939   0.0310749322844336   0.000130164650813058   0
0.586475180386958   0.283460603127347   0.0500582006393515   0.0165752306079567   0
0.614279737424066   0.282905333556104   0.0278045570371073   -0.000555269571243078   0
0.585694690126173   0.277119280204347   -0.0285850472978925   -0.00578605335175691   0
0.553643383028211   0.284306247928995   -0.0320513070979627   0.00718696772464839   0
0.564861730447987   0.326578587766017   0.0112183474197766   0.0422723398370218   0
0.592189232100014   0.377292840228527   0.0273275016520271   0.0507142524625099   0
0.576444837651605   0.368971940034524   -0.0157443944484095   -0.00832090019400267   0
0.543403556421484   0.350896392852816   -0.0330412812301205   -0.0180755471817079   0
0.545404222706839   0.371426739699138   0.00200066628535511   0.0205303468463218   0
0.555721167826455   0.37979389320541   0.0103169451196159   0.00836715350627182   0
0.561165325332397   0.400002742098717   0.00544415750594207   0.0202088488933072   0
0.571068294426409   0.408892572443964   0.00990296909401189   0.00888983034524649   0
0.598140886783958   0.40584474008829   0.0270725923575491   -0.00304783235567363   0
0.600593228050431   0.422857170090776   0.00245234126647254   0.0170124300024861   0
0.601697749295585   0.410735257822109   0.00110452124515392   -0.0121219122686672   0
0.604193991195031   0.411447207580674   0.00249624189944597   0.000711949758565311   0
0.588118229928562   0.410265335773133   -0.0160757612664686   -0.00118187180754137   0
0.578999525023205   0.404146447648749   -0.00911870490535693   -0.00611888812438377   0
0.568714663162501   0.42968824479686   -0.010284861860704   0.0255417971481111   0
0.567152021379525   0.435661718008848   -0.00156264178297594   0.00597347321198827   0
0.551988194463492   0.438779087778907   -0.0151638269160336   0.00311736977005822   0
0.574367056349845   0.442674488798537   0.022378861886353   0.0038954010196306   0
0.569529815060025   0.446592039831025   -0.00483724128982022   0.00391755103248759   0
0.546694302394332   0.429700940497522   -0.0228355126656924   -0.0168910993335024   0
0.566402854363053   0.44828468251193   0.0197085519687208   0.0185837420144074   0
0.603069368096636   0.451577594952986   0.0366665137335835   0.00329291244105639   0
0.604801936873893   0.449280732273268   0.00173256877725703   -0.0022968626797184   0
0.483340865786553   0.406964688666905   -0.121461071087341   -0.0423160436063624   0
0.461341831234776   0.431975565452818   -0.0219990345517772   0.0250108767859125   0
0.436099160972576   0.427940408632941   -0.0252426702622002   -0.00403515681987715   0
0.505229773060102   0.439196322092229   0.0691306120875262   0.0112559134592883   0
0.482073851202324   0.446291631049859   -0.0231559218577776   0.00709530895763005   0
0.514120634457455   0.448409274910422   0.0320467832551311   0.00211764386056323   0
0.504901695250664   0.474969183832283   -0.00921893920679173   0.0265599089218609   0
0.495893391233529   0.472902242554855   -0.00900830401713454   -0.00206694127742868   0
0.495804302987311   0.469179555457443   -8.90882462181719e-05   -0.00372268709741158   0
0.482599175052076   0.470312693421914   -0.0132051279352352   0.00113313796447079   0
0.480942121606978   0.457151289217566   -0.0016570534450977   -0.0131614042043482   0
0.48769118470741   0.469311952370293   0.00674906310043183   0.0121606631527275   0
0.527899145778603   0.485009751867782   0.0402079610711932   0.0156977994974888   0
0.52012656502189   0.482447333968107   -0.00777258075671283   -0.00256241789967493   0
0.518679826464264   0.485258702242422   -0.00144673855762578   0.00281136827431527   0
0.516199799241347   0.496944057971199   -0.00248002722291762   0.0116853557287763   0
0.533310354322825   0.512168017839524   0.0171105550814779   0.0152239598683258   0
0.57660031290673   0.55288635619819   0.0432899585839055   0.0407183383586656   0
0.62581144775384   0.562316571226037   0.0492111348471101   0.00943021502784691   0
0.585670001460451   0.568376397424293   -0.0401414462933892   0.00605982619825574   0
0.595472884992301   0.587405315613755   0.00980288353184999   0.0190289181894623   0
0.590299287815641   0.593567169206035   -0.00517359717666044   0.00616185359227972   0
0.644697004951333   0.60990914928731   0.0543977171356923   0.0163419800812754   0
0.633307785971042   0.601388788737854   -0.0113892189802913   -0.00852036054945615   0
0.567606168780414   0.58511457746095   -0.0657016171906278   -0.0162742112769034   0
0.615762713164473   0.609369876136774   0.0481565443840594   0.0242552986758234   0
0.59928554114722   0.601101049442081   -0.0164771720172535   -0.00826882669469242   0
0.602677135102136   0.607904757899284   0.00339159395491695   0.00680370845720302   0
0.627054223218618   0.621553675659589   0.024377088116482   0.0136489177603049   0
