7.1054274e-15   0   0   0   0
0.0472346171266855   0.00865889351572379   0.0472346171266784   0.00865889351572379   0
0.0536829104741196   0.00928204048720655   0.00644829334743417   0.000623146971482759   0
0.0235466031343221   0.00919142030787512   -0.0301363073397975   -9.0620179331426e-05   0
0.0583417888436485   0.0225122718528129   0.0347951857093264   0.0133208515449378   0
0.0251328454762134   0.0138433539503788   -0.0332089433674352   -0.00866891790243414   0
0.0513755361888874   0.0175480627202365   0.026242690712674   0.00370470876985776   0
0.0808624490531414   0.0456359729395107   0.029486912864254   0.0280879102192741   0
0.0671380514319006   0.0511625396940431   -0.0137243976212408   0.00552656675453247   0
0.137049309752578   0.101776360257637   0.0699112583206777   0.0506138205635943   0
0.0890319672787876   0.0931549851072668   -0.0480173424737907   -0.00862137515037067   0
0.116130478832961   0.10832198530896   0.0270985115541732   0.0151670002016932   0
0.113442654389908   0.111465343196168   -0.00268782444305246   0.00314335788720807   0
0.108487939007598   0.113485419666089   -0.00495471538231057   0.00202007646992119   0
0.139993358736188   0.130282824345821   0.0315054197285905   0.0167974046797322   0
0.106473556016985   0.124380905360634   -0.0335198027192034   -0.00590191898518778   0
0.112176947964927   0.12368429270466   0.00570339194794237   -0.000696612655974024   0
0.0759947072996732   0.119033336354989   -0.0361822406652541   -0.00465095634967114   0
0.0377258320749868   0.102693550221307   -0.0382688752246865   -0.016339786133682   0
0.0685534790817587   0.117840732558014   0.030827647006772   0.0151471823367077   0
0.0568639840761974   0.107299448328475   -0.0116894950055614   -0.0105412842295396   0
0.045755523670636   0.0818299833833858   -0.0111084604055613   -0.0254694649450889   0
0.0555146752463252   0.0717605737874823   0.00975915157568921   -0.0100694095959035   0
0.0650747807217144   0.107370353343171   0.00956010547538915   0.035609779555689   0
0.0926163195563333   0.105070708931623   0.0275415388346189   -0.00229964441154781   0
0.109878164320229   0.119984653848678   0.0172618447638961   0.0149139449170545   0
0.116973024350799   0.108284896183115   0.00709486003056997   -0.0116997576655628   0
0.110005846010968   0.104524837850046   -0.00696717833983145   -0.00376005833306925   0
0.0904013018877004   0.135759253712305   -0.0196045441232675   0.0312344158622586   0
0.0698711612852733   0.128672377672395   -0.0205301406024272   -0.00708687603991004   0
0.0956646440889143   0.162567352335437   0.025793482803641   0.0338949746630422   0
0.159596907036788   0.12802402036298   0.0639322629478736   -0.0345433319724567   0
0.163747617469038   0.116968854997966   0.0041507104322499   -0.0110551653650143   0
0.167517547747055   0.105923146093762   0.00376993027801725   -0.0110457089042041   0
0.156660955482482   0.108914134833061   -0.0108565922645731   0.0029909887392998   0
0.186575692420395   0.109573662018809   0.029914736937913   0.000659527185747411   0
0.198014130800272   0.0966876705117707   0.0114384383798767   -0.0128859915070381   0
0.207129992584497   0.0981552868098787   0.00911586178422558   0.00146761629810796   0
0.204512825773766   0.110159987453898   -0.0026171668107311   0.0120047006440196   0
0.199114838332285   0.0938348926734254   -0.00539798744148118   -0.0163250947804728   0
0.216195959945545   0.0924270969847995   0.0170811216132604   -0.00140779568862592   0
0.208728787257159   0.102523525579045   -0.00746717268838648   0.0100964285942451   0
0.19593378152283   0.110909992539402   -0.0127950057343287   0.00838646696035709   0
0.215969031486302   0.0977826909774248   0.0200352499634719   -0.013127301561977   0
0.209093806393238   0.107904800837493   -0.00687522509306407   0.0101221098600684   0
0.21608145817915   0.105278722551216   0.00698765178591199   -0.00262607828627706   0
0.217603233559376   0.0965017118744141   0.00152177538022599   -0.00877701067680201   0
0.207150849885435   0.108954461937377   -0.0104523836739406   0.0124527500629632   0
0.198398072209587   0.124460050551911   -0.00875277767584889   0.0155055886145334   0
0.195187257873922   0.133842324873986   -0.00321081433566481   0.00938227432207557   0
0.201777032430214   0.157651455524012   0.00658977455629234   0.0238091306500262   0
0.182811436181252   0.162034589446215   -0.0189655962489622   0.00438313392220277   0
0.193402132616183   0.156422756537031   0.0105906964349306   -0.00561183290918404   0
0.204695233556864   0.16707404471551   0.0112931009406818   0.0106512881784785   0
0.203649116367636   0.16804760036566   -0.00104611718922845   0.000973555650150643   0
0.236529206246117   0.148854406983487   0.0328800898784812   -0.0191931933821728   0
0.225012249638221   0.141020560758351   -0.0115169566078958   -0.00783384622513608   0
0.227619072022206   0.132347419973623   0.00260682238398419   -0.00867314078472844   0
0.239445341564034   0.131740035945632   0.0118262695418287   -0.000607384027990904   0
0.213494414553241   0.150786543343039   -0.025950927010793   0.0190465073974073   0
0.229413828931709   0.142786535708624   0.0159194143784676   -0.00800000763441577   0
0.230694057856014   0.144685524309688   0.00128022892430529   0.00189898860106449   0
0.219200939451217   0.149583404066803   -0.011493118404797   0.00489787975711489   0
0.22692890175951   0.149718226612265   0.00772796230829298   0.000134822545462043   0
0.231553028834089   0.152789213759015   0.00462412707457913   0.00307098714675019   0
0.218697878816262   0.153014857515704   -0.0128551500178276   0.000225643756688931   0
0.222045420899734   0.150387721065528   0.00334754208347252   -0.00262713645017587   0
0.224429470047219   0.153911074817163   0.00238404914748463   0.00352335375163437   0
0.235083462094162   0.145034763482541   0.0106539920469435   -0.00887631133462144   0
0.235450905424686   0.148959794810067   0.000367443330524131   0.00392503132752631   0
0.216295676192593   0.161758139929196   -0.0191552292320937   0.0127983451191282   0
