7.1054274e-15   0   0   0   0
0.0552797060090316   0.00994678731544684   0.0552797060090244   0.00994678731544684   0
0.0664378335318151   0.0327672309419873   0.0111581275227836   0.0228204436265404   0
0.0886860684055454   0.0581938020334474   0.0222482348737303   0.0254265710914601   0
0.104595077699776   0.0763036528314369   0.0159090092942311   0.0181098507979895   0
0.123015273218336   0.0914350340865628   0.01842019551856   0.0151313812551259   0
0.155998693125654   0.107965455461554   0.0329834199073179   0.0165304213749908   0
0.144399187932372   0.0958305439095787   -0.0115995051932825   -0.012134911551975   0
0.146615181993088   0.0844495962935862   0.00221599406071618   -0.0113809476159925   0
0.123206646207983   0.0652664224129926   -0.0234085357851053   -0.0191831738805935   0
0.157381202113395   0.0736338970194225   0.0341745559054124   0.00836747460642989   0
0.162664871355243   0.0905768821786731   0.00528366924184823   0.0169429851592506   0
0.118986189143891   0.0790077052854926   -0.0436786822113518   -0.0115691768931806   0
0.108478699024795   0.0873887962600194   -0.0105074901190967   0.00838109097452681   0
0.117948059333858   0.114029343410197   0.00946936030906327   0.0266405471501774   0
0.135034534376449   0.111895400188879   0.0170864750425907   -0.00213394322131763   0
0.138484707069978   0.128339099620418   0.00345017269352954   0.0164436994315388   0
0.0836330466412543   0.140087430959552   -0.054851660428724   0.0117483313391344   0
0.0452023088217852   0.125549080683614   -0.0384307378194692   -0.0145383502759385   0
0.10256626354757   0.142816039713387   0.0573639547257845   0.0172669590297727   0
0.0444586165340888   0.163590045312031   -0.0581076470134808   0.0207740055986443   0
0.0165488276837998   0.174428509333658   -0.027909788850289   0.0108384640216273   0
0.0181677324246067   0.171087003355333   0.00161890474080697   -0.00334150597832505   0
0.0194029640150653   0.161455004606961   0.00123523159045859   -0.00963199874837212   0
0.0220045665650588   0.15955125999319   0.00260160254999348   -0.00190374461377088   0
0.0127384976912694   0.153808809849537   -0.00926606887378941   -0.00574245014365299   0
0.0608609291492957   0.15895119757734   0.0481224314580263   0.00514238772780251   0
0.0645084144699473   0.255153778426017   0.00364748532065157   0.0962025808486778   0
0.0900997984697647   0.278760288531559   0.0255913839998175   0.0236065101055417   0
0.0833366256998448   0.291531044610246   -0.00676317276991999   0.0127707560786873   0
0.0893172216618607   0.296304270404234   0.00598059596201589   0.00477322579398742   0
0.137578093111735   0.309510312839686   0.0482608714498747   0.013206042435452   0
0.232298778249996   0.272970496985887   0.0947206851382604   -0.0365398158537986   0
0.288128532571272   0.269365612689398   0.0558297543212766   -0.00360488429648936   0
0.208973622401206   0.312627519856978   -0.0791549101700662   0.0432619071675798   0
0.225115003832506   0.297313159852768   0.0161413814313001   -0.0153143600042098   0
0.19972269344987   0.292351530977604   -0.025392310382636   -0.00496162887516438   0
0.17364892341114   0.320773761380839   -0.0260737700387302   0.0284222304032354   0
0.175236872010492   0.321286512418297   0.00158794859935218   0.000512751037458181   0
0.165449225388379   0.323854605024468   -0.00978764662211321   0.00256809260617086   0
0.167592849170414   0.319995150959176   0.00214362378203456   -0.00385945406529181   0
0.160782649866346   0.325522019316794   -0.00681019930406726   0.00552686835761756   0
0.165824838513615   0.325111619024182   0.00504218864726819   -0.00041040029261219   0
0.213704337673685   0.327498362278139   0.0478794991600708   0.00238674325395766   0
0.217596235412052   0.334160798868025   0.00389189773836646   0.00666243658988597   0
0.207858592212622   0.344325722377614   -0.00973764319942935   0.0101649235095885   0
0.173694629308329   0.343504796363579   -0.0341639629042934   -0.000820926014035106   0
0.177476199594531   0.347083523341591   0.0037815702862018   0.00357872697801292   0
0.174693267376642   0.364463579719336   -0.00278293221788922   0.0173800563777441   0
0.165754496908564   0.36135712928353   -0.00893877046807781   -0.00310645043580549   0
0.179727144622196   0.379767505409705   0.0139726477136324   0.0184103761261752   0
0.159007062753303   0.366430671768329   -0.0207200818688931   -0.0133368336413764   0
0.158604310001746   0.375170179287287   -0.000402752751557461   0.00873950751895847   0
0.159439291837627   0.372411721231892   0.00083498183588121   -0.00275845805539521   0
0.16434732749352   0.381300519858407   0.00490803565589296   0.00888879862651537   0
0.149125120835448   0.378478468440422   -0.0152222066580717   -0.00282205141798553   0
0.109206875287716   0.365397187277243   -0.039918245547732   -0.0130812811631791   0
0.137351937769173   0.353693447577005   0.0281450624814571   -0.0117037397002375   0
0.147416286692856   0.346738788979118   0.0100643489236833   -0.00695465859788763   0
0.147769429507536   0.343759777956286   0.000353142814679769   -0.00297901102283177   0
0.13187346019965   0.364091645011043   -0.0158959693078861   0.0203318670547569   0
0.133529110496707   0.35892508585362   0.0016556502970568   -0.0051665591574232   0
0.118890508382605   0.362566859846864   -0.0146386021141015   0.00364177399324406   0
0.132871324046987   0.349922756017797   0.013980815664382   -0.0126441038290664   0
0.11639688306374   0.35766596301276   -0.0164744409832469   0.00774320699496323   0
0.119009223535618   0.360633548173174   0.00261234047187793   0.00296758516041346   0
0.118798811374553   0.363225168654761   -0.000210412161065071   0.00259162048158701   0
0.118568447493444   0.369739845558803   -0.000230363881108891   0.00651467690404217   0
0.127321908573057   0.3682038438237   0.00875346107961286   -0.0015360017351036   0
0.117118671217852   0.363614189595241   -0.0102032373552058   -0.00458965422845803   0
0.125151000356493   0.36552298126046   0.0080323291386412   0.0019087916652189   0
0.149014539231074   0.358284626580397   0.0238635388745811   -0.0072383546800634   0
0.171471344933673   0.356969103991902   0.0224568057025991   -0.00131552258849543   0
0.170420424793152   0.362659267011242   -0.00105092014052097   0.00569016301934006   0
0.155289531743415   0.362070089651403   -0.0151308930497374   -0.000589177359839099   0
0.147614659324916   0.367735623564185   -0.00767487241849835   0.00566553391278213   0
0.170344207179   0.365211811455405   0.0227295478540836   -0.00252381210877939   0
