0   0   0   0   0
0.0777423582442233   0.0530434441636983   0.0777423582442233   0.0530434441636983   0
0.0262296074851721   0.0256906030899621   -0.0515127507590512   -0.0273528410737361   0
0.0925247582689382   0.0488845783173478   0.0662951507837661   0.0231939752273857   0
0.0914534541289368   0.0505850501064221   -0.00107130414000144   0.00170047178907422   0
0.174875280693668   0.129338570446617   0.083421826564731   0.0787535203401951   0
0.128390203485814   0.10755038623141   -0.0464850772078538   -0.0217881842152075   0
0.0796467435869332   0.0807232930368193   -0.0487434598988808   -0.0268270931945903   0
0.110633789872574   0.0628901801995973   0.0309870462856405   -0.017833112837222   0
0.873455976788018   0.474279830732709   0.762822186915444   0.411389650533111   0
0.334777417553115   0.0902087926586855   -0.538678559234903   -0.384071038074023   0
0.2609263474308   0.0837303241787923   -0.0738510701223146   -0.00647846847989318   0
0.118870461358244   0.100920830061868   -0.142055886072556   0.0171905058830762   0
0.0840228104611514   0.0795720881232297   -0.0348476508970924   -0.0213487419386388   0
0.113464681454395   0.107637542836814   0.0294418709932439   0.0280654547135841   0
0.0944246324224578   0.0855740665092144   -0.0190400490319375   -0.0220634763275994   0
0.133444724212606   0.133006179394111   0.0390200917901485   0.0474321128848964   0
0.120833732341755   0.14462385030512   -0.0126109918708513   0.0116176709110097   0
0.147962911315299   0.186623293653079   0.0271291789735437   0.0419994433479585   0
0.165811844393564   0.184419964710349   0.0178489330782657   -0.00220332894273015   0
0.233468405876645   0.228940957175794   0.0676565614830803   0.0445209924654454   0
0.186165258943568   0.204882830749057   -0.0473031469330771   -0.0240581264267374   0
0.283165867381513   0.216121854116418   0.0970006084379451   0.0112390233673608   0
0.225847223296977   0.216706932546471   -0.057318644084536   0.000585078430053482   0
0.319692418693574   0.259750402982237   0.0938451953965972   0.0430434704357662   0
0.242162480471971   0.207427463159394   -0.0775299382216032   -0.0523229398228432   0
0.329457852705646   0.273554905051906   0.0872953722336754   0.0661274418925121   0
0.273574663688716   0.252392999734976   -0.0558831890169297   -0.0211619053169304   0
0.349507422101962   0.277207571704337   0.075932758413246   0.024814571969361   0
0.261543825594007   0.230874072302098   -0.0879635965079556   -0.0463334994022393   0
0.353328183808933   0.297138053299311   0.0917843582149261   0.0662639809972136   0
0.285392224420602   0.253740265017727   -0.0679359593883311   -0.0433977882815838   0
0.391150116773806   0.312707882067407   0.105757892353204   0.05896761704968   0
0.329934203192445   0.275284607989576   -0.0612159135813601   -0.0374232740778311   0
0.507050163829798   0.471167124993242   0.177115960637353   0.195882517003666   0
0.105571970524804   0.142651656439496   -0.401478193304994   -0.328515468553746   0
0.167330271592442   0.136722956625927   0.0617583010676386   -0.00592869981356947   0
0.267377253348882   0.162162334605705   0.100046981756439   0.0254393779797782   0
0.318873945006799   0.208843741067682   0.0514966916579168   0.0466814064619772   0
0.408391478024937   0.268523492276758   0.0895175330181385   0.0596797512090755   0
0.355688274148641   0.307712633866671   -0.0527032038762962   0.039189141589913   0
0.439138697479199   0.341843118589415   0.0834504233305584   0.0341304847227443   0
0.402436151211344   0.318677609878132   -0.036702546267855   -0.0231655087112827   0
0.528305628029016   0.369499068593463   0.125869476817672   0.050821458715331   0
0.507532667082283   0.363765415759461   -0.0207729609467339   -0.00573365283400185   0
0.576257372181547   0.40488898842752   0.0687247050992643   0.0411235726680589   0
0.518916691309212   0.364124469310614   -0.0573406808723352   -0.0407645191169063   0
0.570764705715267   0.404393811114166   0.0518480144060558   0.0402693418035522   0
0.176780633999595   0.229957901725621   -0.393984071715672   -0.174435909388545   0
0.48200226259613   0.544691301622546   0.305221628596534   0.314733399896925   0
0.539204374810133   0.551905185623277   0.057202112214003   0.00721388400073109   0
0.656157338157958   0.580881504041422   0.116952963347826   0.0289763184181452   0
0.663787133633984   0.595768722328053   0.00762979547602516   0.0148872182866304   0
0.733723893702726   0.636182977421072   0.0699367600687426   0.0404142550930192   0
0.759766926579158   0.620779864542763   0.0260430328764322   -0.0154031128783094   0
0.758219815750041   0.594184429544652   -0.00154711082911696   -0.0265954349981101   0
0.78455899496021   0.617937093497596   0.0263391792101685   0.0237526639529432   0
0.722913765799252   0.601271231954124   -0.0616452291609579   -0.0166658615434715   0
0.877189703365413   0.664939062857136   0.154275937566161   0.063667830903012   0
0.795149625727947   0.629316832873119   -0.0820400776374656   -0.0356222299840167   0
0.797240571744014   0.628346221381926   0.00209094601606663   -0.000970611491193818   0
0.330590100518436   0.304038108752809   -0.466650471225578   -0.324308112629116   0
0.278174436863872   0.397694017873518   -0.0524156636545637   0.0936559091207089   0
0.544993605372118   0.522454478781485   0.266819168508246   0.124760460907966   0
0.626569175672784   0.567822412380094   0.0815755703006659   0.045367933598609   0
0.647463160824382   0.569993349801641   0.0208939851515986   0.00217093742154773   0
0.636773354125598   0.553706174577281   -0.0106898066987844   -0.0162871752243601   0
0.706265359347051   0.579605805023813   0.069492005221453   0.0258996304465319   0
0.60917503804367   0.546250541585119   -0.0970903213033805   -0.0333552634386945   0
0.703373763398321   0.618638887619096   0.0941987253546507   0.0723883460339776   0
0.627510644687367   0.606823205807982   -0.075863118710954   -0.0118156818111144   0
0.653486502779786   0.611870351983991   0.0259758580924192   0.00504714617600888   0
0.648660864850292   0.626365349388759   -0.00482563792949475   0.014494997404768   0
0.61437999282208   0.599700726805637   -0.0342808720282116   -0.0266646225831215   0
0.641331578874845   0.618394101176943   0.026951586052765   0.0186933743713058   0
0.6287437208572   0.62735629309664   -0.0125878580176451   0.00896219191969727   0
0.684814347347193   0.659743781663692   0.0560706264899927   0.0323874885670515   0
0.594287097045569   0.637727322036488   -0.0905272503016236   -0.0220164596272036   0
0.679324630644268   0.665928854000466   0.0850375335986991   0.028201531963978   0
