0   0   0   0   0
0.0373681863507501   0.0294210814814926   0.0373681863507501   0.0294210814814926   0
0.0628710845645467   0.0291697616373179   0.0255028982137966   -0.00025131984417473   0
0.0602781665378056   0.0269009391588788   -0.00259291802674119   -0.00226882247843909   0
0.0403275763415755   0.0200139841615614   -0.0199505901962301   -0.00688695499731738   0
0.0402772454149241   0.0241095710336902   -5.0330926651361e-05   0.00409558687212876   0
0.0436114529165973   0.0340600657982408   0.00333420750167324   0.00995049476455063   0
0.0621271233285387   0.0466862132011646   0.0185156704119414   0.0126261474029238   0
0.0848982792550855   0.0642314848383466   0.0227711559265468   0.017545271637182   0
0.0566909518272555   0.0712004278397879   -0.02820732742783   0.00696894300144131   0
0.0578983162625895   0.0644037294148804   0.00120736443533394   -0.00679669842490753   0
0.0666167299832973   0.0810458753374895   0.00871841372070786   0.0166421459226091   0
0.074978014048668   0.0909759457017997   0.00836128406537069   0.00993007036431015   0
0.0861154783043629   0.0808762578240031   0.0111374642556949   -0.0100996878777966   0
0.0986834600432171   0.081002724724652   0.0125679817388542   0.000126466900648894   0
0.128356950916194   0.0838210403125807   0.0296734908729768   0.00281831558792872   0
0.116616091319197   0.0887678270499988   -0.0117408595969969   0.00494678673741807   0
0.0919403353252665   0.0981571274195037   -0.0246757559939305   0.00938930036950497   0
0.104573101527908   0.10061567371052   0.0126327662026414   0.00245854629101673   0
0.131775608315737   0.110265753954498   0.0272025067878293   0.00965008024397733   0
0.109153069556156   0.105556640438477   -0.0226225387595814   -0.0047091135160213   0
0.110894793110134   0.103085987918432   0.00174172355397838   -0.00247065252004475   0
0.129100916922389   0.10269898433288   0.0182061238122545   -0.000387003585551771   0
0.138543345665565   0.119376628961371   0.00944242874317616   0.0166776446284914   0
0.16348572564399   0.123288113493171   0.0249423799784254   0.00391148453179918   0
0.185949941799075   0.199268322077196   0.0224642161550849   0.0759802085840257   0
0.124702727873514   0.171445395164274   -0.061247213925561   -0.0278229269129218   0
0.133858157891974   0.172743375254589   0.00915543001846016   0.00129798009031426   0
0.127901764992851   0.172090258472068   -0.00595639289912345   -0.000653116782520613   0
0.119647964329007   0.181219351034453   -0.00825380066384408   0.00912909256238528   0
0.119975481930244   0.179814545848579   0.000327517601237476   -0.00140480518587488   0
0.111201411219043   0.190979652764259   -0.00877407071120104   0.0111651069156806   0
0.110819571571976   0.20470121695071   -0.000381839647066687   0.0137215641864506   0
0.0909889503221546   0.213516235606082   -0.0198306212498219   0.00881501865537232   0
0.104204576382963   0.221718021209896   0.013215626060808   0.00820178560381349   0
0.152938388108991   0.236484863062556   0.048733811726028   0.01476684185266   0
0.140279892007899   0.230133555060878   -0.0126584961010913   -0.00635130800167741   0
0.142054915235715   0.240079431384096   0.00177502322781592   0.00994587632321819   0
0.172225995233157   0.247559793464796   0.0301710799974418   0.00748036208069985   0
0.174698280697991   0.250187351833531   0.00247228546483386   0.00262755836873491   0
0.1728314512299   0.251492797712379   -0.00186682946809033   0.00130544587884834   0
0.187750710392975   0.274572603065367   0.0149192591630749   0.0230798053529873   0
0.212442615590295   0.292539416716012   0.0246919051973195   0.0179668136506453   0
0.267058072687853   0.309366433658046   0.0546154570975583   0.0168270169420336   0
0.237470818206655   0.311576514346638   -0.0295872544811977   0.00221008068859202   0
0.239329451182247   0.318860087847416   0.00185863297559125   0.00728357350077813   0
0.284312333818891   0.327403427469927   0.0449828826366447   0.00854333962251091   0
0.279593561829902   0.327209512754549   -0.00471877198898962   -0.00019391471537783   0
0.25571502634971   0.330586794828787   -0.0238785354801922   0.0033772820742381   0
0.264596574371862   0.34112061729845   0.00888154802215219   0.0105338224696628   0
0.278061550198618   0.334535995274503   0.0134649758267565   -0.00658462202394694   0
0.218616009383292   0.328139788688623   -0.0594455408153265   -0.0063962065858798   0
0.211156082013974   0.320377532718406   -0.00745992736931803   -0.00776225597021729   0
0.246913438690432   0.320503264365509   0.0357573566764584   0.000125731647103666   0
0.235696762859878   0.317370158069531   -0.011216675830554   -0.00313310629597879   0
0.234030860863086   0.325537504757026   -0.00166590199679167   0.00816734668749497   0
0.211519726601699   0.320993599057515   -0.0225111342613879   -0.00454390569951069   0
0.216346663702554   0.335398288200226   0.00482693710085549   0.0144046891427115   0
0.236008970190059   0.337639640533037   0.019662306487505   0.0022413523328107   0
0.215676342778446   0.331673426235168   -0.0203326274116127   -0.00596621429786875   0
0.206170294774656   0.334932533588953   -0.00950604800379004   0.0032591073537851   0
0.200927373982439   0.329355596539506   -0.00524292079221736   -0.00557693704944751   0
0.182925851690494   0.331213807271117   -0.0180015222919452   0.0018582107316108   0
0.19296998169701   0.330693066951643   0.0100441300065166   -0.000520740319474189   0
0.208314871408483   0.340115598015571   0.0153448897114731   0.00942253106392837   0
0.193664049385529   0.33905381874236   -0.0146508220229545   -0.00106177927321055   0
0.169922814102302   0.324641727695549   -0.0237412352832271   -0.014412091046811   0
0.203106766177046   0.338876883540503   0.0331839520747438   0.0142351558449534   0
0.218366705824825   0.346354265604518   0.0152599396477789   0.0074773820640156   0
0.136857126002927   0.317437778188563   -0.0815095798218976   -0.028916487415955   0
0.187231589155745   0.336731818108516   0.0503744631528176   0.0192940399199529   0
0.168443963044509   0.311139433839268   -0.0187876261112355   -0.0255923842692481   0
0.226338511946137   0.318907928118478   0.0578945489016281   0.00776849427920989   0
