0   0   0   0   0
0.0186724114044896   0.0108044493482719   0.0186724114044896   0.0108044493482719   0
0.0431570167092331   0.016738785695849   0.0244846053047436   0.00593433634757711   0
0.101603319500121   0.17800912172731   0.0584463027908882   0.161270336031461   0
0.24979507393244   0.277931266979087   0.148191754432318   0.0999221452517767   0
0.283518700676794   0.302744166783559   0.0337236267443547   0.0248128998044722   0
0.205759108916384   0.271626441431722   -0.0777595917604099   -0.0311177253518368   0
0.265660379806841   0.354156079175827   0.0599012708904566   0.0825296377441049   0
0.264776980454571   0.329655868004302   -0.000883399352270109   -0.0245002111715255   0
0.346411416706123   0.343433314578082   0.0816344362515524   0.0137774465737802   0
0.363328676529744   0.399555910152914   0.0169172598236209   0.0561225955748323   0
0.359389521374371   0.394565707787766   -0.0039391551553733   -0.00499020236514769   0
0.361601151891937   0.405602704998536   0.00221163051756623   0.0110369972107693   0
0.383632386968547   0.457466311227279   0.0220312350766098   0.0518636062287431   0
0.348562984757944   0.396706653498061   -0.0350694022106032   -0.0607596577292183   0
0.313813709211739   0.399740269594754   -0.0347492755462047   0.00303361609669361   0
0.399553755409493   0.46718644035841   0.0857400461977539   0.0674461707636554   0
0.474153256107929   0.541924568044413   0.0745995006984357   0.0747381276860035   0
0.292120074287211   0.37257293335036   -0.182033181820718   -0.169351634694053   0
0.255303944170206   0.397308034906349   -0.0368161301170052   0.024735101555989   0
0.508416233276793   0.513943182075257   0.253112289106587   0.116635147168908   0
0.506938051433967   0.519736402357774   -0.00147818184282622   0.00579322028251694   0
0.452159756143233   0.503164596316204   -0.0547782952907332   -0.0165718060415703   0
0.811881358465325   0.58513971241687   0.359721602322092   0.0819751161006663   0
0.754853907569264   0.554412883098831   -0.0570274508960615   -0.0307268293180393   0
0.753446960992503   0.495726301030903   -0.00140694657676144   -0.0586865820679281   0
0.69657802539967   0.570605013303244   -0.0568689355928327   0.0748787122723404   0
0.82594540184683   0.645279914136478   0.12936737644716   0.0746749008332344   0
0.87438597925049   0.687534955587047   0.0484405774036599   0.0422550414505696   0
0.755310159169418   0.676415832168593   -0.119075820081071   -0.0111191234184544   0
0.808090371909588   0.6659376123503   0.0527802127401698   -0.0104782198182926   0
0.800459944546136   0.649934410135049   -0.00763042736345199   -0.0160032022152515   0
0.785968721706182   0.755880248654688   -0.0144912228399545   0.105945838519639   0
0.853749806685933   0.751211655922112   0.0677810849797517   -0.0046685927325758   0
0.897543732083322   0.76710014765345   0.0437939253973891   0.0158884917313382   0
0.775103096103827   0.730524570595419   -0.122440635979496   -0.0365755770580308   0
0.801736308878225   0.740950108681808   0.0266332127743983   0.0104255380863885   0
0.83890017831559   0.754900352818609   0.0371638694373655   0.0139502441368009   0
0.857842914615346   0.748577152466033   0.0189427362997553   -0.00632320035257583   0
0.771458397543296   0.797178641887577   -0.0863845170720499   0.0486014894215437   0
0.869619132336248   0.787577081120071   0.0981607347929522   -0.00960156076750607   0
0.89907768713237   0.811720993580044   0.0294585547961221   0.0241439124599739   0
0.868144880888989   0.852287395790705   -0.0309328062433808   0.0405664022106601   0
0.917286941155836   0.86726424730107   0.0491420602668471   0.014976851510365   0
0.900665266845824   0.861114469133253   -0.0166216743100123   -0.00614977816781648   0
0.930527355304176   0.864895571840295   0.029862088458352   0.00378110270704191   0
0.879740906650527   0.878627238961222   -0.0507864486536496   0.0137316671209271   0
0.889330075792233   0.836884093512054   0.00958916914170671   -0.0417431454491678   0
0.89662635191987   0.834094026306822   0.00729627612763672   -0.00279006720523267   0
0.891183576656199   0.861085827085553   -0.00544277526367087   0.0269918007787311   0
0.924145407282652   0.853237995255441   0.0329618306264532   -0.00784783183011151   0
0.752532561110619   0.791894668949608   -0.171612846172034   -0.0613433263058333   0
0.630393814762211   0.771912916230991   -0.122138746348408   -0.019981752718617   0
0.657589075638338   0.83515186595947   0.0271952608761276   0.0632389497284788   0
0.841428851881319   0.90108077713118   0.183839776242981   0.0659289111717105   0
0.81786230816952   0.901613289302024   -0.0235665437117986   0.000532512170843602   0
0.714941953776707   0.87030801198998   -0.102920354392814   -0.0313052773120441   0
0.680999682858077   0.905873818118038   -0.0339422709186301   0.0355658061280585   0
0.778801429232012   0.915248904440421   0.0978017463739351   0.00937508632238326   0
0.756210124871408   0.90581350577948   -0.022591304360604   -0.00943539866094123   0
0.788261881887713   0.877790447300011   0.0320517570163048   -0.0280230584794691   0
0.738288535513798   0.831319123077518   -0.0499733463739142   -0.0464713242224936   0
0.836533675956195   0.890049993641835   0.0982451404423964   0.0587308705643174   0
0.956751982910367   0.955085700023959   0.120218306954172   0.0650357063821241   0
0.92762611487793   0.969268964721032   -0.029125868032437   0.014183264697073   0
0.901242731606642   0.942411310610213   -0.0263833832712875   -0.0268576541108194   0
0.957024352024506   0.927021062032647   0.0557816204178637   -0.0153902485775655   0
0.918569238828604   0.915033146831177   -0.0384551131959016   -0.0119879152014702   0
0.913135528987354   0.891487547480497   -0.00543370984125058   -0.0235455993506796   0
0.960737483841151   0.921502751408653   0.0476019548537969   0.0300152039281556   0
1.02250530204679   0.926425296034121   0.0617678182056439   0.00492254462546837   0
0.936595126315832   0.911952806076204   -0.0859101757309627   -0.0144724899579172   0
0.965047744419651   0.821250102795822   0.0284526181038189   -0.0907027032803822   0
0.731347095771271   0.794139559470768   -0.23370064864838   -0.0271105433250535   0
0.614620732485148   0.791288988211736   -0.116726363286123   -0.00285057125903254   0
0.754873229005693   0.8080251307026   0.140252496520545   0.0167361424908644   0
0.832834827314   0.799740982184702   0.0779615983083075   -0.00828414851789783   0
