1.0827799e-14   3.8518599e-32   0   0   0
0.05786782076748   0.0818799795268151   0.0578678207674691   0.0818799795268151   0
0.0859379402278909   0.104136846011493   0.028070119460411   0.022256866484678   0
0.0752483195734748   0.0772680675555734   -0.0106896206544161   -0.0268687784559196   0
0.0777302726042957   0.115849189511238   0.00248195303082084   0.0385811219556649   0
0.088036790507887   0.133032199507611   0.0103065179035913   0.0171830099963732   0
0.0553674236118736   0.144025533421951   -0.0326693668960133   0.0109933339143398   0
0.136969780623173   0.159613397169574   0.0816023570112994   0.0155878637476229   0
0.131156173023912   0.169849359263127   -0.00581360759926111   0.0102359620935524   0
0.132998019214001   0.172659116486809   0.00184184619008934   0.00280975722368196   0
0.0948858416818761   0.228160515691696   -0.0381121775321252   0.0555013992048869   0
0.135805501536623   0.305417443484759   0.0409196598547474   0.0772569277930638   0
0.134499565508578   0.311944490826528   -0.00130593602804505   0.00652704734176851   0
0.0505059439767242   0.26784652478515   -0.0839936215318542   -0.0440979660413777   0
0.0268407492405406   0.257924743826942   -0.0236651947361837   -0.00992178095820767   0
0.0387729837882892   0.239562655798448   0.0119322345477486   -0.0183620880284947   0
0.0308454731070733   0.248573697491182   -0.00792751068121589   0.00901104169273478   0
0.0811959003409673   0.235790495504945   0.050350427233894   -0.0127832019862375   0
0.0458705357204369   0.234205427677288   -0.0353253646205305   -0.00158506782765702   0
0.063006816898865   0.243164089890492   0.0171362811784282   0.00895866221320399   0
0.1090598921652   0.237267678100032   0.0460530752663351   -0.00589641179046027   0
0.0759256597315054   0.227931802693581   -0.0331342324336947   -0.00933587540645053   0
0.0405186600531455   0.22977410094912   -0.0354069996783599   0.00184229825553928   0
0.120101006064802   0.241581430775285   0.0795823460116563   0.0118073298261645   0
0.0821902356779541   0.220639949988158   -0.0379107703868478   -0.020941480787127   0
0.145561577755275   0.279743490466844   0.0633713420773208   0.0591035404786865   0
0.0960737301812952   0.354471431727357   -0.0494878475739796   0.0747279412605122   0
0.183293909025091   0.343325505630273   0.0872201788437962   -0.0111459260970835   0
0.310925289319379   0.458321849800589   0.127631380294287   0.114996344170316   0
0.4797941523798   0.49134213428206   0.168868863060421   0.0330202844814714   0
0.469532858864904   0.487981908540364   -0.0102612935148955   -0.00336022574169637   0
0.285221584245323   0.449414414506238   -0.184311274619581   -0.0385674940341266   0
0.236381909973018   0.43613571254516   -0.0488396742723051   -0.0132787019610778   0
0.300140324191745   0.433015139275942   0.0637584142187265   -0.00312057326921761   0
0.319396770750339   0.434218022239067   0.019256446558594   0.00120288296312521   0
0.328824007113872   0.424409663481668   0.00942723636353354   -0.00980835875739938   0
0.299569288289433   0.385371687428315   -0.0292547188244391   -0.0390379760533528   0
0.492778694747648   0.56426533119208   0.193209406458215   0.178893643763765   0
0.510574611922168   0.567409865592067   0.0177959171745208   0.00314453439998719   0
0.477736147386377   0.477695919325824   -0.032838464535791   -0.0897139462662428   0
0.335417459434284   0.342829080743613   -0.142318687952094   -0.134866838582211   0
0.279854034557341   0.351875555461148   -0.0555634248769424   0.00904647471753484   0
0.312239269988916   0.314933991332251   0.0323852354315748   -0.0369415641288973   0
0.268548933881012   0.313445679960594   -0.0436903361079047   -0.00148831137165673   0
0.220411535915666   0.317634065261908   -0.0481373979653459   0.00418838530131371   0
0.242627077131734   0.319561132103098   0.0222155412160683   0.00192706684119048   0
0.210196873668795   0.301116548704745   -0.032430203462939   -0.0184445833983532   0
0.244447810753725   0.315818265985703   0.0342509370849302   0.0147017172809585   0
0.252704010137486   0.324931151484087   0.00825619938376088   0.00911288549838368   0
0.28631128907771   0.320309645463854   0.033607278940224   -0.00462150602023326   0
0.226541335236502   0.297044989211657   -0.0597699538412085   -0.0232646562521965   0
0.212052405791682   0.298419354741194   -0.0144889294448195   0.00137436552953712   0
0.177765224409205   0.273076110630429   -0.0342871813824772   -0.0253432441107655   0
0.206898185875919   0.299536141270632   0.0291329614667138   0.0264600306402029   0
0.183247716494601   0.268741491737697   -0.0236504693813178   -0.0307946495329352   0
0.17640277577846   0.271368785502626   -0.0068449407161405   0.00262729376492926   0
0.206286355361433   0.309732085540654   0.0298835795829726   0.0383633000380286   0
0.212256892990721   0.310226181697733   0.00597053762928823   0.000494096157078294   0
0.215659350398828   0.312272173495262   0.00340245740810727   0.00204599179752885   0
0.222486241537281   0.307597531709093   0.00682689113845256   -0.00467464178616811   0
0.224479197375185   0.271589134089307   0.00199295583790413   -0.0360083976197866   0
0.421639994736996   0.195159947316213   0.197160797361811   -0.0764291867730936   0
0.267173016787648   0.21001785746274   -0.154466977949349   0.0148579101465265   0
0.283755648427877   0.216622667841812   0.0165826316402295   0.00660481037907262   0
