0   0   0   0   0
0.0217950988450766   0.00352116192729559   0.0217950988450766   0.00352116192729559   0
0.0311694807050932   0.00550690627536849   0.00937438186001656   0.00198574434807289   0
0.0429494466643538   0.0249741572375277   0.0117799659592606   0.0194672509621592   0
0.0302124953126265   0.0280992046794108   -0.0127369513517273   0.00312504744188312   0
0.0617556598309483   0.0221290479463523   0.0315431645183218   -0.00597015673305847   0
0.0343879040544544   0.0283362959526372   -0.0273677557764939   0.00620724800628486   0
0.04369628999844   0.0438795497851123   0.00930838594398561   0.0155432538324751   0
0.0521187815867247   0.0428287651238058   0.00842249158828471   -0.00105078466130656   0
0.0296214947147738   0.0343877482497079   -0.0224972868719509   -0.0084410168740979   0
0.0675178541841173   0.0455254863806642   0.0378963594693435   0.0111377381309564   0
0.0583755893449545   0.0444445168436211   -0.00914226483916283   -0.00108096953704313   0
0.0722501135957807   0.0722823825634538   0.0138745242508262   0.0278378657198327   0
0.122037949343602   0.103183383494465   0.0497878357478214   0.0309010009310107   0
0.0961705007555427   0.088504997909016   -0.0258674485880595   -0.0146783855854485   0
0.102418412303234   0.0900025459418702   0.00624791154769153   0.00149754803285417   0
0.125989516968192   0.095146832661047   0.0235711046649577   0.00514428671917683   0
0.0803676133757738   0.083978124316394   -0.0456219035924181   -0.011168708344653   0
0.0828726122009902   0.0791346611086827   0.00250499882521638   -0.00484346320771128   0
0.0933406054517859   0.0842017351599057   0.0104679932507957   0.00506707405122306   0
0.0777968530345255   0.0860174329910798   -0.0155437524172603   0.00181569783117407   0
0.112239906981197   0.0964442771956684   0.0344430539466719   0.0104268442045886   0
0.0691489389825468   0.0809351302363264   -0.0430909679986506   -0.0155091469593419   0
0.110976611313222   0.0993989972657928   0.0418276723306752   0.0184638670294664   0
0.105448384650025   0.100214831664784   -0.00552822666319693   0.000815834398990828   0
0.0844199352296949   0.092475405667826   -0.0210284494203302   -0.00773942599695758   0
0.116767333767883   0.0987172369833599   0.0323473985381886   0.00624183131553382   0
0.0852140951883833   0.0865364980911117   -0.0315532385795001   -0.0121807388922482   0
0.086566707086982   0.0842417699125596   0.00135261189859869   -0.00229472817855203   0
0.104517394392608   0.0951957702097492   0.0179506873056256   0.0109540002971896   0
0.0913292025638449   0.104093988411921   -0.0131881918287626   0.00889821820217199   0
0.123453206518013   0.107213665716531   0.0321240039541682   0.00311967730460942   0
0.100669966489414   0.105347248608848   -0.0227832400285991   -0.0018664171076828   0
0.109907976129246   0.108574318827413   0.00923800963983143   0.00322707021856562   0
0.122349132991264   0.118731785689712   0.0124411568620181   0.0101574668622988   0
0.0938936974948172   0.111363747223227   -0.0284554354964465   -0.00736803846648505   0
0.126446322351881   0.122629913875298   0.0325526248570635   0.0112661666520709   0
0.103746498719561   0.123471524213761   -0.0226998236323199   0.000841610338462417   0
0.106523117273919   0.123255157141177   0.00277661855435835   -0.000216367072583656   0
0.141548816590417   0.147215855461023   0.0350256993164976   0.0239606983198463   0
0.116485350035737   0.135033091554847   -0.0250634665546793   -0.012182763906176   0
0.101893692209114   0.127420523140053   -0.0145916578266238   -0.00761256841479444   0
0.117763234215843   0.130021706192332   0.0158695420067295   0.00260118305227877   0
0.0827682898916475   0.132461532928396   -0.0349949443241957   0.0024398267360643   0
0.120426609772444   0.135636599269312   0.0376583198807966   0.0031750663409166   0
0.132038833590702   0.156831206900901   0.0116122238182575   0.0211946076315885   0
0.120502743699077   0.167383847390851   -0.0115360898916242   0.0105526404899499   0
0.110343938202994   0.156043521303657   -0.0101588054960837   -0.0113403260871938   0
0.123366356833109   0.17996766630847   0.0130224186301157   0.0239241450048132   0
0.107551986957003   0.187283375899036   -0.015814369876106   0.00731570959056538   0
0.153059783641391   0.209300224187256   0.0455077966843876   0.0220168482882205   0
0.101611719168759   0.174409273064451   -0.0514480644726323   -0.0348909511228049   0
0.137314745170833   0.177854705088148   0.0357030260020738   0.00344543202369657   0
0.10416008954793   0.168878763185302   -0.0331546556229025   -0.00897594190284592   0
0.113374150945815   0.181909947386316   0.00921406139788529   0.0130311842010144   0
0.135814364142637   0.198297706147852   0.0224402131968218   0.0163877587615352   0
0.103905194236057   0.197334973474484   -0.0319091699065804   -0.000962732673367689   0
0.153117909229513   0.215463860996351   0.0492127149934561   0.0181288875218669   0
0.119077571137063   0.201101750412823   -0.0340403380924498   -0.0143621105835278   0
0.105877251922137   0.188482661029865   -0.0132003192149264   -0.0126190893829579   0
0.145926717268437   0.199918591082829   0.0400494653463004   0.011435930052964   0
0.0979648613026495   0.188934622843025   -0.0479618559657876   -0.0109839682398041   0
0.160549278002253   0.209805396461927   0.0625844166996035   0.0208707736189017   0
0.118034784368907   0.20018830702072   -0.0425144936333458   -0.00961708944120646   0
0.126646374379267   0.205727973125746   0.00861159001036002   0.00553966610502551   0
0.138425391648855   0.210603978756105   0.0117790172695875   0.00487600563035903   0
0.0846957239729725   0.185793951326338   -0.0537296676758822   -0.0248100274297665   0
0.132980179561391   0.200915305867602   0.0482844555884189   0.0151213545412641   0
0.135860471579003   0.210086131843175   0.00288029201761125   0.00917082597557306   0
0.120924875574211   0.199970303784035   -0.0149355960047916   -0.0101158280591402   0
0.180889084961166   0.235372453331177   0.0599642093869548   0.0354021495471417   0
0.145806626215665   0.223513823873841   -0.0350824587455005   -0.0118586294573357   0
0.1926628873759   0.258839025600772   0.0468562611602352   0.0353252017269308   0
0.186728343336495   0.257098156328993   -0.00593454403940541   -0.00174086927177947   0
0.140978078182388   0.238855358651222   -0.0457502651541069   -0.0182427976777704   0
0.174121515693837   0.23600393760331   0.0331434375114489   -0.00285142104791267   0
0.149301383787653   0.229669245818462   -0.0248201319061838   -0.00633469178484775   0
0.180346289365465   0.250251458217116   0.0310449055778122   0.0205822123986545   0
