0   0   0   0   0
0.045161516714251   0.0216306353113042   0.045161516714251   0.0216306353113042   0
0.0513909634376709   0.0268145523346121   0.00622944672341992   0.00518391702330791   0
0.05058931909488   0.0281500751730153   -0.000801644342790925   0.00133552283840319   0
0.0141290170152415   0.0455946158364231   -0.0364603020796385   0.0174445406634078   0
0.0787537274303233   0.0424709100156937   0.0646247104150818   -0.00312370582072941   0
0.0746708901560768   0.0560810276786942   -0.00408283727424649   0.0136101176630005   0
0.0599652243196575   0.0789442336194457   -0.0147056658364193   0.0228632059407515   0
0.105104172984054   0.0578901347124649   0.045138948664396   -0.0210540989069808   0
0.0866120786714303   0.0760182519643389   -0.0184920943126232   0.018128117251874   0
0.0906712436357461   0.0956478100157672   0.00405916496431585   0.0196295580514284   0
0.111928609541572   0.118105029110576   0.0212573659058263   0.0224572190948088   0
0.115180002175609   0.117241684718401   0.00325139263403616   -0.000863344392175516   0
0.13976455948823   0.11052348616473   0.0245845573126211   -0.00671819855367051   0
0.155562597480325   0.111580966761769   0.0157980379920949   0.00105748059703885   0
0.156358019635085   0.10584205706626   0.00079542215476   -0.00573890969550889   0
0.146667652393957   0.123915433297019   -0.00969036724112754   0.0180733762307592   0
0.139108456808905   0.116698491344023   -0.00755919558505211   -0.00721694195299595   0
0.158739861683844   0.108221164438589   0.0196314048749394   -0.00847732690543467   0
0.141968397091176   0.113553288079067   -0.0167714645926683   0.00533212364047793   0
0.160916404939342   0.11992531435565   0.018948007848166   0.00637202627658293   0
0.1891176715337   0.14957959440882   0.0282012665943581   0.0296542800531703   0
0.18458193117034   0.154257031091336   -0.00453574036335955   0.00467743668251672   0
0.202048557465782   0.148571451488135   0.0174666262954419   -0.00568557960320118   0
0.179840237197083   0.160686159172573   -0.022208320268699   0.0121147076844379   0
0.166899592000784   0.136608864172355   -0.0129406451962993   -0.0240772950002178   0
0.194600465635596   0.1699919920107   0.0277008736348124   0.033383127838345   0
0.216920440403829   0.171361652876935   0.022319974768233   0.00136966086623455   0
0.194297568035186   0.142517892056126   -0.0226228723686433   -0.0288437608208085   0
0.21719307070049   0.171323293885607   0.0228955026653044   0.0288054018294805   0
0.207846992967017   0.161641648884833   -0.00934607773347357   -0.00968164500077387   0
0.183267537185549   0.141781918974875   -0.0245794557814681   -0.0198597299099578   0
0.192757320931137   0.158770188135887   0.00948978374558845   0.0169882691610112   0
0.190379749140293   0.1443947025287   -0.00237757179084441   -0.0143754856071865   0
0.183334512456346   0.146318115424856   -0.00704523668394641   0.00192341289615608   0
0.181701196949499   0.139164902870875   -0.00163331550684742   -0.00715321255398163   0
0.195688595991859   0.141413582086465   0.0139873990423597   0.00224867921559063   0
0.225930345240419   0.191727014991336   0.0302417492485605   0.0503134329048709   0
0.230942544886847   0.195910677689314   0.00501219964642777   0.0041836626979779   0
0.190197068840303   0.17773683385442   -0.0407454760465438   -0.0181738438348936   0
0.233149310314451   0.183853917156954   0.0429522414741475   0.00611708330253369   0
0.256285366341243   0.201386208928144   0.0231360560267923   0.0175322917711904   0
0.224978052896219   0.200405872931793   -0.0313073134450239   -0.000980335996351583   0
0.230536035937721   0.230314198933711   0.00555798304150207   0.0299083260019184   0
0.227284218708336   0.212931482360352   -0.00325181722938495   -0.0173827165733597   0
0.231868407909614   0.223996620361224   0.00458418920127807   0.0110651380008721   0
0.219901395632798   0.213139922865312   -0.0119670122768163   -0.0108566974959118   0
0.192018333455109   0.235532677896937   -0.0278830621776892   0.0223927550316249   0
0.179767414924452   0.224404226818444   -0.0122509185306567   -0.011128451078493   0
0.239849816038933   0.241470489005589   0.0600824011144809   0.017066262187145   0
0.214660881505031   0.225809612401335   -0.0251889345339024   -0.015660876604254   0
0.219396139679088   0.248132478150891   0.00473525817405776   0.0223228657495561   0
0.256876208003811   0.270032153020036   0.0374800683247226   0.0218996748691452   0
0.218464759542604   0.239802275355897   -0.0384114484612069   -0.0302298776641395   0
0.235959445629314   0.25942934279965   0.0174946860867098   0.0196270674437535   0
0.212743004806389   0.226665431631532   -0.0232164408229244   -0.0327639111681182   0
0.233880545829348   0.250264765609379   0.0211375410229586   0.0235993339778475   0
0.259685962951994   0.247593863178193   0.0258054171226465   -0.00267090243118648   0
0.263524074267021   0.264062087101553   0.00383811131502609   0.0164682239233605   0
0.219194356063856   0.281384485475105   -0.0443297182031649   0.0173223983735515   0
0.248778792606863   0.291503278407589   0.0295844365430077   0.0101187929324841   0
0.233686328663905   0.271084368933418   -0.015092463942958   -0.0204189094741706   0
0.216647817779788   0.257751848340292   -0.0170385108841178   -0.0133325205931267   0
0.262117536070595   0.284956772983222   0.045469718290807   0.0272049246429305   0
0.277857363543047   0.31124204851494   0.0157398274724528   0.0262852755317178   0
0.232842844949289   0.248489720977849   -0.0450145185937582   -0.0627523275370905   0
0.125910920649217   0.122067160762996   -0.106931924300072   -0.126422560214854   0
