0   0   0   0   0
0.044256846161978   0.01747670258277   0.044256846161978   0.01747670258277   0
0.0217068459711379   0.0335546931279906   -0.0225500001908401   0.0160779905452206   0
0.0475737493971086   0.0233146444227764   0.0258669034259707   -0.0102400487052142   0
0.0296641464092327   0.0398528414157778   -0.0179096029878758   0.0165381969930014   0
0.0357274627822314   0.086654683536503   0.00606331637299871   0.0468018421207252   0
0.0740623003913292   0.0720716034324826   0.0383348376090978   -0.0145830801040203   0
0.0373722210437644   0.0922795193502212   -0.0366900793475648   0.0202079159177386   0
0.0806794386094423   0.0883180953511776   0.0433072175656779   -0.00396142399904356   0
0.0827864236088398   0.0793233737015176   0.00210698499939746   -0.00899472164966002   0
0.0275004481277564   0.0809918830811459   -0.0552859754810834   0.00166850937962827   0
0.0882358219607731   0.102271688127273   0.0607353738330168   0.021279805046127   0
0.116439680342198   0.124522694760979   0.0282038583814251   0.0222510066337057   0
0.0474947227601775   0.138864267143624   -0.0689449575820208   0.0143415723826452   0
0.0981818253323633   0.146456190013031   0.0506871025721858   0.0075919228694068   0
0.0733855708547912   0.118078358486985   -0.0247962544775721   -0.0283778315260457   0
0.0863827914129384   0.109706343448013   0.0129972205581473   -0.00837201503897174   0
0.101795350401346   0.102353385255175   0.0154125589884073   -0.00735295819283818   0
0.0978508625995021   0.0988470261455365   -0.00394448780184363   -0.00350635910963851   0
0.0912749661396629   0.107632287312114   -0.00657589645983918   0.00878526116657755   0
0.0939701892384497   0.109028397211997   0.00269522309878681   0.00139610989988292   0
0.145273053880431   0.104035888315745   0.051302864641981   -0.00499250889625232   0
0.0505623399587156   0.0712826481361731   -0.0947107139217151   -0.0327532401795716   0
0.0621979865125842   0.08566472546428   0.0116356465538686   0.0143820773281069   0
0.188254905884693   0.195765157885403   0.126056919372109   0.110100432421123   0
0.118050859097677   0.098621441691576   -0.0702040467870154   -0.097143716193827   0
0.085184030298268   0.0826544158949435   -0.0328668287994094   -0.0159670257966325   0
0.0943807717386891   0.0847694874448174   0.0091967414404211   0.00211507154987386   0
0.0834967199156435   0.103791855388603   -0.0108840518230456   0.0190223679437858   0
0.107615346159392   0.0962863951707812   0.0241186262437481   -0.00750546021782199   0
0.112257707224761   0.103984304590888   0.00464236106536947   0.00769790942010661   0
0.0887122387647585   0.113285174733169   -0.0235454684600025   0.00930087014228073   0
0.118133054753318   0.110597288970618   0.0294208159885593   -0.00268788576255027   0
0.0931805640839151   0.101152761940739   -0.0249524906694027   -0.00944452702987882   0
0.14025701137347   0.115397321968182   0.0470764472895548   0.0142445600274421   0
0.146072791923765   0.0953214344595164   0.0058157805502955   -0.0200758875086651   0
0.137393642956785   0.105388522660672   -0.00867914896698013   0.0100670882011553   0
0.161951245254594   0.116302555607535   0.0245576022978089   0.0109140329468634   0
0.154890485302   0.100358836021939   -0.00706075995259445   -0.0159437195855963   0
0.159669013311382   0.104874561822815   0.00477852800938175   0.00451572580087611   0
0.197618908233311   0.114790581922592   0.0379498949219293   0.00991602009977682   0
0.171414974088764   0.108634579504838   -0.0262039341445469   -0.00615600241775331   0
0.177748139585832   0.120982289037885   0.00633316549706811   0.0123477095330464   0
0.186742072457475   0.125348799222161   0.00899393287164293   0.0043665101842766   0
0.136640335629055   0.110222953414157   -0.0501017368284203   -0.0151258458080045   0
0.158134536958736   0.112648519946449   0.0214942013296813   0.00242556653229174   0
0.183001397186941   0.115509191537477   0.0248668602282053   0.00286067159102787   0
0.152045529020661   0.114674258759193   -0.0309558681662804   -0.000834932778283989   0
0.154536092399088   0.121071590767   0.00249056337842762   0.00639733200780714   0
0.169415066087968   0.0976740224632957   0.0148789736888797   -0.023397568303704   0
0.16639360388125   0.119003732247962   -0.00302146220671778   0.0213297097846661   0
0.188430436937342   0.12645431794757   0.0220368330560915   0.00745058569960774   0
0.200381403115943   0.116712185974847   0.0119509661786008   -0.00974213197272261   0
0.175712804244036   0.122889334575358   -0.0246685988719067   0.00617714860051068   0
0.184724514257949   0.125931892976953   0.00901171001391293   0.00304255840159566   0
0.18304209717323   0.115781241729657   -0.00168241708471922   -0.010150651247296   0
0.212566380858848   0.127660542674764   0.0295242836856185   0.0118793009451071   0
0.223378424430602   0.147821577596149   0.0108120435717541   0.0201610349213847   0
0.173298461577241   0.123047412650154   -0.0500799628533615   -0.0247741649459953   0
0.164012444896747   0.132477458605515   -0.00928601668049339   0.00943004595536116   0
0.149016153104155   0.107878927147306   -0.0149962917925924   -0.0245985314582087   0
0.126440367124579   0.120013816411572   -0.0225757859795759   0.0121348892642661   0
