1.1338241e-14   2.40741245e-33   0   0   0
0.0885070825399688   0.0363215678541162   0.0885070825399574   0.0363215678541162   0
0.0322158312911598   0.0363179868768401   -0.0562912512488089   -3.58097727606865e-06   0
0.0172439798637414   0.0297859787008662   -0.0149718514274184   -0.0065320081759739   0
0.0390520025689036   0.0143123134046234   0.0218080227051621   -0.0154736652962429   0
0.0737832900592148   0.0270752742032003   0.0347312874903112   0.012762960798577   0
0.0754594433447455   0.0336569175902971   0.0016761532855307   0.00658164338709673   0
0.125510756623927   0.0565802630159997   0.0500513132791817   0.0229233454257026   0
0.104313931182109   0.0455190074155623   -0.0211968254418182   -0.0110612556004374   0
0.0998589910043535   0.0417445635522295   -0.00445494017775552   -0.0037744438633328   0
0.0995238631647397   0.0171380621438019   -0.000335127839613855   -0.0246065014084276   0
0.0922707086995839   0.0149732663990588   -0.00725315446515575   -0.00216479574474312   0
0.0915313988662782   0.0166797562799146   -0.000739309833305765   0.00170648988085576   0
0.083262051063477   0.0177954029698954   -0.00826934780280117   0.00111564668998084   0
0.124210127735574   0.0395019597626191   0.0409480766720968   0.0217065567927237   0
0.0767596689842217   0.0410336683463697   -0.0474504587513521   0.0015317085837506   0
0.130933588154232   0.025145248649881   0.0541739191700101   -0.0158884196964886   0
0.119164855652868   0.0413590691336642   -0.0117687325013633   0.0162138204837832   0
0.121696488747624   0.025602495754438   0.00253163309475569   -0.0157565733792262   0
0.148697277461615   0.0372364382750315   0.0270007887139912   0.0116339425205936   0
0.111041098345889   0.0245716889336833   -0.0376561791157262   -0.0126647493413482   0
0.137895216992813   0.0613333895877934   0.0268541186469241   0.0367617006541101   0
0.132856178877721   0.0326995271836313   -0.00503903811509279   -0.0286338624041621   0
0.130753920126107   0.0274660487837628   -0.00210225875161318   -0.00523347839986851   0
0.172486469567826   0.0675980012006469   0.0417325494417183   0.0401319524168841   0
0.182188531604566   0.0686924420559248   0.00970206203674021   0.00109444085527798   0
0.126504164048432   0.0400370793444808   -0.0556843675561337   -0.0286553627114441   0
0.19086744852422   0.0789765713985476   0.0643632844757876   0.0389394920540668   0
0.14048291154318   0.0380709162617676   -0.0503845369810401   -0.04090565513678   0
0.182889370882821   0.0672940889564461   0.0424064593396412   0.0292231726946786   0
0.174187996935059   0.0634335809190527   -0.00870137394776155   -0.00386050803739342   0
0.155177947990623   0.0414611920580888   -0.0190100489444361   -0.0219723888609639   0
0.145024834638037   0.0418183501377675   -0.0101531133525865   0.000357158079678677   0
0.164075179886169   0.0497902415975191   0.0190503452481323   0.0079718914597516   0
0.194380238621179   0.0527953784366466   0.0303050587350104   0.00300513683912757   0
0.171825435820803   0.0417664519670206   -0.0225548028003762   -0.011028926469626   0
0.232290467655378   0.071396027781203   0.0604650318345746   0.0296295758141824   0
0.164929164168469   0.0515269838565671   -0.0673613034869086   -0.0198690439246359   0
0.169198067967246   0.0354978784063797   0.0042689037987769   -0.0160291054501874   0
0.146101461369206   0.0463564536210531   -0.0230966065980397   0.0108585752146734   0
0.131963246983351   0.0521762384714064   -0.0141382143858553   0.00581978485035325   0
0.172400447453832   0.0480234339212915   0.0404372004704813   -0.00415280455011486   0
0.123481944331238   0.0414158763210383   -0.0489185031225942   -0.00660755760025323   0
0.171381704481006   0.0670202654445403   0.0478997601497677   0.025604389123502   0
0.190234215003614   0.0753259430204812   0.0188525105226076   0.00830567757594099   0
0.163033822178819   0.0462462318633169   -0.027200392824795   -0.0290797111571643   0
0.192992053807164   0.0642533857968217   0.029958231628346   0.0180071539335048   0
0.179223218972998   0.0731856324262524   -0.0137688348341668   0.00893224662943067   0
0.166812563442339   0.0686482074658305   -0.0124106555306586   -0.00453742496042193   0
0.192139559180581   0.0641864182686499   0.025326995738242   -0.0044617891971806   0
0.164449971519525   0.05887267463581   -0.027689587661056   -0.00531374363283985   0
0.202035969100763   0.065908188402822   0.0375859975812381   0.00703551376701197   0
0.213421075022353   0.0580542543346875   0.0113851059215897   -0.00785393406813445   0
0.202981243934743   0.071505401338415   -0.01043983108761   0.0134511470037274   0
0.217565075092782   0.0820059712224593   0.0145838311580395   0.0105005698840443   0
0.162329108709391   0.0596971000721528   -0.0552359663833916   -0.0223088711503065   0
0.225974354613817   0.0979060567476626   0.0636452459044263   0.0382089566755098   0
0.207557310395696   0.0729379806923811   -0.0184170442181207   -0.0249680760552816   0
0.230474674833093   0.0855862812391708   0.0229173644373963   0.0126483005467898   0
0.22008685863796   0.101187864349035   -0.0103878161951332   0.0156015831098646   0
0.27636870766819   0.113342307933911   0.0562818490302308   0.0121544435848758   0
0.216455048522651   0.0747909859327916   -0.0599136591455395   -0.0385513220011196   0
0.239773675029869   0.103821250953766   0.023318626507218   0.0290302650209746   0
0.224841709222848   0.0768180884188295   -0.0149319658070206   -0.0270031625349366   0
0.189573534222148   0.0843888957947011   -0.0352681750007003   0.0075708073758716   0
0.233886405461207   0.0987913455719568   0.0443128712390586   0.0144024497772557   0
0.249282195788734   0.112935436429494   0.0153957903275279   0.014144090857537   0
0.243040659563256   0.110383939173961   -0.00624153622547824   -0.0025514972555323   0
0.291556134383373   0.113442350791848   0.0485154748201165   0.00305841161788621   0
0.278062095718248   0.0900429555798792   -0.0134940386651252   -0.0233993952119685   0
0.288369398579387   0.0835993230865771   0.0103073028611397   -0.00644363249330204   0
0.283429443542455   0.103504363866078   -0.00493995503693251   0.0199050407795009   0
0.295648743041128   0.104866058372549   0.012219299498673   0.00136169450647132   0
0.275841494660475   0.111429339590529   -0.0198072483806531   0.00656328121797929   0
0.303303254413906   0.136489766243824   0.0274617597534311   0.0250604266532957   0
0.271145371836372   0.155436106539734   -0.0321578825775339   0.0189463402959099   0
0.277764178525847   0.149128475116102   0.00661880668947473   -0.00630763142363266   0
0.251447649471561   0.157526777496296   -0.0263165290542853   0.00839830238019426   0
0.249185727296986   0.152324486503253   -0.00226192217457527   -0.00520229099304315   0
0.274108906229245   0.146405914493786   0.0249231789322594   -0.00591857200946672   0
0.253376773849739   0.170999474807301   -0.0207321323795061   0.0245935603135148   0
0.304413520618628   0.148789003918678   0.0510367467688884   -0.0222104708886225   0
0.32662159649742   0.137682092979524   0.0222080758787925   -0.011106910939154   0
0.322631446787599   0.109989139329887   -0.00399014970982153   -0.027692953649637   0
