1.65625713832382e-14   1.926807e-16   0   0   0
0.0806855718548816   0.047062831958667   0.080685571854865   0.0470628319586668   0
0.00955051226951933   0.0130247872166845   -0.0711350595853623   -0.0340380447419825   0
0.0559330367137598   0.0486806006208351   0.0463825244442405   0.0356558134041506   0
0.0671758086154999   0.0624643162891209   0.01124277190174   0.0137837156682858   0
0.0259275311582601   0.0215746475164488   -0.0412482774572398   -0.0408896687726721   0
0.0351103189666852   0.0310540912345988   0.0091827878084251   0.00947944371815006   0
0.00850897305903189   0.0220745776780071   -0.0266013459076533   -0.00897951355659176   0
0.0497050921558805   0.0259485761842775   0.0411961190968487   0.00387399850627042   0
0.057222092724471   0.0425711902812514   0.00751700056859048   0.0166226140969739   0
0.120840671255454   0.0736412354370514   0.0636185785309833   0.0310700451558   0
0.143687644771601   0.0928263470994917   0.0228469735161471   0.0191851116624404   0
0.0528469983229595   0.0551539183941502   -0.090840646448642   -0.0376724287053415   0
0.0297304301628411   0.036876662863986   -0.0231165681601183   -0.0182772555301642   0
0.0422369794810592   0.0210590780668192   0.012506549318218   -0.0158175847971668   0
0.0228090435690657   0.0228170614758825   -0.0194279359119935   0.00175798340906332   0
0.0550277225422089   0.0388405332442449   0.0322186789731432   0.0160234717683623   0
0.0669807633413036   0.0304812254387564   0.0119530407990947   -0.00835930780548845   0
0.0287106408753108   0.0195774215989849   -0.0382701224659928   -0.0109038038397715   0
0.0874013271845836   0.0418091221573966   0.0586906863092729   0.0222317005584116   0
0.0297534148824877   0.0404521014142282   -0.0576479123020959   -0.00135702074316842   0
0.0399219430635396   0.0429477909945696   0.0101685281810519   0.00249568958034143   0
0.0339658116195734   0.0508716833055474   -0.00595613144396621   0.00792389231097782   0
0.0351947660686847   0.0228644990236022   0.00122895444911136   -0.0280071842819452   0
0.042335157429062   0.0289332321838357   0.0071403913603773   0.00606873316023353   0
0.0657416874954035   0.0478963917092805   0.0234065300663415   0.0189631595254448   0
0.0471062995356115   0.0105970121906364   -0.018635387959792   -0.0372993795186441   0
0.0338514113931887   0.0173627032975545   -0.0132548881424228   0.00676569110691812   0
0.0756114121841459   0.0455890442923242   0.0417600007909573   0.0282263409947697   0
0.0769627012820817   0.0630882834754002   0.00135128909793579   0.0174992391830761   0
0.0403070284960568   0.0876861417536909   -0.0366556727860249   0.0245978582782907   0
0.0378180172278744   0.0930211027083142   -0.0024890112681824   0.00533496095462327   0
0.0414646089790203   0.0543545994690892   0.00364659175114594   -0.038666503239225   0
0.0734818859208542   0.079868798724993   0.0320172769418339   0.0255141992559038   0
0.0458488843897271   0.0618952707713058   -0.0276330015311271   -0.0179735279536872   0
0.0646354689986883   0.0865952861560205   0.0187865846089612   0.0247000153847147   0
0.0217438410621171   0.0637912236593823   -0.0428916279365713   -0.0228040624966381   0
0.0474057399422662   0.0690979000654467   0.0256618988801492   0.00530667640606433   0
0.0407778921124325   0.0596184795357073   -0.00662784782983375   -0.00947942052973935   0
0.0856457739022197   0.0775684156624002   0.0448678817897872   0.0179499361266928   0
0.056675573925833   0.0642786253699349   -0.0289701999763867   -0.0132897902924653   0
0.0954509255202532   0.0884374219053471   0.0387753515944203   0.0241587965354123   0
0.0848578274245809   0.0836474037474597   -0.0105930980956724   -0.00479001815788745   0
0.0816859532815165   0.0664614933208287   -0.0031718741430644   -0.017185910426631   0
0.0655904124064733   0.0612598139725396   -0.0160955408750432   -0.00520167934828904   0
0.0904525214031317   0.0518767064206731   0.0248621089966585   -0.00938310755186652   0
0.0650846691242325   0.0590749021916136   -0.0253678522788992   0.00719819577094049   0
0.0715038914750952   0.0350300061679127   0.00641922235086276   -0.0240448960237009   0
0.0709744781656536   0.0638975261358487   -0.000529413309441673   0.028867519967936   0
0.0844773212336218   0.0869033980757168   0.0135028430679682   0.0230058719398681   0
0.0926590244207058   0.0425759852665534   0.00818170318708397   -0.0443274128091635   0
0.0797986703704914   0.0494370548985489   -0.0128603540502144   0.00686106963199556   0
0.0643527688152708   0.0311324469719145   -0.0154459015552206   -0.0183046079266344   0
0.0662786952965731   0.0464560791646232   0.00192592648130231   0.0153236321927087   0
0.0655349209046846   0.0250927209838948   -0.000743774391888496   -0.0213633581807284   0
0.0684747296424954   0.0328025556205976   0.0029398087378108   0.00770983463670282   0
0.0697130483216082   0.042479447737148   0.00123831867911277   0.00967689211655033   0
0.0621169640556241   0.0558700081759083   -0.00759608426598407   0.0133905604387604   0
0.0688689363843939   0.0265071669592984   0.00675197232876977   -0.0293628412166099   0
0.0749290401627078   0.0454492818418244   0.00606010377831391   0.018942114882526   0
0.0922990850395937   0.021658425188357   0.0173700448768859   -0.0237908566534674   0
0.0618107880278605   0.0385903312628877   -0.0304882970117332   0.0169319060745307   0
0.0868913336120423   0.0336278857483663   0.0250805455841818   -0.00496244551452141   0
0.0943808966912475   0.0334915853092321   0.00748956307920526   -0.0001363004391342   0
0.058812275532857   0.0267520659066444   -0.0355686211583905   -0.00673951940258767   0
0.0675753608825018   0.0262311176662983   0.00876308534964473   -0.000520948240346184   0
0.0770096154026539   0.0433147169737903   0.00943425452015213   0.0170835993074921   0
0.0765872067622217   0.0101287513444369   -0.00042240864043222   -0.0331859656293535   0
0.0908323416692075   0.0395750165260944   0.0142451349069858   0.0294462651816575   0
0.0748047496595816   0.0355408113138396   -0.0160275920096259   -0.00403420521225475   0
0.0969078954346885   0.06578795070608   0.0221031457751069   0.0302471393922403   0
0.145434927269435   0.0506040241412378   0.0485270318347461   -0.0151839265648422   0
0.104909915268573   0.0380743284291105   -0.0405250120008618   -0.0125296957121272   0
