0   0   0   0   0
0.0685983838655958   0.0397142941312166   0.0685983838655958   0.0397142941312166   0
0.0407447027519567   0.0381183727206278   -0.0278536811136391   -0.00159592141058879   0
0.082624822570858   0.0835289491968426   0.0418801198189013   0.0454105764762147   0
0.0834677578370707   0.122420634631768   0.000842935266212735   0.0388916854349255   0
0.0963947511417085   0.148784259178488   0.0129269933046378   0.0263636245467197   0
0.0847971923082832   0.151521925005657   -0.0115975588334253   0.00273766582716961   0
0.0774103921198757   0.159345601744453   -0.00738680018840752   0.00782367673879522   0
0.0898306741268734   0.160261212992175   0.0124202820069977   0.000915611247722492   0
0.104755964548185   0.195146630724617   0.0149252904213117   0.034885417732442   0
0.145689421611399   0.197594761806181   0.0409334570632136   0.00244813108156341   0
0.13866100173253   0.20864753364753   -0.00702841987886821   0.0110527718413493   0
0.191109645562082   0.213481720864358   0.0524486438295514   0.00483418721682866   0
0.153154460604841   0.194668704544209   -0.0379551849572407   -0.0188130163201492   0
0.157973092620954   0.191198181986103   0.00481863201611238   -0.00347052255810665   0
0.139678206915076   0.149616798406935   -0.0182948857058776   -0.0415813835791675   0
0.128283558377808   0.136035367994231   -0.0113946485372675   -0.0135814304127043   0
0.126962193844969   0.129672587650074   -0.00132136453283899   -0.00636278034415702   0
0.133593136622245   0.129454706584894   0.00663094277727522   -0.000217881065179337   0
0.120565011766778   0.133591180958452   -0.0130281248554669   0.00413647437355777   0
0.104902803427423   0.131686319308792   -0.0156622083393542   -0.00190486164966061   0
0.109883709925737   0.141003871348205   0.00498090649831368   0.00931755203941387   0
0.121121735565334   0.153266035202725   0.0112380256395968   0.0122621638545193   0
0.123926930049724   0.154393187350014   0.00280519448438957   0.00112715214728934   0
0.119030071069063   0.155457680116439   -0.00489685898066014   0.00106449276642545   0
0.150502419381601   0.173690526960335   0.0314723483125372   0.0182328468438957   0
0.175791563319794   0.163163811998147   0.0252891439381935   -0.010526714962188   0
0.262195425413455   0.143419180072717   0.0864038620936612   -0.01974463192543   0
0.269156296008533   0.14274714570732   0.00696087059507722   -0.000672034365396978   0
0.260867011961632   0.158777654039079   -0.00828928404690099   0.0160305083317584   0
0.268473286591551   0.170043438082499   0.00760627462991964   0.0112657840434204   0
0.255283756824296   0.158505911703403   -0.0131895297672547   -0.0115375263790959   0
0.192109924450346   0.159185336629273   -0.0631738323739503   0.000679424925869948   0
0.202822716664901   0.150789165977961   0.0107127922145549   -0.00839617065131157   0
0.210578254377493   0.146954540743698   0.00775553771259155   -0.00383462523426337   0
0.201276075753665   0.157730657607476   -0.00930217862382773   0.0107761168637781   0
0.225197275696052   0.144784129632245   0.0239211999423872   -0.0129465279752309   0
0.233001432286054   0.139512631130928   0.00780415659000169   -0.00527149850131683   0
0.209945951540673   0.159652356817991   -0.0230554807453808   0.0201397256870625   0
0.195156362005702   0.168431795913432   -0.0147895895349712   0.00877943909544118   0
0.216887654379802   0.159418742990585   0.0217312923741004   -0.00901305292284699   0
0.214319647517384   0.147512820369159   -0.00256800686241798   -0.011905922621426   0
0.247489250498472   0.141833120593395   0.033169602981088   -0.00567969977576374   0
0.198376862970249   0.181483914440712   -0.0491123875282234   0.0396507938473166   0
0.213153694228691   0.172486083748858   0.0147768312584418   -0.00899783069185436   0
0.217328189285362   0.147509873400979   0.004174495056671   -0.0249762103478782   0
0.254085542921789   0.168344011846164   0.0367573536364273   0.0208341384451847   0
0.234102884049632   0.157291996369191   -0.0199826588721568   -0.0110520154769726   0
0.226396628549935   0.156193307135924   -0.00770625549969747   -0.00109868923326722   0
0.263783887101076   0.166273473782116   0.0373872585511415   0.0100801666461913   0
0.260701650737852   0.175306420398415   -0.00308223636322413   0.00903294661629958   0
0.286275279669257   0.120938011854027   0.025573628931405   -0.0543684085443878   0
0.405171654502896   0.124920972507082   0.118896374833639   0.00398296065305466   0
0.433525996851136   0.136091015135011   0.02835434234824   0.0111700426279287   0
0.432338116635416   0.140900444060423   -0.00118788021572053   0.00480942892541267   0
0.440971290723314   0.144381121246025   0.00863317408789815   0.00348067718560185   0
0.437868413511818   0.142139364765193   -0.0031028772114961   -0.00224175648083172   0
0.400712512400063   0.1522026560327   -0.0371559011117543   0.0100632912675063   0
0.407893744166532   0.147781295190885   0.00718123176646912   -0.00442136084181444   0
0.407947294552695   0.153894005847473   5.35503861626707e-05   0.00611271065658758   0
0.416273406140644   0.160679523770951   0.00832611158794933   0.00678551792347781   0
0.403896039370793   0.161369893132758   -0.0123773667698516   0.000690369361806997   0
0.452400397695207   0.159667901575817   0.0485043583244136   -0.00170199155694092   0
