9.1358651e-15   4.70344025e-17   0   0   0
0.0385523865918031   0.0322807693842665   0.038552386591794   0.0322807693842664   0
0.0207257350249275   0.0292245773392617   -0.0178266515668756   -0.00305619204500481   0
0.0935185581919999   0.073538990761742   0.0727928231670724   0.0443144134224804   0
0.0664640462129441   0.0804747358794325   -0.0270545119790559   0.00693574511769046   0
0.116547387800621   0.105363226703442   0.0500833415876768   0.0248884908240094   0
0.14486082271261   0.104229127863675   0.0283134349119891   -0.00113409883976681   0
0.121548497516703   0.118071414293963   -0.0233123251959067   0.0138422864302882   0
0.104882606734497   0.0964976621727599   -0.0166658907822063   -0.0215737521212034   0
0.0998019894475754   0.115669104942253   -0.00508061728692161   0.0191714427694934   0
0.0615752711905022   0.11079565754389   -0.0382267182570733   -0.00487344739836305   0
0.107371363982461   0.12808775858476   0.0457960927919588   0.0172921010408703   0
0.121297464145328   0.13584152317084   0.0139261001628669   0.00775376458607988   0
0.0969618804482397   0.136550551117141   -0.0243355836970882   0.000709027946300539   0
0.0823380706812694   0.121333661073531   -0.0146238097669703   -0.0152168900436101   0
0.0794990032550039   0.131608630069958   -0.00283906742626541   0.0102749689964272   0
0.0909606856618513   0.154064669654395   0.0114616824068473   0.0224560395844373   0
0.0944342872783082   0.128569426974354   0.00347360161645696   -0.0254952426800414   0
0.126149517894114   0.148379820909901   0.0317152306158056   0.0198103939355472   0
0.13030212877293   0.151676858078909   0.0041526108788158   0.00329703716900817   0
0.143583079419163   0.142791142651436   0.0132809506462336   -0.00888571542747293   0
0.159295164148646   0.152770516070223   0.015712084729483   0.00997937341878619   0
0.16631897321559   0.17167420165141   0.00702380906694361   0.0189036855811879   0
0.190741119768113   0.167897169707922   0.0244221465525232   -0.00377703194348841   0
0.231059590748461   0.179985940951146   0.0403184709803475   0.0120887712432243   0
0.234269751446378   0.180448204322904   0.00321016069791796   0.000462263371757449   0
0.210727843756225   0.17590518876582   -0.0235419076901534   -0.00454301555708389   0
0.252287537610198   0.20125102583755   0.0415596938539725   0.0253458370717299   0
0.249387149239242   0.1829795598703   -0.00290038837095591   -0.0182714659672495   0
0.263453974026837   0.164484627467042   0.0140668247875956   -0.018494932403258   0
0.281669344971811   0.184490224062299   0.0182153709449732   0.0200055965952569   0
0.303759202549567   0.216059808811664   0.0220898575777563   0.0315695847493646   0
0.293077802712461   0.216130327301677   -0.0106813998371058   7.05184900134381e-05   0
0.260599904909277   0.189688611831768   -0.0324778978031838   -0.0264417154699094   0
0.261030092212976   0.211837999099293   0.000430187303698426   0.0221493872675257   0
0.27343778690905   0.228143556150682   0.0124076946960739   0.0163055570513886   0
0.294770927537593   0.247657610497291   0.021333140628543   0.0195140543466084   0
0.265772874756464   0.258639753570254   -0.0289980527811288   0.0109821430729633   0
0.288727167707147   0.262890532787676   0.022954292950683   0.00425077921742179   0
0.281182711709355   0.246377484304563   -0.00754445599779163   -0.0165130484831126   0
0.28505972053451   0.254078276244606   0.00387700882515474   0.00770079194004353   0
0.302266316160295   0.265423861186783   0.0172065956257855   0.0113455849421767   0
0.322229873206351   0.268649627337034   0.0199635570460557   0.00322576615025127   0
0.326252918370279   0.253287364898951   0.00402304516392737   -0.0153622624380834   0
0.329629899247814   0.266756987325469   0.00337698087753552   0.0134696224265177   0
0.32773005628756   0.274030859697517   -0.00189984296025447   0.00727387237204785   0
0.337538867043832   0.265691008736215   0.00980881075627194   -0.0083398509613018   0
0.304579364839589   0.258464492037516   -0.0329595022042428   -0.00722651669869928   0
0.310466936849322   0.274788821215442   0.0058875720097335   0.0163243291779265   0
0.356943895608191   0.291963148587605   0.0464769587588685   0.0171743273721626   0
0.391856917337721   0.297560530777813   0.0349130217295302   0.00559738219020817   0
0.438716817232714   0.287523572393237   0.0468598998949932   -0.0100369583845756   0
0.3951025881946   0.284558007938863   -0.043614229038114   -0.00296556445437451   0
0.512217276631405   0.403933458907154   0.117114688436805   0.119375450968292   0
0.537056511510664   0.427891864827764   0.0248392348792585   0.02395840592061   0
0.52361881253554   0.397113385941197   -0.0134376989751237   -0.030778478886567   0
0.504576583400033   0.372171721851451   -0.019042229135507   -0.0249416640897464   0
0.506273977095822   0.367135665891927   0.00169739369578914   -0.00503605595952417   0
0.470845969767513   0.364558998425064   -0.0354280073283089   -0.00257666746686225   0
0.504998438146747   0.368224875456961   0.0341524683792335   0.00366587703189691   0
0.494245517889324   0.370004249339497   -0.0107529202574227   0.00177937388253596   0
0.518010873984448   0.397258788176092   0.0237653560951244   0.0272545388365947   0
0.52030711241047   0.409037461373008   0.00229623842602222   0.0117786731969156   0
0.531156275178003   0.410664096305574   0.0108491627675323   0.00162663493256687   0
0.526416882394566   0.424490216192364   -0.00473939278343638   0.0138261198867894   0
0.509529148155248   0.43063362395612   -0.0168877342393188   0.00614340776375616   0
0.537420359602584   0.434619708633682   0.0278912114473365   0.00398608467756162   0
0.53448026288246   0.417427533945039   -0.0029400967201243   -0.0171921746886431   0
0.541970148810673   0.406483499635599   0.00748988592821309   -0.0109440343094393   0
0.52891461605124   0.413369823703583   -0.0130555327594333   0.00688632406798367   0
0.543835334418733   0.417054554561753   0.0149207183674933   0.00368473085817034   0
0.560094401984966   0.412508638745293   0.0162590675662332   -0.0045459158164598   0
0.542829561611993   0.406215343631164   -0.0172648403729733   -0.00629329511412918   0
0.538026258675646   0.409153105814632   -0.00480330293634645   0.00293776218346814   0
0.555605635149937   0.402484259709127   0.0175793764742901   -0.00666884610550517   0
0.548166343103787   0.385957996798425   -0.00743929204614924   -0.0165262629107027   0
0.486348478826738   0.368606263054142   -0.0618178642770491   -0.0173517337442823   0
0.526911522897815   0.399688730800993   0.0405630440710767   0.0310824677468508   0
