0   0   0   0   0
0.0433946637251712   0.0534824495160869   0.0433946637251712   0.0534824495160869   0
0.0840689850142064   0.0815348140823603   0.0406743212890351   0.0280523645662734   0
0.10589263631378   0.0756272783211047   0.0218236512995734   -0.00590753576125559   0
0.0283752764147872   0.0666564978939171   -0.0775173598989926   -0.00897078042718763   0
0.069178315503144   0.209255268628735   0.0408030390883568   0.142598770734817   0
0.690751028024915   0.833941894781606   0.621572712521771   0.624686626152872   0
0.601491510774649   0.74160146369584   -0.0892595172502655   -0.0923404310857664   0
0.542739144230861   0.687253018653603   -0.0587523665437889   -0.0543484450422367   0
0.371040159741328   0.725667766237785   -0.171698984489532   0.0384147475841821   0
0.407080418212172   0.717616300323794   0.036040258470844   -0.00805146591399131   0
0.475515262241064   0.64278082020469   0.0684348440288923   -0.0748354801191037   0
0.387280542853398   0.619250621636971   -0.0882347193876661   -0.0235301985677195   0
0.350585920647365   0.648625876702702   -0.0366946222060333   0.0293752550657312   0
0.482538833211264   0.604730934960126   0.131952912563899   -0.0438949417425765   0
0.483235230934745   0.607669331054745   0.000696397723480513   0.00293839609461988   0
0.405480956699619   0.642254846124772   -0.0777542742351256   0.0345855150700266   0
0.438813435821517   0.634616747471366   0.0333324791218975   -0.00763809865340614   0
0.495304445178258   0.626869903259626   0.0564910093567413   -0.0077468442117401   0
0.45694539481276   0.613707062520301   -0.0383590503654974   -0.0131628407393251   0
0.411149157279192   0.639404897663616   -0.0457962375335688   0.0256978351433153   0
0.438517327368188   0.601593385186786   0.0273681700889962   -0.0378115124768301   0
0.408814829674533   0.600781558048365   -0.029702497693655   -0.000811827138420429   0
0.40219819437769   0.632367141831783   -0.0066166352968427   0.031585583783418   0
0.457888111981372   0.619112213922399   0.0556899176036816   -0.013254927909384   0
0.427125745315328   0.614656285487055   -0.0307623666660438   -0.00445592843534481   0
0.367371952361345   0.638446028571543   -0.0597537929539827   0.023789743084488   0
0.373587828091151   0.620502311858255   0.00621587572980564   -0.0179437167132881   0
0.463956713444552   0.606970647106979   0.0903688853534006   -0.0135316647512754   0
0.393861334730326   0.631522663154386   -0.0700953787142253   0.0245520160474064   0
0.404072530175949   0.617760251714946   0.0102111954456223   -0.01376241143944   0
0.444689309796481   0.623370962304329   0.0406167796205321   0.00561071058938334   0
0.469437945778698   0.643772670420296   0.0247486359822177   0.0204017081159673   0
0.438095902334228   0.628544796136055   -0.0313420434444703   -0.0152278742842413   0
0.353965323050387   0.643504811262897   -0.0841305792838406   0.0149600151268426   0
0.379172481459127   0.655916677547398   0.0252071584087395   0.0124118662845005   0
0.443204604314065   0.642861289075767   0.0640321228549384   -0.0130553884716309   0
0.353352124046375   0.628654011294198   -0.0898524802676902   -0.014207277781569   0
0.413364591530428   0.625166966633138   0.0600124674840525   -0.00348704466105976   0
0.368410718600608   0.618168180503512   -0.0449538729298192   -0.00699878612962679   0
0.376273258141077   0.613330321957203   0.00786253954046856   -0.00483785854630847   0
0.36843076474226   0.581871088476519   -0.00784249339881715   -0.031459233480684   0
0.438085205337858   0.627188181813332   0.0696544405955978   0.0453170933368126   0
0.398778445728191   0.616290643602912   -0.0393067596096667   -0.0108975382104192   0
0.395296301602493   0.582345211896096   -0.00348214412569803   -0.0339454317068169   0
0.334738860304506   0.596258507802683   -0.0605574412979874   0.0139132959065877   0
0.356344027116745   0.607970827484109   0.0216051668122398   0.0117123196814262   0
0.374671285805102   0.606634123605723   0.0183272586883571   -0.00133670387838603   0
0.337735940396124   0.623643195606837   -0.0369353454089786   0.0170090720011133   0
0.333208273273948   0.619756491086289   -0.00452766712217556   -0.00388670452054796   0
0.387470942171109   0.62018996869128   0.0542626688971606   0.00043347760499135   0
0.402872406893327   0.683787190657157   0.0154014647222184   0.0635972219658766   0
0.362124311924712   0.661221217471127   -0.0407480949686153   -0.0225659731860293   0
0.389591117389894   0.617239028774346   0.0274668054651819   -0.0439821886967816   0
0.417258738421722   0.627814876997803   0.027667621031828   0.0105758482234573   0
0.333023569463368   0.653603916390784   -0.0842351689583536   0.0257890393929813   0
0.357666280233551   0.648715406119654   0.0246427107701825   -0.00488851027113069   0
0.316020947541355   0.651298582782161   -0.0416453326921958   0.00258317666250707   0
0.415181313395546   0.664346181134485   0.0991603658541909   0.0130475983523238   0
0.420038033608529   0.671575975915808   0.00485672021298322   0.00722979478132291   0
0.381720657411599   0.647794509699604   -0.0383173761969302   -0.0237814662162034   0
0.332474129443563   0.686283993166749   -0.049246527968036   0.0384894834671448   0
0.411340917531262   0.681966117177896   0.0788667880876988   -0.00431787598885269   0
0.37183462298425   0.648216812030621   -0.0395062945470113   -0.0337493051472749   0
0.353236336816516   0.682424788884409   -0.0185982861677342   0.0342079768537875   0
0.394534420094252   0.666611185227588   0.0412980832777364   -0.0158136036568211   0
0.386472980698057   0.676244216947531   -0.00806143939619502   0.0096330317199429   0
0.351256805447661   0.702618310305656   -0.0352161752503969   0.0263740933581257   0
0.379829621096094   0.669735209341786   0.0285728156484333   -0.0328831009638701   0
0.349576317630052   0.654246101020935   -0.0302533034660422   -0.0154891083208512   0
0.334126019609417   0.618919322706246   -0.0154502980206349   -0.0353267783146887   0
0.428810724490321   0.753268220879014   0.0946847048809038   0.134348898172768   0
0.278395255393825   0.669874759379757   -0.150415469096495   -0.0833934614992575   0
0.302501822944891   0.652727015197876   0.0241065675510655   -0.0171477441818811   0
0.386275970593069   0.669972414247853   0.0837741476481784   0.0172453990499769   0
0.429388426586428   0.696433536787997   0.0431124559933583   0.0264611225401449   0
