0   0   0   0   0
0.0290139668085464   0.0256965176166379   0.0290139668085464   0.0256965176166379   0
0.067235694919559   0.0189270588442665   0.0382217281110126   -0.00676945877237149   0
0.0915234415570531   0.127076231884486   0.0242877466374941   0.108149173040219   0
0.124108352173356   0.125139436162186   0.0325849106163034   -0.00193679572229927   0
0.106956685818168   0.154002647530004   -0.0171516663551883   0.0288632113678176   0
0.165020991320771   0.184101893471541   0.0580643055026033   0.0300992459415372   0
0.204451302439789   0.209567353459649   0.0394303111190177   0.0254654599881083   0
0.215128225956862   0.205663388752418   0.010676923517073   -0.00390396470723114   0
0.207051866206978   0.197003491828159   -0.00807635974988424   -0.00865989692425906   0
0.208914198817929   0.173990459528776   0.00186233261095115   -0.0230130322993834   0
0.20144882653932   0.189784321933391   -0.00746537227860922   0.0157938624046148   0
0.197490570494112   0.187888252381014   -0.00395825604520816   -0.00189606955237645   0
0.208120057023653   0.176352212971473   0.0106294865295415   -0.0115360394095415   0
0.208176257977635   0.177392453738527   5.62009539820107e-05   0.00104024076705411   0
0.206928707697815   0.156104696112945   -0.00124755027982021   -0.021287757625582   0
0.252066495379728   0.109153050807769   0.0451377876819132   -0.0469516453051756   0
0.217769449213404   0.130502337204474   -0.0342970461663245   0.0213492863967045   0
0.237269033858616   0.139611793706028   0.019499584645212   0.0091094565015547   0
0.248073781499357   0.126708727624855   0.0108047476407409   -0.0129030660811736   0
0.259567377094762   0.126393062024741   0.0114935955954057   -0.000315665600113368   0
0.242196119793105   0.115196066983328   -0.017371257301657   -0.0111969950414133   0
0.24289104807062   0.109976206275029   0.000694928277514467   -0.00521986070829945   0
0.281020511271206   0.115858627052682   0.0381294632005859   0.00588242077765351   0
0.315507742172092   0.147491237940557   0.0344872309008869   0.0316326108878744   0
0.344940671889419   0.163681833824137   0.0294329297173268   0.0161905958835805   0
0.299531155698384   0.147359285274202   -0.0454095161910355   -0.0163225485499353   0
0.255792795945993   0.127984440408119   -0.0437383597523903   -0.0193748448660823   0
0.254416421274806   0.149867590117291   -0.00137637467118701   0.0218831497091716   0
0.251674810800053   0.127317763111015   -0.00274161047475319   -0.0225498270062764   0
0.252441802014908   0.13928444656263   0.000766991214854407   0.0119666834516153   0
0.253982835102841   0.126484414196   0.00154103308793324   -0.0128000323666295   0
0.264586104307583   0.118669579666459   0.010603269204742   -0.0078148345295415   0
0.284377886673109   0.132275073165181   0.0197917823655266   0.0136054934987224   0
0.259916052405174   0.149128453076222   -0.024461834267936   0.0168533799110406   0
0.272834938510248   0.134247652136302   0.012918886105075   -0.0148808009399198   0
0.281291341637625   0.124253708348332   0.00845640312737644   -0.00999394378796992   0
0.270099376966424   0.10968457570491   -0.0111919646712013   -0.014569132643422   0
0.240687416391513   0.120734995698043   -0.0294119605749104   0.0110504199931329   0
0.259219776966848   0.117383313984172   0.0185323605753347   -0.00335168171387144   0
0.25333312529959   0.12333018746714   -0.00588665166725755   0.00594687348296848   0
0.252791450642194   0.123842298926273   -0.000541674657396629   0.000512111459133144   0
0.248810820979124   0.096142486906902   -0.00398062966306931   -0.0276998120193713   0
0.235390585942159   0.0969303755125409   -0.0134202350369655   0.000787888605638914   0
0.231825243160288   0.113581638326649   -0.00356534278187071   0.0166512628141079   0
0.247798167696019   0.114201428784929   0.0159729245357313   0.000619790458280672   0
0.242185423933222   0.0982835201925539   -0.00561274376279733   -0.0159179085923755   0
0.250251297233424   0.0931191223116057   0.00806587330020173   -0.00516439788094825   0
0.224482605173991   0.140529482470055   -0.0257686920594328   0.0474103601584491   0
0.21713802022753   0.140683716575797   -0.00734458494646056   0.00015423410574264   0
0.231192780822167   0.125812727396652   0.0140547605946366   -0.0148709891791451   0
0.246693926862782   0.102393096108884   0.0155011460406153   -0.0234196312877687   0
0.285991655670196   0.166416463829736   0.0392977288074141   0.064023367720852   0
0.227684750748009   0.141404232810681   -0.0583069049221873   -0.0250122310190542   0
0.223901655805567   0.154943347466606   -0.00378309494244208   0.0135391146559243   0
0.225912721014992   0.148481346163815   0.00201106520942548   -0.00646200130279073   0
0.22851167186182   0.143710291575941   0.00259895084682787   -0.00477105458787389   0
0.230603812078176   0.134920284138379   0.00209214021635612   -0.00879000743756214   0
0.303645315742449   0.141573631868699   0.0730415036642723   0.00665334773031998   0
0.286332650044733   0.13528650560944   -0.0173126656977157   -0.0062871262592587   0
0.269140258422794   0.124607282690471   -0.0171923916219388   -0.010679222918969   0
0.270937442336521   0.150335209756458   0.00179718391372624   0.0257279270659868   0
0.281460544547609   0.135806283068742   0.0105231022110883   -0.014528926687716   0
0.280191388367256   0.149559887820068   -0.001269156180353   0.0137536047513259   0
0.295841998171111   0.145982107173332   0.0156506098038555   -0.00357778064673647   0
0.320165855745535   0.164939149400613   0.0243238575744242   0.0189570422272811   0
0.315113043217799   0.170204296527281   -0.00505281252773637   0.00526514712666812   0
0.315245799402749   0.143159983067186   0.000132756184949678   -0.0270443134600949   0
0.321526724914964   0.165701431165808   0.00628092551221521   0.0225414480986222   0
0.313183421703361   0.195653350617302   -0.00834330321160337   0.0299519194514942   0
0.318153584584456   0.217595332389171   0.00497016288109525   0.0219419817718687   0
0.365096280163357   0.1951492338798   0.0469426955789013   -0.0224460985093711   0
0.555777703143924   0.11902549093379   0.190681422980567   -0.07612374294601   0
0.786707472817517   0.141166464740603   0.230929769673593   0.0221409738068136   0
0.853111940674284   0.176094259835519   0.0664044678567668   0.0349277950949152   0
0.781895082644625   0.159027973175285   -0.0712168580296589   -0.0170662866602332   0
0.401016897298734   0.303299154435388   -0.380878185345891   0.144271181260102   0
