1.1196882e-14   1.9736168e-50   0   0   0
0.1154626235495   0.0498683946625934   0.115462623549489   0.0498683946625934   0
0.0706086908861487   0.0656703013834941   -0.0448539326633511   0.0158019067209008   0
0.0494651899974553   0.0422429516691683   -0.0211435008886934   -0.0234273497143259   0
0.0266502441180491   0.0341194818128584   -0.0228149458794062   -0.00812346985630989   0
0.0637634746657169   0.0445822119884698   0.0371132305476678   0.0104627301756114   0
0.0560291047944638   0.0537499643940409   -0.00773436987125301   0.00916775240557118   0
0.0549323126719533   0.0495014969963343   -0.00109679212251054   -0.00424846739770662   0
0.0903313197095723   0.0782252392526552   0.035399007037619   0.0287237422563209   0
0.138326677788281   0.100317655311127   0.0479953580787092   0.0220924160584719   0
0.105058972822343   0.0911379638510596   -0.0332677049659386   -0.00917969146006753   0
0.102395456956523   0.123138204230199   -0.00266351586581977   0.032000240379139   0
0.0935577133679301   0.126629330155424   -0.00883774358859296   0.00349112592522549   0
0.0941374277135739   0.139657677994383   0.000579714345643786   0.0130283478389588   0
0.0742627142567757   0.171230948282993   -0.0198747134567982   0.0315732702886104   0
0.142655483599739   0.237753301133713   0.0683927693429637   0.0665223528507199   0
0.151028510336263   0.238380294524798   0.0083730267365236   0.000626993391084324   0
0.128467548018512   0.269118709354753   -0.0225609623177505   0.0307384148299553   0
0.12172707970601   0.272451626458485   -0.00674046831250248   0.00333291710373196   0
0.121992531946619   0.245701853574882   0.000265452240609435   -0.026749772883603   0
0.0908773604341879   0.241257710498326   -0.0311151715124315   -0.00444414307655588   0
0.129641733645001   0.270808508834304   0.0387643732108132   0.0295507983359778   0
0.139171795779845   0.277741008744909   0.00953006213484389   0.00693249991060513   0
0.085876785310442   0.216315287010148   -0.053295010469403   -0.0614257217347604   0
0.108430806945193   0.279607367557363   0.0225540216347514   0.0632920805472143   0
0.149279380500552   0.30615854842004   0.0408485735553581   0.0265511808626777   0
0.166851245462724   0.286332465612794   0.0175718649621724   -0.0198260828072468   0
0.158390466818255   0.319377129123173   -0.00846077864446917   0.0330446635103797   0
0.196627373890117   0.332091802817422   0.0382369070718623   0.0127146736942491   0
0.207860177724073   0.33496044488929   0.0112328038339555   0.00286864207186732   0
0.219943460654838   0.373180262124061   0.0120832829307657   0.0382198172347716   0
0.226826069021161   0.366976593237264   0.00688260836632257   -0.00620366888679758   0
0.213817632814334   0.375224456300665   -0.013008436206827   0.00824786306340164   0
0.25563645047145   0.404605794727148   0.0418188176571166   0.0293813384264829   0
0.246178606697881   0.39876842462628   -0.0094578437735697   -0.00583737010086821   0
0.245116120286124   0.398402604677247   -0.00106248641175655   -0.000365819949033397   0
0.272476706739277   0.391860293416428   0.0273605864531525   -0.00654231126081906   0
0.237634818681077   0.382717756523543   -0.0348418880581993   -0.00914253689288469   0
0.283047262577702   0.420050893918442   0.0454124438966243   0.0373331373948987   0
0.283405766829052   0.3892818864059   0.000358504251350256   -0.0307690075125421   0
0.28096388254341   0.408628014864338   -0.00244188428564152   0.0193461284584384   0
0.286063411793135   0.403802813856337   0.0050995292497244   -0.0048252010080006   0
0.282978594758643   0.408863843752463   -0.00308481703449204   0.00506102989612561   0
0.301873387498067   0.404814154262725   0.018894792739424   -0.00404968948973811   0
0.268921736975063   0.394993187933448   -0.0329516505230036   -0.00982096632927676   0
0.276201487623232   0.41088886981345   0.00727975064816944   0.0158956818800022   0
0.306308700356877   0.413596344830616   0.0301072127336446   0.00270747501716539   0
0.270090172659914   0.391582946294276   -0.0362185276969631   -0.0220133985363397   0
0.275758845673326   0.415167124595176   0.00566867301341206   0.0235841783008997   0
0.296086904417151   0.425422611997841   0.0203280587438254   0.0102554874026648   0
0.267032098354693   0.40572519560537   -0.0290548060624586   -0.019697416392471   0
0.258623185832788   0.423748913403374   -0.00840891252190495   0.0180237177980049   0
0.32022290465618   0.447567482544518   0.0615997188233919   0.0238185691411433   0
0.290395582198839   0.4254118266826   -0.0298273224573404   -0.0221556558619173   0
0.280659897485856   0.448059615727406   -0.00973568471298353   0.0226477890448054   0
0.285498984141474   0.428668263297969   0.00483908665561844   -0.0193913524294373   0
0.273634826203159   0.439119428441065   -0.0118641579383154   0.0104511651430962   0
0.26052353307163   0.459276324231245   -0.0131112931315293   0.0201568957901807   0
0.233733692889277   0.48311582168772   -0.0267898401823531   0.023839497456475   0
0.232912028164521   0.475207095334049   -0.000821664724755922   -0.00790872635367162   0
0.21318408502665   0.466044920355401   -0.0197279431378706   -0.00916217497864735   0
0.234543755153255   0.476076242821746   0.0213596701266051   0.0100313224663449   0
0.196799664064611   0.421353480008597   -0.0377440910886436   -0.0547227628131498   0
0.273134812934868   0.458814703855124   0.0763351488702566   0.0374612238465271   0
0.256416553578542   0.467373407940934   -0.0167182593563259   0.00855870408581078   0
0.257415132853584   0.478438694652294   0.000998579275041878   0.0110652867113594   0
0.251743112435708   0.502103413814424   -0.00567202041787646   0.0236647191621299   0
0.218947673537147   0.505165600242091   -0.0327954388985608   0.00306218642766776   0
0.203184488013006   0.480728884409676   -0.0157631855241412   -0.0244367158324151   0
0.236659156893845   0.511561913855189   0.0334746688808395   0.0308330294455128   0
0.242922813468462   0.500060147840001   0.00626365657461722   -0.0115017660151882   0
0.230497582768019   0.490330893486862   -0.0124252307004438   -0.00972925435313921   0
0.263555757121077   0.53008200713519   0.033058174353058   0.0397511136483285   0
0.229912387734768   0.490097517474831   -0.0336433693863084   -0.0399844896603595   0
