0   0   0   0   0
0.141833579053788   0.0364892977106482   0.141833579053788   0.0364892977106482   0
0.0931338106294777   0.0308990337993463   -0.0486997684243108   -0.00559026391130198   0
0.115391109193042   0.0187060569635451   0.0222572985635645   -0.0121929768358012   0
0.150235070959816   0.0244798304141026   0.0348439617667738   0.00577377345055752   0
0.0769808457040958   0.019161841647233   -0.0732542252557202   -0.00531798876686957   0
0.162106111982704   0.038578904357955   0.0851252662786082   0.019417062710722   0
0.214015824768069   0.0568488485832353   0.0519097127853649   0.0182699442252803   0
0.200381313834173   0.053966532288461   -0.0136345109338959   -0.00288231629477427   0
0.21244345744165   0.0413686515138099   0.012062143607477   -0.0125978807746512   0
0.156117428609378   0.0403658593912731   -0.0563260288322724   -0.00100279212253679   0
0.176233367410906   0.0761687374312683   0.0201159388015288   0.0358028780399952   0
0.160206280070658   0.0392750344787557   -0.0160270873402483   -0.0368937029525126   0
0.142877172812089   0.0400784490050238   -0.0173291072585688   0.000803414526268149   0
0.135255791511212   0.044651917201994   -0.00762138130087689   0.0045734681969702   0
0.153120805413455   0.058068825949711   0.0178650139022422   0.0134169087477169   0
0.182162189735565   0.0802873151238956   0.0290413843221103   0.0222184891741846   0
0.150043920805487   0.0702023689171082   -0.0321182689300778   -0.0100849462067874   0
0.23458420885262   0.114011513488546   0.0845402880471333   0.0438091445714374   0
0.243587416640273   0.0983737713332064   0.00900320778765287   -0.0156377421553392   0
0.189772149585644   0.0511072052579749   -0.0538152670546291   -0.0472665660752315   0
0.179283066965755   0.0701083533670176   -0.0104890826198893   0.0190011481090427   0
0.0824759442409153   0.0734538363803792   -0.0968071227248397   0.00334548301336154   0
0.184233499933795   0.0727409694376001   0.10175755569288   -0.000712866942779056   0
0.260454008245484   0.106158028038073   0.0762205083116893   0.033417058600473   0
0.425940570567765   0.198179306840413   0.16548656232228   0.0920212788023398   0
0.355111764244494   0.227685175849298   -0.0708288063232707   0.029505869008885   0
0.361572526765342   0.161025253540075   0.00646076252084793   -0.0666599223092229   0
0.323029272434707   0.105697661879267   -0.0385432543306349   -0.0553275916608078   0
0.289242894105717   0.082735416453658   -0.0337863783289901   -0.0229622454256092   0
0.320726024674702   0.093498057562251   0.0314831305689848   0.0107626411085931   0
0.312306775406037   0.0737545267059378   -0.008419249268665   -0.0197435308563132   0
0.328478928408034   0.095531379172708   0.0161721530019976   0.0217768524667702   0
0.356634583198587   0.17317103931088   0.0281556547905525   0.0776396601381718   0
0.329226399029701   0.528253879397477   -0.0274081841688862   0.355082840086597   0
0.392589023423759   0.435807534988112   0.0633626243940586   -0.0924463444093641   0
0.38817385536216   0.110964089561514   -0.00441516806159903   -0.324843445426599   0
0.224852732881642   0.087977051706631   -0.163321122480518   -0.0229870378548825   0
0.158124778049154   0.168530184385511   -0.0667279548324883   0.0805531326788802   0
0.203147587910579   0.407127310540454   0.0450228098614259   0.238597126154942   0
0.119474057397842   0.170985785450206   -0.0836735305127371   -0.236141525090248   0
0.113765927796846   0.331424139326845   -0.005708129600996   0.160438353876639   0
0.230028701925651   0.221688482592272   0.116262774128804   -0.109735656734572   0
0.160613301868288   0.359439845328444   -0.0694154000573629   0.137751362736172   0
0.158859976899836   0.312645445565559   -0.00175332496845176   -0.0467943997628845   0
0.0934257253063355   0.412966593755843   -0.0654342515935003   0.100321148190283   0
0.121569364769228   0.40604414532521   0.0281436394628927   -0.00692244843063233   0
0.105299791817709   0.37752956372802   -0.0162695729515193   -0.0285145815971904   0
0.120631073807996   0.350796556752785   0.0153312819902871   -0.0267330069752348   0
0.121134099818011   0.372148352497628   0.000503026010014715   0.0213517957448432   0
0.148367225100695   0.349238865081355   0.0272331252826842   -0.0229094874162734   0
0.235772094598085   0.281167099841928   0.0874048694973902   -0.0680717652394272   0
0.16712260277902   0.206961294502043   -0.0686494918190647   -0.0742058053398844   0
0.441153467499043   0.186751366256007   0.274030864720023   -0.0202099282460366   0
0.151099813053732   0.261359261180097   -0.290053654445311   0.0746078949240903   0
0.132145787247713   0.371505525127231   -0.0189540258060189   0.110146263947134   0
0.144373650187805   0.399207526316018   0.012227862940092   0.0277020011887871   0
0.0904913610671271   0.464906729255686   -0.0538822891206781   0.0656992029396681   0
0.341716347748028   0.379992702651658   0.251224986680901   -0.0849140266040282   0
0.716531629713578   0.545127359207483   0.37481528196555   0.165134656555825   0
0.529788485535826   0.550850622732429   -0.186743144177752   0.0057232635249459   0
0.37192210636143   0.600364152372194   -0.157866379174396   0.049513529639765   0
0.391027090011631   0.598879872955005   0.0191049836502014   -0.00148427941718943   0
0.423503617441875   0.519513475533941   0.032476527430244   -0.0793663974210636   0
0.260238823070295   0.493530308587194   -0.16326479437158   -0.0259831669467467   0
0.266269868892726   0.328226241972138   0.00603104582243069   -0.165304066615056   0
0.373520555323075   0.622408347624055   0.10725068643035   0.294182105651917   0
0.332196820177863   0.639981124845058   -0.0413237351452118   0.0175727772210024   0
0.344819668424148   0.614565002906182   0.012622848246285   -0.0254161219388752   0
0.347064017696464   0.606770206720843   0.00224434927231604   -0.0077947961853394   0
0.652875059667075   0.783493647535924   0.305811041970611   0.176723440815081   0
0.65798361638792   0.523982461282143   0.00510855672084476   -0.25951118625378   0
0.152899661129623   0.54541336977808   -0.505083955258297   0.0214309084959362   0
0.199535803573543   0.541759125507821   0.0466361424439198   -0.00365424427025884   0
0.230029629734046   0.625855495587262   0.0304938261605033   0.0840963700794413   0
0.157337086984463   0.338548204052816   -0.0726925427495825   -0.287307291534446   0
0.223060295710881   0.35150353143895   0.0657232087264175   0.0129553273861338   0
0.234734361133454   0.422074932394923   0.011674065422573   0.0705714009559726   0
