0   0   0   0   0
0.025212417126154   0.014103040885127   0.025212417126154   0.014103040885127   0
0.0387864347366867   0.0208663192075465   0.0135740176105326   0.00676327832241956   0
0.0422044172310089   0.0252650797768118   0.00341798249432222   0.00439876056926523   0
0.0649056992007041   0.023927176252929   0.0227012819696953   -0.00133790352388273   0
0.182474539231144   0.081582708577179   0.11756884003044   0.05765553232425   0
0.0461833219613914   0.0368710566025472   -0.136291217269752   -0.0447116519746318   0
0.0363103647474941   0.0629083678246179   -0.00987295721389726   0.0260373112220707   0
0.0622838171924371   0.0866838425921703   0.025973452444943   0.0237754747675524   0
0.0802335134617829   0.103548177013416   0.0179496962693457   0.0168643344212461   0
0.0768691953512374   0.0980643669188839   -0.00336431811054548   -0.00548381009453255   0
0.073765010583537   0.081492054628255   -0.00310418476770033   -0.0165723122906288   0
0.086583454265831   0.103988628033399   0.0128184436822939   0.0224965734051441   0
0.0810681504443637   0.0766635006963618   -0.00551530382146727   -0.0273251273370373   0
0.0788352018390537   0.0918621115946292   -0.00223294860530997   0.0151986108982673   0
0.0881496150822896   0.118246889007503   0.00931441324323587   0.0263847774128741   0
0.112397222092234   0.152205382255074   0.0242476070099444   0.0339584932475712   0
0.121698275364612   0.164245546998114   0.0093010532723784   0.0120401647430397   0
0.12678853150804   0.173031174997905   0.00509025614342762   0.0087856279997906   0
0.141451009769307   0.195863349425113   0.0146624782612672   0.022832174427208   0
0.162095675765725   0.200513848656971   0.0206446659964179   0.00465049923185779   0
0.158136366025965   0.205402566979973   -0.00395930973976028   0.00488871832300258   0
0.154779501632755   0.211570026562919   -0.00335686439320973   0.00616745958294571   0
0.18106037465398   0.227884775696226   0.0262808730212253   0.0163147491333075   0
0.19049856535731   0.238835276270644   0.00943819070332996   0.010950500574418   0
0.159573882707043   0.223845590684862   -0.0309246826502668   -0.0149896855857825   0
0.158470361057382   0.211185086620336   -0.0011035216496619   -0.0126605040645262   0
0.169357498508799   0.216626620457461   0.010887137451417   0.00544153383712473   0
0.180499748384651   0.214371303573833   0.0111422498758522   -0.00225531688362715   0
0.17535031319729   0.2263510037535   -0.00514943518736033   0.011979700179667   0
0.191396806745478   0.230340606827776   0.0160464935481875   0.00398960307427587   0
0.180441052594709   0.217476450533573   -0.0109557541507691   -0.0128641562942035   0
0.173426391147049   0.231375913019386   -0.00701466144766019   0.013899462485813   0
0.192609064078472   0.243910460170121   0.019182672931423   0.0125345471507356   0
0.20562000132027   0.254749242971757   0.0130109372417979   0.0108387828016361   0
0.180489436107719   0.242801837392938   -0.0251305652125508   -0.0119474055788195   0
0.229913415498699   0.278539067620825   0.0494239793909801   0.0357372302278869   0
0.213713603494187   0.267228349276341   -0.0161998120045122   -0.011310718344484   0
0.252295996222758   0.293060474132242   0.038582392728571   0.0258321248559012   0
0.249767241102759   0.30303824623196   -0.00252875511999889   0.00997777209971773   0
0.28282229174798   0.320358036219709   0.0330550506452211   0.017319789987749   0
0.284777692499216   0.322976614590462   0.00195540075123618   0.00261857837075341   0
0.264992761105956   0.331530614543093   -0.0197849313932597   0.00855399995263079   0
0.260279730315429   0.327618031756942   -0.00471303079052771   -0.00391258278615098   0
0.267936354197116   0.317492472831758   0.0076566238816877   -0.0101255589251841   0
0.275683439263367   0.328172124870221   0.00774708506625044   0.0106796520384627   0
0.294976352536565   0.328776171550991   0.0192929132731979   0.000604046680770354   0
0.302257400284918   0.301629611215968   0.00728104774835303   -0.0271465603350233   0
0.283529874921994   0.301761278492081   -0.0187275253629233   0.000131667276113689   0
0.322800042968388   0.320660873337788   0.0392701680463938   0.0188995948457063   0
0.27215138565485   0.309436125995979   -0.0506486573135383   -0.0112247473418084   0
0.204188663982222   0.304707086851378   -0.0679627216726283   -0.00472903914460121   0
0.199187195766149   0.28935929971719   -0.00500146821607289   -0.0153477871341878   0
0.186285515521268   0.30424225470679   -0.0129016802448803   0.0148829549895999   0
0.181125346801278   0.306008893752142   -0.00516016871999042   0.00176663904535207   0
0.183903408154707   0.296842490861435   0.00277806135342953   -0.00916640289070692   0
0.171670571877277   0.266989323661756   -0.0122328362774307   -0.0298531671996788   0
0.169319435235076   0.28446154352355   -0.00235113664220077   0.0174722198617931   0
0.167288926713566   0.281366280163697   -0.00203050852150971   -0.00309526335985216   0
0.194049079641282   0.292368217694379   0.0267601529277157   0.011001937530682   0
0.19245616362703   0.28087316460154   -0.00159291601425229   -0.0114950530928397   0
0.211014960453747   0.283995843533363   0.0185587968267168   0.00312267893182377   0
0.184814348544303   0.289971537480874   -0.026200611909444   0.0059756939475108   0
0.132260503458167   0.275488803836275   -0.052553845086136   -0.0144827336445992   0
0.142559568817188   0.282467875377437   0.0102990653590216   0.00697907154116223   0
0.151744755652764   0.288478279379088   0.00918518683557543   0.00601040400165065   0
0.144960530557686   0.273964131285993   -0.00678422509507806   -0.0145141480930946   0
0.149934968748314   0.285366237684469   0.00497443819062846   0.011402106398476   0
0.154763454401406   0.291470188115905   0.00482848565309194   0.00610395043143563   0
0.150088669679064   0.287143998427425   -0.00467478472234203   -0.00432618968848009   0
0.142129283561223   0.269396284622268   -0.00795938611784089   -0.0177477138051573   0
0.133859705579731   0.284968845914044   -0.00826957798149228   0.015572561291777   0
0.136792971137888   0.283019339807095   0.00293326555815687   -0.00194950610694949   0
0.140858568669524   0.265190709231541   0.00406559753163677   -0.0178286305755537   0
0.142026188612969   0.252154540214438   0.00116761994344491   -0.0130361690171029   0
0.16355096140053   0.24939733657441   0.0215247727875602   -0.00275720364002879   0
0.145693460266901   0.258306765082097   -0.0178575011336283   0.00890942850768744   0
0.178933278878469   0.281873343455272   0.0332398186115673   0.0235665783731749   0
