1.07931538293272e-14   7.9036455e-17   0   0   0
0.071777365310864   0.0300620177986856   0.0717773653108532   0.0300620177986855   0
0.075429788842801   0.0330711260894807   0.00365242353193695   0.00300910829079515   0
0.0476400232474755   0.0207757770208346   -0.0277897655953254   -0.0122953490686461   0
0.0397720725779892   0.0282355693102845   -0.00786795066948633   0.00745979228944988   0
0.0448597243472199   0.0348368955448982   0.00508765176923071   0.00660132623461371   0
0.0633768229574345   0.0431662525139972   0.0185170986102146   0.00832935696909901   0
0.003015474601018   0.0290652921447458   -0.0603613483564165   -0.0141009603692514   0
0.0251985991452443   0.0343071081468004   0.0221831245442263   0.00524181600205457   0
0.0463143450131533   0.0354971010320964   0.021115745867909   0.00118999288529602   0
0.0436388864508656   0.0274817121367787   -0.00267545856228765   -0.00801538889531773   0
0.0884242796398811   0.0474120938051641   0.0447853931890155   0.0199303816683855   0
0.0708910673286279   0.0432481131450008   -0.0175332123112532   -0.00416398066016331   0
0.0637521236762217   0.0565265052042598   -0.00713894365240618   0.013278392059259   0
0.0277597458863143   0.0193605215915139   -0.0359923777899074   -0.0371659836127459   0
0.0425894171724122   0.0100920724033359   0.0148296712860979   -0.009268449188178   0
0.0199208501384888   0.0268954555025285   -0.0226685670339234   0.0168033830991926   0
0.0404139250947763   0.0365271023205133   0.0204930749562875   0.00963164681798487   0
0.0642569075904553   0.0231831014870112   0.023842982495679   -0.0133440008335021   0
0.048948059336432   0.00565632642584545   -0.0153088482540232   -0.0175267750611658   0
0.00645116180154217   0.0299010064163538   -0.0424968975348899   0.0242446799905083   0
0.0239463710789684   0.0440120893586961   0.0174952092774262   0.0141110829423423   0
0.031565383599523   0.0354043425979781   0.00761901252055458   -0.00860774676071803   0
0.0815550074632951   0.0233541403939581   0.0499896238637721   -0.01205020220402   0
0.0999120128009815   0.038040728637523   0.0183570053376864   0.0146865882435649   0
0.110163774967043   0.0387858420791541   0.0102517621660613   0.000745113441631154   0
0.115335386207575   0.026101610018452   0.00517161124053267   -0.0126842320607022   0
0.0281034581188901   0.0797836814499611   -0.0872319280886854   0.0536820714315091   0
0.0194332628504656   0.0650657446242868   -0.00867019526842453   -0.0147179368256743   0
0.0590640079244999   0.0361695016883045   0.0396307450740343   -0.0288962429359823   0
0.0587371135377931   0.0454658696655239   -0.000326894386706821   0.0092963679772194   0
0.0332866602307634   0.0711942621751415   -0.0254504533070297   0.0257283925096176   0
0.0594084297003782   0.0469909193484195   0.0261217694696149   -0.024203342826722   0
0.104405428179229   0.0172066616812147   0.044996998478851   -0.0297842576672048   0
0.0756919826883971   0.0391893667237749   -0.0287134454908322   0.0219827050425602   0
0.0645824620496926   0.0433760597866598   -0.0111095206387045   0.00418669306288492   0
0.0905739160349227   0.0229993567143602   0.0259914539852301   -0.0203767030722996   0
0.0869748418206481   0.0218568935593373   -0.00359907421427456   -0.00114246315502295   0
0.0809553138210804   0.0464476066146538   -0.00601952799956772   0.0245907130553166   0
0.083026574283522   0.0331355200666072   0.00207126046244162   -0.0133120865480466   0
0.068425207029433   0.0522814924509988   -0.014601367254089   0.0191459723843916   0
0.098854898920726   0.0383154964859733   0.0304296918912929   -0.0139659959650254   0
0.0958379106811386   0.0457122491501574   -0.00301698823958733   0.0073967526641841   0
0.111820028793706   0.0680631957947363   0.0159821181125674   0.0223509466445789   0
0.0823623783846821   0.0602197089142654   -0.0294576504090239   -0.00784348688047089   0
0.112058065518086   0.0402494357607914   0.0296956871334039   -0.019970273153474   0
0.105317307964971   0.0619226896201047   -0.00674075755311465   0.0216732538593132   0
0.136745714596606   0.10114443791593   0.0314284066316346   0.039221748295825   0
0.13517008462584   0.0957473050391215   -0.00157562997076555   -0.00539713287680817   0
0.144251432854994   0.0776640915130142   0.00908134822915316   -0.0180832135261073   0
0.165420499961123   0.101653758862862   0.0211690671061293   0.0239896673498481   0
0.198667330007701   0.112740498311869   0.0332468300465777   0.0110867394490066   0
0.217665979375254   0.0977821849863813   0.0189986493675533   -0.0149583133254877   0
0.252259552673001   0.0760859626104871   0.034593573297747   -0.0216962223758942   0
0.233127437726606   0.0710659921738058   -0.019132114946395   -0.0050199704366813   0
0.256565731757767   0.103459787149504   0.0234382940311614   0.0323937949756978   0
0.252235038060916   0.101995301849219   -0.00433069369685163   -0.00146448530028483   0
0.222799997498392   0.0911113397246809   -0.0294350405625235   -0.0108839621245379   0
0.253932864919942   0.109458214702454   0.0311328674215501   0.0183468749777727   0
0.250751452021595   0.124492350724062   -0.00318141289834734   0.015034136021608   0
0.247941879559239   0.0970916951299894   -0.00280957246235583   -0.0274006555940722   0
0.293757566868729   0.108892147372613   0.0458156873094897   0.0118004522426231   0
0.324914596937219   0.117724484730393   0.0311570300684904   0.00883233735778044   0
0.31576838950237   0.0990762218088068   -0.00914620743484917   -0.0186482629215861   0
0.325919691063098   0.0817159574042324   0.0101513015607276   -0.0173602644045744   0
0.328665196743731   0.110530794551802   0.00274550568063292   0.0288148371475693   0
0.343039207479952   0.108365945593628   0.0143740107362212   -0.0021648489581738   0
0.338252541880549   0.0850516300783505   -0.00478666559940277   -0.0233143155152774   0
0.296135182586455   0.0671350253383201   -0.0421173592940943   -0.0179166047400305   0
0.327183806392268   0.102671668551713   0.0310486238058136   0.0355366432133926   0
0.34359906004318   0.116703659399821   0.0164152536509113   0.0140319908481084   0
0.316803425572158   0.095970558287899   -0.0267956344710218   -0.0207331011119221   0
0.332962288510027   0.110625465611186   0.0161588629378692   0.0146549073232869   0
0.345408055372719   0.120162849438848   0.0124457668626925   0.00953738382766223   0
0.337888748033752   0.0955201954600009   -0.00751930733896794   -0.0246426539788472   0
0.362114005242593   0.105828394226755   0.0242252572088417   0.0103081987667542   0
0.339896560257146   0.123749794272871   -0.0222174449854476   0.0179214000461162   0
0.341873961984881   0.127101822054249   0.00197740172773547   0.0033520277813778   0
