7.7793998e-15   1.34095455e-16   0   0   0
0.0371794342390394   0.00755225406535385   0.0371794342390316   0.00755225406535372   0
0.0681780430717958   0.0492251394985514   0.0309986088327564   0.0416728854331975   0
0.129060412374765   0.0881150847318076   0.0608823693029693   0.0388899452332562   0
0.0979901073314889   0.0800629657689704   -0.0310703050432762   -0.00805211896283714   0
0.0970593082670284   0.0561594841777452   -0.000930799064460544   -0.0239034815912252   0
0.0629145357161133   0.0631779248997178   -0.0341447725509151   0.00701844072197254   0
0.122116152647021   0.0936704965486684   0.0592016169309079   0.0304925716489506   0
0.12120907947048   0.11455455348237   -0.000907073176541304   0.0208840569337021   0
0.0700498928745838   0.108631317587669   -0.0511591865958961   -0.00592323589470126   0
0.0837618253723889   0.138718184176148   0.0137119324978052   0.0300868665884783   0
0.0983331553903048   0.123362254036204   0.0145713300179159   -0.0153559301399438   0
0.130731244937956   0.143439133530055   0.032398089547651   0.020076879493851   0
0.121631783452538   0.15323294287773   -0.0090994614854175   0.00979380934767521   0
0.147795581400872   0.172302711191336   0.0261637979483332   0.0190697683136057   0
0.112717369372071   0.170222461847275   -0.0350782120288006   -0.00208024934406081   0
0.103955211657941   0.173131215143341   -0.00876215771412957   0.00290875329606591   0
0.113047199855593   0.177754705471618   0.00909198819765196   0.00462349032827769   0
0.138350573206903   0.180149601413397   0.0253033733513098   0.00239489594177894   0
0.114613988221216   0.205181477582531   -0.0237365849856868   0.0250318761691334   0
0.117526499524863   0.209639777095946   0.00291251130364643   0.00445829951341556   0
0.143069207210936   0.226507263098311   0.0255427076860729   0.0168674860023645   0
0.138689198052115   0.239634557066317   -0.00438000915882034   0.0131272939680063   0
0.136853133641317   0.24984110188529   -0.00183606441079845   0.0102065448189726   0
0.123730555372054   0.255949765254103   -0.0131225782692626   0.00610866336881369   0
0.114686091687951   0.266523192118668   -0.00904446368410293   0.010573426864565   0
0.111940752778551   0.237827511825709   -0.00274533890939999   -0.0286956802929595   0
0.106131669233001   0.254333558625308   -0.00580908354555024   0.0165060467995991   0
0.115266415943296   0.230687031946944   0.00913474671029524   -0.0236465266783637   0
0.138758210995723   0.247511197778663   0.023491795052426   0.0168241658317186   0
0.126536980037859   0.253058618200668   -0.0122212309578639   0.00554742042200473   0
0.104104574933352   0.205554585176828   -0.0224324051045068   -0.04750403302384   0
0.0492013708233121   0.239569517948507   -0.0549032041100398   0.0340149327716789   0
0.131049935225462   0.280632426369587   0.0818485644021496   0.0410629084210803   0
0.160125648842812   0.28685863838627   0.0290757136173507   0.00622621201668311   0
0.171545861810131   0.32013447349344   0.0114202129673187   0.0332758351071701   0
0.255242329129563   0.354516083310713   0.083696467319432   0.0343816098172733   0
0.195896430670858   0.326004201051286   -0.0593458984587055   -0.0285118822594271   0
0.227687939678848   0.349280752179931   0.0317915090079909   0.0232765511286448   0
0.36064926539695   0.337306369412596   0.132961325718101   -0.0119743827673354   0
0.324664511967447   0.367947439260125   -0.0359847534295028   0.030641069847529   0
0.258813515740472   0.352034568730587   -0.065850996226975   -0.0159128705295382   0
0.215673331435371   0.331821113141893   -0.0431401843051004   -0.0202134555886933   0
0.281819704439791   0.325811771896348   0.0661463730044202   -0.00600934124554547   0
0.304977199622003   0.358662796951623   0.0231574951822114   0.0328510250552753   0
0.260565366577967   0.369606216612212   -0.0444118330440361   0.0109434196605888   0
0.306741145200075   0.409385257202949   0.0461757786221084   0.0397790405907368   0
0.344383191190232   0.403254502510051   0.0376420459901564   -0.00613075469289831   0
0.195230763208722   0.389138471052141   -0.14915242798151   -0.0141160314579097   0
0.158206629322706   0.370633489016182   -0.0370241338860161   -0.0185049820359587   0
0.300364236868378   0.397922951761597   0.142157607545672   0.0272894627454153   0
0.260239246016994   0.357879309404964   -0.0401249908513838   -0.0400436423566337   0
0.374527505831907   0.373508761271301   0.114288259814913   0.0156294518663375   0
0.363309295653975   0.402840481428048   -0.0112182101779326   0.0293317201567467   0
0.307396966707602   0.36549311420187   -0.0559123289463727   -0.037347367226178   0
0.351021503703149   0.35968845130254   0.0436245369955467   -0.00580466289933007   0
0.327257270511967   0.367906059647168   -0.0237642331911814   0.00821760834462809   0
0.304327215032508   0.370200176040549   -0.0229300554794593   0.00229411639338079   0
0.31265734666031   0.405465845281246   0.00833013162780233   0.0352656692406974   0
0.343986088994804   0.367877418398389   0.0313287423344932   -0.0375884268828569   0
0.338399278252873   0.348382762444318   -0.00558681074193035   -0.0194946559540711   0
0.32827293140548   0.341776475657777   -0.0101263468473931   -0.00660628678654152   0
0.27878024056375   0.24974659197535   -0.04949269084173   -0.0920298836824266   0
0.119905533906666   0.149409474917918   -0.158874706657084   -0.100337117057431   0
0.112199160626403   0.186751926346001   -0.00770637328026262   0.0373424514280823   0
0.22389647279499   0.205583001569809   0.111697312168587   0.0188310752238081   0
0.20711281855887   0.183799573679665   -0.01678365423612   -0.0217834278901443   0
0.210194792190826   0.21294289999668   0.00308197363195506   0.029143326317015   0
0.227504187553335   0.229461482122905   0.017309395362509   0.0165185821262253   0
0.256655205691867   0.240351492844519   0.0291510181385322   0.0108900107216136   0
0.218067219931139   0.199687372581755   -0.0385879857607278   -0.0406641202627631   0
0.17046846590224   0.199799400486031   -0.047598754028899   0.000112027904275669   0
0.190225671261679   0.19390823561281   0.0197572053594387   -0.00589116487322139   0
0.166139756949113   0.181846142418704   -0.0240859143125654   -0.0120620931941053   0
0.213613494924354   0.537805195260646   0.0474737379752411   0.355959052841941   0
