0   0   0   0   0
0.0388000035685069   0.0207211100060336   0.0388000035685069   0.0207211100060336   0
0.0339237989455574   0.0134156919859526   -0.00487620462294952   -0.00730541802008107   0
0.0640475957041868   0.0243613451873174   0.0301237967586295   0.0109456532013649   0
0.0624756240979402   0.0238398803390254   -0.00157197160624663   -0.000521464848292044   0
0.0726830480171227   0.0392144468726979   0.0102074239191825   0.0153745665336725   0
0.093897315619311   0.042507085444162   0.0212142676021883   0.00329263857146405   0
0.0763298325362067   0.0388737487025137   -0.0175674830831043   -0.00363333674164827   0
0.0786360265501087   0.0412703718484902   0.00230619401390193   0.00239662314597647   0
0.0946800321388401   0.0549512764003707   0.0160440055887315   0.0136809045518805   0
0.0856294666043722   0.0533334923253379   -0.00905056553446792   -0.00161778407503279   0
0.11269088587464   0.0593392614929226   0.0270614192702674   0.00600576916758475   0
0.0993725161344967   0.057466251669206   -0.0133183697401429   -0.00187300982371665   0
0.0917428420894059   0.0757225245081015   -0.0076296740450908   0.0182562728388955   0
0.0918476955236359   0.0839829111634187   0.000104853434230043   0.00826038665531724   0
0.0940059220033136   0.0819829809360803   0.00215822647967767   -0.00199993022733845   0
0.11012985455664   0.0807816329563326   0.0161239325533263   -0.00120134797974762   0
0.103392484404717   0.11073003957258   -0.00673737015192329   0.0299484066162477   0
0.110639724076738   0.129706460328674   0.00724723967202127   0.0189764207560934   0
0.254765535402427   0.150603489594888   0.144125811325689   0.0208970292662141   0
0.241697175884076   0.161476102754164   -0.0130683595183508   0.0108726131592766   0
0.171608821225367   0.129023102925543   -0.0700883546587097   -0.0324529998286217   0
0.153761567616991   0.130336848876073   -0.0178472536083754   0.00131374595052999   0
0.137689763862931   0.134852066180292   -0.0160718037540598   0.00451521730421955   0
0.147936099669997   0.1333981236525   0.0102463358070659   -0.00145394252779205   0
0.122862177349797   0.141437466119061   -0.0250739223201997   0.00803934246656046   0
0.120005702339038   0.15901247870485   -0.00285647501075934   0.0175750125857895   0
0.126436935746073   0.147592817476696   0.00643123340703475   -0.011419661228154   0
0.13708831500465   0.147464297689023   0.0106513792585766   -0.000128519787673281   0
0.136535435667715   0.156894246363949   -0.000552879336934625   0.00942994867492616   0
0.117313781762331   0.158275097600562   -0.0192216539053841   0.00138085123661305   0
0.123244122185192   0.156692456391647   0.00593034042286095   -0.00158264120891488   0
0.116195433763737   0.173861209930649   -0.0070486884214548   0.0171687535390019   0
0.126071394712514   0.173220056335214   0.00987596094877671   -0.000641153595435456   0
0.122403828890235   0.187270511859261   -0.00366756582227906   0.0140504555240474   0
0.123142229452181   0.176926975277864   0.000738400561946115   -0.0103435365813969   0
0.140824403773933   0.187261690806234   0.0176821743217525   0.0103347155283693   0
0.151295674752793   0.230329546387454   0.0104712709788593   0.0430678555812207   0
0.151757336232689   0.237801741599047   0.000461661479896874   0.00747219521159273   0
0.139529728817043   0.199530405549749   -0.0122276074156461   -0.0382713360492982   0
0.1401398389443   0.206351046853239   0.000610110127256563   0.00682064130349064   0
0.139763286010782   0.207415805970247   -0.000376552933517793   0.00106475911700785   0
0.140497743970763   0.211033070667175   0.000734457959981311   0.00361726469692786   0
0.142247924892221   0.221435635492146   0.0017501809214579   0.0104025648249706   0
0.146059563580513   0.22326139304419   0.00381163868829151   0.00182575755204409   0
0.137275922727692   0.223556560372675   -0.00878364085282052   0.000295167328485557   0
0.128221136622487   0.210693466818918   -0.00905478610520508   -0.0128630935537569   0
0.131103870215862   0.197900776572043   0.00288273359337451   -0.0127926902468758   0
0.139795560890453   0.234467032482215   0.00869169067459083   0.0365662559101719   0
0.149324727092899   0.232682830887088   0.00952916620244687   -0.00178420159512646   0
0.15305726217982   0.276973724519656   0.00373253508692029   0.0442908936325682   0
0.188319777574383   0.24959172514666   0.0352625153945632   -0.0273819993729963   0
0.175563379823819   0.26582447679897   -0.0127563977505639   0.0162327516523103   0
0.18255443220012   0.267738952333906   0.00699105237630074   0.00191447553493618   0
0.174422621503229   0.274938229632989   -0.00813181069689051   0.00719927729908276   0
0.189980271072116   0.269193631105389   0.0155576495688865   -0.00574459852759979   0
0.203903354119586   0.317400656058501   0.0139230830474704   0.0482070249531116   0
0.26551608479452   0.276923587174577   0.0616127306749343   -0.0404770688839244   0
0.210485728250315   0.32380735840595   -0.0550303565442059   0.046883771231373   0
0.213274673041791   0.331844056646863   0.00278894479147651   0.00803669824091374   0
0.263416849901752   0.313322304645839   0.0501421768599613   -0.0185217520010246   0
0.265788006759589   0.311531777618668   0.0023711568578369   -0.00179052702717081   0
0.244434030803368   0.310926246008787   -0.0213539759562213   -0.000605531609880805   0
0.29567469506216   0.310892952663102   0.0512406642587919   -3.32933456848039e-05   0
0.293717877585404   0.336063393562182   -0.00195681747675591   0.0251704408990799   0
0.268670538326452   0.343220776361546   -0.0250473392589518   0.00715738279936357   0
0.279447355026507   0.365766403638628   0.0107768167000546   0.0225456272770819   0
0.287419552823496   0.362172223316904   0.0079721977969891   -0.00359418032172376   0
0.27945022005594   0.365511665367661   -0.00796933276755585   0.00333944205075726   0
0.291664191711212   0.375727805996165   0.0122139716552718   0.0102161406285036   0
0.266279619916637   0.372434033445327   -0.0253845717945754   -0.00329377255083779   0
0.297498274345576   0.390765907457093   0.0312186544289395   0.0183318740117655   0
0.293639399780964   0.37504161824027   -0.0038588745646117   -0.0157242892168223   0
0.300344272332233   0.405505065687639   0.00670487255126895   0.0304634474473684   0
0.336454597046058   0.404513300065997   0.0361103247138248   -0.000991765621641605   0
0.315500594346903   0.405271529770702   -0.0209540026991548   0.000758229704704683   0
0.308508366191676   0.412988527267474   -0.00699222815522726   0.00771699749677213   0
0.264341419139208   0.416984611105511   -0.0441669470524682   0.00399608383803673   0
