0   0   0   0   0
0.0426716550210752   0.00300768664830587   0.0426716550210752   0.00300768664830587   0
0.0636178922109845   0.0408806073371747   0.0209462371899093   0.0378729206888689   0
0.111592573263026   0.0896533080198998   0.0479746810520414   0.048772700682725   0
0.0401434749775355   0.0487222788898404   -0.0714490982854903   -0.0409310291300594   0
0.08084294366447   0.0837836685198386   0.0406994686869345   0.0350613896299983   0
0.0437591951170921   0.0307808488524165   -0.0370837485473779   -0.0530028196674222   0
0.0853011592197971   0.0832720758366667   0.0415419641027049   0.0524912269842502   0
0.0925336428894674   0.0932511922838316   0.00723248366967034   0.00997911644716493   0
0.0471857883546903   0.064861597530381   -0.0453478545347771   -0.0283895947534506   0
0.0814165373185789   0.0616226277765295   0.0342307489638886   -0.00323896975385147   0
0.10428763651061   0.086973454635109   0.0228710991920306   0.0253508268585795   0
0.105732771711745   0.0876290873932086   0.001445135201135   0.000655632758099586   0
0.0946523836118607   0.0789662466880579   -0.0110803880998838   -0.00866284070515072   0
0.120752081670014   0.104898228657818   0.0260996980581537   0.0259319819697605   0
0.0749644836843317   0.0675674759265713   -0.0457875979856827   -0.037330752731247   0
0.105867779666311   0.064085849993563   0.0309032959819789   -0.00348162593300835   0
0.159469632845191   0.113419210531778   0.0536018531788807   0.0493333605382146   0
0.112324425791421   0.0752135457921012   -0.0471452070537705   -0.0382056647396765   0
0.162308218279406   0.13296292849171   0.0499837924879854   0.0577493826996089   0
0.144414321712161   0.106335999987769   -0.0178938965672454   -0.0266269285039412   0
0.210946010304417   0.168001010139572   0.0665316885922565   0.0616650101518032   0
0.161070168754951   0.117431933011153   -0.0498758415494665   -0.0505690771284188   0
0.230627794239074   0.19714994950868   0.069557625484123   0.0797180164975267   0
0.158351870254099   0.120589881813794   -0.0722759239849746   -0.0765600676948857   0
0.223459572304119   0.17622896217591   0.0651077020500199   0.0556390803621161   0
0.156837428564101   0.0915681197911997   -0.0666221437400179   -0.0846608423847107   0
0.220038576444099   0.157661369013289   0.0632011478799978   0.0660932492220892   0
0.171374876477644   0.127993886856111   -0.0486636999664552   -0.0296674821571778   0
0.209360600586526   0.169522360589514   0.0379857241088822   0.0415284737334032   0
0.163304440866763   0.119538107238353   -0.0460561597197631   -0.049984253351161   0
0.206058402845664   0.15629235319002   0.0427539619789012   0.0367542459516662   0
0.185544273725787   0.123437649863757   -0.020514129119877   -0.0328547033262621   0
0.265715132079769   0.198733992577157   0.080170858353982   0.0752963427133997   0
0.218701325785628   0.152336686240359   -0.0470138062941408   -0.0463973063367982   0
0.262016291564857   0.229267053441951   0.0433149657792283   0.0769303672015923   0
0.238412883109237   0.167858277586912   -0.02360340845562   -0.0614087758550395   0
0.300315570605357   0.246856874769396   0.0619026874961199   0.0789985971824845   0
0.241032720115194   0.16270346727228   -0.0592828504901625   -0.0841534074971165   0
0.285986257307018   0.212728569521939   0.044953537191824   0.0500251022496594   0
0.223651328676533   0.150359176352925   -0.0623349286304848   -0.0623693931690143   0
0.276620602619978   0.209712395899074   0.0529692739434445   0.0593532195461489   0
0.231508895297823   0.170799855857496   -0.0451117073221548   -0.0389125400415775   0
0.249657453673506   0.171578611969723   0.0181485583756831   0.000778756112226997   0
0.256336338428331   0.199429210512379   0.00667888475482531   0.0278505985426554   0
0.258578415342031   0.200191646375646   0.00224207691369921   0.000762435863266964   0
0.233600929414016   0.183700355749283   -0.0249774859280143   -0.0164912906263622   0
0.255151884780617   0.202655220635039   0.0215509553666006   0.0189548648857554   0
0.228959307179133   0.188120858135714   -0.0261925776014835   -0.0145343624993249   0
0.26314151344604   0.216000215861168   0.0341822062669063   0.0278793577254544   0
0.212404725105925   0.15325230047525   -0.0507367883401146   -0.0627479153859178   0
0.267658221354781   0.236764531056648   0.0552534962488563   0.0835122305813975   0
0.183293736609356   0.147882100392082   -0.084364484745425   -0.0888824306645659   0
0.1294507968093   0.102797001106816   -0.0538429398000561   -0.0450850992852656   0
0.113059789586051   0.105145593190558   -0.0163910072232494   0.00234859208374127   0
0.224983323162281   0.183869223902311   0.111923533576231   0.0787236307117531   0
0.232703044170774   0.186810640655353   0.00771972100849266   0.0029414167530423   0
0.300526017257413   0.253712297965482   0.0678229730866385   0.0669016573101288   0
0.289057583924597   0.212524096086801   -0.0114684333328157   -0.0411882018786805   0
0.349493393152288   0.271353061759045   0.0604358092276913   0.0588289656722434   0
0.304217400516785   0.218956727057861   -0.0452759926355029   -0.0523963347011834   0
0.333761966218828   0.254613210963874   0.0295445657020427   0.0356564839060125   0
0.324865293236574   0.234466688606678   -0.00889667298225366   -0.0201465223571964   0
0.329902211277609   0.255525279926113   0.0050369180410344   0.0210585913194354   0
0.276948831945282   0.196422976750391   -0.0529533793323265   -0.0591023031757223   0
0.315238417421967   0.261628621228285   0.0382895854766846   0.0652056444778946   0
0.309100462079738   0.240551372303563   -0.00613795534222861   -0.0210772489247219   0
0.318819763548051   0.258045024754586   0.00971930146831335   0.0174936524510224   0
0.307491381319516   0.224238551448245   -0.0113283822285352   -0.0338064733063406   0
0.341992496896954   0.280042413401658   0.0345011155774375   0.0558038619534126   0
0.351879694090657   0.268954753535903   0.00988719719370373   -0.0110876598657548   0
0.337968462126744   0.268192603844471   -0.0139112319639138   -0.000762149691431346   0
0.329898014084323   0.25770991949031   -0.00807044804242046   -0.010482684354161   0
0.358556281724515   0.289936118717376   0.0286582676401918   0.0322261992270653   0
0.344484924907293   0.247048856014922   -0.0140713568172223   -0.0428872627024537   0
0.381636058806661   0.313341103225476   0.0371511338993685   0.0662922472105535   0
0.321555927683397   0.24026159693   -0.0600801311232637   -0.0730795062954751   0
0.379825604606593   0.2928227883502   0.0582696769231952   0.0525611914201992   0
