0   0   0   0   0
0.113543003899511   0.0937884574683756   0.113543003899511   0.0937884574683756   0
0.0776993271240917   0.0480115751770341   -0.0358436767754193   -0.0457768822913415   0
0.100466135352785   0.108737289758061   0.0227668082286933   0.060725714581027   0
0.102939567887429   0.105272375057805   0.00247343253464435   -0.00346491470025614   0
0.0831866549872395   0.108417471081396   -0.0197529129001899   0.00314509602359117   0
0.106883470306219   0.125688537319861   0.0236968153189799   0.0172710662384651   0
0.0618237731003852   0.0656799908298516   -0.0450596972058343   -0.0600085464900096   0
0.112134134372289   0.139569500496893   0.0503103612719042   0.0738895096670412   0
0.0840470755157964   0.114147716313942   -0.028087058856493   -0.0254217841829507   0
0.154800937270428   0.183987070770578   0.0707538617546317   0.0698393544566358   0
0.149406002538985   0.189568900021432   -0.0053949347314432   0.00558182925085399   0
0.110532200333114   0.157192284938168   -0.0388738022058707   -0.0323766150832644   0
0.181855846681233   0.212558383183567   0.0713236463481187   0.0553660982453991   0
0.16195745914708   0.205579721952103   -0.019898387534153   -0.00697866123146382   0
0.174552883555688   0.246322264719952   0.012595424408608   0.0407425427678497   0
0.107866667510404   0.189780151504901   -0.0666862160452838   -0.0565421132150515   0
0.196952215419155   0.24763487699315   0.0890855479087513   0.057854725488249   0
0.131348279097906   0.194248136094326   -0.0656039363212491   -0.0533867408988237   0
0.167723587516083   0.213851939211675   0.0363753084181767   0.0196038031173483   0
0.130595062561423   0.192982838021564   -0.03712852495466   -0.0208691011901109   0
0.177550632727708   0.225622028309411   0.0469555701662854   0.0326391902878471   0
0.141244444958083   0.197275578076602   -0.0363061877696253   -0.0283464502328083   0
0.151523575948262   0.230025805758678   0.0102791309901791   0.0327502276820752   0
0.165516873066332   0.248657988095042   0.0139932971180694   0.018632182336364   0
0.123622703097039   0.184003401143852   -0.0418941699692922   -0.0646545869511896   0
0.169519006047323   0.213690533534463   0.0458963029502834   0.0296871323906114   0
0.134784856875386   0.198328439466037   -0.0347341491719369   -0.0153620940684266   0
0.147335163820707   0.188731599763243   0.012550306945321   -0.0095968397027939   0
0.184217295153935   0.249565408572085   0.0368821313332285   0.0608338088088417   0
0.133009172199997   0.202928849776327   -0.0512081229539386   -0.0466365587957581   0
0.185450246000567   0.262166991712141   0.0524410738005706   0.0592381419358143   0
0.132342221827132   0.222881624879228   -0.0531080241734355   -0.0392853668329129   0
0.214090953291784   0.288450677842542   0.0817487314646521   0.0655690529633144   0
0.116330441063485   0.196892070004476   -0.0977605122282994   -0.0915586078380662   0
0.189935477449115   0.275989531981519   0.0736050363856303   0.0790974619770423   0
0.117904242587538   0.206411680535946   -0.0720312348615766   -0.0695778514455723   0
0.209866028098931   0.276144276122184   0.0919617855113928   0.0697325955862378   0
0.140765556768498   0.221065823634177   -0.0691004713304334   -0.0550784524880074   0
0.20645383349103   0.285463438915285   0.0656882767225316   0.0643976152811083   0
0.160263608597132   0.2288210437827   -0.0461902248938979   -0.0566423951325846   0
0.223168897151336   0.277111016749069   0.0629052885542044   0.0482899729663685   0
0.204460402877276   0.237068176930587   -0.0187084942740602   -0.0400428398184823   0
0.231994181755067   0.26485888323221   0.0275337788777912   0.0277907063016232   0
0.196516232003416   0.269451315465947   -0.035477949751651   0.00459243223373773   0
0.161386119104496   0.224076727520451   -0.0351301128989202   -0.0453745879454966   0
0.199174451155915   0.291977512817817   0.0377883320514189   0.0679007852973659   0
0.144977698348407   0.217421802874778   -0.0541967528075082   -0.0745557099430383   0
0.216910674055991   0.267148351896533   0.0719329757075847   0.0497265490217542   0
0.1791488806955   0.257140171560668   -0.037761793360491   -0.0100081803358646   0
0.176305336864447   0.265293887342379   -0.00284354383105301   0.00815371578171042   0
0.13459225801704   0.234063505026769   -0.0417130788474077   -0.0312303823156093   0
0.227170357775022   0.243705530591117   0.0925780997579821   0.00964202556434771   0
0.303884156935162   0.261509391823715   0.0767137991601397   0.017803861232598   0
0.240148158559045   0.251600440221844   -0.0637359983761169   -0.00990895160187089   0
0.277619742786212   0.307438258381154   0.0374715842271678   0.0558378181593103   0
0.207672023240889   0.25342304569049   -0.0699477195453238   -0.0540152126906641   0
0.243184013277604   0.276719738336753   0.0355119900367157   0.0232966926462627   0
0.20251338506694   0.247925776301936   -0.0406706282106641   -0.0287939620348164   0
0.263475851682446   0.30663342933101   0.0609624666155058   0.0587076530290737   0
0.209171225509112   0.25883948206402   -0.0543046261733344   -0.04779394726699   0
0.279588145252127   0.327062195440447   0.0704169197430158   0.0682227133764271   0
0.263553401070229   0.328147417330497   -0.0160347441818985   0.00108522189005011   0
0.287234116282408   0.347697825907885   0.023680715212179   0.0195504085773881   0
0.279161684116406   0.34156548686927   -0.00807243216600179   -0.00613233903861521   0
0.297620001585156   0.343379488565916   0.0184583174687499   0.00181400169664603   0
0.281488101586444   0.340397842148632   -0.0161318999987116   -0.00298164641728382   0
0.268496979898568   0.348786613307219   -0.012991121687876   0.00838877115858644   0
0.329130272368554   0.376657494708571   0.0606332924699853   0.0278708814013522   0
0.318403812981171   0.344345257027949   -0.0107264593873824   -0.0323122376806215   0
0.332420978907605   0.365675581524676   0.0140171659264341   0.0213303244967268   0
0.321708412978329   0.374519321218112   -0.0107125659292762   0.00884373969343566   0
0.321260604176122   0.356985774632218   -0.000447808802207295   -0.017533546585894   0
0.316224886265169   0.362962668462242   -0.00503571791095314   0.00597689383002381   0
0.372276155323889   0.409863039438089   0.0560512690587199   0.0469003709758469   0
0.362742183489862   0.388063859156596   -0.00953397183402666   -0.0217991802814925   0
0.407750918111722   0.460206704239805   0.0450087346218596   0.0721428450832093   0
0.341482907001103   0.402413297340906   -0.0662680111106188   -0.0577934068988996   0
0.409492974576087   0.453732004260611   0.068010067574984   0.0513187069197053   0
0.368230994069832   0.387609307876923   -0.0412619805062548   -0.066122696383688   0
0.429944571014974   0.459936221767889   0.0617135769451423   0.0723269138909655   0
0.380356774207235   0.403084375953824   -0.0495877968077397   -0.0568518458140644   0
