7.1054274e-15   0   0   0   0
0.019755903496565   0.0137655175674212   0.0197559034965579   0.0137655175674212   0
0.0188822687491079   0.0373935895511349   -0.000873634747457101   0.0236280719837137   0
0.0334730137244083   0.0521433708939755   0.0145907449753004   0.0147497813428406   0
0.0456317760177597   0.0561896342841936   0.0121587622933514   0.00404626339021816   0
0.0592645628402288   0.067366605359745   0.0136327868224691   0.0111769710755514   0
0.0901676848158883   0.134319594700537   0.0309031219756596   0.0669529893407924   0
0.0567615317839582   0.140285889111194   -0.0334061530319302   0.00596629441065677   0
0.0792070989008949   0.0892519214882792   0.0224455671169367   -0.0510339676229151   0
0.0746411212656187   0.0817955343508974   -0.00456597763527616   -0.00745638713738182   0
0.0567729341458215   0.0698266399931367   -0.0178681871197973   -0.0119688943577606   0
0.565305162840415   0.670215731082644   0.508532228694593   0.600389091089508   0
0.794279618266518   0.655115911920673   0.228974455426104   -0.0150998191619715   0
0.868876100020865   0.709114906077272   0.0745964817543461   0.0539989941565996   0
0.915437056203729   0.715774887439485   0.0465609561828645   0.00665998136221213   0
0.878711159234559   0.698945954546398   -0.0367258969691699   -0.0168289328930866   0
0.823958485840139   0.64832388874256   -0.0547526733944199   -0.0506220658038378   0
0.777051417593431   0.630171950917044   -0.0469070682467078   -0.0181519378255165   0
0.789251545676215   0.618502551751511   0.0122001280827836   -0.0116693991655328   0
0.752937910338055   0.59716321644974   -0.0363136353381602   -0.0213393353017706   0
0.729987615751962   0.567349050517239   -0.0229502945860927   -0.0298141659325012   0
0.716597554632109   0.538866570603377   -0.0133900611198532   -0.028482479913862   0
0.628277769511687   0.513080076506881   -0.088319785120422   -0.0257864940964959   0
0.670877238807423   0.510804351117748   0.0425994692957362   -0.00227572538913356   0
0.686626616306866   0.508417050687812   0.0157493774994428   -0.00238730042993529   0
0.681442293077823   0.515121663198236   -0.00518432322904339   0.00670461251042331   0
0.748548663578764   0.615613979502328   0.0671063705009418   0.100492316304092   0
1.20424276886769   0.92699625753553   0.455694105288923   0.311382278033202   0
0.761317055804353   0.7637705149859   -0.442925713063335   -0.16322574254963   0
0.615068593304838   0.463717870586037   -0.146248462499515   -0.300052644399863   0
0.601944866324598   0.473772606037338   -0.0131237269802398   0.0100547354513008   0
0.564954086082134   0.471067161831571   -0.0369907802424642   -0.00270544420576752   0
0.536057970776791   0.441888159571971   -0.0288961153053426   -0.0291790022595998   0
0.592446530402447   0.496939258982172   0.0563885596256556   0.0550510994102016   0
0.865720535899452   0.588901039529643   0.273274005497005   0.0919617805474701   0
0.722388133746639   0.541592204871369   -0.143332402152813   -0.0473088346582732   0
0.719233615585962   0.523879308579112   -0.00315451816067747   -0.0177128962922578   0
0.681795153069008   0.484053931013747   -0.0374384625169537   -0.039825377565365   0
0.583576238656342   0.440698634267032   -0.0982189144126665   -0.0433552967467143   0
0.577845796720737   0.425665239999486   -0.00573044193560435   -0.0150333942675467   0
0.636445690143121   0.448271650110323   0.0585998934223835   0.022606410110838   0
0.626184020175694   0.476183935346583   -0.0102616699674269   0.0279122852362592   0
0.601969328640022   0.443648219000294   -0.0242146915356715   -0.0325357163462888   0
0.625941837356284   0.432166074128717   0.0239725087162618   -0.0114821448715773   0
0.567836258224412   0.407020672225293   -0.0581055791318724   -0.0251454019034236   0
0.574689499232652   0.426860455977906   0.0068532410082407   0.0198397837526135   0
0.600890434201135   0.419711601960733   0.0262009349684825   -0.00714885401717325   0
0.575542330599397   0.404018719876202   -0.025348103601738   -0.0156928820845316   0
0.552538591234898   0.39579395055664   -0.0230037393644986   -0.00822476931956201   0
0.660600756564381   0.439361976346088   0.108062165329483   0.0435680257894487   0
0.835452106752936   0.47001737869887   0.174851350188555   0.0306554023527814   0
0.70810698445549   0.438533575028181   -0.127345122297445   -0.0314838036706891   0
0.671243587787182   0.420015274443016   -0.036863396668309   -0.0185183005851651   0
0.632688475000502   0.409158321276899   -0.0385551127866797   -0.0108569531661162   0
0.667322977977062   0.412002198342568   0.0346345029765601   0.00284387706566869   0
0.594789878319276   0.395287463367148   -0.0725330996577858   -0.0167147349754197   0
0.596457245663355   0.387143100436363   0.00166736734407902   -0.00814436293078485   0
0.665752682058881   0.417520380567084   0.0692954363955256   0.0303772801307208   0
0.619375980174199   0.400186292226002   -0.0463767018846817   -0.0173340883410824   0
0.616863716012147   0.396993668305106   -0.00251226416205241   -0.00319262392089625   0
0.637709048045282   0.395987585358341   0.0208453320331351   -0.00100608294676441   0
0.585658308422984   0.393058004848282   -0.0520507396222974   -0.00292958051005882   0
0.626455923818542   0.392931557247946   0.040797615395558   -0.000126447600335866   0
0.623440806457524   0.419685020969608   -0.003015117361018   0.0267534637216612   0
0.619962342971356   0.421998397789488   -0.00347846348616843   0.00231337681988003   0
0.771459753289324   0.492464431347786   0.151497410317968   0.0704660335582978   0
1.3076100416328   0.825734913178985   0.536150288343479   0.3332704818312   0
1.13842281640353   0.707899320933657   -0.169187225229271   -0.117835592245328   0
1.15136679508777   0.704104510948163   0.0129439786842422   -0.00379480998549431   0
1.05326368189624   0.666542835932791   -0.0981031131915295   -0.0375616750153718   0
1.0249151244272   0.652155489823249   -0.0283485574690459   -0.0143873461095423   0
1.03249160033273   0.643789338697699   0.00757647590553057   -0.00836615112555017   0
0.99786970924706   0.61789494069191   -0.0346218910856692   -0.025894398005789   0
0.983961270667637   0.624023011313339   -0.0139084385794229   0.0061280706214295   0
0.987004541419963   0.620633752629471   0.00304327075232613   -0.00338925868386897   0
1.02959305077203   0.617932045784143   0.0425885093520671   -0.00270170684532778   0
0.990616334830807   0.625437398089093   -0.038976715941223   0.00750535230494997   0
1.01642711282482   0.633780687132332   0.0258107779940174   0.00834328904323978   0
1.02423575244154   0.616454564508362   0.00780863961671519   -0.0173261226239705   0
0.996715245090916   0.632011624812346   -0.0275205073506238   0.0155570603039837   0
0.972649966891964   0.605179708748358   -0.0240652781989524   -0.0268319160639878   0
0.978099186837049   0.597512517125522   0.00544921994508551   -0.00766719162283613   0
0.96243072945645   0.597578133595033   -0.0156684573805995   6.56164695111983e-05   0
0.946139636811564   0.591462271468728   -0.0162910926448858   -0.00611586212630544   0
0.955793307113945   0.583068732458277   0.00965367030238062   -0.00839353901045048   0
0.971957449096031   0.606128683156945   0.0161641419820863   0.0230599506986684   0
0.945344290632619   0.591352123883406   -0.0266131584634115   -0.0147765592735395   0
0.988771567788814   0.605211516803305   0.0434272771561949   0.0138593929198987   0
1.27109233543074   0.876285086396336   0.282320767641928   0.271073569593031   0
1.14566192731237   0.719616371036164   -0.125430408118368   -0.156668715360171   0
1.14640978354776   0.721922464647457   0.000747856235381983   0.0023060936112923   0
1.12965445362927   0.686854255775261   -0.0167553299184906   -0.0350682088721954   0
1.07222911731727   0.67784486157025   -0.0574253363119939   -0.00900939420501123   0
1.06805995813928   0.658601221773375   -0.00416915917798955   -0.0192436397968749   0
1.06278148300392   0.652376397658849   -0.00527847513536273   -0.00622482411452596   0
1.06001505888211   0.681269899634335   -0.00276642412181038   0.028893501975486   0
1.03147933116692   0.633767910510683   -0.0285357277151914   -0.0475019891236518   0
1.07363790608585   0.643320301968427   0.0421585749189368   0.00955239145774356   0
1.03102436203883   0.634597655479669   -0.0426135440470263   -0.00872264648875798   0
1.04604486358168   0.623924485766582   0.0150205015428484   -0.0106731697130871   0
1.04635822005417   0.611926632774232   0.000313356472496196   -0.0119978529923495   0
1.00015080746204   0.59805187935269   -0.0462074125921361   -0.013874753421542   0
1.01289314576808   0.588126011461116   0.0127423383060403   -0.00992586789157457   0
1.11848310977105   0.637667208683074   0.105589964002969   0.0495411972219583   0
0.836563681626998   0.650602093098581   -0.281919428144048   0.0129348844155073   0
0.349627563159388   0.841159323335355   -0.48693611846761   0.190557230236774   0
0.444366236279792   0.635950696539874   0.0947386731204045   -0.205208626795481   0
0.378314548088086   0.488621331777461   -0.0660516881917061   -0.147329364762413   0
0.335932163478475   0.427705830133378   -0.0423823846096107   -0.0609155016440834   0
0.296826425992217   0.401257885647247   -0.0391057374862583   -0.0264479444861307   0
0.193106942772149   0.344967152017585   -0.103719483220068   -0.0562907336296624   0
0.139804001284909   0.308767722531915   -0.0533029414872399   -0.03619942948567   0
0.226166082072854   0.295178649045263   0.0863620807879447   -0.0135890734866513   0
0.107264726067112   0.303260276046266   -0.118901356005741   0.00808162700100234   0
0.0931841514321259   0.292334555892159   -0.0140805746349865   -0.0109257201541061   0
0.221875542451472   0.291921619411675   0.128691391019346   -0.000412936480484627   0
0.206272882882064   0.271945301009831   -0.0156026595694075   -0.019976318401844   0
0.249721201990801   0.266381421098004   0.0434483191087367   -0.00556387991182661   0
0.275572837652997   0.27045334292103   0.0258516356621956   0.00407192182302563   0
0.242544357126624   0.277022241973421   -0.0330284805263726   0.00656889905239144   0
0.251676526603241   0.285786486212879   0.0091321694766166   0.00876424423945793   0
0.265848178939701   0.318405765477   0.0141716523364606   0.032619279264121   0
1.37670612231584   1.15010130965437   1.11085794337614   0.831695544177367   1
1.41390439715114   1.03685301281198   0.0371982748352961   -0.113248296842386   0
1.33110994291627   0.980236977138605   -0.0827944542348624   -0.0566160356733761   0
1.22372186462871   0.885234751574396   -0.10738807828757   -0.0950022255642096   0
1.21521415383406   0.87007745937153   -0.00850771079464385   -0.0151572922028655   0
1.16993347294941   0.854824226049769   -0.0452806808846502   -0.0152532333217605   0
1.19428678001835   0.839818102358178   0.024353307068935   -0.0150061236915918   0
1.15339193955119   0.854000594103717   -0.0408948404671585   0.0141824917455398   0
1.1420299395718   0.824946618028375   -0.0113619999793881   -0.0290539760753428   0
1.1783317087712   0.818123080674652   0.0363017691993992   -0.00682353735372221   0
1.08946893086715   0.824304338356308   -0.0888627779040458   0.006181257681656   0
1.13348398285398   0.789594600568054   0.0440150519868225   -0.0347097377882547   0
1.11965525916665   0.781875058777243   -0.0138287236873273   -0.00771954179081114   0
1.10512523544219   0.78054642409465   -0.0145300237244592   -0.00132863468259237   0
1.16429157126273   0.803018208561303   0.0591663358205461   0.0224717844666532   0
1.25601817682868   0.789612841875727   0.0917266055659489   -0.0134053666855762   0
1.10909587734553   0.723831045038392   -0.146922299483152   -0.0657817968373352   0
1.05970686883529   0.695235121421812   -0.0493890085102404   -0.0285959236165797   0
1.03453306563256   0.672401432638751   -0.0251738032027355   -0.022833688783061   0
1.05166478949682   0.695411999279903   0.0171317238642641   0.0230105666411514   0
0.884808191637031   0.781061418886291   -0.166856597859789   0.0856494196063885   0
0.818468326716592   0.774296800292189   -0.0663398649204392   -0.00676461859410271   0
0.768241821410431   0.565641411859924   -0.0502265053061607   -0.208655388432264   0
0.753826594992068   0.576327791354119   -0.0144152264183635   0.0106863794941949   0
0.735345670963272   0.555986631324653   -0.0184809240287961   -0.0203411600294655   0
0.675413198209386   0.523878635813811   -0.0599324727538856   -0.0321079955108429   0
0.651126321562797   0.537827483697854   -0.0242868766465894   0.0139488478840436   0
1.38502613162362   1.11512835595186   0.733899810060822   0.577300872254008   0
1.43072064498027   1.00393420883213   0.0456945133566484   -0.111194147119731   0
1.17652761120943   0.878502912337106   -0.254193033770836   -0.125431296495024   0
1.16032925720543   0.808346345121768   -0.0161983540040047   -0.0701565672153388   0
1.08165973254726   0.770595168198975   -0.078669524658163   -0.0377511769227923   0
1.14141326616007   0.779541214796775   0.0597535336128023   0.00894604659779918   0
1.13563652543728   0.744466128472328   -0.00577674072278156   -0.0350750863244462   0
1.11148433578512   0.724801545129733   -0.0241521896521626   -0.0196645833425949   0
1.13066127334336   0.730598750756567   0.019176937558236   0.00579720562683361   0
1.06794880763781   0.713841497517855   -0.0627124657055513   -0.016757253238712   0
1.02293873555366   0.671918931864316   -0.0450100720841509   -0.041922565653539   0
0.975996388607678   0.603833833560146   -0.0469423469459782   -0.0680850983041704   0
0.935933021981285   0.602420519724228   -0.0400633666263924   -0.00141331383591714   0
0.962872554834324   0.603713398883073   0.0269395328530391   0.00129287915884502   0
0.948512218686637   0.547937519804344   -0.0143603361476873   -0.0557758790787297   0
0.956640965595101   0.569591804640959   0.0081287469084641   0.0216542848366151   0
0.945113804450477   0.564461476997951   -0.0115271611446245   -0.00513032764300736   0
1.01298698953248   0.596851248153059   0.0678731850820041   0.0323897711551078   0
0.93863356854971   0.56987772243257   -0.0743534209827711   -0.0269735257204889   0
0.989274050279584   0.566382292011372   0.0506404817298742   -0.00349543042119849   0
0.924592862999686   0.558286804936952   -0.0646811872798979   -0.00809548707441998   0
0.867411568900332   0.514123156071911   -0.0571812940993538   -0.0441636488650405   0
0.922193932599223   0.536737292169312   0.0547823636988903   0.022614136097401   0
0.886152400664271   0.540168283709261   -0.0360415319349511   0.00343099153994841   0
0.897879262620269   0.54734777820496   0.0117268619559971   0.00717949449569932   0
0.903676392248194   0.528462753189613   0.00579712962792556   -0.0188850250153466   0
0.838197379054499   0.521727134495779   -0.0654790131936953   -0.00673561869383443   0
0.855499531507117   0.502006446853144   0.0173021524526186   -0.0197206876426355   0
0.748190270931517   0.4381601514904   -0.107309260575601   -0.0638462953627432   0
0.764418406972984   0.440654986330857   0.0162281360414671   0.00249483484045698   0
0.772273259455026   0.437854128390608   0.00785485248204199   -0.00280085794024948   0
0.77065008305043   0.448832534792809   -0.00162317640459608   0.0109784064022013   0
0.658318153567156   0.411671473294958   -0.112331929483274   -0.0371610614978511   0
0.776272879977301   0.436461723459063   0.117954726410145   0.0247902501641052   0
0.715163508806132   0.410941092468513   -0.0611093711711692   -0.02552063099055   0
0.686329991078933   0.380153910906989   -0.0288335177271986   -0.0307871815615244   0
0.741489941960233   0.421186029991979   0.0551599508812997   0.0410321190849903   0
0.639156481195612   0.358026489857174   -0.102333460764621   -0.0631595401348053   0
0.586156848809651   0.324975852257338   -0.0529996323859609   -0.0330506375998356   0
0.633380622316117   0.351987245000545   0.0472237735064657   0.0270113927432065   0
0.568957094682444   0.300841529499105   -0.0644235276336729   -0.0511457155014394   0
0.564011781571244   0.294761428477252   -0.00494531311119994   -0.0060801010218533   0
0.589704077967807   0.317256212481523   0.0256922963965625   0.0224947840042706   0
0.575516436140809   0.289802502840992   -0.0141876418269979   -0.0274537096405303   0
0.522860566242526   0.260689170525256   -0.0526558698982822   -0.0291133323157364   0
0.524056579391763   0.254997708152351   0.00119601314923656   -0.00569146237290541   0
0.525010571112003   0.24284721678056   0.000953991720239689   -0.0121504913717905   0
2.13762227144146   1.56716912983296   1.61261170032946   1.3243219130524   1
2.35336420138844   1.6457292256572   0.215741929946984   0.0785600958242441   0
2.29193095256994   1.59663326723588   -0.0614332488185081   -0.0490959584213198   0
2.14271432366578   1.45851164476099   -0.149216628904153   -0.138121622474889   0
2.06370802884092   1.41462056072507   -0.0790062948248642   -0.0438910840359266   0
2.0511049526924   1.39227409649983   -0.0126030761485199   -0.0223464642252404   0
2.05980447934401   1.38490910360874   0.00869952665161255   -0.00736499289108106   0
1.71738704455918   1.32761974970141   -0.34241743478483   -0.0572893539073334   0
1.71127145974123   1.16708443843129   -0.00611558481794883   -0.160535311270122   0
1.66910008314921   1.15731347935422   -0.0421713765920173   -0.00977095907707271   0
1.70178578767268   1.15846899801319   0.0326857045234701   0.00115551865897334   0
1.07185352262091   0.718461261200404   -0.62993226505177   -0.440007736812785   0
0.997787164940943   0.520825029218644   -0.0740663576799708   -0.19763623198176   0
1.47654940976221   0.853624172949404   0.478762244821268   0.33279914373076   0
1.24692615334709   0.644758046366428   -0.229623256415124   -0.208866126582975   0
1.2741807279994   0.678093077690932   0.0272545746523085   0.0333350313245034   0
1.22616170992603   0.697900978387426   -0.0480190180733646   0.019807900696494   0
1.22813121725458   0.665526779130208   0.00196950732854617   -0.0323741992572175   0
1.15660530273064   0.603518637816641   -0.0715259145239426   -0.0620081413135671   0
1.11995732649137   0.590563561751384   -0.0366479762392673   -0.0129550760652571   0
1.15795478175528   0.575053844965624   0.0379974552639126   -0.0155097167857595   0
1.15566197334674   0.580044629876457   -0.00229280840854118   0.00499078491083271   0
1.10305876413418   0.53728362878123   -0.0526032092125561   -0.0427610010952273   0
1.15949436421895   0.577373058698908   0.0564356000847654   0.0400894299176783   0
1.18387682922297   0.611819874434322   0.0243824650040192   0.0344468157354141   0
1.10616996065846   0.540804784725388   -0.0777068685645086   -0.071015089708934   0
1.11395975675255   0.545973809845627   0.00778979609408892   0.00516902512023876   0
1.13215825902714   0.562079484003425   0.0181985022745954   0.0161056741577986   0
1.08320194133262   0.527892781732755   -0.0489563176945234   -0.0341867022706701   0
1.08478861011047   0.519564007591074   0.00158666877784497   -0.00832877414168165   0
1.10875611914533   0.527099379434251   0.0239675090348634   0.00753537184317743   0
0.941130181932721   0.436583724709839   -0.167625937212608   -0.0905156547244118   0
0.786420274792779   0.327656591750388   -0.154709907139941   -0.108927132959452   0
0.761034219481539   0.297928324306989   -0.0253860553112403   -0.0297282674433988   0
0.770308289546917   0.30818843281607   0.0092740700653785   0.0102601085090817   0
