0   0   0   0   0
0.0780533918492566   0.0430453240559272   0.0780533918492566   0.0430453240559272   0
0.0233248421254166   0.0192732473437001   -0.05472854972384   -0.023772076712227   0
0.0126951865787447   0.0201167484285022   -0.0106296555466719   0.000843501084802033   0
0.0613288161469346   0.0425795993444309   0.0486336295681899   0.0224628509159287   0
0.0416213521516205   0.0452406830566827   -0.019707463995314   0.00266108371225177   0
0.0239949360908369   0.0360550041775445   -0.0176264160607837   -0.00918567887913816   0
0.0181488037413993   0.0272482587006324   -0.00584613234943762   -0.00880674547691215   0
0.0480553041003198   0.0523136963874523   0.0299065003589205   0.0250654376868199   0
0.0381588405409339   0.0422242144052696   -0.00989646355938588   -0.0100894819821827   0
0.0197552847929606   0.0294182296614129   -0.0184035557479732   -0.0128059847438567   0
0.0274271437772819   0.0282951621872548   0.0076718589843213   -0.00112306747415811   0
0.0470855935167473   0.0627789352104944   0.0196584497394654   0.0344837730232396   0
0.0211462417778577   0.0509806860787115   -0.0259393517388896   -0.011798249131783   0
0.0229220274435634   0.043781990693535   0.0017757856657057   -0.00719869538517645   0
0.0368819812487193   0.0517257255467621   0.0139599538051559   0.00794373485322707   0
0.0468803865568935   0.058089105233129   0.00999840530817418   0.00636337968636689   0
0.059490864878404   0.0517516799367332   0.0126104783215105   -0.00633742529639574   0
0.0691276824533053   0.0552153150230264   0.00963681757490138   0.00346363508629317   0
0.0788586434211824   0.0540467748621426   0.00973096096787704   -0.00116854016088379   0
0.0644246287845176   0.0811581992113907   -0.0144340146366647   0.0271114243492481   0
0.0601543034190575   0.0812653742014625   -0.0042703253654601   0.000107174990071804   0
0.0603900445919055   0.0624913769005595   0.000235741172847935   -0.018773997300903   0
0.0536535012271025   0.0749211877231418   -0.00673654336480292   0.0124298108225822   0
0.0612603092632895   0.0727050811942587   0.00760680803618691   -0.00221610652888313   0
0.056658916189531   0.0753819483518612   -0.00460139307375843   0.00267686715760253   0
0.0912621783043052   0.0739845075137449   0.0346032621147742   -0.00139744083811624   0
0.104769585952671   0.102185276856602   0.0135074076483661   0.0282007693428567   0
0.113660904160694   0.0756168779935135   0.00889131820802255   -0.0265683988630881   0
0.0909162241792163   0.0861565308004614   -0.0227446799814775   0.0105396528069479   0
0.0942786400968373   0.113078819020163   0.003362415917621   0.0269222882197015   0
0.084429598788482   0.13286260839529   -0.00984904130835533   0.0197837893751268   0
0.0896672377928436   0.106734956133223   0.0052376390043616   -0.0261276522620665   0
0.0913395076144673   0.109852348632715   0.00167226982162372   0.00311739249949169   0
0.0976016099465072   0.136449751228459   0.00626210233203989   0.0265974025957437   0
0.0944732042113326   0.131355605404122   -0.00312840573517459   -0.00509414582433684   0
0.0987878005267257   0.119849368860847   0.00431459631539308   -0.0115062365432748   0
0.0898087190442562   0.139764113430773   -0.00897908148246948   0.0199147445699263   0
0.0872421334212539   0.150802382120051   -0.00256658562300226   0.0110382686892777   0
0.0674233433986375   0.141727644559465   -0.0198187900226164   -0.00907473756058633   0
0.0900902067106924   0.135697438278666   0.0226668633120549   -0.00603020628079914   0
0.0878551215706807   0.134972980418631   -0.00223508514001174   -0.000724457860034361   0
0.0793592079066995   0.138909670199081   -0.00849591366398117   0.00393668978045025   0
0.0842341954905622   0.137468051599493   0.00487498758386265   -0.00144161859958819   0
0.0805316078205521   0.143371096103691   -0.00370258767001003   0.00590304450419787   0
0.0847597172667437   0.13035508057716   0.00422810944619155   -0.0130160155265308   0
0.0836080363939824   0.152642074217367   -0.00115168087276124   0.0222869936402066   0
0.0628769177002696   0.149180414513093   -0.0207311186937128   -0.00346165970427439   0
0.0823090993587165   0.176499081572682   0.0194321816584469   0.0273186670595895   0
0.0608657333520389   0.146344322329098   -0.0214433660066776   -0.0301547592435845   0
0.107263095920979   0.153374598707487   0.0463973625689403   0.00703027637838957   0
0.0842554632834162   0.153467082123989   -0.023007632637563   9.24834165019206e-05   0
0.0945657829420911   0.122799214369393   0.0103103196586748   -0.0306678677545963   0
0.0878552420944514   0.149535681540766   -0.00671054084763964   0.0267364671713729   0
0.0819380336114035   0.162153680418895   -0.00591720848304793   0.0126179988781295   0
0.0888060612571911   0.137217827536608   0.0068680276457876   -0.0249358528822866   0
0.107844251772935   0.147365782680822   0.0190381905157436   0.0101479551442137   0
0.105847590123126   0.167869173388797   -0.00199666164980859   0.0205033907079743   0
0.0996077721465929   0.158048562074037   -0.00623981797653325   -0.00982061131475981   0
0.105880581173262   0.13312723996232   0.00627280902666881   -0.0249213221117168   0
0.102666429774472   0.16106321394319   -0.00321415139878971   0.02793597398087   0
0.0998892889713408   0.153206130662768   -0.00277714080313116   -0.00785708328042167   0
0.0931400264773399   0.151186978056247   -0.00674926249400096   -0.00201915260652166   0
0.0969475735361369   0.144070020720395   0.00380754705879703   -0.00711695733585205   0
0.125008840805652   0.159754670824542   0.0280612672695154   0.0156846501041472   0
0.106918046589217   0.154782759036219   -0.0180907942164357   -0.00497191178832251   0
0.104947258249187   0.145649962242137   -0.00197078834002962   -0.00913279679408233   0
0.121479286777849   0.132767029655641   0.0165320285286622   -0.0128829325864961   0
0.12120376166628   0.161686815544806   -0.000275525111569572   0.0289197858891654   0
0.117462720717487   0.147716869688278   -0.00374104094879249   -0.013969945856528   0
0.143945610275929   0.156457236240741   0.0264828895584417   0.00874036655246305   0
0.141285918204261   0.156558040507661   -0.00265969207166764   0.000100804266919191   0
0.15858043886784   0.163394835878987   0.0172945206635789   0.00683679537132623   0
0.163161654768963   0.16325398980807   0.00458121590112293   -0.000140846070916717   0
0.154877486195691   0.16532184953888   -0.00828416857327169   0.00206785973080953   0
0.138857720495456   0.163417155577787   -0.0160197657002351   -0.00190469396109286   0
0.17438770037192   0.151954726885319   0.0355299798764636   -0.0114624286924682   0
0.177977025051235   0.17255951082805   0.00358932467931483   0.0206047839427314   0
0.159149120287028   0.181856003790162   -0.0188279047642065   0.00929649296211166   0
0.15175631573668   0.168767668470991   -0.00739280455034791   -0.0130883353191709   0
0.173453649416109   0.157018791200323   0.0216973336794285   -0.011748877270668   0
0.166674497890994   0.170980102749153   -0.00677915152511446   0.01396131154883   0
0.158551919272219   0.174986673558082   -0.00812257861877499   0.00400657080892949   0
0.159168362316699   0.166137849205738   0.000616443044479303   -0.00884882435234452   0
0.169990077757723   0.164075200710779   0.0108217154410241   -0.00206264849495874   0
0.149558378773957   0.186506901767887   -0.0204316989837655   0.0224317010571083   0
0.143153287590791   0.184860710971446   -0.00640509118316604   -0.00164619079644102   0
0.143658356007161   0.195050344426576   0.000505068416370241   0.01018963345513   0
0.138777887589481   0.1915014842786   -0.00488046841768008   -0.00354886014797576   0
0.153161183034049   0.199644679065435   0.0143832954445672   0.00814319478683453   0
0.169148354551038   0.180942957919401   0.0159871715169896   -0.0187017211460339   0
0.166601424518033   0.197864059016806   -0.0025469300330048   0.0169211010974051   0
0.163205687222308   0.200519982451176   -0.00339573729572576   0.00265592343436943   0
0.168893585172219   0.179250694948166   0.00568789794991145   -0.0212692875030096   0
0.178169123367627   0.184560754167016   0.00927553819540747   0.00531005921885003   0
0.156609199402699   0.223837990110588   -0.0215599239649276   0.0392772359435719   0
0.171898422381526   0.21964452084975   0.0152892229788271   -0.00419346926083788   0
0.17930692428356   0.238995965268916   0.00740850190203399   0.0193514444191661   0
0.191806982075107   0.203549842061645   0.0125000577915468   -0.0354461232072709   0
0.184794293996998   0.207671421950188   -0.00701268807810856   0.00412157988854253   0
0.167138375947416   0.223960762105624   -0.0176559180495818   0.0162893401554365   0
0.172567057019703   0.218377034287968   0.00542868107228661   -0.00558372781765654   0
0.200396891128157   0.229886015740301   0.0278298341084538   0.0115089814523331   0
0.177800509726788   0.225891794959744   -0.0225963814013687   -0.00399422078055728   0
0.161771760464808   0.210084158032058   -0.0160287492619798   -0.0158076369276855   0
0.181078640493576   0.218217149297014   0.0193068800287674   0.00813299126495637   0
0.190997384190329   0.230775148837638   0.00991874369675325   0.0125579995406233   0
0.194261716022939   0.228657646982147   0.0032643318326101   -0.00211750185549067   0
0.181343463101693   0.222122065830351   -0.0129182529212463   -0.00653558115179617   0
0.201090355678512   0.224640075865707   0.0197468925768195   0.00251801003535637   0
0.192120181248063   0.243575393054053   -0.00897017443044956   0.0189353171883453   0
0.18831856534409   0.219235594409956   -0.00380161590397246   -0.0243397986440967   0
0.182750483215758   0.221760768469588   -0.0055680821283324   0.00252517405963198   0
0.219949656626472   0.217972141399889   0.0371991734107142   -0.00378862706969932   0
0.200067336417914   0.250095463783958   -0.019882320208558   0.0321233223840691   0
0.198703914879772   0.227782530639345   -0.00136342153814228   -0.0223129331446124   0
0.211652842635343   0.209316375805729   0.012948927755571   -0.0184661548336165   0
0.214667670578844   0.227646070351912   0.00301482794350152   0.0183296945461831   0
0.204782646269742   0.232751241862551   -0.00988502430910193   0.00510517151063902   0
0.215603442109054   0.226150173205346   0.0108207958393115   -0.00660106865720453   0
0.221871090659343   0.225101659361817   0.006267648550289   -0.00104851384352925   0
0.21082584181243   0.227706527883036   -0.011045248846913   0.00260486852121841   0
0.215238881470853   0.232504670701913   0.00441303965842321   0.00479814281887772   0
0.244218094892012   0.225854646166059   0.0289792134211594   -0.00665002453585381   0
0.257768634305795   0.243335690444954   0.0135505394137822   0.0174810442788947   0
0.238398903378025   0.230192209932944   -0.0193697309277697   -0.0131434805120106   0
0.229767407597271   0.220558548360796   -0.00863149578075401   -0.00963366157214773   0
0.24413015646547   0.230474831879348   0.0143627488681987   0.00991628351855192   0
0.233390719216081   0.238032844510417   -0.0107394372493885   0.00755801263106881   0
0.2756784694146   0.235132778944441   0.0422877501985187   -0.00290006556597527   0
0.273532661508463   0.248311166135263   -0.00214580790613655   0.013178387190822   0
0.27074102158909   0.246592122596456   -0.00279163991937365   -0.00171904353880714   0
0.271455458473339   0.233027925793562   0.00071443688424927   -0.0135641968028937   0
0.244345805248978   0.227235640828135   -0.027109653224361   -0.00579228496542775   0
0.232447195920332   0.249920384899479   -0.0118986093286463   0.0226847440713444   0
0.248068195138754   0.247344018639999   0.0156209992184221   -0.00257636625948041   0
0.248544027951134   0.240575849953188   0.000475832812380395   -0.00676816868681032   0
0.279662408378884   0.243542676125818   0.0311183804277496   0.00296682617262961   0
0.259771640809533   0.242672224119744   -0.019890767569351   -0.000870452006074246   0
0.273522936394151   0.234435346218174   0.013751295584618   -0.00823687790156927   0
0.259507753300778   0.24563587228776   -0.0140151830933729   0.0112005260695853   0
0.256410473555533   0.25433738534949   -0.00309727974524532   0.00870151306172975   0
0.246380940832708   0.248405078422654   -0.0100295327228245   -0.00593230692683569   0
0.251617657561257   0.245589625139552   0.00523671672854858   -0.00281545328310231   0
0.249430577662159   0.243049731626315   -0.0021870798990978   -0.00253989351323647   0
0.262132612498407   0.252084744753871   0.0127020348362482   0.00903501312755595   0
0.25748652429131   0.258102899819647   -0.00464608820709694   0.00601815506577635   0
0.28583463003727   0.233509704606785   0.0283481057459595   -0.0245931952128624   0
0.267465503312538   0.254492044332587   -0.0183691267247318   0.0209823397258019   0
0.259898388778008   0.256752858907849   -0.00756711453452935   0.0022608145752625   0
0.274509943059222   0.260959112061878   0.0146115542812132   0.00420625315402839   0
0.27701962002299   0.254153923705313   0.00250967696376847   -0.0068051883565643   0
0.24598976499514   0.256537990567127   -0.0310298550278503   0.00238406686181386   0
0.264695640601432   0.257783892622266   0.0187058756062918   0.00124590205513919   0
0.293614228242578   0.251851372115901   0.028918587641146   -0.00593252050636511   0
0.29055209388606   0.261534141190536   -0.00306213435651759   0.00968276907463483   0
0.26722489818544   0.253494350109147   -0.0233271957006201   -0.00803979108138914   0
0.268343072928512   0.247026113415602   0.00111817474307224   -0.0064682366935446   0
0.291876501203228   0.257826224494991   0.0235334282747156   0.0108001110793884   0
0.273777321527828   0.275258753355892   -0.0180991796754003   0.0174325288609009   0
0.271294635407562   0.270771114748624   -0.0024826861202652   -0.00448763860726803   0
0.285071607683415   0.262900718657395   0.0137769722758529   -0.00787039609122864   0
0.282052358272091   0.256578985633232   -0.00301924941132403   -0.00632173302416333   0
0.287595880755362   0.276119949825097   0.00554352248327111   0.0195409641918651   0
0.299405244739978   0.27767645063869   0.011809363984616   0.0015565008135931   0
0.295419650476451   0.273933352887502   -0.00398559426352713   -0.00374309775118753   0
0.315674005165462   0.261302934370232   0.0202543546890113   -0.0126304185172705   0
0.289260911082698   0.273490969992087   -0.026413094082764   0.0121880356218548   0
0.305530896759758   0.268585724345592   0.0162699856770591   -0.00490524564649431   0
0.313959731378785   0.267372766423136   0.00842883461902777   -0.00121295792245607   0
0.312881423719474   0.26744658916085   -0.00107830765931122   7.38227377142242e-05   0
0.313850721342629   0.281080612165717   0.00096929762315523   0.013634023004867   0
0.336794574271523   0.261011368712914   0.0229438529288937   -0.0200692434528035   0
0.308235035035213   0.271121211457095   -0.0285595392363103   0.0101098427441811   0
0.326540230189542   0.255476995817255   0.0183051951543293   -0.0156442156398398   0
0.299437531711634   0.269459248058344   -0.027102698477908   0.0139822522410885   0
0.297773263585133   0.280266635545583   -0.00166426812650072   0.0108073874872393   0
0.31194513037075   0.26614281399691   0.0141718667856172   -0.0141238215486728   0
0.308081546124949   0.247000254315415   -0.00386358424580158   -0.0191425596814958   0
0.307101170094229   0.277104051351736   -0.000980376030720209   0.0301037970363213   0
0.292520451021885   0.277798046320368   -0.0145807190723438   0.000693994968632261   0
0.277190084195035   0.259156091436039   -0.01533036682685   -0.0186419548843291   0
0.307879121122403   0.269690196786882   0.0306890369273686   0.0105341053508426   0
0.291456847792786   0.274030995335548   -0.0164222733296174   0.00434079854866626   0
0.285290138961247   0.261892891522473   -0.00616670883153908   -0.0121381038130752   0
0.327104091441371   0.263766694857225   0.0418139524801245   0.00187380333475212   0
0.327639149497112   0.260673482398519   0.000535058055740723   -0.00309321245870564   0
0.303401733282374   0.25164530917517   -0.0242374162147385   -0.00902817322334881   0
0.325817909774715   0.260604382444884   0.0224161764923416   0.00895907326971374   0
0.338616034867199   0.266880435019565   0.0127981250924833   0.00627605257468117   0
0.323409161277208   0.266828312328099   -0.0152068735899904   -5.21226914664275e-05   0
0.320898224679312   0.248988919067768   -0.00251093659789581   -0.0178393932603305   0
0.323989219902961   0.260424774889416   0.00309099522364853   0.0114358558216478   0
0.326083433279924   0.258438394916188   0.00209421337696281   -0.00198637997322804   0
0.35506167587043   0.242846028139324   0.028978242590506   -0.0155923667768642   0
0.331911659566015   0.251732634411521   -0.0231500163044148   0.00888660627219776   0
0.334458557545697   0.255177296740486   0.00254689797968211   0.00344466232896462   0
0.334101851245483   0.250519565385507   -0.000356706300213561   -0.00465773135497893   0
0.336717940109668   0.258029161545772   0.00261608886418496   0.00750959616026436   0
0.310296404049353   0.265748758322305   -0.0264215360603155   0.00771959677653394   0
0.327738589835771   0.273287167003731   0.017442185786418   0.00753840868142558   0
0.347722475339586   0.263578915869469   0.0199838855038151   -0.00970825113426227   0
0.351922072412312   0.259310852910793   0.0041995970727256   -0.00426806295867599   0
0.345068470840769   0.25948850182636   -0.00685360157154269   0.000177648915566708   0
0.34748390287902   0.264377879366046   0.00241543203825079   0.00488937753968677   0
0.346030705838417   0.231922635406952   -0.00145319704060282   -0.0324552439590947   0
0.326801076467701   0.218461342548588   -0.0192296293707164   -0.0134612928583632   0
0.325087497104916   0.245435196234883   -0.00171357936278438   0.0269738536862951   0
0.330755088683756   0.236009347001847   0.00566759157884006   -0.00942584923303685   0
0.373086475761736   0.219631589610668   0.0423313870779796   -0.0163777573911785   0
0.329850614941861   0.219845060349269   -0.0432358608198745   0.000213470738601007   0
0.339649832306408   0.227381545256471   0.00979921736454703   0.00753648490720227   0
0.365677847098515   0.235190882798406   0.0260280147921066   0.00780933754193486   0
0.363955961297494   0.216066082100848   -0.00172188580102078   -0.019124800697558   0
0.36865664744648   0.221892503510428   0.00470068614898589   0.00582642140957937   0
0.37879224238618   0.2093243139987   0.0101355949396997   -0.0125681895117275   0
0.377828873214809   0.225247731917567   -0.000963369171370632   0.0159234179188666   0
0.366914377642266   0.217769859936303   -0.0109144955725434   -0.00747787198126351   0
0.362482494328546   0.221480946456565   -0.00443188331371958   0.00371108652026159   0
0.391147500539658   0.227881744586386   0.0286650062111118   0.00640079812982136   0
0.403737149040064   0.242816697966146   0.0125896485004056   0.0149349533797599   0
0.390324133346966   0.232271760748462   -0.0134130156930973   -0.010544937217684   0
0.382561384317862   0.243762882589826   -0.00776274902910401   0.0114911218413638   0
0.380698316385368   0.234267516632213   -0.00186306793249413   -0.00949536595761305   0
0.39397297808259   0.217057548638419   0.0132746616972215   -0.0172099679937938   0
0.353103158438838   0.212621114803136   -0.0408698196437514   -0.00443643383528267   0
0.369748517131309   0.221113263827918   0.0166453586924711   0.00849214902478126   0
0.397163446172643   0.220028977488276   0.0274149290413337   -0.00108428633964169   0
0.406579282862228   0.204624787155478   0.00941583668958512   -0.0154041903327978   0
0.369582941233385   0.218000503872269   -0.0369963416288429   0.0133757167167909   0
0.323500324270644   0.211949431785135   -0.0460826169627412   -0.00605107208713448   0
