0   0   0   0   0
0.0434179774375408   0.0455934732577708   0.0434179774375408   0.0455934732577708   0
0.0591556165392745   0.0667067691333786   0.0157376391017337   0.0211132958756079   0
0.100010121466461   0.0977015067321813   0.0408545049271861   0.0309947375988026   0
0.167818617846019   0.15014530689082   0.0678084963795585   0.0524438001586388   0
0.214552785901269   0.195991802154642   0.0467341680552503   0.045846495263822   0
0.226835755538585   0.204061109093652   0.0122829696373151   0.00806930693900998   0
0.27082441732859   0.19976834126098   0.0439886617900057   -0.00429276783267168   0
0.255145923838992   0.216252371600303   -0.0156784934895985   0.0164840303393222   0
0.279120500600232   0.25322957055031   0.0239745767612403   0.0369771989500072   0
0.303088066834805   0.247452212328671   0.023967566234573   -0.00577735822163916   0
0.337454456881364   0.26161412848683   0.0343663900465592   0.0141619161581589   0
0.361094670001157   0.277919640426455   0.0236402131197926   0.0163055119396252   0
0.324080671381641   0.271233361258812   -0.0370139986195163   -0.00668627916764275   0
0.313942610994954   0.275412719100338   -0.0101380603866867   0.00417935784152629   0
0.349742244363546   0.26935378863553   0.035799633368592   -0.00605893046480849   0
0.332723100586725   0.276616197140491   -0.0170191437768205   0.00726240850496124   0
0.319844900247858   0.304175406736803   -0.0128782003388669   0.0275592095963122   0
0.315859631718452   0.300949875720138   -0.00398526852940645   -0.00322553101666506   0
0.325543616705993   0.29821098068455   0.00968398498754081   -0.00273889503558788   0
0.323129347128808   0.316983032592232   -0.00241426957718521   0.0187720519076818   0
0.309994246646986   0.307090361992257   -0.0131351004818219   -0.00989267059997539   0
0.282092365529673   0.312040653583159   -0.0279018811173124   0.00495029159090282   0
0.304458644883335   0.294333387517724   0.0223662793536616   -0.0177072660654358   0
0.291920770477841   0.285236749490572   -0.0125378744054935   -0.00909663802715122   0
0.337408102847032   0.289540854693721   0.0454873323691911   0.00430410520314822   0
0.32617706596884   0.270712421694608   -0.0112310368781921   -0.0188284329991128   0
0.297474887459935   0.248213883798026   -0.0287021785089056   -0.022498537896582   0
0.291316710733037   0.261081200243553   -0.00615817672689817   0.0128673164455272   0
0.282697100762049   0.248835838581822   -0.00861960997098793   -0.0122453616617309   0
0.283814834340855   0.28693871594338   0.00111773357880618   0.0381028773615581   0
0.297797284990156   0.297538352897217   0.0139824506493011   0.0105996369538364   0
0.262040547960324   0.249472268366579   -0.0357567370298318   -0.0480660845306371   0
0.272584029920179   0.226713371909181   0.0105434819598544   -0.022758896457398   0
0.267353877642132   0.211702163681566   -0.00523015227804663   -0.0150112082276153   0
0.245306549705619   0.199767412158523   -0.0220473279365133   -0.0119347515230435   0
0.263467394086128   0.239468485383028   0.0181608443805092   0.0397010732245052   0
0.227948631344309   0.20467086901702   -0.0355187627418185   -0.0347976163660075   0
0.275050608390226   0.236736172707135   0.0471019770459165   0.0320653036901142   0
0.254223830114591   0.216382769260958   -0.0208267782756348   -0.0203534034461764   0
0.217750957957445   0.181971452780194   -0.0364728721571462   -0.0344113164807638   0
0.20990442182625   0.207575052831303   -0.00784653613119465   0.0256036000511087   0
0.262413179909412   0.210940036067535   0.052508758083162   0.00336498323623238   0
0.227430088688602   0.158382250000775   -0.0349830912208105   -0.0525577860667603   0
0.240917853317105   0.198162657029525   0.0134877646285032   0.0397804070287497   0
0.193610345149432   0.19201365141145   -0.0473075081676731   -0.0061490056180751   0
0.212122483304218   0.201020155666595   0.0185121381547861   0.00900650425514568   0
0.176036343632611   0.152878611789392   -0.0360861396716068   -0.048141543877203   0
0.228653971832132   0.202138972826656   0.0526176281995211   0.0492603610372637   0
0.185753527210461   0.150556133598471   -0.0429004446216708   -0.0515828392281848   0
0.216853157079114   0.176883778217946   0.031099629868653   0.0263276446194751   0
0.237835849782176   0.179215067178935   0.0209826927030614   0.00233128896098855   0
0.216024744659565   0.184590110308631   -0.0218111051226109   0.00537504312969583   0
0.178453899986222   0.151500280446305   -0.0375708446733426   -0.0330898298623256   0
0.173150825831361   0.162718468768776   -0.00530307415486128   0.0112181883224711   0
0.190643518963924   0.17546786468649   0.0174926931325632   0.0127493959177135   0
0.196966482315761   0.137004517924184   0.0063229633518368   -0.0384633467623059   0
0.245060133577767   0.167911755274916   0.0480936512620053   0.0309072373507325   0
0.245763763730403   0.202085117161526   0.000703630152636608   0.0341733618866091   0
0.276987994400882   0.199477233665331   0.0312242306704793   -0.00260788349619484   0
0.212827836746961   0.208152164968076   -0.0641601576539218   0.00867493130274483   0
0.208894878465094   0.200734407889652   -0.00393295828186679   -0.00741775707842324   0
0.211232016309825   0.164011605178751   0.00233713784473097   -0.0367228027109009   0
0.208519379313494   0.196723623839384   -0.00271263699633087   0.0327120186606326   0
0.240278325514969   0.17870120676377   0.0317589462014755   -0.0180224170756139   0
0.19498494190494   0.172788018684035   -0.0452933836100297   -0.00591318807973526   0
0.234225731153731   0.188667090183447   0.0392407892487912   0.015879071499412   0
0.232223350896691   0.203050882503399   -0.00200238025704   0.0143837923199527   0
0.217233333936809   0.183963179907012   -0.0149900169598822   -0.019087702596387   0
0.232803292233657   0.223176713554106   0.0155699582968482   0.0392135336470937   0
0.252786487544902   0.182872695597856   0.0199831953112451   -0.0403040179562506   0
0.233703946558897   0.186022532563442   -0.0190825409860051   0.00314983696558596   0
0.254160326326016   0.225472955428461   0.0204563797671195   0.0394504228650193   0
0.232867054059791   0.193962616576701   -0.0212932722662252   -0.0315103388517595   0
0.259258202205251   0.241741931624436   0.0263911481454595   0.0477793150477346   0
0.228874289546963   0.192774003513188   -0.0303839126582882   -0.0489679281112478   0
0.236689915291157   0.248730892965941   0.00781562574419453   0.055956889452753   0
0.21727526628306   0.201200667578824   -0.0194146490080969   -0.0475302253871173   0
0.247434808844656   0.231816718233262   0.0301595425615953   0.0306160506544383   0
0.222932546100186   0.203301428612516   -0.0245022627444699   -0.0285152896207459   0
0.256779699168472   0.242701963424708   0.0338471530682868   0.0394005348121915   0
0.228544313170026   0.180188241850044   -0.0282353859984465   -0.0625137215746635   0
0.23518661910862   0.219085606357648   0.00664230593859397   0.0388973645076036   0
0.237074588536547   0.249410989815947   0.00188796942792718   0.0303253834582987   0
0.212086903144421   0.195678885094264   -0.0249876853921258   -0.053732104721683   0
0.202852268533566   0.220791819389083   -0.0092346346108553   0.0251129342948199   0
0.23362954774493   0.220781858327287   0.0307772792113637   -9.96106179682044e-06   0
0.233453403374474   0.227183444191066   -0.000176144370455628   0.00640158586377937   0
0.25513700241062   0.235021228359649   0.0216835990361463   0.00783778416858283   0
0.248816017104741   0.232764700649838   -0.0063209853058793   -0.00225652770981061   0
0.233232120081445   0.186822170413283   -0.0155838970232962   -0.0459425302365557   0
0.253607277333994   0.22181524409956   0.0203751572525495   0.0349930736862772   0
0.261822148801945   0.216297828504886   0.00821487146795091   -0.00551741559467386   0
0.376024667275363   0.235718055324861   0.114202518473418   0.0194202268199753   0
0.332854727916245   0.249304044170144   -0.0431699393591177   0.0135859888452831   0
0.283967088386459   0.217510858959747   -0.0488876395297859   -0.0317931852103976   0
0.299699596367645   0.228707629027746   0.0157325079811857   0.0111967700679992   0
0.305167559677675   0.266879923546426   0.00546796331002986   0.0381722945186801   0
0.286942248424073   0.18249045021461   -0.0182253112536017   -0.0843894733318162   0
0.27802593773272   0.206851425450885   -0.00891631069135346   0.0243609752362748   0
0.26946967280356   0.189323161069529   -0.00855626492915973   -0.0175282643813555   0
0.266033365654096   0.232169639536731   -0.00343630714946364   0.0428464784672016   0
0.245882781149855   0.18581044239503   -0.0201505845042409   -0.046359197141701   0
0.222231732301437   0.197411559300952   -0.0236510488484181   0.0116011169059223   0
0.247381441481989   0.202493753941646   0.0251497091805519   0.00508219464069437   0
0.246665936790368   0.20028664257783   -0.000715504691620961   -0.00220711136381599   0
0.291563916358207   0.201082179889152   0.0448979795678388   0.000795537311321814   0
0.288622671238512   0.174509344534189   -0.00294124511969535   -0.0265728353549633   0
0.2906483269787   0.233185771649724   0.00202565574018876   0.0586764271155354   0
0.298309418492102   0.224410874616929   0.00766109151340144   -0.00877489703279527   0
0.27494644233197   0.243640145207935   -0.0233629761601317   0.0192292705910057   0
0.305685902073456   0.252343771644309   0.0307394597414858   0.00870362643637379   0
0.309887829775055   0.224665312675379   0.00420192770159933   -0.0276784589689293   0
0.310217518454648   0.248814436097225   0.000329688679593043   0.0241491234218461   0
0.328025888219372   0.252994694469644   0.0178083697647241   0.00418025837241834   0
0.337347570174292   0.29293443914607   0.00932168195491972   0.0399397446764268   0
0.355734232545623   0.30440588406535   0.0183866623713304   0.0114714449192798   0
0.335986893264681   0.298819958530543   -0.0197473392809417   -0.00558592553480686   0
0.335540440431247   0.295776606181951   -0.000446452833434086   -0.00304335234859254   0
0.299212082226604   0.269631624248012   -0.0363283582046428   -0.026144981933939   0
0.294763927896946   0.247544007365872   -0.00444815432965773   -0.0220876168821394   0
0.326355454962139   0.241228088843613   0.0315915270651923   -0.00631591852225935   0
0.351177832862653   0.223361006258024   0.0248223779005148   -0.0178670825855894   0
0.320964673501333   0.22982522387059   -0.0302131593613201   0.00646421761256599   0
0.321684737794513   0.230124678105706   0.000720064293179556   0.00029945423511657   0
0.320143133479978   0.236316903396175   -0.00154160431453437   0.00619222529046837   0
0.325495891342602   0.26533866103331   0.0053527578626239   0.029021757637135   0
0.291167611743813   0.279501310642564   -0.0343282795987898   0.0141626496092539   0
0.299294731172038   0.22203414740567   0.00812711942822525   -0.0574671632368933   0
0.302301877786922   0.236335648957779   0.00300714661488388   0.0143015015521092   0
0.294912431110805   0.246856243065867   -0.00738944667611702   0.0105205941080878   0
0.279002539175523   0.183107575549263   -0.0159098919352815   -0.0637486675166045   0
0.296240201222046   0.230660881671155   0.0172376620465226   0.0475533061218921   0
0.314245720184821   0.262751739890104   0.0180055189627754   0.0320908582189493   0
0.309973332933759   0.235347064915283   -0.0042723872510621   -0.0274046749748212   0
0.328754465083347   0.261031037087769   0.018781132149588   0.0256839721724863   0
0.322485356195406   0.275567813584161   -0.00626910888794069   0.0145367764963913   0
0.299848818259909   0.258655122097986   -0.022636537935497   -0.0169126914861741   0
0.29842307861151   0.244050087288959   -0.00142573964839926   -0.0146050348090277   0
0.306210624082769   0.219579133897421   0.00778754547125859   -0.0244709533915375   0
0.284443992970636   0.227920528227911   -0.021766631112133   0.00834139433048969   0
0.292186490243906   0.257419107206814   0.0077424972732707   0.0294985789789027   0
0.232029665698011   0.210978680825672   -0.0601568245458958   -0.0464404263811417   0
0.2572175346117   0.228229454570228   0.0251878689136896   0.0172507737445559   0
0.236550091511902   0.211743069438027   -0.0206674430997984   -0.0164863851322005   0
0.239277624195235   0.229354941306258   0.00272753268333314   0.0176118718682304   0
0.281060980773314   0.231375414000139   0.0417833565780795   0.00202047269388067   0
0.268255683853369   0.227602385274474   -0.0128052969199452   -0.00377302872566407   0
0.270410753615444   0.246947045582284   0.00215506976207475   0.0193446603078094   0
0.247785174412999   0.168131728268358   -0.0226255792024454   -0.0788153173139254   0
0.250409976133906   0.196528076676784   0.00262480172090718   0.0283963484084252   0
0.201256382265798   0.218750612081077   -0.0491535938681076   0.0222225354042936   0
0.188062739788628   0.19019264518279   -0.0131936424771705   -0.028557966898287   0
0.141541989245523   0.203602424843318   -0.046520750543105   0.0134097796605278   0
0.155567064871363   0.15806603643742   0.0140250756258406   -0.0455363884058984   0
0.208196639146335   0.20526393511015   0.0526295742749716   0.0471978986727308   0
0.215173975914143   0.181523464806923   0.00697733676780854   -0.0237404703032269   0
0.178912192279882   0.17237526986505   -0.0362617836342614   -0.00914819494187383   0
0.151354952777312   0.143312668169278   -0.0275572395025696   -0.0290626016957717   0
0.169203610981973   0.151135937793791   0.0178486582046608   0.00782326962451266   0
0.187738435658973   0.177165624265278   0.0185348246770005   0.0260296864714874   0
0.187693505617184   0.132009457856274   -4.49300417899867e-05   -0.0451561664090035   0
0.202756034929502   0.14511726709851   0.0150625293123184   0.0131078092422351   0
0.207153498025033   0.161607649568457   0.0043974630955316   0.0164903824699475   0
0.212253969776471   0.129220260157935   0.00510047175143744   -0.0323873894105217   0
0.225022725913932   0.15132531308421   0.0127687561374614   0.0221050529262747   0
0.225039551605119   0.191707575124549   1.6825691186606e-05   0.0403822620403389   0
0.219587906540261   0.204208360470038   -0.00545164506485821   0.0125007853454889   0
0.253203734127918   0.190074472860321   0.033615827587657   -0.0141338876097165   0
0.224535830026754   0.18118613550084   -0.0286679041011635   -0.00888833735948166   0
0.236185653009348   0.168970641001836   0.0116498229825942   -0.0122154944990036   0
0.213310971527617   0.153249694224443   -0.0228746814817309   -0.0157209467773934   0
0.185582824118242   0.183174444199738   -0.0277281474093755   0.0299247499752956   0
0.196042008055318   0.184899053022963   0.0104591839370761   0.00172460882322506   0
0.211385020304336   0.184657172197615   0.0153430122490182   -0.000241880825348401   0
0.181122739355251   0.176616866788357   -0.0302622809490855   -0.0080403054092581   0
0.160589801999984   0.19492024808133   -0.0205329373552669   0.0183033812929726   0
0.116413370233803   0.168414987501388   -0.0441764317661804   -0.0265052605799411   0
0.186206694416196   0.146466351211951   0.0697933241823923   -0.0219486362894379   0
0.267796121325897   0.182997260758578   0.0815894269097014   0.0365309095466279   0
0.27688808055162   0.173887282076874   0.00909195922572303   -0.00910997868170474   0
0.252960409749188   0.173578707011315   -0.023927670802432   -0.000308575065559008   0
0.241367788114042   0.164049402674057   -0.0115926216351458   -0.00952930433725729   0
0.234504186383775   0.165723559127852   -0.00686360173026682   0.00167415645379454   0
0.250927539189361   0.134806365777358   0.0164233528055853   -0.0309171933504941   0
0.19032509713554   0.228130595469223   -0.060602442053821   0.093324229691865   0
0.235839491385807   0.204674203541912   0.0455143942502677   -0.0234563919273111   0
0.280134265377045   0.200400341085745   0.0442947739912375   -0.00427386245616626   0
0.253408083710844   0.209423003690127   -0.026726181666201   0.00902266260438131   0
0.237243797596604   0.186948659267219   -0.0161642861142398   -0.0224743444229073   0
0.238439080833759   0.165564582644723   0.00119528323715462   -0.0213840766224961   0
0.241719887847621   0.189647650665172   0.00328080701386241   0.024083068020449   0
0.223159829429982   0.194526149268568   -0.0185600584176388   0.00487849860339604   0
0.224529760052854   0.18185083294262   0.00136993062287133   -0.0126753163259483   0
0.235867622486473   0.185320465339835   0.0113378624336198   0.00346963239721482   0
0.247118224862431   0.173564388918411   0.0112506023759571   -0.0117560764214236   0
0.2441689033164   0.19011962687496   -0.0029493215460302   0.0165552379565483   0
0.232312864371842   0.184492654540017   -0.0118560389445588   -0.00562697233494225   0
0.211357812008109   0.171755562023993   -0.0209550523637325   -0.0127370925160247   0
0.224185279928393   0.177523255543538   0.0128274679202836   0.0057676935195454   0
0.254523340340125   0.137397117840176   0.0303380604117328   -0.0401261377033624   0
0.192020343116481   0.101835519292248   -0.062502997223644   -0.0355615985479278   0
0.13079392619274   0.0978297341488071   -0.061226416923741   -0.00400578514344077   0
0.165320047525459   0.128628878064211   0.0345261213327189   0.0307991439154036   0
0.199478585980018   0.151934477015453   0.0341585384545589   0.0233055989512426   0
0.232645869578983   0.157495336791054   0.033167283598965   0.0055608597756005   0
0.21296496811711   0.150991577244241   -0.0196809014618728   -0.00650375954681232   0
0.249011104430395   0.177594123507633   0.0360461363132847   0.0266025462633916   0
0.258294372747628   0.197453497600423   0.00928326831723322   0.0198593740927896   0
0.247831997489655   0.186500483448573   -0.0104623752579736   -0.0109530141518501   0
0.227609724869714   0.188702657500148   -0.0202222726199404   0.00220217405157552   0
0.223914170454821   0.189995226500807   -0.00369555441489328   0.00129256900065858   0
0.230779949680786   0.179508721075203   0.00686577922596504   -0.0104865054256035   0
0.229430513524597   0.179893126785557   -0.00134943615618849   0.000384405710353558   0
0.224781175348069   0.191823541851316   -0.00464933817652838   0.0119304150657593   0
0.216912461876563   0.208676549587959   -0.00786871347150656   0.0168530077366424   0
0.256374259636275   0.194418052449919   0.0394617977597125   -0.0142584971380396   0
0.229714529762739   0.19404291883616   -0.0266597298735359   -0.000375133613758794   0
0.251252739345678   0.197883529371856   0.0215382095829392   0.00384061053569612   0
0.270209781325245   0.19772417499489   0.018957041979567   -0.000159354376966458   0
0.265959018468955   0.206582738327404   -0.00425076285629061   0.00885856333251456   0
0.256053389566029   0.192284310429779   -0.00990562890292596   -0.0142984278976258   0
0.266067640559974   0.203821132346731   0.0100142509939448   0.0115368219169524   0
0.283341040090259   0.213813231362483   0.0172733995302853   0.00999209901575157   0
0.261799208180578   0.205206084914531   -0.0215418319096813   -0.0086071464479513   0
0.296718315447781   0.218487433845008   0.0349191072672034   0.0132813489304762   0
0.286708001886299   0.213302289009342   -0.0100103135614825   -0.0051851448356654   0
0.32181396640269   0.224735404096546   0.0351059645163916   0.0114331150872039   0
0.306890325215252   0.204038236997387   -0.0149236411874386   -0.0206971670991592   0
0.345843397940707   0.213465899603591   0.038953072725455   0.0094276626062037   0
0.284673115034742   0.194396767760338   -0.0611702829059645   -0.0190691318432524   0
