0   0   0   0   0
0.0662513789715253   0.0367910394521748   0.0662513789715253   0.0367910394521748   0
0.0625410619834787   0.0258676789756803   -0.00371031698804658   -0.0109233604764945   0
0.132752208788784   0.054718109615706   0.0702111468053058   0.0288504306400257   0
0.121738291367018   0.056007940742901   -0.0110139174217662   0.001289831127195   0
0.118418763138771   0.0728006777240527   -0.00331952822824724   0.0167927369811518   0
0.185302227248911   0.126961757290973   0.0668834641101398   0.0541610795669206   0
0.203465570080335   0.13131804029221   0.0181633428314246   0.0043562830012368   0
0.223491698220314   0.158107829418809   0.0200261281399784   0.0267897891265989   0
0.171387118771458   0.106725371577048   -0.052104579448856   -0.0513824578417613   0
0.311327405119266   0.174148919358703   0.139940286347808   0.0674235477816557   0
0.255660121890692   0.15744126918052   -0.0556672832285739   -0.0167076501781835   0
0.267819182273946   0.165869691122561   0.0121590603832538   0.00842842194204152   0
0.239853532342047   0.164146901003716   -0.0279656499318986   -0.00172279011884519   0
0.254622204833163   0.175910460360808   0.0147686724911156   0.0117635593570914   0
0.294361486149032   0.234823118192169   0.0397392813158697   0.0589126578313614   0
0.314632298625866   0.239418274209152   0.0202708124768341   0.00459515601698252   0
0.210110447718489   0.141690400410225   -0.104521850907378   -0.0977278737989266   0
0.213718614727335   0.107535699149099   0.00360816700884656   -0.0341547012611262   0
0.261548238425014   0.0892970300026354   0.0478296236976786   -0.0182386691464633   0
0.271815257913014   0.107148665835465   0.0102670194880005   0.0178516358328299   0
0.275109428866693   0.126720892365138   0.00329417095367851   0.0195722265296725   0
0.269892807502993   0.12288945084148   -0.00521662136370021   -0.00383144152365814   0
0.270156337311341   0.159632975174932   0.000263529808348095   0.0367435243334525   0
0.282734106369944   0.205266347230394   0.0125777690586028   0.0456333720554621   0
0.255184396016108   0.149349632788376   -0.0275497103538355   -0.0559167144420186   0
0.267299538071885   0.128614449242695   0.012115142055777   -0.0207351835456811   0
0.277894097123281   0.134889265485728   0.0105945590513961   0.00627481624303342   0
0.272825471883364   0.160727211606868   -0.00506862523991752   0.0258379461211402   0
0.303291117415657   0.194058238989093   0.0304656455322936   0.0333310273822242   0
0.285474134856381   0.192770666220932   -0.0178169825592762   -0.00128757276816022   0
0.30973810939568   0.212864316791205   0.024263974539299   0.0200936505702731   0
0.326743241532137   0.228280311397906   0.0170051321364568   0.0154159946067002   0
0.285100493114689   0.183231636320178   -0.0416427484174483   -0.0450486750777279   0
0.271994114757752   0.138312812928743   -0.0131063783569365   -0.0449188233914345   0
0.24270366453561   0.12728235565155   -0.0292904502221423   -0.0110304572771929   0
0.242417780664344   0.103596635779677   -0.000285883871265574   -0.0236857198718734   0
0.227993660094914   0.102646614131793   -0.0144241205694305   -0.000950021647884172   0
0.219495431167349   0.125150920991086   -0.00849822892756455   0.022504306859293   0
0.224438390250357   0.156964358750671   0.00494295908300718   0.0318134377595858   0
0.202217574632798   0.140308153957283   -0.0222208156175588   -0.016656204793388   0
0.258044370273693   0.16914636778079   0.0558267956408949   0.028838213823507   0
0.322450383011062   0.207515251073422   0.0644060127373693   0.038368883292632   0
0.322529141821836   0.194701765419364   7.87588107744597e-05   -0.012813485654058   0
0.334198385880285   0.205299862209324   0.011669244058449   0.0105980967899593   0
0.323887784711197   0.193224503460858   -0.0103106011690887   -0.0120753587484657   0
0.32263889012463   0.185248887775657   -0.00124889458656646   -0.00797561568520064   0
0.278702651111157   0.176146433800874   -0.0439362390134733   -0.00910245397478296   0
0.283714549279878   0.192244083669958   0.00501189816872066   0.0160976498690835   0
0.173295931630888   0.152097854424532   -0.110418617648989   -0.0401462292454259   0
0.207717455058975   0.173387255276458   0.0344215234280866   0.0212894008519262   0
0.231743671039726   0.1684146266096   0.0240262159807508   -0.00497262866685816   0
0.254172925627192   0.16913512904521   0.0224292545874667   0.000720502435610143   0
0.211641014880474   0.128336135783576   -0.0425319107467185   -0.0407989932616339   0
0.290780826477381   0.200759617127813   0.0791398115969074   0.072423481344237   0
0.284790837932079   0.22572780830164   -0.00598998854530236   0.0249681911738263   0
0.323802088478555   0.228919387249329   0.039011250546476   0.00319157894768979   0
0.318847599136598   0.224208754197032   -0.00495448934195736   -0.00471063305229691   0
0.303208869250629   0.213152546914767   -0.0156387298859682   -0.0110562072822658   0
0.390017350390731   0.262958568675592   0.0868084811401019   0.0498060217608259   0
0.432036800069074   0.305511812981125   0.0420194496783426   0.042553244305532   0
0.434072781137487   0.308408394482026   0.00203598106841263   0.00289658150090188   0
0.426764730065535   0.302543369301923   -0.00730805107195132   -0.00586502518010357   0
0.364155044352011   0.244679697193521   -0.0626096857135238   -0.0578636721084014   0
0.422947153744177   0.290812276869771   0.0587921093921661   0.04613257967625   0
0.369608994160153   0.243721380894352   -0.0533381595840244   -0.0470908959754194   0
0.297436945758693   0.169322309468762   -0.0721720484014602   -0.07439907142559   0
0.342717245409948   0.170103724391749   0.0452802996512551   0.000781414922987111   0
0.379728632795727   0.200124005944983   0.0370113873857791   0.0300202815532334   0
0.329882848445518   0.193657507595114   -0.0498457843502086   -0.00646649834986818   0
0.288101334703989   0.182438908963611   -0.0417815137415291   -0.0112185986315034   0
0.330691338126401   0.236716631056735   0.0425900034224114   0.0542777220931238   0
0.314390563785416   0.235727955546378   -0.0163007743409846   -0.00098867551035714   0
0.336069476549674   0.233391017407781   0.0216789127642582   -0.00233693813859673   0
0.356547164360505   0.204372404531143   0.0204776878108302   -0.0290186128766379   0
0.381632056989009   0.200840919714917   0.0250848926285044   -0.00353148481622559   0
0.393704207143741   0.218796417246148   0.0120721501547316   0.0179554975312305   0
0.398653284332649   0.221953360068632   0.00494907718890869   0.00315694282248369   0
0.404911109141787   0.260597695665555   0.00625782480913722   0.0386443355969233   0
0.303184962555964   0.250877278029219   -0.101726146585822   -0.00972041763633624   0
0.367404878755189   0.260631910447624   0.0642199161992245   0.00975463241840568   0
0.349933365203121   0.226207272873621   -0.0174715135520677   -0.0344246375740034   0
0.406057186265997   0.220722759724195   0.0561238210628754   -0.00548451314942633   0
0.421298860921053   0.249819849287826   0.0152416746550569   0.0290970895636314   0
0.415848226694462   0.25493547130916   -0.00545063422659153   0.00511562202133398   0
0.437249775275981   0.267018891853504   0.0214015485815193   0.0120834205443442   0
0.453599309359628   0.299144501093781   0.0163495340836468   0.0321256092402773   0
0.436749282778806   0.314386744851947   -0.0168500265808216   0.0152422437581652   0
0.457634947140689   0.316687131129712   0.0208856643618823   0.0023003862777653   0
0.359469080492269   0.242722061133725   -0.0981658666484192   -0.0739650699959869   0
0.372207579263174   0.174408100742072   0.0127384987709048   -0.0683139603916535   0
0.378555360942682   0.130850978962194   0.00634778167950772   -0.0435571217798777   0
0.356606232758671   0.146071807510602   -0.0219491281840108   0.0152208285484085   0
0.413175957748673   0.185674112044923   0.0565697249900016   0.0396023045343208   0
0.378554522277029   0.219696505535203   -0.0346214354716442   0.0340223934902798   0
0.338894765790987   0.174459256841987   -0.0396597564860411   -0.0452372486932158   0
0.44267065419223   0.230987109306583   0.103775888401242   0.0565278524645957   0
0.458992998321287   0.215781629647016   0.016322344129057   -0.0152054796595667   0
0.445291561264127   0.161917641588717   -0.0137014370571599   -0.0538639880582996   0
0.435737566099228   0.186057903030771   -0.00955399516489913   0.0241402614420545   0
0.469275079257727   0.216892089796908   0.0335375131584995   0.0308341867661369   0
0.491312048346663   0.241085013155416   0.022036969088936   0.0241929233585075   0
0.525799086467744   0.263728898787221   0.0344870381210808   0.022643885631805   0
0.430380398290092   0.236534812666834   -0.0954186881776519   -0.0271940861203862   0
0.482841502934949   0.26210395943566   0.0524611046448568   0.0255691467688257   0
0.459581955361694   0.235794783438233   -0.0232595475732552   -0.026309175997427   0
0.440043177386835   0.207075067737629   -0.0195387779748587   -0.0287197157006044   0
0.51502311904648   0.228660904867109   0.0749799416596453   0.0215858371294798   0
0.518042687130529   0.235988566576673   0.00301956808404846   0.00732766170956403   0
0.424720606511505   0.176899949456451   -0.0933220806190233   -0.0590886171202212   0
0.455527603656497   0.209026476325502   0.030806997144992   0.0321265268690503   0
0.462391906396365   0.232600871785874   0.00686430273986782   0.0235743954603723   0
0.498253473613435   0.247315351524264   0.03586156721707   0.0147144797383899   0
0.461144160081892   0.26077216041381   -0.0371093135315427   0.013456808889546   0
0.449423055781181   0.22910175781196   -0.0117211043007119   -0.0316704026018501   0
0.475420712033206   0.198297979710691   0.025997656252025   -0.0308037781012686   0
0.520664451481905   0.243103215280807   0.0452437394486991   0.0448052355701158   0
0.526772427064282   0.251379006786289   0.0061079755823773   0.00827579150548183   0
0.508893943414884   0.236615657884129   -0.0178784836493977   -0.0147633489021601   0
0.473133756808062   0.21152182018702   -0.0357601866068225   -0.0250938376971089   0
0.491041442432897   0.234889743324084   0.0179076856248357   0.0233679231370645   0
0.4721629105762   0.253913777195802   -0.0188785318566971   0.0190240338717179   0
0.585952669832666   0.285120660208812   0.113789759256466   0.03120688301301   0
0.607904712453383   0.274600725407635   0.0219520426207163   -0.0105199348011774   0
0.600593054550207   0.229627043452322   -0.00731165790317567   -0.0449736819553133   0
0.616340306472339   0.281098692140906   0.0157472519221318   0.0514716486885847   0
0.577201340353104   0.280973514701205   -0.0391389661192344   -0.000125177439701307   0
0.524403415148345   0.262506594976481   -0.0527979252047592   -0.0184669197247241   0
0.508339597150897   0.255973720186578   -0.0160638179974483   -0.00653287478990339   0
0.495402599569814   0.259383176725607   -0.0129369975810825   0.00340945653902985   0
0.512800314833865   0.267789526311382   0.0173977152640504   0.00840634958577419   0
0.512042621876885   0.213559975407448   -0.000757692956979805   -0.0542295509039336   0
0.548783142551726   0.248770758655276   0.0367405206748412   0.0352107832478279   0
0.532965342956119   0.275980421624658   -0.0158177995956069   0.0272096629693816   0
0.528479382326229   0.27493384950763   -0.00448596062989048   -0.0010465721170273   0
0.532735187892904   0.23777453834645   0.0042558055666756   -0.0371593111611798   0
0.512184633793938   0.253136437457936   -0.0205505540989666   0.0153618991114852   0
0.548041369630074   0.268023398851128   0.0358567358361365   0.0148869613931926   0
0.55313861648398   0.232850696107943   0.00509724685390567   -0.0351727027431856   0
0.54365391517197   0.209360662030391   -0.00948470131200951   -0.0234900340775515   0
0.59242257351737   0.23061928493992   0.0487686583453999   0.021258622909529   0
0.505838174577389   0.230780387209292   -0.0865843989399816   0.000161102269371965   0
0.508580973162387   0.253065906104274   0.00274279858499848   0.022285518894982   0
0.533619462672699   0.329546752480898   0.0250384895103118   0.0764808463766243   0
0.576881295249882   0.320660862148243   0.0432618325771832   -0.00888589033265547   0
0.547938699068862   0.255427545913648   -0.0289425961810207   -0.0652333162345945   0
0.593033239251599   0.253227642007066   0.0450945401827373   -0.00219990390658265   0
0.594129906391085   0.232736143544629   0.00109666713948575   -0.0204914984624368   0
0.635652855964766   0.270358842651179   0.0415229495736813   0.0376226991065503   0
0.638333869171618   0.290219475343792   0.00268101320685166   0.019860632692613   0
0.619368086813395   0.304111928871749   -0.0189657823582222   0.0138924535279565   0
0.607518131725375   0.289641968121286   -0.0118499550880207   -0.0144699607504626   0
0.646217657257704   0.330638769502032   0.0386995255323291   0.0409968013807456   0
0.577163604526244   0.302692129599997   -0.0690540527314599   -0.0279466399020349   0
0.610032166516715   0.307203868227564   0.0328685619904707   0.00451173862756749   0
0.625054895149906   0.32187281773372   0.0150227286331914   0.0146689495061555   0
0.647370244518748   0.340300812343981   0.0223153493688416   0.0184279946102611   0
0.649074769112827   0.327261879645747   0.00170452459407955   -0.0130389326982341   0
0.638290074273436   0.321832946391724   -0.0107846948393913   -0.00542893325402311   0
0.593133097371289   0.295429526832805   -0.045156976902147   -0.0264034195589189   0
0.657149717972446   0.328063203697142   0.0640166206011572   0.0326336768643372   0
0.681462799161265   0.346304038448718   0.0243130811888185   0.0182408347515758   0
0.684354595156775   0.27309428302863   0.00289179599551082   -0.0732097554200878   0
0.684000908465626   0.248201716176954   -0.000353686691149879   -0.0248925668516756   0
0.707904874212351   0.279333165002704   0.023903965746725   0.0311314488257493   0
0.675358549106375   0.251296337777727   -0.0325463251059759   -0.0280368272249762   0
0.640909572997586   0.26583457687316   -0.0344489761087892   0.0145382390954324   0
0.671178051758277   0.323055646874322   0.0302684787606912   0.057221070001162   0
0.69943142965622   0.333791152228583   0.0282533778979429   0.010735505354261   0
0.679899187991073   0.324677591244124   -0.0195322416651463   -0.00911356098445887   0
0.748482102897899   0.319914259465833   0.0685829149068252   -0.00476333177829086   0
0.734668487504821   0.325727733762691   -0.0138136153930775   0.00581347429685769   0
0.761060011757626   0.376622552810718   0.0263915242528054   0.0508948190480267   0
0.719366306293356   0.365538252399323   -0.041693705464271   -0.0110843004113946   0
0.751754552906851   0.395361050060255   0.0323882466134956   0.0298227976609315   0
0.781720844736529   0.391287276058301   0.0299662918296781   -0.00407377400195336   0
0.762225734539062   0.381599386705205   -0.0194951101974677   -0.00968788935309611   0
0.81730646229585   0.424678920514442   0.0550807277567887   0.0430795338092367   0
0.809975645339066   0.395079678072014   -0.00733081695678395   -0.0295992424424282   0
0.842951914113612   0.392854669569747   0.032976268774546   -0.00222500850226692   0
0.840318473702794   0.402986955037307   -0.00263344041081859   0.0101322854675602   0
0.800661394126472   0.405397536360079   -0.0396570795763216   0.00241058132277178   0
0.823208344540445   0.434265585996421   0.0225469504139733   0.0288680496363427   0
0.831016315050503   0.439304636283287   0.00780797051005777   0.00503905028686591   0
0.805111658901372   0.419493425085202   -0.0259046561491311   -0.0198112111980849   0
0.746383616584796   0.390564145900867   -0.0587280423165762   -0.0289292791843352   0
0.723338440833426   0.341785525871777   -0.02304517575137   -0.0487786200290903   0
0.721600384150971   0.346893813650199   -0.00173805668245475   0.00510828777842237   0
0.758439394384225   0.396963901065801   0.0368390102332539   0.0500700874156013   0
0.70572472116859   0.376569730819375   -0.0527146732156346   -0.0203941702464259   0
0.723748881944159   0.384952155524654   0.0180241607755687   0.00838242470527945   0
0.708890945124429   0.333402535871752   -0.0148579368197304   -0.0515496196529023   0
0.687206423258158   0.33304042227202   -0.0216845218662703   -0.000362113599731706   0
0.723647922780701   0.354560529480793   0.0364414995225426   0.0215201072087732   0
0.774104164347709   0.353843238594346   0.0504562415670083   -0.000717290886447342   0
0.720350071943634   0.29748111508879   -0.0537540924040748   -0.0563621235055557   0
0.77156442793918   0.329515055281581   0.0512143559955454   0.0320339401927908   0
0.724623201384459   0.341456086734958   -0.0469412265547211   0.0119410314533766   0
0.702211412446199   0.336391577997582   -0.0224117889382599   -0.00506450873737591   0
0.739671817056517   0.337522682013062   0.0374604046103181   0.00113110401547978   0
0.735081960640125   0.348272490508009   -0.00458985641639187   0.0107498084949474   0
0.72729296587652   0.333128402336923   -0.00778899476360506   -0.0151440881710856   0
0.743488261951366   0.336166618367511   0.0161952960748462   0.0030382160305879   0
0.686759797560969   0.291410145228936   -0.0567284643903969   -0.0447564731385751   0
0.626289472820793   0.256788662568425   -0.0604703247401761   -0.0346214826605112   0
0.572802590914498   0.243597145829176   -0.053486881906295   -0.0131915167392487   0
0.608964875469202   0.289907947487922   0.0361622845547043   0.0463108016587453   0
0.637678151157709   0.277309055139998   0.0287132756885071   -0.012598892347924   0
0.653554325725306   0.281452563440908   0.0158761745675967   0.0041435083009107   0
0.715896598081118   0.31152897803454   0.0623422723558121   0.0300764145936321   0
0.734272768035669   0.328730116313509   0.0183761699545509   0.0172011382789686   0
0.69270596476873   0.271289509591938   -0.0415668032669395   -0.0574406067215714   0
0.728565273125459   0.321875665480775   0.0358593083567292   0.0505861558888377   0
0.71626866759887   0.325994295635767   -0.0122966055265892   0.00411863015499142   0
0.68919589301302   0.284267266791252   -0.0270727745858498   -0.0417270288445147   0
0.700827458110306   0.320093994429973   0.0116315650972861   0.0358267276387212   0
0.728459142727589   0.375797527292933   0.0276316846172826   0.0557035328629594   0
0.784964142229023   0.430808639338144   0.0565049995014343   0.0550111120452117   0
0.804378808496956   0.383758604239849   0.0194146662679326   -0.0470500350982954   0
0.79045935588877   0.33271295141412   -0.0139194526081859   -0.0510456528257293   0
0.814383331171882   0.318822943877817   0.0239239752831124   -0.013890007536303   0
0.763973711619519   0.340970710607004   -0.0504096195523634   0.0221477667291873   0
0.772057961102777   0.370457445900887   0.0080842494832587   0.0294867352938829   0
0.736616710476192   0.360002527416494   -0.0354412506265858   -0.0104549184843926   0
0.749367127825557   0.370198796764921   0.0127504173493653   0.0101962693484264   0
0.742700990173136   0.341867162256164   -0.00666613765242074   -0.0283316345087565   0
0.7579455788941   0.333522954187698   0.0152445887209642   -0.00834420806846636   0
