1.4210855e-14   3.8518599e-32   0   0   0
0.0501241405981951   0.0102405077330347   0.0501241405981809   0.0102405077330347   0
0.0262791911594891   0.0099950223410004   -0.023844949438706   -0.00024548539203431   0
0.0751572899381743   0.0299978592762128   0.0488780987786852   0.0200028369352124   0
0.0767382339634075   0.0432472157553209   0.00158094402523319   0.0132493564791081   0
0.10540672641197   0.0672814798142036   0.0286684924485626   0.0240342640588826   0
0.0869054146239507   0.0848544999476723   -0.0185013117880194   0.0175730201334687   0
0.071360729584336   0.104469672406138   -0.0155446850396147   0.019615172458466   0
0.0998833504154702   0.125849413376758   0.0285226208311342   0.0213797409706196   0
0.0719117045535471   0.131838270316427   -0.0279716458619231   0.00598885693966933   0
0.0694843482439648   0.122584616917439   -0.00242735630958228   -0.00925365339898787   0
0.0541163996409802   0.12527711264605   -0.0153679486029846   0.00269249572861022   0
0.06536080195064   0.155475281558705   0.0112444023096598   0.0301981689126557   0
0.0802944054684238   0.179876394319147   0.0149336035177838   0.0244011127604417   0
0.0870119864470652   0.188791190876516   0.00671758097864142   0.00891479655736899   0
0.0827427102874011   0.196017074958817   -0.00426927615966408   0.0072258840823006   0
0.0963811702264773   0.206841458318552   0.0136384599390762   0.0108243833597354   0
0.105222185972274   0.201978161700788   0.00884101574579643   -0.00486329661776433   0
0.11042567032101   0.228204244374387   0.0052034843487363   0.0262260826735995   0
0.139317728339361   0.238186289100305   0.0288920580183513   0.00998204472591785   0
0.113118192231922   0.250550936559297   -0.0261995361074389   0.012364647458992   0
0.149136499016979   0.23460549307748   0.036018306785057   -0.0159454434818171   0
0.133305809489014   0.261538685372317   -0.0158306895279652   0.0269331922948371   0
0.138869769788876   0.260414107649383   0.00556396029986228   -0.00112457772293412   0
0.172529537509237   0.253018026729157   0.0336597677203609   -0.00739608092022581   0
0.153446644232392   0.247286949607972   -0.0190828932768451   -0.00573107712118512   0
0.186956873812637   0.24854647643065   0.0335102295802442   0.0012595268226783   0
0.179834720447314   0.259674326820992   -0.00712215336532254   0.0111278503903415   0
0.158766423528618   0.209910578469749   -0.0210682969186956   -0.0497637483512432   0
0.165520660709663   0.209491795322677   0.00675423718104423   -0.000418783147071389   0
0.179852340708946   0.206543380500609   0.0143316799992835   -0.00294841482206842   0
0.204511625037978   0.241948766058021   0.0246592843290317   0.0354053855574124   0
0.180959353554995   0.237266909102891   -0.0235522714829824   -0.00468185695513032   0
0.199298906677408   0.250803112189911   0.0183395531224126   0.0135362030870203   0
0.16745165660291   0.242199482037202   -0.0318472500744977   -0.00860363015270882   0
0.216648207101608   0.221639873095173   0.0491965504986978   -0.0205596089420297   0
0.157871258547387   0.244838280969525   -0.0587769485542212   0.0231984078743527   0
0.160395701977804   0.261754741335464   0.00252444343041675   0.0169164603659386   0
0.176055381626223   0.276607348314378   0.015659679648419   0.0148526069789142   0
0.167252559461864   0.292678144244027   -0.0088028221643589   0.0160707959296489   0
0.199278416228046   0.298558163628844   0.0320258567661822   0.00588001938481703   0
0.191046785057516   0.292815941041327   -0.00823163117052964   -0.00574222258751717   0
0.19339284409025   0.289107212875414   0.00234605903273422   -0.00370872816591256   0
0.217434524619054   0.299293257896855   0.0240416805288036   0.010186045021441   0
0.211967833926913   0.297305803976173   -0.0054666906921407   -0.00198745392068206   0
0.202362749072651   0.306420196890468   -0.00960508485426256   0.00911439291429422   0
0.200489486923059   0.326863591168657   -0.00187326214959191   0.020443394278189   0
0.191543676955278   0.335684876829334   -0.00894580996778135   0.00882128566067703   0
0.240377302943382   0.356966193786282   0.0488336259881047   0.0212813169569486   0
0.197786172114858   0.349274043483378   -0.0425911308285243   -0.00769215030290449   0
0.221715855520631   0.324715687713574   0.0239296834057731   -0.0245583557698039   0
0.248123194237916   0.327253291772198   0.0264073387172851   0.0025376040586243   0
0.220582376060886   0.31395117237359   -0.0275408181770302   -0.0133021193986076   0
0.24463815941042   0.333312120257329   0.0240557833495341   0.0193609478837385   0
0.222345826509701   0.33589432748102   -0.022292332900719   0.00258220722369129   0
0.229998868099439   0.350653119310181   0.00765304158973823   0.0147587918291602   0
0.233956629852993   0.371529227301032   0.00395776175355322   0.0208761079908514   0
0.220220130295869   0.368195825089259   -0.0137364995571232   -0.00333340221177286   0
0.264117725067593   0.344308136307081   0.0438975947717241   -0.0238876887821783   0
0.264415510429659   0.338869355715877   0.000297785362065206   -0.00543878059120345   0
0.265755720585439   0.343748573016714   0.00134021015578029   0.00487921730083701   0
0.249281298979426   0.36289543335884   -0.0164744216060127   0.0191468603421256   0
0.247260878567414   0.363746265395542   -0.00202042041201259   0.000850832036701943   0
0.249509119668734   0.36980311106526   0.00224824110132063   0.00605684566971831   0
0.242903323927357   0.357761520836913   -0.00660579574137687   -0.012041590228347   0
0.245795007591019   0.346482790435849   0.00289168366366149   -0.0112787304010644   0
0.262503097926862   0.349262062432865   0.0167080903358428   0.00277927199701611   0
0.264079899982095   0.353700824662661   0.00157680205523325   0.00443876222979595   0
0.278510191700744   0.36415781974436   0.0144302917186491   0.0104569950816993   0
0.281537704896567   0.384255896176458   0.00302751319582351   0.0200980764320978   0
0.292085744608164   0.389104777581797   0.0105480397115964   0.00484888140533901   0
0.312331640060868   0.417117200831544   0.0202458954527046   0.0280124232497471   0
0.311868576468781   0.415072300919024   -0.000463063592087198   -0.00204489991251955   0
0.287675339883677   0.395622371765149   -0.0241932365851043   -0.0194499291538751   0
0.273381029889258   0.396267599019705   -0.0142943099944193   0.000645227254555569   0
0.292536700283665   0.387907331147927   0.0191556703944078   -0.0083602678717784   0
0.306081571878739   0.40308432157026   0.0135448715950738   0.0151769904223332   0
0.300443944151824   0.394048666089834   -0.00563762772691523   -0.00903565548042606   0
0.308953984593519   0.408839795112824   0.00851004044169534   0.0147911290229907   0
0.293409409374127   0.432879716118819   -0.0155445752193925   0.0240399210059947   0
0.262604092144776   0.409038654627752   -0.030805317229351   -0.0238410614910675   0
0.223601910293061   0.373505234325747   -0.0390021818517144   -0.035533420302005   0
0.227358375029135   0.363914137266419   0.00375646473607349   -0.00959109705932748   0
0.269122421727362   0.368461162152492   0.0417640466982269   0.00454702488607334   0
0.261694658738959   0.39277357795419   -0.0074277629884027   0.024312415801698   0
0.264964821092158   0.377854324495954   0.00327016235319899   -0.0149192534582365   0
0.264464839476192   0.369959769830731   -0.000499981615965928   -0.00789455466522326   0
0.290300150468657   0.38108330744908   0.0258353109924646   0.0111235376183493   0
0.253746939815601   0.359880808388968   -0.0365532106530556   -0.0212024990601117   0
0.261271173536817   0.384179636658175   0.00752423372121575   0.0242988282692065   0
0.254888675774345   0.372701951929717   -0.00638249776247163   -0.0114776847284582   0
0.252918635475937   0.362848025212331   -0.00197004029840819   -0.00985392671738539   0
0.258292699795709   0.36416280451093   0.00537406431977222   0.00131477929859897   0
0.257090660811995   0.355410635509828   -0.00120203898371446   -0.00875216900110259   0
0.25054009613818   0.343224125551993   -0.00655056467381543   -0.0121865099578348   0
0.274000543007182   0.371015112848731   0.023460446869002   0.0277909872967382   0
0.262652646458374   0.359783539695605   -0.0113478965488075   -0.0112315731531261   0
0.239827093010971   0.349295994694844   -0.0228255534474032   -0.0104875450007608   0
0.22158065533046   0.340075456896812   -0.0182464376805113   -0.00922053779803211   0
0.240555737105173   0.345115500140475   0.0189750817747133   0.00504004324366275   0
0.262310520835704   0.362508384903056   0.0217547837305312   0.0173928847625813   0
0.293510552621935   0.367115148146677   0.0312000317862309   0.00460676324362064   0
0.26544452106234   0.375998860872351   -0.0280660315595946   0.00888371272567379   0
0.308121849529965   0.398305762986461   0.0426773284676245   0.0223069021141107   0
0.282855515767892   0.390176138517807   -0.0252663337620727   -0.00812962446865384   0
0.267696136751222   0.358935572883654   -0.0151593790166699   -0.0312405656341533   0
0.243196888640475   0.368593447371146   -0.0244992481107471   0.00965787448749145   0
0.254701021201791   0.37298260134495   0.0115041325613155   0.00438915397380485   0
0.287514460652743   0.38439289977607   0.032813439450952   0.0114102984311199   0
0.280095922024081   0.376387575772814   -0.00741853862866171   -0.00800532400325632   0
0.313581274087799   0.37987783219969   0.0334853520637184   0.00349025642687611   0
0.296384208801168   0.377419791456471   -0.0171970652866315   -0.00245804074321881   0
0.297620227947012   0.377220730658504   0.00123601914584448   -0.000199060797967443   0
0.253245342886273   0.339149957439116   -0.0443748850607397   -0.0380707732193874   0
0.228397926990243   0.325262628129429   -0.0248474158960298   -0.0138873293096879   0
0.286578174524044   0.373093347020399   0.0581802475338012   0.0478307188909707   0
0.284131278501345   0.375488608983542   -0.00244689602269949   0.00239526196314277   0
0.293186145757111   0.387475451793241   0.00905486725576643   0.0119868428096989   0
0.294426749150057   0.38588363400524   0.00124060339294607   -0.00159181778800083   0
0.281549767703745   0.416081705038255   -0.0128769814463123   0.030198071033015   0
0.316923918278788   0.423373170840093   0.0353741505750432   0.00729146580183782   0
0.28343901421812   0.410077933158791   -0.0334849040606681   -0.0132952376813014   0
0.275768080966262   0.392425659793023   -0.00767093325185836   -0.0176522733657689   0
0.325933298148026   0.399015526736063   0.0501652171817646   0.00658986694304087   0
0.293720857429399   0.392323453069093   -0.0322124407186272   -0.00669207366697078   0
0.364184311859396   0.411716899750035   0.0704634544299975   0.0193934466809426   0
0.318231868615961   0.419256493854838   -0.0459524432434354   0.00753959410480237   0
0.339334414282431   0.420443975619803   0.0211025456664701   0.00118748176496558   0
0.308181532351461   0.411081091601947   -0.0311528819309702   -0.00936288401785573   0
0.325074224045199   0.424170374899983   0.0168926916937379   0.0130892832980358   0
0.33964589036976   0.424668851591626   0.0145716663245615   0.000498476691643213   0
0.341777269866535   0.437671795421107   0.00213137949677433   0.0130029438294801   0
0.377964227724229   0.460824884905991   0.0361869578576948   0.023153089484885   0
0.327013221714586   0.435455436865606   -0.050951006009643   -0.0253694480403855   0
0.37276662998743   0.474834469921754   0.0457534082728436   0.0393790330561478   0
0.358383141029187   0.452827431315112   -0.0143834889582434   -0.0220070386066413   0
0.326674671262622   0.445838824865661   -0.0317084697665644   -0.00698860644945121   0
0.303675957405358   0.408781896116564   -0.0229987138572647   -0.0370569287490974   0
0.254837767524751   0.472603486807135   -0.0488381898806064   0.0638215906905717   0
0.305517783597048   0.455199333268544   0.0506800160722965   -0.0174041535385913   0
0.304097688476813   0.443878066366815   -0.00142009512023439   -0.0113212669017294   0
0.312117907845509   0.428938738163772   0.00802021936869607   -0.0149393282030426   0
0.335853034966438   0.400134501522866   0.0237351271209285   -0.0288042366409065   0
0.364754605670178   0.402503693393211   0.0289015707037398   0.00236919187034546   0
0.32231353130461   0.404924315085643   -0.0424410743655676   0.00242062169243201   0
0.362070701560611   0.402225730867903   0.0397571702560013   -0.00269858421773983   0
0.296423571481477   0.385735426527406   -0.0656471300791344   -0.0164903043404978   0
0.3560513279078   0.392609502834491   0.0596277564263226   0.00687407630708509   0
0.374912813236841   0.39520322047744   0.0188614853290415   0.00259371764294908   0
0.346631291782005   0.387108399628881   -0.0282815214548359   -0.00809482084855856   0
0.403252188762173   0.405278583817541   0.0566208969801675   0.0181701841886598   0
0.370067688041512   0.408310494939948   -0.0331845007206603   0.00303191112240675   0
0.387441830477859   0.399581284318996   0.0173741424363466   -0.00872921062095122   0
0.351385206261761   0.39431290815796   -0.0360566242160977   -0.00526837616103648   0
0.3680375750608   0.377132376807327   0.0166523687990382   -0.0171805313506331   0
0.439263540284692   0.390640520972363   0.071225965223892   0.013508144165036   0
0.342770274816304   0.398010550183402   -0.0964932654683875   0.00737002921103869   0
0.367780523394289   0.391688920039696   0.0250102485779846   -0.00632163014370551   0
0.336396667376064   0.377558672968429   -0.0313838560182247   -0.014130247071267   0
0.356370014088245   0.352034348816744   0.0199733467121809   -0.0255243241516848   0
0.345523934098414   0.345805838887604   -0.0108460799898304   -0.00622850992913998   0
0.357484159125165   0.359877203921941   0.0119602250267501   0.0140713650343371   0
0.352572738727614   0.353729018010344   -0.00491142039755094   -0.00614818591159744   0
0.40179530624775   0.366222064255206   0.0492225675201367   0.0124930462448621   0
0.338218860132365   0.351057177326057   -0.0635764461153849   -0.0151648869291487   0
0.459686194363788   0.38443754960843   0.121467334231423   0.0333803722823729   0
0.340038851545302   0.356324561489671   -0.119647342818486   -0.0281129881187596   0
0.434337192505956   0.359804821860479   0.0942983409606542   0.0034802603708084   0
0.375734993314995   0.346064797216665   -0.0586021991909612   -0.0137400246438145   0
0.408911499769421   0.354706452472842   0.0331765064544257   0.00864165525617783   0
0.387320543285154   0.343984750366543   -0.0215909564842667   -0.0107217021062995   0
0.350977377197585   0.345568631427895   -0.0363431660875685   0.00158388106135232   0
0.436297738225494   0.362321244143503   0.0853203610279088   0.016752612715608   0
0.331601761781418   0.327012853948688   -0.104695976444076   -0.0353083901948152   0
0.440858278921522   0.349526346903426   0.109256517140105   0.0225134929547375   0
0.396917411763857   0.348049161643784   -0.043940867157665   -0.00147718525964152   0
0.411816546036344   0.352392754208369   0.0148991342724863   0.00434359256458516   0
0.229493074777717   0.310485805050747   -0.182323471258627   -0.0419069491576218   0
0.208159593911505   0.309798452245859   -0.0213334808662112   -0.000687352804888852   0
0.219365031697699   0.292698971755668   0.0112054377861934   -0.0170994804901903   0
0.30455570653597   0.311129937191859   0.0851906748382709   0.018430965436191   0
0.302859884984452   0.300237960416451   -0.00169582155151743   -0.0108919767754083   0
0.275013559787408   0.295425032032384   -0.0278463251970438   -0.00481292838406716   0
0.344373837557106   0.330402026128908   0.0693602777696976   0.0349769940965237   0
0.25790613172114   0.313877186137911   -0.0864677058359659   -0.0165248399909967   0
0.382123846511477   0.34845960137785   0.124217714790337   0.0345824152399388   0
0.311314514711236   0.326111958090267   -0.0708093318002411   -0.0223476432875827   0
0.315913718351115   0.335266764179307   0.00459920363987926   0.00915480608903996   0
0.299797381993031   0.32200458140945   -0.0161163363580836   -0.0132621827698572   0
0.410374142237651   0.340663422479211   0.110576760244619   0.0186588410697615   0
0.368852162263702   0.351915128360149   -0.0415219799739491   0.0112517058809381   0
0.482035714738132   0.374432229316029   0.11318355247443   0.0225171009558796   0
0.380009167069996   0.35234236557918   -0.102026547668136   -0.0220898637368493   0
0.431351674096937   0.362957849302775   0.0513425070269408   0.0106154837235959   0
0.373319717890908   0.348595014348862   -0.0580319562060283   -0.0143628349539133   0
0.366914152229129   0.358163434962784   -0.00640556566177952   0.00956842061392171   0
0.431062749591286   0.365543330586567   0.0641485973621575   0.00737989562378294   0
0.409481807462265   0.382954946004288   -0.0215809421290214   0.0174116154177208   0
0.409592137695617   0.375351012771727   0.000110330233352218   -0.00760393323256053   0
0.541740391569915   0.436290901012201   0.132148253874298   0.0609398882404736   0
0.427881481203517   0.407607957850815   -0.113858910366397   -0.0286829431613854   0
0.477379636074974   0.432604991645677   0.0494981548714564   0.0249970337948617   0
0.429853685795571   0.40929122994874   -0.0475259502794025   -0.0233137616969374   0
0.424986049964164   0.429816943736635   -0.00486763583140726   0.0205257137878953   0
0.491173679467479   0.438783154473874   0.0661876295033149   0.00896621073723947   0
0.45004310953513   0.425766430326761   -0.0411305699323485   -0.0130167241471129   0
0.576882539910016   0.482877982388961   0.126839430374886   0.0571115520621995   0
0.48756536756057   0.448194700650383   -0.089317172349446   -0.0346832817385779   0
0.561314745930624   0.474593433958063   0.0737493783700536   0.0263987333076797   0
0.543682492302228   0.473225595285878   -0.0176322536283955   -0.00136783867218437   0
0.4961338752162   0.469914717630855   -0.0475486170860285   -0.00331087765502303   0
0.537469999126961   0.486813434486049   0.0413361239107608   0.016898716855194   0
0.546293571750012   0.488672316087682   0.00882357262305122   0.00185888160163267   0
0.590851990419899   0.518662222326163   0.0445584186698875   0.0299899062384812   0
0.595876771613492   0.54211584520804   0.00502478119359218   0.0234536228818766   0
0.533346604614876   0.538685053122314   -0.0625301669986155   -0.0034307920857255   0
0.594822447060877   0.541523512697889   0.0614758424460011   0.00283845957557449   0
0.510022091823103   0.51294077968727   -0.0848003552377746   -0.0285827330106193   0
0.530000733762817   0.511131104571042   0.0199786419397145   -0.00180967511622721   0
0.571945096612768   0.492746617589232   0.0419443628499505   -0.0183844869818102   0
0.543611691382428   0.484440567674802   -0.0283334052303397   -0.00830604991443057   0
0.559252292863824   0.493050033609364   0.0156406014813959   0.00860946593456224   0
0.626671871046133   0.492636512976279   0.0674195781823095   -0.000413520633084585   0
0.579399082962945   0.485723193547201   -0.0472727880831879   -0.00691331942907797   0
0.602804310375172   0.500594011339527   0.0234052274122262   0.0148708177923255   0
0.598757304045912   0.487570525813518   -0.00404700632925969   -0.0130234855260091   0
0.536419541542163   0.47383236034636   -0.0623377625037488   -0.0137381654671573   0
0.574658647693634   0.463738358270522   0.0382391061514709   -0.0100940020758386   0
0.528615747182222   0.459674299073648   -0.0460429005114122   -0.00406405919687403   0
0.493760276004977   0.465776379233228   -0.0348554711772447   0.00610208015958041   0
0.49189969860355   0.464405404402042   -0.00186057740142648   -0.00137097483118565   0
