0   0   0   0   0
0.0124891592475243   0.0283294137477512   0.0124891592475243   0.0283294137477512   0
0.0216336113886421   0.0154362856539748   0.0091444521411178   -0.0128931280937764   0
0.00765453032560244   0.00490986907749398   -0.0139790810630396   -0.0105264165764808   0
0.0216726172097107   0.0162798092869156   0.0140180868841082   0.0113699402094217   0
0.0258544766148001   0.0250680665133477   0.00418185940508944   0.00878825722643211   0
0.0101762233329328   0.00175050639099536   -0.0156782532818673   -0.0233175601223524   0
0.0170660145963197   0.0132912765063591   0.00688979126338689   0.0115407701153637   0
0.0119294239232193   0.0075096169697406   -0.00513659067310047   -0.0057816595366185   0
0.0353933575887507   0.00883528397558465   0.0234639336655314   0.00132566700584404   0
0.036675931984303   0.0351492687929134   0.00128257439555234   0.0263139848173287   0
0.0386207129798177   0.0399121415698328   0.00194478099551473   0.00476287277691942   0
0.0556583976377183   0.0463601597137725   0.0170376846579006   0.00644801814393966   0
0.0721500787251681   0.0361088970651835   0.0164916810874498   -0.010251262648589   0
0.0550788379851543   0.0203082210539403   -0.0170712407400138   -0.0158006760112432   0
0.0613743815436577   0.0458984857717846   0.00629554355850333   0.0255902647178443   0
0.0756668921257628   0.0529290573857974   0.0142925105821051   0.00703057161401279   0
0.0859725427468897   0.0353319802929124   0.010305650621127   -0.017597077092885   0
0.063340644730199   0.0409024437582469   -0.0226318980166907   0.00557046346533455   0
0.0875675593070655   0.0613348291302891   0.0242269145768665   0.0204323853720422   0
0.096405735759611   0.0497269765851618   0.00883817645254548   -0.0116078525451273   0
0.0689280638881443   0.0299787031864119   -0.0274776718714667   -0.0197482733987499   0
0.0503938863268629   0.0612091144448501   -0.0185341775612815   0.0312304112584382   0
0.0549443899597177   0.0656311163989861   0.00455050363285482   0.00442200195413602   0
0.0470044215951664   0.0529972844951843   -0.00793996836455129   -0.0126338319038018   0
0.0392834294855066   0.0239276805011199   -0.00772099210965977   -0.0290696039940645   0
0.0349775495284211   0.0487625381771482   -0.00430587995708556   0.0248348576760284   0
0.0527488309752846   0.0553681118098866   0.0177712814468636   0.00660557363273839   0
0.0571615290443362   0.0662652821988632   0.00441269806905153   0.0108971703889765   0
0.053861900505465   0.0584029872497309   -0.00329962853887116   -0.00786229494913222   0
0.061941006208445   0.0470775401468282   0.00807910570298001   -0.0113254471029027   0
0.0370035062416123   0.0302803138175813   -0.0249374999668327   -0.0167972263292469   0
0.0477817647626028   0.040254099801748   0.0107782585209905   0.00997378598416668   0
0.0732205690955617   0.0556099846526681   0.0254388043329589   0.0153558848509201   0
0.0707336328006087   0.0488547480262376   -0.00248693629495303   -0.00675523662643046   0
0.0555676474525084   0.0333685428776412   -0.0151659853481003   -0.0154862051485964   0
0.0621580575831501   0.0291982989015903   0.00659041013064165   -0.00417024397605094   0
0.0713795984583883   0.0485961600138191   0.00922154087523823   0.0193978611122288   0
0.0774952575839819   0.0575957541567729   0.00611565912559364   0.00899959414295372   0
0.0641325131926676   0.0492015561629153   -0.0133627443913143   -0.0083941979938576   0
0.0408132423863127   0.0496554487881101   -0.0233192708063549   0.000453892625194817   0
0.0349720681639199   0.0520418553559666   -0.00584117422239277   0.00238640656785652   0
0.0435211776466608   0.0496908270731711   0.00854910948274093   -0.00235102828279549   0
0.0611043530259576   0.0545988908372029   0.0175831753792968   0.00490806376403175   0
0.0650184342383321   0.0329540318158918   0.00391408121237446   -0.021644859021311   0
0.054240942903512   0.0354620635362251   -0.0107774913348201   0.00250803172033327   0
0.0609759208894293   0.0558623998346474   0.0067349779859173   0.0204003362984223   0
0.0456466615270932   0.0527916746183213   -0.0153292593623361   -0.00307072521632609   0
0.0512223287389846   0.0605642478988633   0.00557566721189141   0.00777257328054193   0
0.0433596842647367   0.0238244034157701   -0.00786264447424793   -0.0367398444830932   0
0.0289088363103753   0.0416895295488013   -0.0144508479543614   0.0178651261330312   0
0.0578118547814919   0.0528367494376071   0.0289030184711166   0.0111472198888058   0
0.0749714947590565   0.0558332500656944   0.0171596399775646   0.0029965006280873   0
0.0621541128439147   0.0404772427258757   -0.0128173819151418   -0.0153560073398187   0
0.0356634810248705   0.0470385163676732   -0.0264906318190441   0.00656127364179751   0
0.0267433247278412   0.0691843515443304   -0.00892015629702926   0.0221458351766572   0
0.0303309245235816   0.0502209064673119   0.00358759979574031   -0.0189634450770185   0
0.0422725608984023   0.0352663718940965   0.0119416363748207   -0.0149545345732154   0
0.0257984633506823   0.0336562843040325   -0.01647409754772   -0.00161008759006399   0
0.0342419399952636   0.0435865538632529   0.00844347664458136   0.00993026955922043   0
0.0539590768747316   0.0535490336254985   0.019717136879468   0.00996247976224555   0
0.0506839167365749   0.0482768599898617   -0.00327516013815671   -0.00527217363563683   0
0.0256923492575908   0.0542438591091436   -0.0249915674789841   0.00596699911928197   0
0.018892295120466   0.0568574127219905   -0.00680005413712481   0.0026135536128469   0
0.00989563646993532   0.0425622686374573   -0.00899665865053066   -0.0142951440845332   0
0.0265729039683461   0.0483673963370926   0.0166772674984108   0.00580512769963531   0
0.0378184306030517   0.0295589252589445   0.0112455266347056   -0.0188084710781482   0
0.00948608738948938   0.0374560229339553   -0.0283323432135623   0.00789709767501079   0
0.0223594520595941   0.03697804536218   0.0128733646701048   -0.000477977571775229   0
0.050441709609911   0.0535916758157104   0.0280822575503169   0.0166136304535304   0
0.0432914845290231   0.0398644664432837   -0.00715022508088798   -0.0137272093724267   0
0.0192051805700648   0.0489537096857712   -0.0240863039589583   0.00908924324248753   0
0.0215885043803111   0.0488975095655385   0.0023833238102463   -5.62001202326912e-05   0
0.0300152366996308   0.0505039295354386   0.00842673231931974   0.00160641996990003   0
0.0299426365760782   0.0338810501361535   -7.26001235526359e-05   -0.0166228793992851   0
0.0159912058710626   0.0398814441289072   -0.0139514307050156   0.00600039399275374   0
0.0335169184357753   0.0424088597718306   0.0175257125647128   0.00252741564292339   0
0.0534468068052492   0.0497696381742163   0.0199298883694739   0.00736077840238568   0
0.0445497144892192   0.037613217786387   -0.00889709231602998   -0.0121564203878292   0
0.0256337752057347   0.0341960561996303   -0.0189159392834845   -0.0034171615867567   0
0.0249080485679606   0.0465463599172387   -0.000725726637774159   0.0123503037176084   0
0.032558253660319   0.0368433739636495   0.00765020509235841   -0.00970298595358918   0
0.0282134872172019   0.0305233728808246   -0.00434476644311713   -0.00632000108282491   0
0.0119309438812884   0.0436939529328795   -0.0162825433359135   0.0131705800520549   0
0.0216186705842623   0.0551784498020976   0.00968772670297397   0.011484496869218   0
0.0274942931946926   0.0462906435929863   0.00587562261043021   -0.00888780620911123   0
0.0152955671040842   0.0184892828241088   -0.0121987260906084   -0.0278013607688775   0
0.00941626418318412   0.0329115069850321   -0.00587930292090008   0.0144222241609233   0
0.0269697070943036   0.0364811891692042   0.0175534429111194   0.00356968218417211   0
0.0121146585208128   0.0270079324749296   -0.0148550485734908   -0.00947325669427461   0
0.0131890293055797   0.0472551163414995   0.00107437078476692   0.0202471838665699   0
0.0148519721677486   0.0390305373969733   0.00166294286216888   -0.00822457894452618   0
0.0361484431877422   0.0177897483691629   0.0212964710199936   -0.0212407890278104   0
0.00939451098349397   0.0296414930158987   -0.0267539322042482   0.0118517446467358   0
0.0159915108240797   0.043406644989711   0.00659699984058572   0.0137651519738123   0
0.0316175428099569   0.0398993499102194   0.0156260319858773   -0.00350729507949162   0
0.012654931875911   0.0257519622382732   -0.0189626109340459   -0.0141473876719462   0
0.0125409142700142   0.0406362461204705   -0.000114017605896874   0.0148842838821973   0
0.0239911145088075   0.0296978371968333   0.0114502002387933   -0.0109384089236372   0
0.0346743868226368   0.0210544317886281   0.0106832723138293   -0.00864340540820514   0
0.00161263108489478   0.0247027168040661   -0.033061755737742   0.00364828501543803   0
0.0287603556359513   0.0198950389225162   0.0271477245510565   -0.0048076778815499   0
0.0285117937678631   0.0283988108881227   -0.000248561868088221   0.00850377196560642   0
0.0286430886776696   0.0443391551577511   0.00013129490980654   0.0159403442696284   0
0.0127099747976071   0.0480079613430236   -0.0159331138800625   0.00366880618527254   0
0.0307384125169511   0.0337761664710033   0.018028437719344   -0.0142317948720203   0
0.0363167409975203   0.0147952240798387   0.00557832848056919   -0.0189809423911646   0
0.0294494284018032   0.0225686145897368   -0.00686731259571708   0.00777339050989806   0
0.00953047301329227   0.0395222772552726   -0.019918955388511   0.0169536626655358   0
0.0070624620802674   0.0366870539048141   -0.00246801093302487   -0.00283522335045858   0
0.0353083828620571   0.0196951809137656   0.0282459207817897   -0.0169918729910485   0
0.0369423931424846   0.0237197232210415   0.00163401028042744   0.00402454230727586   0
0.0251864699144108   0.0223465162077668   -0.0117559232280738   -0.00137320701327468   0
0.0290800997261792   0.0221777319296745   0.00389362981176837   -0.000168784278092287   0
0.0337480435261207   0.019761575104195   0.00466794379994155   -0.00241615682547953   0
0.00912305469789593   0.0322664771927242   -0.0246249888282248   0.0125049020885293   0
0.0261635780504887   0.0240939817082144   0.0170405233525927   -0.00817249548450979   0
0.029647283134207   0.0206610545903192   0.00348370508371838   -0.00343292711789524   0
0.0139750268743173   0.0195959511629726   -0.0156722562598897   -0.0010651034273466   0
0.00752690682876698   0.0223393351725506   -0.00644812004555034   0.00274338400957796   0
0.0354980957330916   0.0223463948305007   0.0279711889043246   7.05965795008354e-06   0
0.0405710635280699   0.0168165704787524   0.0050729677949783   -0.00552982435174827   0
0.0237078872486819   0.0259559200826415   -0.016863176279388   0.00913934960388907   0
0.0232123399211568   0.0175450566533502   -0.0004955473275251   -0.00841086342929128   0
0.0277676972674024   0.0193247374930497   0.00455535734624556   0.00177968083969953   0
0.0493507642878264   0.0333189532703651   0.0215830670204241   0.0139942157773154   0
0.0167179316270466   0.0224716953023796   -0.0326328326607798   -0.0108472579679855   0
0.018067348655094   0.0195134865033362   0.00134941702804741   -0.00295820879904336   0
0.0472831960834424   0.0200492922064098   0.0292158474283484   0.000535805703073589   0
0.0640788632520428   0.0252186846419687   0.0167956671686004   0.0051693924355589   0
0.0430573135361029   0.0337157968429507   -0.0210215497159399   0.00849711220098196   0
0.0466233301655438   0.0221424287315884   0.00356601662944089   -0.0115733681113623   0
0.0648851053360503   0.0221064546918202   0.0182617751705065   -3.59740397682107e-05   0
0.0481149628084291   0.0166725765900822   -0.0167701425276212   -0.005433878101738   0
0.0216426413295433   0.0272202781581547   -0.0264723214788858   0.0105477015680725   0
0.040866241324946   0.0265357751487589   0.0192235999954026   -0.000684503009395855   0
0.0546006653789364   0.0352443450996225   0.0137344240539905   0.00870856995086368   0
0.0355800341823576   0.0192104418347557   -0.0190206311965789   -0.0160339032648668   0
0.0381594832241003   0.0280884748325012   0.0025794490417427   0.00887803299774546   0
0.0415230513501615   0.0189069593817492   0.00336356812606124   -0.00918151545075204   0
0.0448604431893083   0.0219325013542094   0.0033373918391468   0.00302554197246024   0
0.0407559943916634   0.026808280796963   -0.00410444879764486   0.00487577944275357   0
0.0318536719872178   0.0215719157128425   -0.00890232240444565   -0.00523636508412048   0
0.0409738259202055   0.0173075972364954   0.00912015393298767   -0.00426431847634708   0
0.0580039347894604   0.0323098660743963   0.0170301088692549   0.0150022688379009   0
0.046879654776138   0.025860735641787   -0.0111242800133223   -0.00644913043260933   0
0.0334415571629734   0.0255087188777843   -0.0134380976131646   -0.000352016764002695   0
0.0398120190154026   0.0272412031727987   0.00637046185242919   0.00173248429501438   0
0.0713888516108851   0.0398966518562301   0.0315768325954825   0.0126554486834314   0
0.0519206649286251   0.0202773963678792   -0.0194681866822599   -0.0196192554883508   0
0.0452872626947407   0.0317525056374595   -0.00663340223388445   0.0114751092695802   0
0.058673889499656   0.0273010720416965   0.0133866268049153   -0.00445143359576299   0
0.0690431089808561   0.0470649655534078   0.0103692194812001   0.0197638935117113   0
0.0708333024641583   0.0397777672177926   0.00179019348330224   -0.00728719833561518   0
0.0926744360846756   0.0217779371488775   0.0218411336205173   -0.0179998300689151   0
0.0944046106211408   0.0340871573994649   0.00173017453646515   0.0123092202505875   0
0.0529387993786915   0.0266535549184643   -0.0414658112424493   -0.0074336024810006   0
0.0406537273467333   0.0462398763836302   -0.0122850720319582   0.0195863214651659   0
0.0525383354055565   0.0254628377078169   0.0118846080588232   -0.0207770386758133   0
0.0576721698675102   0.0284991525658547   0.00513383446195371   0.00303631485803783   0
0.0537004206813801   0.0271126741971754   -0.00397174918613013   -0.00138647836867933   0
0.0691237111175622   0.0375656564821919   0.0154232904361821   0.0104529822850165   0
0.0748682060415299   0.0278923569029607   0.00574449492396768   -0.00967329957923114   0
0.052939386224836   0.0207501431039443   -0.0219288198166939   -0.00714221379901641   0
0.0515287349909469   0.0226227050663753   -0.00141065123388905   0.00187256196243098   0
0.0520670299900282   0.0233784308145037   0.000538294999081319   0.000755725748128412   0
0.0737525470968646   0.0239045603874252   0.0216855171068364   0.000526129572921492   0
0.0572393024982187   0.0260736128794022   -0.0165132445986459   0.002169052491977   0
0.0561422622807496   0.0441152962159077   -0.00109704021746915   0.0180416833365055   0
0.0726926990021096   0.0377422096954081   0.0165504367213601   -0.00637308652049964   0
0.0574589319776333   0.0255661809165024   -0.0152337670244764   -0.0121760287789057   0
0.0814606830740831   0.0400119992841331   0.0240017510964498   0.0144458183676308   0
0.118195133197659   0.0446665452318822   0.036734450123576   0.0046545459477491   0
0.0632597808765131   0.0251650232790401   -0.054935352321146   -0.0195015219528421   0
0.100610430050626   0.0300000175133292   0.0373506491741129   0.00483499423428911   0
0.113633957569072   0.0294422121466898   0.013023527518446   -0.000557805366639397   0
0.112733160477453   0.0274284176958607   -0.000900797091618874   -0.00201379445082907   0
0.102219380225888   0.0236745019897293   -0.0105137802515654   -0.00375391570613145   0
0.0864975624084498   0.0233810275021637   -0.0157218178174379   -0.000293474487565608   0
0.0902602433218817   0.0344413405666161   0.00376268091343188   0.0110603130644524   0
0.0957954475781148   0.0552380368855413   0.00553520425623316   0.0207966963189252   0
0.0651929547311849   0.0453908925658615   -0.0306024928469299   -0.00984714431967973   0
0.0698019723235395   0.0654086769800809   0.00460901759235456   0.0200177844142194   0
0.0616792059429251   0.0585146208577167   -0.00812276638061435   -0.00689405612236423   0
0.0804401455296939   0.037804783741133   0.0187609395867687   -0.0207098371165837   0
0.0758932702749074   0.0390314589958149   -0.0045468752547865   0.00122667525468188   0
0.107009694321273   0.0349510243661763   0.0311164240463651   -0.00408043462963852   0
0.142169923905824   0.0308321493985672   0.0351602295845512   -0.00411887496760917   0
0.138493327969687   0.0434664768679138   -0.00367659593613656   0.0126343274693466   0
0.076929085375133   0.0494378545150981   -0.0615642425945541   0.0059713776471843   0
0.0977964846555221   0.0402865631234433   0.0208673992803891   -0.00915129139165476   0
0.0729574538203656   0.0298598632606315   -0.0248390308351565   -0.0104266998628118   0
0.0760260384059782   0.0317741877653083   0.0030685845856126   0.00191432450467681   0
0.107052317416949   0.0392126288942311   0.0310262790109707   0.00743844112892284   0
0.102680937724024   0.0443831350570879   -0.00437137969292473   0.0051705061628568   0
0.0822246888028702   0.059216243720081   -0.0204562489211539   0.0148331086629931   0
0.120905820415756   0.076664006440533   0.0386811316128855   0.017447762720452   0
0.0883452667144918   0.0535937639302028   -0.0325605537012639   -0.0230702425103302   0
0.0949966831285577   0.0569711952261817   0.00665141641406591   0.00337743129597898   0
0.109707611703359   0.0355976013448333   0.0147109285748016   -0.0213735938813485   0
0.12461804356604   0.0399916302706356   0.0149104318626809   0.00439402892580234   0
0.15091014986314   0.0349400465907462   0.0262921062971002   -0.00505158367988937   0
0.157116092408031   0.0463931148230695   0.00620594254489037   0.0114530682323232   0
0.151528418950543   0.0768897144177269   -0.00558767345748809   0.0304965995946575   0
0.111742162244814   0.0746547151942921   -0.0397862567057283   -0.00223499922343483   0
0.111887269443917   0.0719686330978841   0.000145107199102212   -0.00268608209640803   0
0.109326345829363   0.0417605879264414   -0.00256092361455387   -0.0302080451714427   0
0.104216619932336   0.0404303307981049   -0.00510972589702649   -0.00133025712833647   0
0.130804592733778   0.051730928566329   0.0265879728014416   0.0113005977682241   0
0.145146918845091   0.0483808148334917   0.0143423261113137   -0.00335011373283732   0
0.126390320550488   0.0438143814180709   -0.0187565982946035   -0.00456643341542083   0
0.114514715849412   0.0754666019272424   -0.0118756047010762   0.0316522205091715   0
0.153679919482197   0.0822089006051918   0.0391652036327849   0.00674229867794943   0
0.135542362397881   0.0750176358956928   -0.0181375570843152   -0.00719126470949899   0
0.116578998971898   0.0683178491335068   -0.0189633634259832   -0.00669978676218601   0
0.116331095647966   0.0379415736448198   -0.000247903323932083   -0.030376275488687   0
0.128164879221213   0.0335866445013736   0.0118337835732468   -0.00435492914344625   0
0.140631807731361   0.0341726100680719   0.0124669285101481   0.000585965566698342   0
0.152282924955966   0.0496480152702426   0.0116511172246046   0.0154754052021707   0
0.183239096229562   0.0914868527024403   0.0309561712735967   0.0418388374321977   0
0.124549643970333   0.0688449429335494   -0.0586894522592292   -0.022641909768891   0
0.151325574842607   0.0791014296634602   0.0267759308722734   0.0102564867299108   0
0.168958262425067   0.0845605917723057   0.0176326875824606   0.00545916210884557   0
0.147986562322922   0.0950548347845115   -0.0209717001021451   0.0104942430122057   0
0.170386826632656   0.12763442860903   0.0224002643097339   0.0325795938245183   0
0.119321775232845   0.0695256126774405   -0.0510650513998113   -0.0581088159315893   0
0.131535099075022   0.0533516947356332   0.0122133238421769   -0.0161739179418072   0
0.177377823295053   0.0523377322990041   0.0458427242200317   -0.00101396243662912   0
0.204333556277001   0.0540583137299385   0.0269557329819481   0.00172058143093441   0
0.186606892441163   0.0521437797324946   -0.0177266638358378   -0.00191453399744388   0
0.165772880338617   0.0744949877986483   -0.020834012102546   0.0223512080661536   0
