7.1054274e-15   1.3879481962494e-15   0   0   0
0.0284354393999873   0.0317120008315148   0.0284354393999802   0.0317120008315134   0
0.143331343680395   0.0506770521734221   0.114895904280408   0.0189650513419073   0
0.181124491972731   0.0659931262335775   0.0377931482923364   0.0153160740601555   0
0.147181824080353   0.094928742107018   -0.0339426678923778   0.0289356158734404   0
0.181578230919826   0.0918506233967021   0.0343964068394726   -0.00307811871031591   0
0.21747344381225   0.135332341564587   0.0358952128924241   0.0434817181678845   0
0.286371440338509   0.0729313174950169   0.0688979965262585   -0.0624010240695697   0
0.286674768247665   0.104616466866063   0.00030332790915677   0.0316851493710459   0
0.296940374072088   0.0974995493984243   0.0102656058244229   -0.00711691746763858   0
0.268324763177674   0.122021282918683   -0.0286156108944143   0.0245217335202583   0
0.252095658599577   0.16361597689946   -0.0162291045780969   0.0415946939807778   0
0.24764664173556   0.227793204188499   -0.00444901686401766   0.0641772272890385   0
0.224601236504665   0.230576401686668   -0.0230454052308948   0.00278319749816902   0
0.262792493321402   0.210029745610021   0.0381912568167369   -0.0205466560766474   0
0.197050580229581   0.186928519559025   -0.0657419130918209   -0.0231012260509951   0
0.214886994980289   0.212628034563754   0.017836414750708   0.0256995150047281   0
0.208929574635735   0.163982142197288   -0.00595742034455388   -0.0486458923664659   0
0.186495605690073   0.183247075425637   -0.0224339689456619   0.0192649332283489   0
0.181914750880589   0.240755097397352   -0.00458085480948384   0.057508021971716   0
0.25838295547131   0.324725520669448   0.076468204590721   0.0839704232720952   0
0.318585541597758   0.378917405504771   0.0602025861264477   0.0541918848353233   0
0.307143382296435   0.377109799064725   -0.0114421593013233   -0.00180760644004579   0
0.206478351609096   0.382237046019773   -0.100665030687339   0.0051272469550479   0
0.246546988433095   0.384338005008837   0.040068636823999   0.00210095898906409   0
0.228723964079788   0.410353243129654   -0.0178230243533071   0.0260152381208166   0
0.195966874127332   0.449970541198673   -0.0327570899524558   0.0396172980690188   0
0.221386414880427   0.596855081702515   0.025419540753095   0.146884540503842   0
0.21258706907103   0.52619098257475   -0.00879934580939659   -0.0706640991277649   0
0.200601879337715   0.501659293446961   -0.0119851897333158   -0.0245316891277894   0
0.211304326089436   0.475189579473686   0.0107024467517212   -0.0264697139732746   0
0.239461149766679   0.412806547011743   0.0281568236772428   -0.0623830324619428   0
0.256646936118396   0.45575469092759   0.0171857863517173   0.0429481439158466   0
0.270998688701431   0.45117947941933   0.0143517525830347   -0.00457521150825951   0
0.286959710553147   0.373551805383298   0.0159610218517162   -0.077627674036032   0
0.328045501529607   0.376199025119116   0.04108579097646   0.00264721973581794   0
0.386220134157622   0.405209772039832   0.0581746326280155   0.0290107469207159   0
0.475421865751713   0.364609281241932   0.0892017315940903   -0.0406004907978998   0
0.514413711446642   0.313358310589745   0.0389918456949297   -0.051250970652187   0
0.505077773788801   0.308577081271196   -0.00933593765784135   -0.00478122931854941   0
0.426033254739458   0.323785449808177   -0.0790445190493432   0.0152083685369809   0
0.473648596156273   0.295511258584464   0.0476153414168155   -0.0282741912237131   0
0.47385257679571   0.269773598039006   0.000203980639436607   -0.0257376605454577   0
0.455996746442109   0.295526770918699   -0.0178558303536014   0.0257531728796931   0
0.503019233039805   0.268957233247922   0.0470224865976968   -0.0265695376707771   0
0.559326439094894   0.281287363488616   0.0563072060550884   0.0123301302406938   0
0.536607806261282   0.299059098180484   -0.0227186328336121   0.0177717346918685   0
0.540681836781394   0.317560836440556   0.00407403052011246   0.0185017382600721   0
0.508048168735576   0.318956030394439   -0.0326336680458181   0.00139519395388249   0
0.527579443214977   0.310389607375656   0.0195312744794006   -0.0085664230187833   0
0.47330344919941   0.324507551708801   -0.0542759940155665   0.0141179443331449   0
0.485346566551097   0.344368379096777   0.0120431173516869   0.0198608273879762   0
0.526747446751637   0.38393667581113   0.0414008802005396   0.0395682967143526   0
0.549941522515173   0.399386676499863   0.0231940757635368   0.015450000688733   0
0.530385221490115   0.368502290072826   -0.0195563010250588   -0.030884386427037   0
0.575256464130454   0.375087417762125   0.0448712426403394   0.00658512768929986   0
0.554012891735605   0.38093758411569   -0.0212435723948491   0.0058501663535645   0
0.535371429744826   0.451149355245412   -0.0186414619907787   0.0702117711297225   0
0.615029727260172   0.404211191170928   0.0796582975153455   -0.0469381640744844   0
0.62950827364665   0.42630598930731   0.0144785463864782   0.0220947981363819   0
0.664610601595251   0.434539649496939   0.0351023279486009   0.00823366018962879   0
0.682906054613619   0.445392628108842   0.0182954530183681   0.010852978611903   0
0.698050772219256   0.441987520541418   0.0151447176056375   -0.0034051075674234   0
0.704059391283629   0.421153433141614   0.00600861906437233   -0.020834087399804   0
0.641283017197477   0.430980312060142   -0.0627763740861513   0.00982687891852746   0
0.502688775689212   0.383339590783255   -0.138594241508265   -0.0476407212768868   0
0.573954327214409   0.357282246172196   0.0712655515251974   -0.0260573446110587   0
0.652700231013461   0.425879846063432   0.0787459037990512   0.0685975998912359   0
0.776089511469376   0.406219587173525   0.123389280455915   -0.0196602588899067   0
0.814742086408687   0.42126345822753   0.0386525749393115   0.0150438710540046   0
0.833369724359712   0.428542369022025   0.0186276379510253   0.00727891079449455   0
0.790222600184753   0.422662622242833   -0.0431471241749594   -0.00587974677919184   0
0.78555544418907   0.420383789713998   -0.00466715599568268   -0.00227883252883465   0
0.763574312221577   0.421815378099506   -0.0219811319674936   0.00143158838550828   0
0.687955680351839   0.442672945913662   -0.0756186318697378   0.0208575678141553   0
0.700125601060819   0.450018223164962   0.0121699207089805   0.00734527725129996   0
0.818903553612656   0.469099864020307   0.118777952551837   0.0190816408553451   0
0.790696696070425   0.496974123797764   -0.0282068575422312   0.0278742597774571   0
0.787248954027252   0.499087505607233   -0.00344774204317266   0.00211338180946952   0
0.768696498086982   0.518259127189991   -0.0185524559402699   0.0191716215827573   0
0.788954412227426   0.532647250202508   0.0202579141404442   0.0143881230125172   0
0.784778284997559   0.547909462185895   -0.00417612722986782   0.015262211983387   0
0.814731709122192   0.508057447609527   0.0299534241246335   -0.0398520145763682   0
0.831435008322848   0.506602700369865   0.0167032992006557   -0.00145474723966132   0
0.798517086645902   0.519444507854726   -0.032917921676946   0.012841807484861   0
0.790938689238436   0.52617517441633   -0.00757839740746569   0.00673066656160348   0
0.794612113897393   0.541262629368317   0.00367342465895704   0.0150874549519869   0
0.792894144505565   0.509653441657885   -0.00171796939182867   -0.0316091877104319   0
0.808472478669442   0.496824918421759   0.0155783341638773   -0.0128285232361262   0
0.759638574653466   0.523024046549143   -0.0488339040159756   0.0261991281273845   0
0.742463892154459   0.549254739317586   -0.0171746824990078   0.0262306927684428   0
0.479841859928097   0.610652010335579   -0.262622032226362   0.0613972710179935   0
0.468377545284361   0.66934205063872   -0.0114643146437353   0.0586900403031401   0
0.633488552436499   0.625675298913234   0.165111007152138   -0.0436667517254857   0
0.69428938212115   0.632642815747523   0.0608008296846504   0.0069675168342892   0
0.693245481855206   0.562637888315195   -0.0010439002659437   -0.0700049274323277   0
0.715037341417016   0.568545963838622   0.0217918595618095   0.00590807552342654   0
0.717894513727264   0.553605976309617   0.00285717231024796   -0.0149399875290046   0
0.711460821275232   0.568762418564135   -0.00643369245203196   0.0151564422545176   0
0.667065592116915   0.511902826077291   -0.0443952291583171   -0.0568595924868436   0
0.652707722644622   0.59629328632981   -0.0143578694722929   0.0843904602525184   0
0.641821900284307   0.675103091907722   -0.010885822360315   0.0788098055779121   0
0.640311708466737   0.65377463633666   -0.00151019181756928   -0.0213284555710613   0
0.578745117078394   0.66413459318508   -0.061566591388343   0.0103599568484194   0
0.612066509342232   0.660577411449479   0.0333213922638375   -0.00355718173560082   0
0.630464015767233   0.656708493809129   0.0183975064250012   -0.00386891764035036   0
0.633771994647543   0.649732180630064   0.00330797888031031   -0.00697631317906466   0
0.582759295640719   0.681690617263338   -0.0510126990068246   0.0319584366332737   0
0.684166291740362   0.713330517663241   0.101406996099643   0.0316399003999028   0
0.748247316390166   0.683857572479259   0.0640810246498041   -0.0294729451839815   0
0.700322937358186   0.697790294791943   -0.04792437903198   0.0139327223126842   0
0.711897918345366   0.661305148824247   0.0115749809871799   -0.0364851459676959   0
0.690097825112374   0.673274480927728   -0.0218000932329921   0.0119693321034808   0
0.713129076460581   0.657572696778231   0.0230312513482075   -0.0157017841494972   0
0.726161113830707   0.674623424912065   0.0130320373701256   0.0170507281338338   0
0.643882895832737   0.688345265114728   -0.0822782179979694   0.0137218402026638   0
0.661172745451839   0.565509496797846   0.0172898496191016   -0.122835768316883   0
0.796420677605674   0.632774896414348   0.135247932153835   0.0672653996165026   0
0.790702062379986   0.682255091668791   -0.00571861522568773   0.0494801952544421   0
0.732658069794544   0.661946157062982   -0.0580439925854418   -0.0203089346058086   0
0.779555587486583   0.615717797658608   0.0468975176920392   -0.0462283594043741   0
0.817909206627109   0.620487344491724   0.0383536191405256   0.00476954683311659   0
0.777708966594274   0.678087698595597   -0.040200240032835   0.0576003541038723   0
0.711237717611946   0.663893966698212   -0.0664712489823284   -0.0141937318973846   0
0.901014000379361   0.660359505904184   0.189776282767416   -0.00353446079402842   0
0.883199382858977   0.691592889547334   -0.0178146175203844   0.0312333836431498   0
0.868794872401447   0.712537273743522   -0.0144045104575297   0.0209443841961887   0
0.84616804961168   0.669268710086782   -0.0226268227897668   -0.0432685636567406   0
0.796561069244306   0.680242388407015   -0.0496069803673739   0.010973678320233   0
0.772387894297115   0.657498822160093   -0.0241731749471911   -0.0227435662469213   0
0.910839335751041   0.592805606877922   0.138451441453925   -0.0646932152821711   0
0.913510085869407   0.621582132228093   0.00267075011836615   0.0287765253501706   0
0.941080582438336   0.61279890651962   0.0275704965689291   -0.00878322570847245   0
1.06970419038682   0.580730740571584   0.128623607948489   -0.0320681659480363   0
1.01921698870076   0.66350259865065   -0.0504872016860614   0.0827718580790658   0
1.01789334843314   0.669247908080865   -0.00132364026761977   0.00574530943021467   0
1.01486130114752   0.667014517221974   -0.00303204728562312   -0.00223339085889041   0
0.904388992228839   0.589493503358427   -0.110472308918682   -0.0775210138635475   0
0.94547216131111   0.563268003187174   0.0410831690822718   -0.0262255001712529   0
1.00534934742039   0.54122953541181   0.0598771861092838   -0.0220384677753634   0
1.02198102011759   0.569057486808715   0.0166316726971916   0.0278279513969044   0
1.0780670492344   0.59731406170767   0.0560860291168186   0.0282565748989552   0
1.12238881205693   0.599166401401164   0.0443217628225292   0.00185233969349385   0
1.1231419016136   0.569125291210687   0.000753089556666975   -0.0300411101904767   0
1.10185334112897   0.571838482629182   -0.0212885604846349   0.00271319141849469   0
1.11103726550528   0.560726148599754   0.00918392437630988   -0.0111123340294277   0
1.11912000226165   0.560336618282442   0.00808273675637383   -0.000389530317312148   0
0.993077559728877   0.625191281337054   -0.126042442532772   0.0648546630546118   0
1.14215242511853   0.594356528860153   0.149074865389649   -0.0308347524769009   0
1.08444658773185   0.660951537405763   -0.0577058373866797   0.0665950085456097   0
1.11341587071794   0.650081352482605   0.0289692829860972   -0.0108701849231574   0
1.07529677962853   0.648031036378127   -0.0381190910894127   -0.00205031610447803   0
1.08743662950156   0.656328426788763   0.0121398498730252   0.00829739041063604   0
1.06513537767139   0.650386429961544   -0.0223012518301657   -0.00594199682721885   0
1.07732319582952   0.640705182378908   0.0121878181581276   -0.00968124758263689   0
1.08190891593369   0.694958952982322   0.00458572010416858   0.0542537706034141   0
1.04502325271992   0.721132679078117   -0.0368856632137644   0.0261737260957949   0
1.07039039488104   0.710748435812265   0.0253671421611164   -0.0103842432658511   0
1.07550502948052   0.752050370310045   0.00511463459947881   0.0413019344977792   0
1.0329488435237   0.755211663201221   -0.042556185956814   0.00316129289117673   0
1.05394596414022   0.753231472678242   0.0209971206165127   -0.00198019052297937   0
0.974634661456338   0.776591794978848   -0.0793113026838783   0.0233603223006063   0
0.972313582885191   0.777006489349331   -0.0023210785711465   0.000414694370482471   0
1.0051240903732   0.774484261098304   0.0328105074880045   -0.00252222825102633   0
1.02999609035712   0.800604932306484   0.0248719999839275   0.0261206712081792   0
1.01926570460146   0.843273904697791   -0.0107303857556624   0.0426689723913075   0
1.09380231325161   0.808806746690235   0.0745366086501531   -0.0344671580075565   0
1.14050729528986   0.782883143082875   0.0467049820382412   -0.0259236036073592   0
1.11616744860696   0.795516256832886   -0.0243398466829001   0.0126331137500103   0
1.10915816905444   0.774517137490477   -0.00700927955251851   -0.0209991193424082   0
1.10350982877234   0.761748057025372   -0.00564834028209171   -0.0127690804651056   0
1.00268138499792   0.732406587190948   -0.100828443774427   -0.0293414698344242   0
1.13519404738205   0.740347828821902   0.132512662384134   0.007941241630954   0
1.15328884333665   0.784660015605361   0.0180947959545945   0.0443121867834592   0
1.17435843724923   0.8180819326785   0.0210695939125864   0.033421917073139   0
1.18367495326451   0.794826309163276   0.00931651601527661   -0.023255623515224   0
1.20779666368062   0.825149957866189   0.0241217104161133   0.0303236487029135   0
1.16748711422008   0.806181247013086   -0.0403095494605434   -0.0189687108531033   0
1.19737180228273   0.801446611835281   0.0298846880626502   -0.00473463517780492   0
1.18315162591682   0.789902978548859   -0.0142201763659142   -0.0115436332864221   0
1.23131955944379   0.803199762737954   0.0481679335269736   0.0132967841890952   0
1.18357149687594   0.85203680440203   -0.0477480625678439   0.048837041664076   0
1.18385540437587   0.87795983348585   0.000283907499929903   0.0259230290838195   0
1.26102093240922   0.827403116834092   0.0771655280333425   -0.0505567166517573   0
1.27173683410359   0.816035423090628   0.0107159016943725   -0.011367693743464   0
1.27900838447149   0.800022441433696   0.00727155036790372   -0.0160129816569324   0
1.31099609769444   0.798597785297953   0.0319877132229474   -0.0014246561357425   0
1.316181654117   0.797977153942434   0.00518555642255625   -0.000620631355519707   0
1.17302281025357   0.805615831412629   -0.143158843863423   0.00763867747019487   0
1.28030017854867   0.75611575058301   0.107277368295091   -0.0495000808296182   0
1.38183034920043   0.74621691832835   0.10153017065176   -0.00989883225466048   0
1.4190047358117   0.717566998318861   0.0371743866112728   -0.0286499200094892   0
1.46599340109553   0.678120450475506   0.0469886652838285   -0.039446547843355   0
1.42751582500327   0.705484706780563   -0.0384775760922522   0.0273642563050576   0
1.43922340013154   0.718765638289644   0.0117075751282651   0.0132809315090809   0
1.41935653824353   0.706153857467442   -0.0198668618880078   -0.012611780822202   0
1.47440176118082   0.689900492084846   0.0550452229372842   -0.0162533653825959   0
1.46558344178039   0.65171587225233   -0.00881831940042499   -0.0381846198325163   0
1.49447903369655   0.665224708760203   0.0288955919161584   0.0135088365078733   0
1.44636690048271   0.66636305337073   -0.0481121332138368   0.00113834461052698   0
1.43878491222944   0.668115271342676   -0.00758198825326994   0.00175221797194625   0
1.45839555957581   0.660237767921887   0.0196106473463686   -0.00787750342078963   0
1.45518867034392   0.662508696999199   -0.00320688923188794   0.00227092907731241   0
1.46024409073401   0.667403012959392   0.00505542039008655   0.0048943159601923   0
1.45612387909336   0.708943750196126   -0.00412021164065424   0.0415407372367341   0
1.52759839853768   0.697714855036856   0.0714745194443236   -0.0112288951592698   0
1.56715767578818   0.676700048851385   0.039559277250504   -0.0210148061854706   0
1.55133489862079   0.69129919052457   -0.0158227771673978   0.0145991416731848   0
1.55897010155128   0.68615577637693   0.00763520293049336   -0.00514341414763997   0
1.43285516227139   0.694937102637693   -0.126114939279889   0.00878132626076344   0
1.4835023773198   0.699670432647285   0.0506472150484085   0.00473333000959197   0
1.48493863461837   0.702790768163264   0.00143625729857488   0.00312033551597857   0
1.55623032726524   0.678110172624797   0.0712916926468654   -0.024680595538467   0
1.61420708189675   0.660902310654503   0.0579767546315124   -0.017207861970294   0
1.64170693902442   0.667892289467987   0.0274998571276708   0.00698997881348395   0
1.64466426329718   0.650375762874008   0.00295732427275963   -0.0175165265939787   0
1.62798922717288   0.66969575957946   -0.0166750361243055   0.0193199967054514   0
1.63543414103774   0.647706600224727   0.00744491386486645   -0.0219891593547327   0
1.61371905821975   0.690191191633472   -0.0217150828179946   0.0424845914087453   0
1.65860117121752   0.687049432981781   0.044882112997773   -0.00314175865169153   0
1.64230265546675   0.718014956896334   -0.016298515750772   0.0309655239145536   0
1.62430187564715   0.709872511926458   -0.018000779819602   -0.00814244496987637   0
1.6667144274651   0.70270021501501   0.0424125518179495   -0.0071722969114475   0
1.64270126002441   0.704558601786364   -0.02401316744069   0.00185838677135397   0
1.60458346086982   0.723453689743754   -0.0381177991545911   0.0188950879573896   0
1.62474926860925   0.693024289853653   0.0201658077394304   -0.0304293998901006   0
1.63836270035141   0.674492329075632   0.0136134317421603   -0.0185319607780212   0
1.64467268793019   0.656769036861028   0.00630998757878487   -0.0177232922146043   0
1.63138957866613   0.670786458595857   -0.0132831092640577   0.0140174217348292   0
1.65118626531199   0.674776514376452   0.0197966866458614   0.00399005578059541   0
1.74482019281983   0.637017641674606   0.0936339275078326   -0.037758872701847   0
