0   0   0   0   0
0.0354610400569309   0.0261335080387569   0.0354610400569309   0.0261335080387569   0
0.0129436157204295   0.0320812117111664   -0.0225174243365014   0.00594770367240957   0
0.0762692850298927   0.0477130709791713   0.0633256693094632   0.0156318592680049   0
0.104856642146587   0.0753039056935672   0.0285873571166943   0.027590834714396   0
0.318854591949752   0.247022390711792   0.213997949803165   0.171718485018225   0
0.38985583410778   0.250982398598475   0.0710012421580272   0.0039600078866828   0
0.403192805852745   0.240414264758186   0.0133369717449656   -0.010568133840289   0
0.39533003114444   0.221745036376022   -0.00786277470830499   -0.0186692283821641   0
0.461373722275282   0.288200639452021   0.0660436911308422   0.0664556030759989   0
0.434081773488338   0.262792655141422   -0.0272919487869442   -0.0254079843105989   0
0.384494067955285   0.269873945022714   -0.049587705533053   0.00708128988129236   0
0.398630477646464   0.266366231401437   0.0141364096911786   -0.00350771362127689   0
0.298561678216855   0.248744195254057   -0.100068799429609   -0.0176220361473805   0
0.32048377001285   0.250472548054717   0.0219220917959949   0.00172835280066019   0
0.36927533637736   0.270479465895332   0.0487915663645105   0.020006917840615   0
0.354327007325853   0.28049217729361   -0.0149483290515077   0.010012711398278   0
0.365459853858553   0.319822620817628   0.0111328465327009   0.0393304435240178   0
0.353974423654113   0.245567171820672   -0.01148543020444   -0.0742554489969554   0
0.503346967492372   0.352273735668184   0.149372543838259   0.106706563847512   0
0.434433438183087   0.346380578953052   -0.0689135293092852   -0.00589315671513196   0
0.356436349376882   0.317864099326195   -0.0779970888062052   -0.0285164796268568   0
0.284539886558653   0.325696806171257   -0.0718964628182291   0.00783270684506143   0
0.376217351083887   0.390592296391206   0.0916774645252338   0.0648954902199493   0
0.669526272183528   0.491839314498786   0.293308921099642   0.10124701810758   0
0.583333587370507   0.532025225073063   -0.0861926848130216   0.0401859105742771   0
0.629746328451036   0.488080552905299   0.0464127410805296   -0.0439446721677639   0
0.551743166538459   0.503793771195795   -0.0780031619125769   0.0157132182904955   0
0.519863436319184   0.484835293141711   -0.0318797302192753   -0.0189584780540832   0
0.520160383025956   0.495207544215187   0.000296946706771606   0.0103722510734759   0
0.478305139664256   0.511497776450917   -0.0418552433617001   0.0162902322357301   0
0.477237551786732   0.496134157949327   -0.00106758787752409   -0.0153636185015903   0
0.459009615884905   0.501542874311106   -0.018227935901827   0.00540871636177881   0
0.483534279279263   0.511441848715254   0.0245246633943583   0.00989897440414811   0
0.433209416723401   0.454906462886213   -0.0503248625558619   -0.0565353858290406   0
0.396991536084458   0.46808836972036   -0.0362178806389434   0.0131819068341467   0
0.391221320249137   0.445490295535777   -0.00577021583532095   -0.0225980741845836   0
0.368530263780367   0.419161162143401   -0.02269105646877   -0.026329133392375   0
0.38220321542597   0.433332004106282   0.0136729516456029   0.0141708419628802   0
0.391974728196004   0.436983176038432   0.00977151277003463   0.0036511719321507   0
0.391495354353919   0.41765256113969   -0.000479373842085462   -0.0193306148987424   0
0.389763241407169   0.40919835505812   -0.0017321129467498   -0.00845420608156988   0
0.408536401816916   0.434746930707241   0.0187731604097466   0.025548575649121   0
0.433623556398973   0.469902878699514   0.0250871545820571   0.0351559479922729   0
0.457812628752501   0.494727202841496   0.0241890723535278   0.0248243241419818   0
0.472281860886454   0.463907061791119   0.0144692321339538   -0.0308201410503773   0
0.443100125149578   0.438407864923128   -0.0291817357368762   -0.0254991968679908   0
0.493499312426244   0.488494561251834   0.050399187276666   0.0500866963287067   0
0.502003513719641   0.567499804437338   0.00850420129339724   0.0790052431855034   0
0.537392600100275   0.59698838668423   0.0353890863806335   0.0294885822468922   0
0.530907244121101   0.542105010753547   -0.00648535597917421   -0.0548833759306834   0
0.622925755172926   0.584875959060912   0.0920185110518256   0.0427709483073658   0
0.672818646330334   0.606354019942908   0.0498928911574072   0.0214780608819957   0
0.658182359698465   0.560256294236499   -0.0146362866318691   -0.046097725706409   0
0.702009010694235   0.570555097959597   0.0438266509957708   0.0102988037230974   0
0.744085165089207   0.603294038968789   0.0420761543949717   0.0327389410091924   0
0.752151430143275   0.616231488607733   0.0080662650540676   0.0129374496389439   0
0.731076412154338   0.608937742247033   -0.0210750179889363   -0.00729374636070035   0
0.7404760365311   0.63291591520788   0.00939962437676189   0.0239781729608474   0
0.761486728252216   0.642338396600282   0.0210106917211159   0.00942248139240165   0
0.751107725929021   0.658117984837607   -0.0103790023231952   0.0157795882373253   0
0.745741005606994   0.640851929535338   -0.0053667203220269   -0.0172660553022684   0
0.75767749803369   0.640442979027714   0.0119364924266959   -0.00040895050762435   0
0.762801642319996   0.643483522182833   0.00512414428630659   0.00304054315511892   0
0.765585928764722   0.656715571935414   0.0027842864447255   0.0132320497525812   0
0.759494386509344   0.655635549290433   -0.006091542255378   -0.00108002264498097   0
0.680232627059201   0.64458926340891   -0.0792617594501431   -0.0110462858815237   0
0.782752405393961   0.665450616555483   0.102519778334761   0.0208613531465733   0
0.702700278973999   0.636868710193657   -0.0800521264199625   -0.0285819063618256   0
0.797070785807437   0.675923163346352   0.0943705068334376   0.0390544531526946   0
0.808630392711905   0.663176854205254   0.0115596069044683   -0.0127463091410981   0
0.803965495935975   0.668045944955239   -0.00466489677593007   0.00486909074998554   0
0.832688833580512   0.700406237719563   0.0287233376445371   0.0323602927643233   0
0.816597479809065   0.695503760095642   -0.0160913537714469   -0.00490247762392026   0
0.773506738719341   0.691068230692411   -0.043090741089724   -0.00443552940323133   0
0.789553585016238   0.706808851676477   0.0160468462968966   0.0157406209840661   0
0.717645310111307   0.616900196160317   -0.0719082749049301   -0.08990865551616   0
0.774064935608648   0.646763109881912   0.0564196254973405   0.0298629137215951   0
0.748046025843091   0.643827131323053   -0.0260189097655572   -0.00293597855885941   0
0.832509484035759   0.651612408571083   0.0844634581926682   0.00778527724803035   0
0.764684136724733   0.625255799843113   -0.0678253473110259   -0.0263566087279699   0
0.759603047486286   0.628283364682133   -0.00508108923844686   0.00302756483901967   0
0.763611463824102   0.640812809675621   0.00400841633781557   0.0125294449934883   0
0.774301675342721   0.652240239389739   0.0106902115186188   0.011427429714118   0
0.824439648649062   0.640813337533066   0.0501379733063411   -0.0114269018566737   0
0.837724301654771   0.648124085550112   0.0132846530057094   0.0073107480170459   0
0.821069593910916   0.657373960357688   -0.0166547077438548   0.00924987480757633   0
0.807407993871392   0.673077151131492   -0.0136616000395242   0.0157031907738039   0
0.754766750284949   0.637772912266284   -0.0526412435864434   -0.0353042388652078   0
0.811558590727733   0.642411666809867   0.0567918404427843   0.00463875454358353   0
0.843555769813571   0.664506099037456   0.0319971790858384   0.0220944322275886   0
0.758906018327156   0.64238855089629   -0.084649751486415   -0.0221175481411657   0
0.787988397298111   0.676104589208475   0.0290823789709543   0.0337160383121844   0
0.852852280972632   0.720340243922463   0.0648638836745212   0.0442356547139883   0
0.765648394972531   0.683066470146966   -0.0872038860001009   -0.0372737737754969   0
0.815146087845491   0.727626687187432   0.0494976928729602   0.0445602170404663   0
0.827876218523874   0.735298054661376   0.0127301306783827   0.00767136747394348   0
0.780630387646895   0.738926770444066   -0.0472458308769785   0.00362871578268986   0
0.8313596114064   0.753039242973442   0.0507292237595043   0.014112472529376   0
0.865123862071931   0.763579837922389   0.0337642506655316   0.010540594948947   0
0.885280810748511   0.751430370863333   0.0201569486765797   -0.0121494670590561   0
0.846006107146241   0.746068862751775   -0.03927470360227   -0.00536150811155722   0
0.891034323506021   0.769580056433812   0.0450282163597799   0.023511193682037   0
0.876224649757911   0.744743743201162   -0.01480967374811   -0.0248363132326501   0
0.973180264583987   0.777149522673069   0.096955614826076   0.0324057794719067   0
0.981377759615245   0.794744570456816   0.00819749503125811   0.0175950477837471   0
0.943772296623619   0.773339367356957   -0.0376054629916257   -0.021405203099859   0
1.01343321851271   0.80869650209087   0.0696609218890859   0.035357134733913   0
1.02951166601161   0.795691400421705   0.0160784474989057   -0.0130051016691648   0
0.911194793644768   0.795112067075156   -0.118316872366843   -0.00057933334654936   0
0.918385023934787   0.805936775380878   0.00719023029001942   0.0108247083057219   0
1.06286132602396   0.841606514810155   0.14447630208917   0.0356697394292772   0
0.896336361257352   0.747197052106692   -0.166524964766605   -0.0944094627034632   0
0.730098234333604   0.722424487627891   -0.166238126923748   -0.0247725644788013   0
0.75016986765935   0.730344136473895   0.0200716333257459   0.00791964884600427   0
0.769410718441117   0.752905166955059   0.0192408507817672   0.0225610304811644   0
0.814640174759646   0.743338289207585   0.0452294563185293   -0.00956687774747456   0
0.887714396953227   0.754658189692067   0.0730742221935808   0.0113199004844819   0
0.908815734570731   0.742836500062414   0.0211013376175043   -0.0118216896296526   0
0.979927011800116   0.769083335466476   0.0711112772293848   0.0262468354040617   0
0.986961858089754   0.790763900725438   0.00703484628963791   0.0216805652589623   0
0.970661353487778   0.82185239471203   -0.0163005046019759   0.0310884939865916   0
0.724718711901202   0.769385406424388   -0.245942641586576   -0.0524669882876418   0
0.562549150001852   0.712987531235926   -0.16216956189935   -0.0563978751884618   0
0.445437935822735   0.680686329518145   -0.117111214179117   -0.0323012017177815   0
0.468081342906002   0.662003254591555   0.0226434070832673   -0.0186830749265892   0
0.575869984068328   0.722183675175533   0.107788641162326   0.060180420583978   0
0.550762646358787   0.759917360332251   -0.0251073377095409   0.0377336851567173   0
0.410030498818363   0.646231366181242   -0.140732147540425   -0.113685994151009   0
0.449582027509725   0.627779936151139   0.0395515286913621   -0.0184514300301033   0
0.446601927842674   0.623317650816998   -0.00298009966705121   -0.00446228533414095   0
0.459449084575469   0.630459137064622   0.0128471567327956   0.00714148624762445   0
0.50232101448307   0.656925722046999   0.0428719299076004   0.0264665849823769   0
0.517602011330642   0.655834773554833   0.0152809968475724   -0.00109094849216562   0
0.624518270516656   0.746238162903909   0.106916259186014   0.090403389349076   0
0.519991773848583   0.697941580655831   -0.104526496668074   -0.0482965822480785   0
0.556585302805859   0.690096770249137   0.036593528957277   -0.0078448104066936   0
0.492043437218659   0.678604410277004   -0.0645418655872005   -0.0114923599721329   0
0.612620290162505   0.75777130701896   0.120576852943846   0.0791668967419562   0
0.525866746614614   0.701829487344223   -0.0867535435478918   -0.0559418196747378   0
0.584737800672681   0.702915549022657   0.0588710540580677   0.00108606167843395   0
0.695886838833526   0.764085984757566   0.111149038160845   0.061170435734909   0
0.660361595915234   0.750731972292468   -0.0355252429182921   -0.0133540124650978   0
0.766973485676113   0.785092953671414   0.106611889760879   0.0343609813789457   0
0.773122657029513   0.782995111130554   0.00614917135339976   -0.00209784254085976   0
0.696980589790279   0.748471196479841   -0.0761420672392338   -0.0345239146507124   0
0.703248430484149   0.780553687631114   0.00626784069386965   0.0320824911512725   0
0.70442821220289   0.784922290929245   0.00117978171874122   0.0043686032981316   0
0.670749595355119   0.773918109487545   -0.0336786168477711   -0.0110041814417006   0
0.752164418256759   0.799616279132777   0.0814148229016396   0.0256981696452323   0
0.748297534293503   0.791089966982421   -0.00386688396325563   -0.00852631215035582   0
0.73674972197785   0.764099437130011   -0.0115478123156527   -0.0269905298524105   0
0.759427452741925   0.769088339238684   0.0226777307640745   0.00498890210867309   0
0.707393673396943   0.760588040381128   -0.0520337793449817   -0.00850029885755565   0
0.71635266346823   0.832795569818583   0.00895899007128731   0.0722075294374548   0
0.712534495892546   0.802620379420636   -0.00381816757568409   -0.0301751903979475   0
0.744517634306375   0.783665528992163   0.0319831384138283   -0.0189548504284731   0
0.752578374925396   0.778303675383596   0.00806074061902173   -0.00536185360856645   0
0.84372099373655   0.797485569332544   0.0911426188111535   0.0191818939489474   0
0.904979156081682   0.787064014260445   0.0612581623451326   -0.0104215550720986   0
0.870344795082648   0.758175216066312   -0.0346343609990339   -0.0288887981941325   0
0.885869237921634   0.769153005036757   0.0155244428389855   0.0109777889704445   0
0.924882050791807   0.796360696816563   0.0390128128701728   0.0272076917798059   0
0.854584343149406   0.802398222139949   -0.0702977076424007   0.00603752532338597   0
0.752459023753594   0.762569550842194   -0.102125319395812   -0.0398286712977544   0
0.897793701328104   0.815149308899291   0.14533467757451   0.0525797580570962   0
0.788580132915931   0.769808713045243   -0.109213568412173   -0.0453405958540479   0
0.74252472958816   0.757671795897389   -0.0460554033277716   -0.0121369171478538   0
0.856098859994847   0.789149297557291   0.113574130406687   0.0314775016599024   0
0.794200837499865   0.747240536094594   -0.0618980224949823   -0.0419087614626972   0
0.82395227178641   0.779647259452729   0.0297514342865451   0.0324067233581349   0
0.764241197587669   0.77259061615358   -0.0597110741987413   -0.0070566432991489   0
0.717801566095413   0.734384198939423   -0.0464396314922557   -0.0382064172141572   0
0.83049258467348   0.781151608194788   0.112691018578067   0.0467674092553646   0
0.830713177295754   0.790450977776097   0.000220592622274585   0.00929936958130895   0
0.784767559052788   0.756644068862792   -0.0459456182429663   -0.033806908913305   0
0.886583710546988   0.811433742426714   0.1018161514942   0.0547896735639222   0
0.839951936793385   0.783432965118593   -0.0466317737536027   -0.0280007773081205   0
0.824308039163762   0.789118062198151   -0.015643897629623   0.00568509707955756   0
0.839879871265621   0.803763649346152   0.0155718321018595   0.0146455871480011   0
0.80563225935634   0.755700279238873   -0.0342476119092815   -0.0480633701072791   0
0.837292801567128   0.766222541537375   0.0316605422107876   0.0105222622985024   0
0.705302470262858   0.740447963517611   -0.131990331304269   -0.0257745780197643   0
0.762481697565661   0.739643128407766   0.0571792273028031   -0.000804835109844526   0
0.818055002816914   0.764315497878782   0.0555733052512529   0.0246723694710153   0
0.771522135896552   0.746411083007432   -0.0465328669203617   -0.0179044148713497   0
0.840122478407505   0.776823278444828   0.0686003425109524   0.030412195437396   0
0.767775149304334   0.755057201512418   -0.0723473291031704   -0.0217660769324097   0
0.364001702717774   0.444147419490724   -0.40377344658656   -0.310909782021694   0
0.411010535076343   0.485754368711409   0.0470088323585692   0.0416069492206849   0
0.3797466185251   0.465985420594244   -0.0312639165512431   -0.0197689481171651   0
0.403630377531122   0.49460948038634   0.0238837590060215   0.0286240597920964   0
0.37920362334244   0.483889032354344   -0.0244267541886822   -0.0107204480319963   0
0.420738475950785   0.52578869412344   0.0415348526083452   0.0418996617690966   0
0.423592481591846   0.529626291409416   0.00285400564106164   0.00383759728597544   0
0.420147234741233   0.533870475726364   -0.00344524685061293   0.0042441843169484   0
0.467793684893519   0.567508612647801   0.0476464501522852   0.0336381369214367   0
0.46109379559842   0.558664169485197   -0.00669988929509857   -0.00884444316260402   0
0.514511200717806   0.559183165435307   0.0534174051193864   0.000518995950110179   0
0.62599089714485   0.608839533768182   0.111479696427044   0.0496563683328751   0
0.604786824090041   0.628180458072115   -0.0212040730548096   0.0193409243039325   0
0.590459827018866   0.620624639773204   -0.0143269970711748   -0.00755581829891028   0
0.550991454454697   0.598526343835524   -0.0394683725641694   -0.0220982959376803   0
0.55647305341274   0.601209427638335   0.00548159895804301   0.00268308380281057   0
0.591164584704436   0.609969613572859   0.0346915312916963   0.00876018593452488   0
0.549648532345714   0.584530039915983   -0.0415160523587216   -0.0254395736568764   0
0.639501106729924   0.636536349100842   0.0898525743842098   0.0520063091848594   0
0.586482853714411   0.588106089249835   -0.0530182530155136   -0.048430259851007   0
0.676343718832016   0.634329511076313   0.0898608651176057   0.0462234218264773   0
0.670112996087504   0.639949438893863   -0.0062307227445122   0.00561992781755005   0
0.632438941476201   0.641204383585957   -0.0376740546113031   0.00125494469209464   0
0.631053116933433   0.655573443507302   -0.00138582454276837   0.0143690599213449   0
0.650877982024557   0.659957401621924   0.0198248650911245   0.00438395811462211   0
0.691115835754278   0.668196816194524   0.0402378537297211   0.00823941457259936   0
0.685380503569583   0.679078844964319   -0.00573533218469535   0.0108820287697958   0
0.775370679300205   0.74441439147504   0.0899901757306217   0.0653355465107204   0
0.724208112935286   0.706976574801461   -0.0511625663649189   -0.0374378166735787   0
0.69028220287886   0.733754956063011   -0.0339259100564252   0.0267783812615503   0
0.738563279677788   0.746766850550419   0.0482810767989271   0.0130118944874074   0
0.669036675048512   0.695525694667146   -0.0695266046292758   -0.0512411558832732   0
0.684496481615745   0.718829962811616   0.0154598065672334   0.0233042681444706   0
0.620160789696383   0.743872400100098   -0.0643356919193625   0.0250424372884821   0
0.500662802815235   0.710177729665865   -0.119497986881148   -0.033694670434233   0
0.618992379220761   0.762951576652524   0.118329576405526   0.0527738469866589   0
0.588449948849313   0.739548846602353   -0.0305424303714478   -0.0234027300501711   0
0.66164329681184   0.77509471001652   0.0731933479625271   0.0355458634141664   0
0.653180543483095   0.777083747844532   -0.00846275332874535   0.00198903782801252   0
0.649734135601929   0.784350502147098   -0.00344640788116524   0.00726675430256563   0
0.612183814971814   0.761288361660148   -0.0375503206301154   -0.0230621404869498   0
0.672437307684346   0.799546943034949   0.0602534927125322   0.0382585813748011   0
0.607319066861576   0.777788416905985   -0.06511824082277   -0.0217585261289642   0
0.637419369603769   0.773118267103698   0.0301003027421927   -0.00467014980228664   0
0.63366088735325   0.761993430795971   -0.00375848225051867   -0.011124836307727   0
0.558461608005085   0.725547024891739   -0.0751992793481651   -0.0364464059042319   0
