0   0   0   0   0
0.0180082545068497   0.0323048576070869   0.0180082545068497   0.0323048576070869   0
0.0642232947447982   0.059829412002259   0.0462150402379485   0.027524554395172   0
0.0545345312888193   0.0444564101487046   -0.0096887634559789   -0.0153730018535544   0
0.134325188233051   0.067528290485543   0.0797906569442313   0.0230718803368384   0
0.181551679474058   0.148341208506404   0.0472264912410078   0.0808129180208614   0
0.173258914365512   0.139943963751893   -0.00829276510854599   -0.00839724475451106   0
0.164060718907133   0.161742408141985   -0.00919819545837969   0.021798444390092   0
0.23188889730544   0.188245110159959   0.0678281783983072   0.0265027020179742   0
0.209899165425605   0.20421867885738   -0.0219897318798349   0.0159735686974208   0
0.226839857410363   0.228670592517168   0.0169406919847579   0.0244519136597874   0
0.202086019402119   0.220487716633876   -0.0247538380082444   -0.00818287588329192   0
0.160606591687182   0.196514435981085   -0.0414794277149362   -0.0239732806527911   0
0.143215923911165   0.158392920207012   -0.0173906677760174   -0.0381215157740729   0
0.214043543652606   0.188351265665023   0.0708276197414413   0.0299583454580112   0
0.180480485098173   0.184562738752057   -0.0335630585544335   -0.00378852691296586   0
0.167893093338239   0.170216789067678   -0.0125873917599339   -0.0143459496843794   0
0.159881385460902   0.142239251316383   -0.00801170787733679   -0.0279775377512949   0
0.100369084168181   0.130108444472527   -0.0595123012927207   -0.0121308068438558   0
0.136944389343621   0.121378763975951   0.0365753051754398   -0.0087296804965757   0
0.170771284787834   0.158804123488085   0.0338268954442131   0.0374253595121334   0
0.132691538900765   0.157372170884266   -0.0380797458870694   -0.00143195260381887   0
0.112910162556583   0.139789597354768   -0.0197813763441821   -0.0175825735294976   0
0.116420497671523   0.149992872130111   0.00351033511494002   0.0102032747753427   0
0.12407581051769   0.142905056889367   0.00765531284616718   -0.00708781524074342   0
0.106088855951569   0.140559552816757   -0.0179869545661206   -0.00234550407261014   0
0.120172348086612   0.136071523545113   0.0140834921350429   -0.00448802927164468   0
0.149862879851869   0.133486871949453   0.0296905317652572   -0.00258465159565952   0
0.150191151226145   0.15226525602994   0.000328271374275046   0.0187783840804865   0
0.178188763991405   0.179253898856611   0.0279976127652602   0.026988642826671   0
0.225024840833967   0.203670015685198   0.0468360768425623   0.0244161168285871   0
0.204523803229957   0.217962718261594   -0.0205010376040102   0.014292702576396   0
0.252552840468092   0.2495127470565   0.0480290372381353   0.0315500287949061   0
0.418377214697649   0.406212464044131   0.165824374229557   0.156699716987631   0
0.271376682542411   0.296155960462821   -0.147000532155238   -0.110056503581309   0
0.347643549884881   0.401380585723364   0.0762668673424703   0.105224625260543   0
0.316188165438827   0.357742308530833   -0.0314553844460545   -0.043638277192531   0
0.280620020852977   0.3295588484972   -0.0355681445858496   -0.0281834600336335   0
0.283701723896712   0.328746737852816   0.00308170304373434   -0.000812110644383135   0
0.257141289026185   0.321670636922286   -0.0265604348705262   -0.00707610093053074   0
0.245995377820422   0.303100412768718   -0.0111459112057632   -0.0185702241535678   0
0.263025955256857   0.299264759477271   0.0170305774364351   -0.00383565329144714   0
0.243358254954717   0.271979253649727   -0.0196677003021402   -0.0272855058275436   0
0.16954430397201   0.138788849990943   -0.0738139509827073   -0.133190403658784   0
0.137764308244736   0.151525437460807   -0.0317799957272737   0.0127365874698636   0
0.15824305204586   0.171435295881748   0.0204787438011241   0.0199098584209411   0
0.17072123501909   0.163496442624472   0.0124781829732295   -0.007938853257276   0
0.175723122930389   0.168639145329386   0.00500188791129896   0.0051427027049144   0
0.166003898611829   0.155486703734355   -0.00971922431855909   -0.0131524415950308   0
0.155357663202832   0.146728645708575   -0.010646235408998   -0.00875805802578025   0
0.155396485968253   0.14457628169396   3.88227654215534e-05   -0.00215236401461535   0
0.18502063320212   0.186155945318449   0.029624147233867   0.0415796636244891   0
0.173161226599569   0.191315866681934   -0.0118594066025511   0.00515992136348506   0
0.205896744914464   0.195977369277305   0.032735518314895   0.00466150259537099   0
0.240520868896533   0.219246768735631   0.0346241239820687   0.0232693994583264   0
0.223531014582405   0.213154063264973   -0.0169898543141277   -0.00609270547065877   0
0.301791888131657   0.288881599731345   0.0782608735492518   0.0757275364663722   0
0.256457618428075   0.234308187253991   -0.0453342697035823   -0.0545734124773534   0
0.243182355423764   0.210004898614556   -0.0132752630043103   -0.0243032886394351   0
0.223244850849899   0.197338050926221   -0.019937504573865   -0.0126668476883355   0
0.256678845018936   0.233157472836037   0.0334339941690369   0.0358194219098166   0
0.23905651698004   0.233822017777348   -0.017622328038896   0.000664544941311074   0
0.300909924370825   0.262128451526606   0.0618534073907845   0.0283064337492571   0
0.265526097571212   0.234645375681064   -0.0353838267996123   -0.0274830758455412   0
0.290379342137768   0.253969068315258   0.0248532445665556   0.0193236926341938   0
0.289991116305191   0.254261010132589   -0.00038822583257675   0.000291941817330776   0
0.306115978051193   0.267320259454006   0.0161248617460018   0.0130592493214174   0
0.412151449895449   0.321023577195793   0.106035471844256   0.0537033177417867   0
0.37933073647442   0.363629896896662   -0.0328207134210287   0.0426063197008694   0
0.403459546838497   0.388896183865832   0.024128810364077   0.0252662869691691   0
0.406547526899399   0.388096183149925   0.00308798006090133   -0.00080000071590608   0
0.346534763020629   0.350070712593951   -0.0600127638787695   -0.0380254705559747   0
0.445298517668569   0.409560557932613   0.0987637546479402   0.059489845338662   0
0.387773640525133   0.379053125626926   -0.0575248771434366   -0.0305074323056872   0
0.392687705298364   0.37861124189504   0.00491406477323092   -0.000441883731885362   0
0.417743734208732   0.385975393538673   0.0250560289103686   0.0073641516436323   0
0.43699854465936   0.396634502696526   0.0192548104506282   0.0106591091578536   0
0.401326599997136   0.375587419564739   -0.0356719446622241   -0.0210470831317868   0
0.419267025870319   0.387202882958999   0.017940425873183   0.0116154633942593   0
0.37438842662961   0.372778136942981   -0.0448785992407092   -0.014424746016018   0
0.426175900414169   0.421321687553216   0.0517874737845584   0.0485435506102356   0
0.411404802285086   0.423332452093383   -0.0147710981290828   0.00201076454016691   0
0.365310056036869   0.377358043697585   -0.0460947462482167   -0.045974408395798   0
0.327856510914262   0.333060492184768   -0.0374535451226072   -0.0442975515128171   0
0.338139992171402   0.329591661261373   0.0102834812571404   -0.00346883092339473   0
0.312670020503196   0.300234640581849   -0.0254699716682059   -0.029357020679524   0
0.362318123856486   0.322393044001766   0.0496481033532901   0.0221584034199164   0
0.344910744573314   0.33249275895948   -0.0174073792831721   0.0100997149577141   0
0.36315251164988   0.333323249743878   0.0182417670765658   0.000830490784398452   0
0.352773915866345   0.334050816307149   -0.0103785957835348   0.000727566563270721   0
0.399276579422981   0.355795461480823   0.0465026635566352   0.021744645173674   0
0.345090247933113   0.319316499745971   -0.054186331489868   -0.0364789617348517   0
0.338903521342268   0.324645672485851   -0.00618672659084485   0.00532917273988004   0
0.385320516152853   0.372396246928331   0.0464169948105853   0.04775057444248   0
0.39066023588738   0.370437194568218   0.00533971973452718   -0.0019590523601134   0
0.345172707628331   0.315138395336899   -0.0454875282590491   -0.0552987992313188   0
0.413321981325279   0.374921036001849   0.0681492736969481   0.0597826406649497   0
0.399095591733636   0.367296279971437   -0.0142263895916431   -0.00762475603041141   0
0.386928115689016   0.343518547038928   -0.0121674760446201   -0.0237777329325097   0
0.376048665419916   0.336970863861204   -0.0108794502691004   -0.00654768317772414   0
0.401260588321482   0.366287830548059   0.0252119229015661   0.0293169666868556   0
0.437200099678946   0.379518513149917   0.035939511357464   0.0132306826018579   0
0.446469360227807   0.398716868264344   0.0092692605488609   0.019198355114427   0
0.431632897508037   0.393619275251315   -0.0148364627197694   -0.0050975930130292   0
0.450392915449935   0.413715156212702   0.0187600179418976   0.0200958809613875   0
0.423512662334584   0.400325646109839   -0.0268802531153505   -0.0133895101028636   0
0.409150303148901   0.391889107328488   -0.0143623591856832   -0.00843653878135042   0
0.414070911319059   0.401362060766548   0.00492060817015783   0.00947295343806021   0
0.430105306681581   0.422090168261649   0.0160343953625223   0.0207281074951009   0
0.449846191989151   0.455057714910094   0.0197408853075704   0.0329675466484449   0
0.439979900573732   0.459382699288171   -0.00986629141541928   0.00432498437807716   0
0.406288305520097   0.420733914516495   -0.0336915950536351   -0.0386487847716766   0
0.406933255249214   0.418999730549684   0.000644949729117106   -0.00173418396681108   0
0.386628102211817   0.416349142015283   -0.0203051530373969   -0.00265058853440087   0
0.391144007740325   0.413320779518391   0.00451590552850778   -0.00302836249689215   0
0.36205278262228   0.364623335976745   -0.029091225118045   -0.0486974435416456   0
0.372273514570263   0.370446788386262   0.0102207319479832   0.00582345240951654   0
0.325794066637933   0.348923766746275   -0.0464794479323302   -0.0215230216399871   0
0.379412736414313   0.390034657622563   0.0536186697763794   0.0411108908762881   0
0.373224329377174   0.387461323694461   -0.00618840703713897   -0.002573333928102   0
0.401048868582454   0.417925338392638   0.0278245392052805   0.0304640146981773   0
0.397289865622027   0.412353949396709   -0.00375900296042658   -0.00557138899592857   0
0.396139120038491   0.390895253777646   -0.00115074558353656   -0.021458695619063   0
0.386407718902935   0.393988013594438   -0.00973140113555632   0.0030927598167913   0
0.357969340882984   0.395069825311853   -0.0284383780199504   0.00108181171741567   0
0.371345485908053   0.410423994495102   0.0133761450250691   0.0153541691832488   0
0.344893454619224   0.353207601993766   -0.0264520312888288   -0.0572163925013361   0
0.391794859658871   0.383460140906956   0.0469014050396461   0.0302525389131898   0
0.433298766171036   0.432050265614448   0.041503906512165   0.0485901247074926   0
0.42628937259256   0.438052557082188   -0.00700939357847524   0.00600229146773978   0
0.437959345499094   0.442080226685357   0.0116699729065338   0.0040276696031688   0
0.417317175809552   0.417941576876579   -0.0206421696895418   -0.0241386498087783   0
0.411178070224968   0.400567045206653   -0.00613910558458475   -0.0173745316699256   0
0.378419749256274   0.366181365687723   -0.032758320968694   -0.0343856795189305   0
0.347510423415214   0.341541179250081   -0.0309093258410592   -0.0246401864376414   0
0.409038684710481   0.396876864708058   0.0615282612952665   0.0553356854579764   0
0.413808101812056   0.407877131941528   0.00476941710157525   0.0110002672334699   0
0.405423366268898   0.397950778950799   -0.00838473554315816   -0.00992635299072869   0
0.390084389325654   0.376503901812498   -0.0153389769432438   -0.0214468771383006   0
0.382450316216928   0.369840177012009   -0.00763407310872616   -0.00666372480048888   0
0.422593685198612   0.41757252620967   0.040143368981684   0.0477323491976606   0
0.4031532679827   0.407402195849664   -0.0194404172159118   -0.0101703303600064   0
0.360934596136336   0.358473968732883   -0.0422186718463645   -0.0489282271167806   0
0.383565932900376   0.390046818305255   0.0226313367640401   0.0315728495723722   0
0.406869645012083   0.412476131556807   0.0233037121117073   0.0224293132515518   0
0.395589400655041   0.404280253596111   -0.0112802443570417   -0.00819587796069599   0
0.39979044846245   0.38687912862078   0.00420104780740865   -0.0174011249753311   0
0.408798812636856   0.383201042184123   0.00900836417440626   -0.0036780864366564   0
0.438184084090298   0.412249378493894   0.0293852714534414   0.0290483363097706   0
0.44389348807696   0.435358977725712   0.00570940398666281   0.0231095992318177   0
0.415210107711625   0.398410169993668   -0.028683380365335   -0.0369488077320442   0
0.403613774738694   0.387310207633251   -0.0115963329729316   -0.0110999623604164   0
0.387275377110533   0.393520846845585   -0.0163383976281604   0.00621063921233428   0
0.379636858425984   0.395101382029046   -0.0076385186845494   0.00158053518346046   0
0.399129885655111   0.397907217030067   0.0194930272291269   0.00280583500102083   0
0.385996854358723   0.389024793753548   -0.0131330312963883   -0.0088824232765185   0
0.369434725367803   0.388751618771026   -0.01656212899092   -0.00027317498252194   0
0.393263371517849   0.405045054933804   0.0238286461500463   0.0162934361627778   0
0.388030963929314   0.417127086245198   -0.00523240758853505   0.0120820313113942   0
0.395562034609002   0.46073671382543   0.00753107067968783   0.0436096275802319   0
0.430903086405271   0.490835152564349   0.0353410517962689   0.0300984387389185   0
0.378247014450942   0.456317182211958   -0.0526560719543289   -0.0345179703523902   0
0.375289442584794   0.460040847631207   -0.00295757186614815   0.00372366541924868   0
0.469257671984703   0.534115770237026   0.0939682293999096   0.0740749226058184   0
0.592169130856648   0.689662369206398   0.122911458871945   0.155546598969372   0
0.536545572516478   0.662688902828523   -0.0556235583401694   -0.0269734663778749   0
0.555850272848282   0.711363015466884   0.0193047003318031   0.0486741126383607   0
0.556945067969357   0.709274753536749   0.00109479512107513   -0.00208826193013456   0
0.577145244181281   0.717632163403655   0.0202001762119244   0.00835740986690603   0
0.540579329227347   0.683252009858202   -0.0365659149539344   -0.0343801535454533   0
0.483022474704341   0.625555137741092   -0.0575568545230055   -0.0576968721171099   0
0.449124632455267   0.572940655160421   -0.0338978422490744   -0.0526144825806711   0
0.466627102076207   0.551953737403999   0.0175024696209399   -0.020986917756422   0
0.435301479619914   0.514500337308641   -0.0313256224562926   -0.0374534000953584   0
0.42704388966048   0.490203687434588   -0.00825758995943382   -0.0242966498740526   0
0.3935614584008   0.471552752001411   -0.0334824312596799   -0.0186509354331769   0
0.457607881434778   0.530022263455797   0.0640464230339776   0.0584695114543863   0
0.40874832402647   0.497934419110729   -0.0488595574083077   -0.0320878443450688   0
0.401010392500249   0.483710139187071   -0.00773793152622176   -0.0142242799236573   0
0.35072713571375   0.44132147334531   -0.0502832567864988   -0.0423886658417617   0
0.389470771134942   0.488575327476047   0.0387436354211919   0.0472538541307371   0
0.382945031904249   0.491230947471417   -0.00652573923069216   0.00265561999536984   0
0.390375322255069   0.493468327644512   0.00743029035081971   0.00223738017309538   0
0.362644292089473   0.46834323805577   -0.0277310301655962   -0.0251250895887423   0
0.379564304981627   0.487790668870934   0.0169200128921542   0.0194474308151641   0
0.37211807523175   0.479253558940929   -0.00744622974987691   -0.00853710993000451   0
0.377917365492395   0.479421215639188   0.00579929026064463   0.000167656698258634   0
0.339506536625269   0.440064926364858   -0.0384108288671254   -0.0393562892743296   0
0.350195202692327   0.449657147858461   0.0106886660670573   0.00959222149360245   0
0.348703636374635   0.450561902670628   -0.00149156631769143   0.000904754812167174   0
0.310083249479719   0.416126658866884   -0.0386203868949166   -0.0344352438037439   0
0.365831930944144   0.426828891178912   0.0557486814644254   0.0107022323120281   0
0.379446583407242   0.430755775290445   0.0136146524630983   0.00392688411153286   0
0.3993487438638   0.46901709373298   0.0199021604565579   0.0382613184425346   0
0.389024780259472   0.462166662497629   -0.0103239636043285   -0.00685043123535112   0
0.385580509011688   0.451536802699735   -0.00344427124778346   -0.0106298597978933   0
0.378029209975553   0.471253710106113   -0.007551299036135   0.0197169074063773   0
0.371439776002335   0.498490640345964   -0.00658943397321804   0.0272369302398516   0
0.390733002003411   0.516769124451587   0.0192932260010757   0.0182784841056232   0
0.408079627298602   0.511141961895153   0.0173466252951911   -0.00562716255643469   0
0.415286075755266   0.523103461480101   0.00720644845666407   0.0119614995849481   0
0.417965227899122   0.523214647084711   0.00267915214385617   0.000111185604610209   0
0.447999146652184   0.548658803737665   0.0300339187530613   0.025444156652954   0
0.428560597306166   0.528573954771822   -0.0194385493460173   -0.0200848489658429   0
0.459759316261884   0.552890626894165   0.0311987189557175   0.0243166721223429   0
0.46158683375125   0.561963782383565   0.00182751748936638   0.00907315548940024   0
0.465751361736527   0.560288966897675   0.00416452798527689   -0.00167481548589032   0
0.449646279407531   0.543626556142207   -0.0161050823289961   -0.0166624107554678   0
0.438099673442428   0.526870741043751   -0.0115466059651028   -0.0167558150984561   0
0.495910044259168   0.588451282339911   0.05781037081674   0.0615805412961603   0
0.502273519265202   0.591850518011168   0.00636347500603401   0.00339923567125722   0
0.490485448897203   0.582051565600723   -0.0117880703679992   -0.00979895241044493   0
0.520187309590647   0.615802968326459   0.0297018606934444   0.0337514027257353   0
0.534067693761036   0.631811111891145   0.0138803841703885   0.0160081435646859   0
0.571945935220477   0.658967522473101   0.0378782414594415   0.0271564105819564   0
0.555312610775771   0.640555678747001   -0.0166333244447067   -0.0184118437260998   0
0.584180688553992   0.662589850310868   0.0288680777782208   0.0220341715638666   0
0.577428367710517   0.670739803457731   -0.00675232084347477   0.00814995314686295   0
0.504248440481636   0.599253988916183   -0.0731799272288809   -0.0714858145415477   0
0.559416814028411   0.647074649600968   0.0551683735467748   0.047820660684785   0
0.560828146906015   0.66106452544164   0.00141133287760453   0.0139898758406717   0
0.54252979459721   0.664676999937706   -0.0182983523088054   0.00361247449606605   0
0.48083641751116   0.643293737751641   -0.0616933770860503   -0.0213832621860648   0
0.520791343966212   0.666430473021658   0.0399549264550523   0.023136735270017   0
0.541392697382053   0.683925147241176   0.0206013534158407   0.0174946742195184   0
0.517673765816661   0.654977835279114   -0.0237189315653918   -0.0289473119620626   0
0.515438621576762   0.632866999148352   -0.00223514423989868   -0.0221108361307621   0
0.546172649337479   0.639229370526804   0.0307340277607174   0.00636237137845197   0
0.504202109328501   0.624196584677886   -0.0419705400089784   -0.0150327858489175   0
0.524180640686396   0.631591573180754   0.0199785313578945   0.00739498850286824   0
0.522420585040196   0.62813239285564   -0.0017600556461993   -0.00345918032511427   0
