0   0   0   0   0
0.0347809482761114   0.011473106600477   0.0347809482761114   0.011473106600477   0
0.0164764445382347   0.00916034716022695   -0.0183045037378767   -0.00231275944025005   0
0.0301247736741001   0.0142463431731852   0.0136483291358655   0.00508599601295822   0
0.0438252170805263   0.0154573128342069   0.0137004434064262   0.00121096966102173   0
0.0371163347088922   0.0162851295232436   -0.00670888237163416   0.000827816689036736   0
0.0941984316391637   0.0283933033707638   0.0570820969302715   0.0121081738475201   0
0.0953012200081128   0.0174702633206175   0.00110278836894914   -0.0109230400501462   0
0.0942262990871104   0.0205546156401643   -0.00107492092100245   0.00308435231954675   0
0.084248398939558   0.0227629227948068   -0.00997790014755236   0.0022083071546425   0
0.0723498791922656   0.0204209572003025   -0.0118985197472924   -0.00234196559450428   0
0.0677917525759217   0.0195254343298732   -0.00455812661634383   -0.000895522870429342   0
0.0533056153116864   0.0162972128350811   -0.0144861372642354   -0.00322822149479209   0
0.0545290956756816   0.0200516276928422   0.00122348036399518   0.00375441485776109   0
0.095599073117802   0.0373485918152664   0.0410699774421204   0.0172969641224243   0
0.0864955128110135   0.0325752517068164   -0.00910356030678845   -0.00477334010844997   0
0.0995982209192336   0.0338657704042669   0.0131027081082201   0.00129051869745043   0
0.0903510083853832   0.0386485374497253   -0.00924721253385047   0.00478276704545838   0
0.0790410879323298   0.0558265873461379   -0.0113099204530533   0.0171780498964126   0
0.081580710005559   0.0583574261336944   0.00253962207322914   0.00253083878755659   0
0.0744015815197594   0.0737704361322312   -0.00717912848579957   0.0154130099985368   0
0.078541516589408   0.0632475501354402   0.00413993506964862   -0.0105228859967911   0
0.0946662674691935   0.0658691849664055   0.0161247508797855   0.00262163483096532   0
0.0934085836953789   0.066587738664254   -0.00125768377381456   0.000718553697848484   0
0.111693819860488   0.0750999502424544   0.0182852361651089   0.00851221157820041   0
0.109615556084761   0.0687833297443249   -0.00207826377572669   -0.0063166204981295   0
0.10246658616776   0.0741416223033674   -0.00714896991700113   0.00535829255904255   0
0.093757685990277   0.0801253933379194   -0.00870890017748296   0.00598377103455194   0
0.0851281305907342   0.064452941645307   -0.00862955539954278   -0.0156724516926123   0
0.085387008934624   0.0753564829215943   0.000258878343889768   0.0109035412762873   0
0.0952823257842524   0.0642760671814053   0.00989531684962838   -0.011080415740189   0
0.113812001178182   0.0648436666719423   0.0185296753939293   0.000567599490537044   0
0.0963171968551516   0.0672762015755384   -0.01749480432303   0.00243253490359611   0
0.0991196107546037   0.0769214222670018   0.00280241389945206   0.0096452206914634   0
0.103863225121717   0.0729565210612511   0.00474361436711303   -0.00396490120575073   0
0.0875539345472072   0.0818962486887345   -0.0163092905745095   0.00893972762748342   0
0.0685415976105374   0.0705450731364684   -0.0190123369366698   -0.0113511755522661   0
0.0787973863459331   0.0913376317972704   0.0102557887353957   0.020792558660802   0
0.0702286953647023   0.121533759870635   -0.00856869098123077   0.0301961280733649   0
0.0748574359093274   0.106223676497266   0.0046287405446251   -0.0153100833733697   0
0.0634116519550026   0.108529439741232   -0.0114457839543249   0.00230576324396674   0
0.0889013219601734   0.116124509235929   0.0254896700051708   0.00759506949469708   0
0.0874358777776747   0.099704975783084   -0.00146544418249867   -0.0164195334528455   0
0.0822625925699317   0.116697940610679   -0.00517328520774303   0.0169929648275949   0
0.0993428229685775   0.122673042925598   0.0170802303986458   0.00597510231491874   0
0.0985641273056589   0.100065612262819   -0.000778695662918646   -0.0226074306627784   0
0.0970986534967555   0.115799895334547   -0.00146547380890341   0.0157342830717282   0
0.109292735295503   0.0940515939733297   0.012194081798748   -0.0217483013612176   0
0.112226807321127   0.108147734141066   0.00293407202562329   0.0140961401677363   0
0.139560896541089   0.096504857784379   0.027334089219962   -0.011642876356687   0
0.154730468801279   0.107371018840313   0.0151695722601901   0.0108661610559338   0
0.179767736304435   0.0894140434921723   0.0250372675031562   -0.0179569753481405   0
0.175060810506206   0.078150774746729   -0.00470692579822909   -0.0112632687454433   0
0.163102715923358   0.0789633790821218   -0.0119580945828483   0.000812604335392791   0
0.160936317893131   0.0670187912107707   -0.00216639803022647   -0.0119445878713511   0
0.169351937911712   0.0773191425030648   0.00841562001858059   0.0103003512922941   0
0.117336292097309   0.10112717219307   -0.0520156458144028   0.0238080296900048   0
0.133366466617499   0.10791567491321   0.0160301745201901   0.0067885027201401   0
0.134976503672356   0.109405810943236   0.00161003705485696   0.00149013603002664   0
0.173039516080232   0.0914693382379356   0.0380630124078763   -0.0179364727053008   0
0.180780523119423   0.101048833327396   0.00774100703919059   0.00957949508946028   0
0.170553641507622   0.0993606893547392   -0.0102268816118009   -0.00168814397265665   0
0.150750436676532   0.10521308690166   -0.0198032048310901   0.00585239754692106   0
0.142029357156751   0.114196482167626   -0.00872107951978052   0.00898339526596574   0
0.136558057777699   0.12214098302433   -0.00547129937905225   0.00794450085670396   0
0.143308168487282   0.119001342790063   0.00675011070958262   -0.00313964023426683   0
0.1151993868974   0.151159796722881   -0.028108781589882   0.0321584539328178   0
0.12620963986501   0.158372131005394   0.0110102529676102   0.00721233428251319   0
0.153883392312721   0.124890370031372   0.0276737524477108   -0.0334817609740218   0
0.179290960816692   0.07481481310862   0.0254075685039709   -0.0500755569227523   0
0.158119791564206   0.0836707376860611   -0.0211711692524854   0.00885592457744117   0
0.203677439496989   0.0996744727993305   0.0455576479327827   0.0160037351132694   0
0.177871243451232   0.109861975124465   -0.0258061960457572   0.0101875023251347   0
0.181306734338828   0.116252535086042   0.00343549088759579   0.00639055996157649   0
0.150836462297479   0.137402077816032   -0.0304702720413483   0.0211495427299903   0
0.153101422426467   0.155141366320843   0.0022649601289875   0.017739288504811   0
0.158884478576614   0.130210611359778   0.00578305615014696   -0.0249307549610652   0
0.149308176003854   0.137531765461708   -0.00957630257275999   0.00732115410193018   0
0.150727713055221   0.132103406817586   0.00141953705136699   -0.00542835864412231   0
0.17928574844417   0.122757620519976   0.0285580353889495   -0.00934578629761022   0
0.158471960620476   0.14777554013456   -0.0208137878236939   0.0250179196145845   0
0.153631918615199   0.156238861863043   -0.00484004200527732   0.00846332172848266   0
0.122074446406353   0.190782397812052   -0.0315574722088457   0.0345435359490092   0
0.121258920858939   0.214412233855398   -0.00081552554741407   0.0236298360433464   0
0.118308563402218   0.197654445890725   -0.00295035745672174   -0.0167577879646736   0
0.11233053815911   0.187186995120085   -0.00597802524310727   -0.0104674507706395   0
0.13490332182299   0.192867035894102   0.0225727836638796   0.00568004077401657   0
0.151618936052755   0.183125908985981   0.0167156142297648   -0.00974112690812096   0
0.2268686796058   0.154295972278233   0.0752497435530451   -0.0288299367077484   0
0.260554716282028   0.261246077854824   0.0336860366762281   0.106950105576591   0
0.258129876623314   0.290651759655661   -0.00242483965871398   0.0294056818008372   0
0.29860033195276   0.288459409597302   0.0404704553294462   -0.00219235005835933   0
0.33293209815124   0.330328591697541   0.0343317661984795   0.041869182100239   0
0.333168969344485   0.342775767015754   0.000236871193245114   0.0124471753182127   0
0.337374406458155   0.357989573583344   0.00420543711367   0.0152138065675908   0
0.328094129329029   0.352038808055057   -0.00928027712912582   -0.00595076552828722   0
0.334283187986647   0.371284581523737   0.00618905865761821   0.0192457734686801   0
0.346783362585544   0.344622791683119   0.012500174598897   -0.0266617898406179   0
0.360306395374849   0.355630301279372   0.0135230327893051   0.0110075095962522   0
0.357684351240291   0.371928583421031   -0.0026220441345583   0.0162982821416593   0
0.363763044231533   0.388704497784052   0.00607869299124175   0.0167759143630212   0
0.366147962784149   0.396788876828453   0.00238491855261636   0.00808437904440079   0
0.374979017616626   0.399305841695278   0.00883105483247665   0.00251696486682534   0
0.375567505815183   0.393108290837437   0.000588488198557835   -0.00619755085784157   0
0.402444285420676   0.383171049574906   0.0268767796054922   -0.00993724126253098   0
0.391969824077985   0.414049045501803   -0.0104744613426908   0.0308779959268969   0
0.401390721515386   0.422198930068917   0.00942089743740138   0.00814988456711463   0
0.398490522844932   0.410157754485516   -0.00290019867045449   -0.0120411755834012   0
0.419014293165438   0.403784017632806   0.0205237703205064   -0.00637373685271031   0
0.406658933609234   0.42043856868836   -0.0123553595562044   0.0166545510555544   0
0.411454757156326   0.416550876564892   0.00479582354709213   -0.00388769212346834   0
0.429864041936306   0.413382918071617   0.0184092847799803   -0.00316795849327478   0
0.425071928292447   0.41651825660113   -0.00479211364385895   0.00313533852951264   0
0.41559188595694   0.427389987783532   -0.00948004233550687   0.0108717311824026   0
0.430325561709324   0.42489151035741   0.0147336757523836   -0.00249847742612236   0
0.417337784687282   0.413656475375914   -0.0129877770220424   -0.0112350349814963   0
0.425987448573884   0.402043356939135   0.00864966388660199   -0.0116131184367788   0
0.450983485960527   0.35250558967952   0.0249960373866434   -0.0495377672596151   0
0.461899447396847   0.313893496426351   0.01091596143632   -0.0386120932531692   0
0.480380127261406   0.28124017754677   0.0184806798645596   -0.0326533188795801   0
0.47719658638584   0.30641621934943   -0.00318354087556605   0.0251760418026599   0
0.476881150643244   0.305999974892022   -0.000315435742596015   -0.000416244457408621   0
0.491071239913801   0.299655499306873   0.014190089270557   -0.00634447558514845   0
0.498028334202911   0.279636600817103   0.00695709428911012   -0.0200188984897706   0
0.48241297486652   0.308880726119238   -0.0156153593363913   0.0292441253021349   0
0.481381985188471   0.289810496842187   -0.00103098967804932   -0.0190702292770511   0
0.467108200275887   0.285358387786185   -0.0142737849125841   -0.00445210905600163   0
0.462174443368542   0.313126906369815   -0.00493375690734466   0.0277685185836299   0
0.467378148628042   0.327632809538553   0.00520370525950026   0.0145059031687385   0
0.455427730936022   0.332399366584506   -0.0119504176920207   0.00476655704595264   0
0.464207501065664   0.329005302218227   0.00877977012964265   -0.00339406436627865   0
0.466346736074942   0.314411458942925   0.00213923500927765   -0.0145938432753022   0
0.482796160104004   0.297820431291023   0.0164494240290618   -0.0165910276519025   0
0.476968575631821   0.282941991605812   -0.00582758447218312   -0.0148784396852102   0
0.454066382359888   0.329140732704156   -0.0229021932719322   0.0461987410983433   0
0.463482242222747   0.318979591515486   0.00941585986285842   -0.0101611411886698   0
0.474029903829228   0.312560527397603   0.0105476616064814   -0.00641906411788279   0
0.452263106997703   0.338076235984577   -0.0217667968315257   0.0255157085869738   0
0.443798390667978   0.331048750620866   -0.00846471632972479   -0.00702748536371117   0
0.45390611143404   0.310147073821558   0.010107720766062   -0.0209016767993076   0
0.430115017346199   0.335279245764551   -0.0237910940878411   0.0251321719429932   0
0.412610119821637   0.323054884576106   -0.0175048975245621   -0.0122243611884454   0
0.415953961469087   0.311673906018193   0.00334384164745022   -0.0113809785579131   0
0.422308275421368   0.320385491218597   0.00635431395228081   0.0087115852004046   0
0.428210572631852   0.313460414100631   0.00590229721048396   -0.00692507711796642   0
0.420320748104826   0.339354538861761   -0.00788982452702602   0.0258941247611299   0
0.424292712577491   0.332113280108753   0.00397196447266507   -0.0072412587530078   0
0.421776098985619   0.340667304703489   -0.00251661359187128   0.00855402459473581   0
0.411855587149156   0.37224872021911   -0.00992051183646342   0.0315814155156215   0
0.418877607176935   0.349771137450778   0.00702202002777919   -0.0224775827683323   0
0.433453394830909   0.331713471656955   0.0145757876539737   -0.0180576657938227   0
0.423167480848005   0.328156009966808   -0.0102859139829038   -0.00355746169014687   0
0.440208909040203   0.313582162114495   0.0170414281921984   -0.0145738478523138   0
0.457684425484541   0.312325076663277   0.0174755164443377   -0.00125708545121755   0
0.43963121380619   0.333397018710496   -0.0180532116783509   0.021071942047219   0
0.435444609238349   0.312266375054627   -0.00418660456784131   -0.0211306436558693   0
0.448759615897751   0.295311783157709   0.013315006659402   -0.0169545918969181   0
0.445942580039713   0.281131510820861   -0.0028170358580375   -0.0141802723368474   0
0.428635095510036   0.297144587178113   -0.0173074845296777   0.016013076357252   0
0.420955542407079   0.319580453111201   -0.00767955310295687   0.0224358659330882   0
0.425413347675667   0.322526621871931   0.00445780526858797   0.0029461687607294   0
0.435175049974181   0.331814675862273   0.00976170229851414   0.00928805399034183   0
0.420091454403658   0.337688339598101   -0.0150835955705233   0.00587366373582843   0
0.435819053315134   0.327977545109485   0.015727598911477   -0.00971079448861639   0
0.428375040710463   0.322876432455659   -0.00744401260467104   -0.00510111265382568   0
0.428097960344432   0.323470354566787   -0.000277080366031635   0.000593922111128131   0
0.435104301149636   0.319307559815569   0.00700634080520451   -0.00416279475121833   0
0.421676732271857   0.320923467573967   -0.0134275688777795   0.00161590775839821   0
0.430487226688216   0.335714901183531   0.00881049441635956   0.0147914336095635   0
0.432710512139092   0.339514628926341   0.00222328545087563   0.00379972774281051   0
0.432332499816658   0.333931648309579   -0.000378012322433896   -0.00558298061676199   0
0.431068236988596   0.333758230398586   -0.00126426282806236   -0.000173417910992957   0
0.433937069997541   0.338971619465301   0.00286883300894553   0.00521338906671442   0
0.429774226391784   0.328345378294004   -0.00416284360575714   -0.010626241171297   0
0.416047220113531   0.342460556148752   -0.0137270062782534   0.0141151778547488   0
0.425416492436951   0.320088434450601   0.00936927232342061   -0.0223721216981512   0
0.442052038451806   0.303306119583884   0.0166355460148549   -0.0167823148667176   0
0.437000730258895   0.319741487867083   -0.005051308192911   0.0164353682831996   0
0.43371360344286   0.319394759743839   -0.00328712681603538   -0.000346728123243878   0
0.434050151004637   0.327258463521795   0.000336547561777367   0.00786370377795598   0
0.449162187402291   0.268987305359489   0.0151120363976541   -0.0582711581623064   0
0.47200110672053   0.212292140196796   0.0228389193182384   -0.0566951651626929   0
0.483110663448057   0.189009217837086   0.011109556727527   -0.0232829223597103   0
0.478353521385206   0.190173678343664   -0.00475714206285049   0.00116446050657826   0
0.503116101027815   0.147501389951917   0.024762579642609   -0.0426722883917469   0
0.521789643434225   0.163907694125388   0.0186735424064093   0.0164063041734708   0
0.524629351196108   0.176682155740813   0.0028397077618838   0.0127744616154249   0
0.556416139487111   0.159703381093935   0.031786788291003   -0.0169787746468781   0
0.549885781498403   0.163557406792919   -0.00653035798870794   0.00385402569898477   0
0.552474655933194   0.152123185548556   0.00258887443479017   -0.0114342212443637   0
0.570499792662898   0.145107695848755   0.0180251367297044   -0.00701548969980054   0
0.57462458722258   0.139774952560277   0.00412479455968229   -0.00533274328847844   0
0.575345157974671   0.136842993417664   0.000720570752091199   -0.00293195914261324   0
0.574120010631144   0.15431731730408   -0.00122514734352774   0.0174743238864168   0
0.561087962328672   0.154179594438118   -0.0130320483024717   -0.000137722865962114   0
0.590888049418052   0.141679252978196   0.02980008708938   -0.012500341459922   0
0.608471596829936   0.141648818277687   0.0175835474118844   -3.04347005094519e-05   0
0.599278424974356   0.143483567585244   -0.00919317185557988   0.00183474930755737   0
0.619667297336903   0.137456658144107   0.0203888723625461   -0.00602690944113679   0
0.62178936578159   0.139785499463136   0.00212206844468732   0.00232884131902905   0
0.631801506767212   0.143517784965185   0.0100121409856222   0.00373228550204854   0
0.56138131200683   0.173851907583794   -0.0704201947603822   0.0303341226186089   0
0.584929681892133   0.151978179273808   0.0235483698853031   -0.021873728309986   0
0.600238408121888   0.15226560191784   0.0153087262297552   0.000287422644032198   0
0.617725496609028   0.1545811682341   0.0174870884871396   0.00231556631625965   0
0.644862968759677   0.148548908124259   0.027137472150649   -0.00603226010984051   0
0.659421626864867   0.155981772155914   0.0145586581051905   0.00743286403165516   0
0.631778247692211   0.153279886073529   -0.0276433791726565   -0.00270188608238564   0
0.626368382822411   0.15523199572595   -0.00540986486979955   0.00195210965242132   0
0.63376392122794   0.133425269488621   0.00739553840552842   -0.0218067262373286   0
0.660755122098002   0.137844137326492   0.0269912008700619   0.00441886783787016   0
0.665348260971485   0.144156519387463   0.004593138873483   0.00631238206097104   0
0.679110952759966   0.146407059591452   0.0137626917884816   0.00225054020398938   0
0.690725540778739   0.144686928959417   0.0116145880187731   -0.00172013063203549   0
0.712876584279649   0.142968195009406   0.0221510435009095   -0.00171873395001085   0
0.697198316855264   0.138699893133957   -0.0156782674243847   -0.00426830187544866   0
0.696030067449661   0.133060433765051   -0.00116824940560345   -0.00563945936890653   0
0.719618136854697   0.132558934858108   0.0235880694050369   -0.000501498906942593   0
0.70960274617303   0.136981811791931   -0.0100153906816678   0.00442287693382296   0
0.704266935822142   0.145017169118054   -0.00533581035088748   0.00803535732612301   0
0.721522714553145   0.143344352763185   0.0172557787310031   -0.00167281635486846   0
0.740639267023501   0.146643290866226   0.0191165524703558   0.00329893810304074   0
0.779322729469217   0.149090316086966   0.0386834624457154   0.00244702522073961   0
0.787555625949203   0.130555800797368   0.00823289647998682   -0.0185345152895978   0
0.819902684245274   0.104351188846136   0.0323470582960709   -0.0262046119512323   0
0.847993396111964   0.0996135758387225   0.0280907118666893   -0.00473761300741325   0
0.893528513868607   0.118604208961783   0.0455351177566438   0.0189906331230601   0
0.918075659686615   0.132664006845093   0.0245471458180074   0.0140597978833102   0
0.907786063205802   0.132264941788914   -0.0102895964808127   -0.000399065056178927   0
0.927853191303757   0.128812134853606   0.0200671280979551   -0.0034528069353075   0
0.940413005560576   0.153080871958583   0.0125598142568193   0.0242687371049768   0
0.962458859961389   0.178117823860289   0.0220458544008123   0.0250369519017059   0
0.987163388477974   0.198459721422975   0.024704528516585   0.0203418975626865   0
0.982819479694586   0.199537523757603   -0.00434390878338731   0.00107780233462768   0
