1.4210855e-14   1.7347235e-16   0   0   0
0.0803782466940938   0.0880550711472796   0.0803782466940796   0.0880550711472795   0
0.198801903398334   0.1689755043193   0.118423656704241   0.0809204331720201   0
0.253704774025309   0.258590459070576   0.0549028706269743   0.0896149547512761   0
0.296050791532481   0.312432738395632   0.0423460175071721   0.0538422793250565   0
0.245671125251471   0.274981857514958   -0.0503796662810103   -0.0374508808806739   0
0.205169384277737   0.248919661600333   -0.0405017409737335   -0.0260621959146254   0
0.15214384440959   0.150117890463487   -0.0530255398681475   -0.0988017711368465   0
0.106385992053744   0.0545081063722985   -0.0457578523558455   -0.0956097840911881   0
0.168380644123013   0.0748905170903863   0.0619946520692689   0.0203824107180878   0
0.182813473267418   0.0782816400214905   0.014432829144405   0.00339112293110423   0
0.189432632345843   0.0661669219641866   0.00661915907842461   -0.0121147180573039   0
0.145100989899504   0.0776170625481172   -0.044331642446339   0.0114501405839306   0
0.177533795103817   0.0988802417971589   0.0324328052043135   0.0212631792490417   0
0.177744191804278   0.156240104978389   0.00021039670046108   0.0573598631812304   0
0.132556714196656   0.12478636992508   -0.045187477607622   -0.0314537350533091   0
0.151972935100697   0.140763958714967   0.0194162209040409   0.0159775887898869   0
0.185338660989602   0.160359269050763   0.0333657258889047   0.0195953103357957   0
0.179186071447777   0.164351742451759   -0.00615258954182479   0.00399247340099604   0
0.183537260405616   0.172795513844745   0.00435118895783931   0.00844377139298613   0
0.196418699633938   0.184783660189375   0.0128814392283216   0.0119881463446299   0
0.180583054760925   0.215620982433536   -0.0158356448730132   0.0308373222441606   0
0.229037368918533   0.281643305988492   0.0484543141576086   0.0660223235549566   0
0.167602523987603   0.223788387266083   -0.0614348449309307   -0.0578549187224091   0
0.199704644764792   0.246710591420184   0.0321021207771898   0.0229222041541012   0
0.162827177240779   0.20336293310946   -0.0368774675240138   -0.0433476583107244   0
0.168463794441839   0.228200852028343   0.00563661720106007   0.0248379189188829   0
0.203434189884499   0.235335875054768   0.0349703954426608   0.0071350230264253   0
0.152141158679318   0.268662670636936   -0.0512930312051815   0.0333267955821682   0
0.165867569150968   0.271753533878409   0.0137264104716497   0.00309086324147229   0
0.217672043686855   0.313263050340641   0.0518044745358874   0.0415095164622321   0
0.16406503498953   0.298949822434034   -0.0536070086973254   -0.0143132279066066   0
0.204454482823273   0.294615182894804   0.040389447833743   -0.00433463953922963   0
0.154458290631996   0.308591225215542   -0.049996192191277   0.0139760423207373   0
0.176784311830918   0.327484129371424   0.0223260211989227   0.0188929041558824   0
0.218074819374148   0.354742818687695   0.0412905075432299   0.0272586893162709   0
0.190589034685396   0.345523361903981   -0.0274857846887517   -0.00921945678371439   0
0.214138662730151   0.361454061873754   0.0235496280447545   0.015930699969773   0
0.225360999636302   0.375108223170683   0.0112223369061512   0.0136541612969298   0
0.191459268833717   0.378086319090702   -0.0339017308025849   0.0029780959200188   0
0.243505503516727   0.41523286970982   0.0520462346830097   0.0371465506191176   0
0.180240292482288   0.408606272910907   -0.0632652110344386   -0.00662659679891314   0
0.250339747629376   0.453068188454171   0.0700994551470881   0.0444619155432646   0
0.167691494172877   0.264995696396247   -0.082648253456499   -0.188072492057924   0
0.34682656797761   0.197432826443052   0.179135073804732   -0.0675628699531958   0
0.395829963231521   0.240733133322141   0.0490033952539112   0.0433003068790898   0
0.409598517475464   0.331517035030358   0.0137685542439436   0.0907839017082171   0
0.443858419528402   0.357280812090682   0.0342599020529372   0.0257637770603237   0
0.366420686061811   0.337245005935342   -0.0774377334665903   -0.0200358061553402   0
0.362413575881176   0.359930276933389   -0.00400711018063488   0.0226852709980471   0
0.395986655252683   0.357731323028395   0.0335730793715065   -0.00219895390499431   0
0.341257893757628   0.376469788206938   -0.054728761495055   0.0187384651785433   0
0.36507379246754   0.328907413912581   0.0238158987099119   -0.0475623742943573   0
0.354141596508503   0.357328344547317   -0.0109321959590369   0.0284209306347359   0
0.369282026758992   0.36996582903825   0.0151404302504893   0.0126374844909334   0
0.397172592295331   0.382277777576354   0.0278905655363392   0.0123119485381044   0
0.374603445774048   0.393450766115809   -0.0225691465212838   0.0111729885394548   0
0.397047524931719   0.397292584097996   0.0224440791576716   0.00384181798218669   0
0.383762997853007   0.421584958713124   -0.0132845270787117   0.0242923746151276   0
0.400214346001479   0.447031578022666   0.0164513481484713   0.0254466193095427   0
0.425471322837071   0.439730172724216   0.0252569768355921   -0.00730140529845041   0
0.355742118821648   0.421250812668528   -0.0697292040154231   -0.0184793600556877   0
0.368959034407085   0.459538229911039   0.0132169155854372   0.0382874172425108   0
0.400680037481792   0.467548353295792   0.0317210030747067   0.00801012338475343   0
0.410708009056979   0.481949110568122   0.010027971575187   0.0144007572723294   0
0.428552500516282   0.443886581214595   0.0178444914593029   -0.038062529353527   0
0.362684716951841   0.473353763377736   -0.0658677835644401   0.0294671821631414   0
0.37280315444185   0.48665918902016   0.0101184374900081   0.0133054256424237   0
0.396827884502739   0.481682093455097   0.0240247300608892   -0.00497709556506271   0
0.359645624170219   0.53040149752004   -0.0371822603325194   0.0487194040649427   0
0.427412110391519   0.551301794436277   0.0677664862212995   0.0209002969162368   0
0.377447615102097   0.523558942899227   -0.0499644952894216   -0.0277428515370494   0
0.429472920863582   0.574695463525645   0.0520253057614846   0.051136520626418   0
0.373403439484987   0.521322786580665   -0.0560694813785947   -0.0533726769449798   0
0.379854632314212   0.547820065390286   0.00645119282922479   0.0264972788096209   0
0.413642798035011   0.562600915645924   0.0337881657207995   0.014780850255638   0
0.35827405638868   0.536069038136756   -0.0553687416463311   -0.0265318775091687   0
0.403757975311951   0.56196484162776   0.045483918923271   0.0258958034910038   0
0.429639307038006   0.583910063958471   0.0258813317260545   0.0219452223307117   0
0.391468863759159   0.584486829129035   -0.0381704432788469   0.000576765170563709   0
0.501229806398916   0.602220921408216   0.109760942639757   0.0177340922791813   0
0.438425101996846   0.548467638671396   -0.0628047044020703   -0.0537532827368203   0
0.501453173886806   0.604160021127089   0.06302807188996   0.0556923824556935   0
0.449708370970155   0.603433812052627   -0.0517448029166508   -0.000726209074462636   0
0.515246368888775   0.651609167933044   0.0655379979186197   0.0481753558804171   0
0.42547131342832   0.632689964585939   -0.0897750554604546   -0.0189192033471052   0
0.505359929611719   0.669503143131766   0.0798886161833992   0.0368131785458268   0
0.446251078731656   0.648889181733631   -0.0591088508800634   -0.0206139613981345   0
0.467914865778488   0.640873230446876   0.0216637870468318   -0.0080159512867547   0
0.486143064038143   0.636429077647061   0.0182281982596555   -0.00444415279981525   0
0.418314072000534   0.634321943315485   -0.0678289920376093   -0.00210713433157561   0
0.508843180636959   0.673576800484537   0.0905291086364251   0.0392548571690516   0
0.454760088823746   0.671905162119503   -0.0540830918132126   -0.00167163836503359   0
0.496951164498346   0.722275109690659   0.0421910756745996   0.0503699475711558   0
0.495944837666291   0.716561883121645   -0.00100632683205543   -0.00571322656901374   0
0.461977115387324   0.703441703398963   -0.0339677222789667   -0.0131201797226823   0
0.507308150751704   0.716083113667931   0.04533103536438   0.012641410268968   0
0.430441871111305   0.664200224524323   -0.0768662796403992   -0.0518828891436086   0
0.500418693383485   0.70697381785169   0.0699768222721801   0.0427735933273673   0
0.454912569029641   0.684216169330523   -0.0455061243538435   -0.0227576485211668   0
0.453399651150972   0.698571371348928   -0.00151291787866936   0.014355202018405   0
0.488492190235958   0.736780808200667   0.0350925390849866   0.0382094368517393   0
0.40323120532112   0.731257577713024   -0.0852609849148382   -0.00552323048764347   0
0.500333447433725   0.782829412239484   0.0971022421126047   0.0515718345264604   0
0.453380703867306   0.772769989734645   -0.0469527435664191   -0.0100594225048389   0
0.47176641651759   0.705535112096821   0.0183857126502839   -0.0672348776378248   0
0.522708782546801   0.711500087094346   0.0509423660292112   0.00596497499752546   0
0.473632470789613   0.72910718935788   -0.0490763117571881   0.017607102263534   0
0.519661307778693   0.76540845953391   0.0460288369890798   0.0363012701760297   0
0.500004105786822   0.760049080753246   -0.0196572019918703   -0.00535937878066384   0
0.491519503326726   0.782543221706415   -0.00848460246009614   0.022494140953169   0
0.527068663201264   0.777817258043202   0.0355491598745382   -0.00472596366321276   0
0.458368228757204   0.740592335857678   -0.0687004344440603   -0.0372249221855246   0
0.465878926689422   0.733205115379621   0.00751069793221792   -0.00738722047805629   0
0.513623635054344   0.772595210978333   0.0477447083649222   0.0393900955987114   0
0.436793729608467   0.718822378631247   -0.0768299054458776   -0.0537728323470855   0
0.494486070265332   0.759492401082034   0.0576923406568657   0.0406700224507867   0
0.468412744697739   0.749736299775195   -0.0260733255675935   -0.00975610130683913   0
0.376034629641414   0.640384356781   -0.0923781150563251   -0.109351942994195   0
0.431078681757031   0.696358892946763   0.0550440521156167   0.0559745361657631   0
0.389123491048013   0.695085896935079   -0.0419551907090177   -0.00127299601168351   0
0.412163898959701   0.714323756856841   0.023040407911688   0.0192378599217617   0
0.411070037376739   0.74466473889497   -0.0010938615829616   0.0303409820381293   0
0.375917361992369   0.732537260442503   -0.0351526753843698   -0.0121274784524672   0
0.44952435557869   0.752420489890232   0.0736069935863208   0.0198832294477286   0
0.402746726148627   0.747615823354719   -0.0467776294300629   -0.00480466653551259   0
0.426064264105233   0.763984044609907   0.0233175379566052   0.0163682212551877   0
0.441078227492168   0.766706716395206   0.0150139633869353   0.00272267178529972   0
0.411812459266778   0.755301525436583   -0.02926576822539   -0.0114051909586231   0
0.437403516973018   0.747152631612457   0.0255910577062404   -0.00814889382412576   0
0.405547849524939   0.763040010692914   -0.0318556674480789   0.0158873790804569   0
0.416700893767394   0.8023618510128   0.0111530442424542   0.0393218403198853   0
0.439335864053423   0.810249426718988   0.0226349702860292   0.00788757570618825   0
0.407035715754064   0.815105868008356   -0.0323001482993585   0.00485644128936846   0
0.481473122799209   0.862375650169604   0.0744374070451446   0.0472697821612481   0
0.417013556691749   0.782985409142083   -0.0644595661074601   -0.0793902410275216   0
0.454581669002247   0.848448593425104   0.0375681123104978   0.0654631842830212   0
0.449186518766193   0.845392087695251   -0.00539515023605358   -0.00305650572985305   0
0.400703733852784   0.822708804218493   -0.0484827849134095   -0.0226832834767584   0
0.47698986759015   0.873527612409294   0.076286133737366   0.0508188081908018   0
0.406750597792321   0.849916616308794   -0.0702392697978281   -0.0236109961005009   0
0.471373949100265   0.797626998112463   0.0646233513079431   -0.0522896181963305   0
0.449219616029441   0.799613755031553   -0.0221543330708232   0.00198675691909034   0
0.476252918841126   0.816590670866389   0.0270333028116846   0.0169769158348354   0
0.402898816116392   0.814463237827492   -0.0733541027247344   -0.00212743303889729   0
0.48936618371642   0.868039637402971   0.0864673676000282   0.0535763995754798   0
0.3905185534924   0.806905501196629   -0.0988476302240202   -0.061134136206342   0
0.458916586617621   0.834950069099158   0.0683980331252215   0.0280445679025283   0
0.459203751601729   0.850484192726751   0.000287164984108246   0.0155341236275937   0
0.435286037386213   0.846101232528638   -0.0239177142155161   -0.00438296019811302   0
0.498441453941712   0.877364919156786   0.063155416555499   0.0312636866281478   0
0.41346773019412   0.828012902560053   -0.0849737237475927   -0.0493520165967327   0
0.484468680540151   0.838048783820028   0.071000950346031   0.0100358812599748   0
0.443512466055627   0.8454931967703   -0.040956214484524   0.00744441295027176   0
0.45647421465747   0.833281380137299   0.0129617486018432   -0.012211816633001   0
0.44898118677554   0.795580168651356   -0.00749302788192996   -0.0377012114859426   0
0.432852352857414   0.796624281401228   -0.0161288339181261   0.00104411274987171   0
0.488293036571741   0.835717300345468   0.0554406837143276   0.0390930189442404   0
0.426440109065134   0.813551974264774   -0.0618529275066071   -0.0221653260806941   0
0.404700041743584   0.817099396179181   -0.0217400673215505   0.00354742191440693   0
0.4815454818849   0.862374133552795   0.0768454401413166   0.0452747373736136   0
0.3852927418947   0.79806663776088   -0.0962527399902004   -0.0643074957919151   0
0.424498446318113   0.815043458412465   0.0392057044234129   0.0169768206515847   0
0.457896865361731   0.858893313664772   0.0333984190436184   0.0438498552523071   0
0.454959083743022   0.862897923846306   -0.00293778161870928   0.00400461018153409   0
0.493308286667813   0.855346115881263   0.0383492029247909   -0.0075518079650424   0
0.432595721735556   0.851831650304474   -0.0607125649322565   -0.00351446557678903   0
0.472627374434706   0.876691663916031   0.0400316526991493   0.0248600136115569   0
0.498208595160857   0.896265053968845   0.0255812207261509   0.019573390052814   0
0.437247994817803   0.873360596106498   -0.0609606003430539   -0.0229044578623471   0
0.480053310676775   0.89650379617033   0.0428053158589722   0.0231432000638323   0
0.45181650247357   0.873108475701283   -0.0282368082032051   -0.0233953204690478   0
0.394988092319213   0.873770533211518   -0.0568284101543566   0.000662057510235625   0
0.360844363022603   0.851093872397716   -0.0341437292966107   -0.0226766608138024   0
0.278243852110911   0.800128069991913   -0.0826005109116917   -0.0509658024058025   0
0.328810821771561   0.783905918887657   0.0505669696606502   -0.016222151104256   0
0.360351821559477   0.81897255914798   0.0315409997879157   0.0350666402603228   0
0.328897206508276   0.798005771755269   -0.0314546150512009   -0.0209667873927115   0
0.402348260587479   0.835182568571968   0.073451054079203   0.0371767968166997   0
0.354078172389505   0.823975505650414   -0.048270088197974   -0.0112070629215544   0
0.406852131255297   0.855843548959375   0.0527739588657923   0.0318680433089611   0
0.412809424569009   0.853173541720043   0.00595729331371125   -0.00267000723933219   0
0.376230186024529   0.843423053425854   -0.0365792385444794   -0.00975048829418923   0
0.435173239429643   0.791944289659701   0.0589430534051142   -0.0514787637661529   0
0.37315480268176   0.773687279558607   -0.0620184367478835   -0.0182570101010933   0
0.443072256335301   0.398648129750509   0.0699174536535408   -0.375039149808098   0
0.457366177664571   0.425739083512914   0.0142939213292702   0.0270909537624048   0
0.46510886564608   0.450487842779244   0.00774268798150868   0.02474875926633   0
0.546410273757441   0.497372802264614   0.0813014081113613   0.0468849594853701   0
0.542046891172466   0.528826458801594   -0.00436338258497493   0.03145365653698   0
0.610323888806049   0.57007496047444   0.0682769976335831   0.0412485016728462   0
0.571214027748503   0.480673767853878   -0.0391098610575461   -0.0894011926205618   0
0.668004434424193   0.522503247828486   0.0967904066756901   0.041829479974608   0
0.599979623641266   0.549843578396605   -0.0680248107829265   0.0273403305681186   0
0.596513396102201   0.576301747251387   -0.00346622753906511   0.0264581688547818   0
0.631619503109697   0.601301405488061   0.0351061070074954   0.0249996582366742   0
0.602638809911408   0.626326151346265   -0.0289806931982884   0.0250247458582041   0
0.673420091164409   0.660630826015354   0.0707812812530011   0.0343046746690892   0
0.668714605577232   0.689782046074922   -0.00470548558717754   0.0291512200595676   0
0.728426515095285   0.716982349035781   0.0597119095180531   0.0272003029608593   0
0.70477532025929   0.7263466879707   -0.0236511948359953   0.00936433893491917   0
0.685940928929379   0.739858606877498   -0.0188343913299107   0.0135119189067977   0
0.74453859486664   0.76142421307116   0.0585976659372615   0.0215656061936617   0
0.667060048543893   0.735930291238097   -0.0774785463227473   -0.0254939218330626   0
0.711079034862917   0.690947843447205   0.0440189863190236   -0.0449824477908922   0
0.673204262967848   0.705341853346187   -0.0378747718950687   0.0143940098989827   0
0.645151306014738   0.711486466887313   -0.0280529569531097   0.00614461354112572   0
0.652144559693348   0.712584925864685   0.00699325367861026   0.00109845897737171   0
0.625883464137755   0.727424536078513   -0.026261095555593   0.014839610213828   0
0.649434336048209   0.765200155845499   0.023550871910454   0.0377756197669866   0
0.666671371422834   0.791770662325537   0.0172370353746243   0.0265705064800378   0
0.640628055734675   0.785122687766185   -0.0260433156881585   -0.00664797455935251   0
0.639941789505568   0.763773601126765   -0.000686266229107391   -0.0213490866394199   0
0.595879023610971   0.756421652961248   -0.0440627658945965   -0.00735194816551676   0
0.629888972411838   0.79602505647985   0.0340099488008671   0.039603403518602   0
0.590263546426081   0.818950323884486   -0.0396254259857571   0.0229252674046354   0
0.65147649907511   0.846246726931585   0.0612129526490285   0.0272964030470993   0
0.59126518709191   0.840146569274222   -0.0602113119831993   -0.00610015765736294   0
0.676029504475504   0.869501772396627   0.0847643173835932   0.0293552031224048   0
0.630132971032846   0.862399740856671   -0.0458965334426572   -0.00710203153995603   0
0.65186149937023   0.881669921658251   0.0217285283373833   0.0192701808015799   0
0.719575232288588   0.937629247650437   0.0677137329183586   0.0559593259921866   0
0.653041516166594   0.936837443428936   -0.0665337161219941   -0.00079180422150138   0
0.686369235201776   0.929069768556516   0.0333277190351814   -0.00776767487241981   0
0.635439497582817   0.909795952275858   -0.0509297376189587   -0.0192738162806578   0
0.699293654986439   0.912394533748516   0.0638541574036218   0.00259858147265801   0
0.65760590481316   0.884056723948523   -0.0416877501732787   -0.0283378097999931   0
0.620744083749209   0.889975070050155   -0.0368618210639509   0.00591834610163167   0
0.524674146075244   0.634264173390368   -0.0960699376739655   -0.255710896659787   0
0.223359954971926   0.418822093898266   -0.301314191103318   -0.215442079492101   0
0.0682177798956365   0.364261402514029   -0.155142175076289   -0.0545606913842371   0
