1.4210855e-14   7.70372e-32   0   0   0
0.0692708928013336   0.0234758263793634   0.0692708928013194   0.0234758263793634   0
0.0517832339911861   0.0477347077905145   -0.0174876588101475   0.024258881411151   0
0.107244141181112   0.0616468774832834   0.0554609071899259   0.0139121696927689   0
0.131640189932281   0.138476872175106   0.0243960487511692   0.0768299946918224   0
0.192073534905639   0.189491497574984   0.0604333449733578   0.0510146253998782   0
0.168952351502605   0.184221760360304   -0.0231211834030345   -0.00526973721468019   0
0.156197274881511   0.189576735803926   -0.012755076621094   0.00535497544362182   0
0.23300475938869   0.246698300556192   0.0768074845071793   0.0571215647522662   0
0.156711862549877   0.232814784420356   -0.0762928968388128   -0.0138835161358362   0
0.176360205728176   0.220343704667914   0.0196483431782994   -0.0124710797524415   0
0.171788079734425   0.224027908625623   -0.00457212599375145   0.00368420395770921   0
0.1845878171977   0.249150630866427   0.0127997374632747   0.0251227222408035   0
0.236036165888523   0.280163461241894   0.051448348690823   0.0310128303754671   0
0.184647374939456   0.273772001235012   -0.0513887909490664   -0.00639146000688218   0
0.214470414094901   0.27990577125207   0.0298230391554449   0.00613377001705867   0
0.212034202881981   0.293668216050371   -0.00243621121292034   0.0137624447983006   0
0.206178655960486   0.308837734077736   -0.00585554692149468   0.0151695180273647   0
0.234289685644762   0.297644394238338   0.0281110296842765   -0.0111933398393981   0
0.210821877379766   0.260555545009005   -0.0234678082649962   -0.037088849229333   0
0.270803911493857   0.311093793806895   0.0599820341140912   0.0505382487978904   0
0.283732343140662   0.348563394962897   0.0129284316468049   0.0374696011560021   0
0.292098873278885   0.397647901823462   0.00836653013822264   0.0490845068605646   0
0.312053866618021   0.388243708291072   0.0199549933391356   -0.00940419353238997   0
0.29561416278377   0.40746123288147   -0.0164397038342508   0.0192175245903981   0
0.307538392412027   0.406863379291839   0.0119242296282571   -0.00059785358963077   0
0.305498795389783   0.386777424111766   -0.0020395970222441   -0.0200859551800731   0
0.285886617859607   0.403023130805968   -0.0196121775301758   0.0162457066942022   0
0.304163370981864   0.38434358900116   0.018276753122257   -0.0186795418048086   0
0.249214261018308   0.330651083837315   -0.054949109963556   -0.0536925051638445   0
0.332592654577171   0.417558699613266   0.0833783935588631   0.0869076157759506   0
0.297206930773843   0.408112496001166   -0.0353857238033285   -0.00944620361210002   0
0.315211736656753   0.440190745478311   0.01800480588291   0.0320782494771456   0
0.324532140971824   0.439779245016891   0.00932040431507175   -0.000411500461420411   0
0.285459040914277   0.427482025741417   -0.0390731000575471   -0.0122972192754736   0
0.318410444038404   0.429357852069043   0.0329514031241266   0.00187582632762606   0
0.293443204343468   0.410080738268209   -0.0249672396949361   -0.0192771138008346   0
0.292553227218984   0.411265819933487   -0.000889977124484298   0.00118508166527792   0
0.321026788908942   0.428016757842546   0.0284735616899588   0.016750937909059   0
0.288626264987261   0.450056337956175   -0.0324005239216812   0.0220395801136292   0
0.319619723279824   0.464618405737052   0.0309934582925633   0.014562067780877   0
0.289052104087271   0.470368437066711   -0.030567619192553   0.00575003132965907   0
0.348650410299878   0.508710348988116   0.0595983062126061   0.0383419119214048   0
0.301311508727935   0.498519214457254   -0.0473389015719427   -0.0101911345308619   0
0.354710678935228   0.546060163184752   0.0533991702072929   0.0475409487274984   0
0.366450663538599   0.526013060390408   0.0117399846033708   -0.0200471027943446   0
0.321097685746772   0.544122309370811   -0.0453529777918262   0.0181092489804039   0
0.35241488725925   0.554585947746444   0.0313172015124777   0.0104636383756322   0
0.34988320413574   0.58196911774144   -0.00253168312351015   0.0273831699949965   0
0.298156059897821   0.550209304747041   -0.0517271442379185   -0.031759812994399   0
0.381393659519343   0.593585381954869   0.0832375996215218   0.0433760772078274   0
0.336590150632928   0.578802960044196   -0.0448035088864154   -0.0147824219106724   0
0.367817747469769   0.594249118425993   0.0312275968368417   0.0154461583817973   0
0.364625951590116   0.603082417291241   -0.00319179587965357   0.00883329886524764   0
0.348753152914735   0.622764481545875   -0.0158727986753809   0.019682064254634   0
0.412146129273835   0.634591120367888   0.0633929763590999   0.0118266388220131   0
0.402532311511632   0.635957270761149   -0.00961381776220277   0.0013661503932606   0
0.404564134679616   0.66327642194581   0.002031823167984   0.0273191511846614   0
0.431681842420533   0.687884022879964   0.0271177077409173   0.0246076009341537   0
0.350509006019924   0.630575677084498   -0.0811728364006091   -0.0573083457954662   0
0.398748240677506   0.628950948646875   0.0482392346575818   -0.00162472843762274   0
0.394377695433002   0.637983250683417   -0.0043705452445042   0.00903230203654204   0
0.378594474486037   0.658487954756886   -0.0157832209469653   0.0205047040734686   0
0.418067930514564   0.673563277043104   0.0394734560285279   0.015075322286218   0
0.413802361249519   0.681541657110015   -0.00426556926504501   0.00797838006691087   0
0.391235604167399   0.653920068757865   -0.0225667570821202   -0.0276215883521492   0
0.442807860708964   0.624778695127353   0.0515722565415651   -0.0291413736305119   0
0.395965594466144   0.642188719577658   -0.0468422662428206   0.0174100244503049   0
0.472293784456824   0.669893399979332   0.0763281899906804   0.0277046804016735   0
0.408912286896011   0.583884972964292   -0.063381497560813   -0.0860084270150394   0
0.338440651062659   0.492697945273914   -0.0704716358333516   -0.0911870276903786   0
0.415481432164623   0.598587736670434   0.0770407811019634   0.10588979139652   0
0.342911626031107   0.591672372207303   -0.0725698061335153   -0.00691536446313046   0
0.355506230951534   0.596423214543144   0.0125946049204269   0.00475084233584078   0
0.376116614775843   0.599394145000871   0.0206103838243082   0.00297093045772745   0
0.346689050713505   0.608138631124996   -0.029427564062338   0.00874448612412471   0
0.390623093346726   0.619610451933517   0.0439340426332214   0.0114718208085207   0
0.356184746098174   0.623538079750796   -0.0344383472485524   0.00392762781727918   0
0.353867661624145   0.609825939828029   -0.00231708447402906   -0.0137121399227672   0
0.333965234138313   0.606432641397059   -0.0199024274858318   -0.00339329843096958   0
0.317908557679971   0.616543249272451   -0.0160566764583417   0.0101106078753915   0
0.374147097759611   0.645358583111768   0.0562385400796396   0.028815333839317   0
0.363778699248743   0.664718786568863   -0.0103683985108676   0.0193602034570957   0
0.368645312032296   0.680049605984624   0.00486661278355272   0.0153308194157611   0
0.391392014024598   0.68767349050408   0.0227467019923026   0.00762388451945517   0
0.347493397692173   0.689912725225054   -0.0438986163324253   0.0022392347209742   0
0.368853676112762   0.673505503429916   0.0213602784205894   -0.0164072217951382   0
0.327432429836689   0.658541677861544   -0.0414212462760734   -0.0149638255683712   0
0.343189376827008   0.683040389409845   0.0157569469903193   0.024498711548301   0
0.386500616968869   0.698468176176282   0.0433112401418611   0.0154277867664366   0
0.349273050652434   0.6929675270846   -0.0372275663164351   -0.00550064909168246   0
0.401855893641849   0.718606876450182   0.052582842989415   0.0256393493655828   0
0.404058128996559   0.693090608899462   0.00220223535470959   -0.0255162675507199   0
0.376953096822367   0.711508346760431   -0.0271050321741915   0.0184177378609685   0
0.4093864317557   0.762493294496922   0.0324333349333325   0.0509849477364914   0
0.425887658727672   0.802600755698818   0.0165012269719723   0.0401074612018958   0
0.392477021554426   0.807369989652996   -0.033410637173246   0.00476923395417783   0
0.44571947446601   0.849129104278226   0.0532424529115842   0.0417591146252302   0
0.403573782884184   0.826293716572419   -0.0421456915818262   -0.0228353877058066   0
0.475471638303133   0.863544393540331   0.0718978554189494   0.0372506769679114   0
0.416259586433907   0.814191121237735   -0.0592120518692269   -0.0493532723025955   0
0.424900391236665   0.819812336109968   0.00864080480275808   0.00562121487223288   0
0.442547320099204   0.828530133589432   0.0176469288625392   0.00871779747946377   0
0.410527725326588   0.832330804126151   -0.0320195947726158   0.00380067053671884   0
0.440714995289355   0.833419288001536   0.0301872699627674   0.0010884838753854   0
0.483957498819301   0.717224547509352   0.0432425035299459   -0.116194740492184   0
0.494641493845833   0.758936426768647   0.010683995026532   0.0417118792592953   0
0.491590313396076   0.783306427174683   -0.00305118044975761   0.0243700004060358   0
0.503713963122375   0.804284293738791   0.0121236497262991   0.0209778665641075   0
0.557057889713283   0.842678098154149   0.0533439265909079   0.038393804415358   0
0.469573846225117   0.75601685418399   -0.0874840434881654   -0.086661243970159   0
0.496200567024066   0.77432679143719   0.0266267207989481   0.0183099372532005   0
0.487627588778671   0.784434156857383   -0.00857297824539421   0.0101073654201929   0
0.456642200595299   0.776942106149565   -0.0309853881833724   -0.00749205070781755   0
0.505596740429334   0.795214619993723   0.0489545398340349   0.0182725138441572   0
0.460636045680876   0.784187937266072   -0.0449606947484577   -0.0110266827276503   0
0.537145113146309   0.851121438600317   0.0765090674654333   0.066933501334245   0
0.509056742596924   0.84239889888925   -0.0280883705493855   -0.00872253971106729   0
0.53242509614623   0.852934447662691   0.0233683535493063   0.0105355487734409   0
0.557947158761864   0.678549981242013   0.0255220626156336   -0.174384466420678   0
0.57567960280602   0.750353013269579   0.017732444044156   0.0718030320275657   0
0.604241798923308   0.80639395665238   0.0285621961172883   0.0560409433828014   0
0.655533099896678   0.853614587339359   0.0512913009733703   0.0472206306869793   0
0.601228909093017   0.839780324298588   -0.0543041908036616   -0.0138342630407717   0
0.637816781183658   0.844135703210363   0.0365878720906413   0.00435537891177529   0
0.593673812014574   0.820923614777052   -0.0441429691690838   -0.0232120884333106   0
0.613638894489758   0.808614826463227   0.0199650824751839   -0.0123087883138252   0
0.564949203231951   0.748489456652248   -0.0486896912578076   -0.0601253698109787   0
0.836732369519088   0.957763873921861   0.271783166287137   0.209274417269613   0
0.965966409437725   0.920410926631669   0.129234039918637   -0.0373529472901918   0
0.895527349554287   0.905531805716763   -0.0704390598834372   -0.0148791209149063   0
0.959830095504651   0.99122985457077   0.0643027459503634   0.0856980488540067   0
0.927988120859302   1.0326055757791   -0.0318419746453492   0.0413757212083276   0
0.975256388833602   1.0807135935483   0.0472682679743004   0.0481080177692075   0
0.925307043718689   1.05385718420739   -0.0499493451149128   -0.026856409340916   0
0.846223690119565   0.955658228926718   -0.0790833535991242   -0.0981989552806711   0
0.89153054742808   1.01118494004494   0.0453068573085147   0.0555267111182193   0
0.850448890549393   1.03527928535368   -0.0410816568786873   0.0240943453087481   0
0.909224505290373   1.07046148546783   0.0587756147409808   0.0351822001141489   0
0.865556187160435   1.05463357986868   -0.0436683181299379   -0.0158279055991575   0
0.90615879501678   1.10103818421249   0.0406026078563444   0.0464046043438111   0
0.911433058562694   1.11628334086103   0.00527426354591409   0.0152451566485385   0
0.889489506672613   1.11454926855228   -0.0219435518900811   -0.00173407230875   0
0.912756332412089   1.10079494134031   0.023266825739476   -0.0137543272119629   0
0.862259605253396   1.07446907791483   -0.0504967271586934   -0.0263258634254859   0
0.879347258805308   1.09047123828265   0.0170876535519127   0.0160021603678187   0
0.866343138626544   1.07570530852034   -0.0130041201787642   -0.0147659297623028   0
0.779649583802812   1.00274514989306   -0.0866935548237319   -0.072960158627285   0
0.808768770531788   1.0451215878957   0.0291191867289762   0.0423764380026432   0
0.781526486531068   1.04615056493675   -0.0272422840007204   0.00102897704105054   0
0.805397630982049   1.02929696302695   0.0238711444509809   -0.0168536019098002   0
0.728746976044364   1.01354449478937   -0.0766506549376851   -0.0157524682375789   0
0.817878066187911   1.07013022295358   0.089131090143547   0.0565857281642106   0
0.721849970506186   1.01238473127487   -0.096028095681725   -0.0577454916787143   0
0.781117586190952   1.02926610234744   0.0592676156847665   0.0168813710725737   0
0.728634107842874   1.00307333049431   -0.0524834783480785   -0.0261927718531301   0
0.783653940792195   1.06068521642107   0.055019832949321   0.0576118859267563   0
0.80759858614886   1.0663870041996   0.0239446453566652   0.00570178777853059   0
0.800909419559806   1.07404020484338   -0.00668916658905394   0.00765320064377928   0
0.849128081997048   1.10793920516221   0.0482186624372418   0.0338990003188293   0
0.791816618612917   1.07400287077382   -0.0573114633841306   -0.0339363343883921   0
0.837652267196492   1.1104804577884   0.0458356485835747   0.0364775870145877   0
0.816558350712494   1.10652118182431   -0.0210939164839975   -0.0039592759640974   0
0.815806129483062   1.114092996303   -0.000752221229432748   0.00757181447869582   0
0.835448769933391   1.1025738871464   0.0196426404503294   -0.0115191091565985   0
0.811663743415278   1.1047634600224   -0.0237850265181131   0.00218957287599242   0
0.868070620204443   1.13588965271562   0.0564068767891656   0.0311261926932229   0
0.830310363425461   1.1230013401045   -0.0377602567789823   -0.012888312611115   0
0.867215193879096   1.15863988639648   0.0369048304536349   0.0356385462919806   0
0.883185316018488   1.15720309424718   0.0159701221393915   -0.00143679214930237   0
0.854797871921363   1.14921992923265   -0.0283874440971247   -0.00798316501453233   0
0.837998942564926   1.06356502664248   -0.0167989293564366   -0.0856549025901685   0
0.816862880182764   1.07440603856034   -0.0211360623821623   0.0108410119178552   0
0.847589538778   1.11832032421134   0.0307266585952357   0.0439142856510015   0
0.871616994051497   1.12489658489125   0.0240274552734969   0.00657626067991135   0
0.832870620615524   1.11122416383115   -0.0387463734359724   -0.0136724210600978   0
0.875469758219874   1.15619839184653   0.0425991376043501   0.0449742280153755   0
0.817396615782091   1.12168407785605   -0.0580731424377836   -0.0345143139904787   0
0.870994339223283   1.16214939204134   0.0535977234411917   0.0404653141852884   0
0.85178524847209   1.15536128534697   -0.0192090907511926   -0.00678810669437113   0
0.868678161041429   1.17765198029222   0.016892912569339   0.0222906949452526   0
0.879705349317905   1.15746115304245   0.0110271882764756   -0.0201908272497637   0
0.851433717267047   1.14358526787384   -0.0282716320508576   -0.0138758851686134   0
0.89204363601016   1.15797236055046   0.0406099187431131   0.0143870926766185   0
0.866126724410014   1.15674297629572   -0.0259169116001458   -0.00122938425474062   0
0.902750032495285   1.19091114377789   0.0366233080852707   0.0341681674821752   0
0.883428899950412   1.16274403447719   -0.0193211325448733   -0.0281671093007072   0
0.857221193176282   1.15087749455748   -0.0262077067741302   -0.0118665399197047   0
0.880467706312417   1.1609204056288   0.0232465131361355   0.0100429110713134   0
0.881760943207328   1.17785173132279   0.00129323689491112   0.0169313256939982   0
0.917308257464194   1.18982360155047   0.0355473142568661   0.0119718702276796   0
0.872226336409167   1.17214750752789   -0.0450819210550268   -0.0176760940225862   0
0.8823985150444   1.18631112704806   0.0101721786352331   0.0141636195201742   0
0.895085500277658   1.18743226822504   0.0126869852332576   0.00112114117697604   0
0.841918083393235   1.19450585046753   -0.0531674168844232   0.007073582242489   0
0.893308321910045   1.21894820938351   0.05139023851681   0.0244423589159863   0
0.883437988900722   1.21211747883763   -0.00987033300932327   -0.00683073054588479   0
0.882285468862991   1.22199666990649   -0.00115252003773081   0.00987919106886159   0
0.906471626439014   1.21051056259848   0.0241861575760233   -0.0114861073080059   0
0.891638893059295   1.22025194450057   -0.014832733379719   0.00974138190208529   0
0.878495010693468   1.22329138744328   -0.0131438823658268   0.0030394429427123   0
0.932582231394154   1.26396268333286   0.0540872207006861   0.0406712958895818   0
0.87322777450317   1.22602163292611   -0.0593544568909843   -0.0379410504067546   0
0.94487137586039   1.28113590028225   0.0716436013572196   0.0551142673561447   0
0.898276386201457   1.24460900949729   -0.0465949896589326   -0.0365268907849645   0
0.929519881336004   1.26928902805735   0.0312434951345466   0.0246800185600582   0
0.993988932298578   1.31979948672845   0.0644690509625738   0.050510458671098   0
0.93591994829714   1.31373697347949   -0.0580689840014372   -0.00606251324895446   0
0.954789651840144   1.34015765870267   0.0188697035430033   0.0264206852231748   0
0.96719992922445   1.3314538732488   0.0124102773843062   -0.00870378545386763   0
0.944683670896355   1.25995493290265   -0.022516258328095   -0.0714989403461503   0
0.946018328526491   1.23105331563675   0.0013346576301364   -0.028901617265898   0
0.878094276288025   1.20439187027972   -0.0679240522384666   -0.0266614453570284   0
0.941337436667688   1.26455639799406   0.0632431603796636   0.0601645277143354   0
0.893901224953069   1.22777066632834   -0.0474362117146194   -0.036785731665713   0
0.932270354136453   1.2418071007549   0.0383691291833846   0.0140364344265598   0
0.907375385119936   1.18939909047956   -0.0248949690165173   -0.0524080102753484   0
0.91142218411251   1.19395049337895   0.00404679899257376   0.00455140289939471   0
0.932282648211746   1.21754256292363   0.020860464099236   0.0235920695446852   0
0.975839061501112   1.21944106831986   0.0435564132893659   0.00189850539622904   0
0.923443663623979   1.19461891292388   -0.0523953978771327   -0.0248221553959871   0
0.970489993040333   1.22780475701146   0.0470463294163541   0.033185844087583   0
0.930889593646446   1.18338696973891   -0.0396003993938874   -0.0444177872725462   0
0.982432637093004   1.19271076795164   0.0515430434465586   0.00932379821273122   0
0.998680052548531   1.15858620761837   0.0162474154555269   -0.0341245603332729   0
1.02778703571496   1.22213017356516   0.0291069831664321   0.0635439659467918   0
0.990244988758496   1.17404609744413   -0.0375420469564675   -0.0480840761210291   0
1.0437451977166   1.21752731493468   0.0535002089581028   0.0434812174905406   0
1.0203116012666   1.18715181133925   -0.0234335964499939   -0.0303755035954212   0
0.999208125129996   1.17319077664847   -0.0211034761366088   -0.0139610346907815   0
0.716933238310427   0.676151961543724   -0.282274886819569   -0.497038815104749   0
0.626247446885586   0.654671600209332   -0.090685791424841   -0.0214803613343917   0
0.64761325828446   0.66043552287219   0.0213658113988737   0.00576392266285775   0
0.677218634263754   0.716017844018222   0.029605375979294   0.0555823211460327   0
