2.00971838739175e-14   1.62630325e-17   0   0   0
0.0332953149473597   0.0475304943917053   0.0332953149473396   0.0475304943917053   0
0.116165783026155   0.115621264560805   0.0828704680787949   0.0680907701690994   0
0.0174585237823262   0.10727279020443   -0.0987072592438284   -0.00834847435637487   0
0.126018023491979   0.198998945936824   0.108559499709653   0.0917261557323943   0
0.517711695052965   0.574485008506903   0.391693671560986   0.375486062570079   0
0.382261323791191   0.469070387800167   -0.135450371261774   -0.105414620706736   0
0.282020188374672   0.500848578547873   -0.100241135416519   0.0317781907477061   0
0.334536467799516   0.60208905138684   0.0525162794248442   0.101240472838967   0
0.398658743445965   0.774485001040599   0.0641222756464493   0.172395949653759   0
0.22921199752901   0.558420340847999   -0.169446745916955   -0.2160646601926   0
0.210182014297447   0.478080923847661   -0.0190299832315632   -0.0803394170003386   0
0.137168069684179   0.429850132486577   -0.0730139446132678   -0.0482307913610839   0
0.084008881498886   0.246281898861128   -0.0531591881852932   -0.183568233625449   0
0.136237161306698   0.279536669967582   0.0522282798078118   0.0332547711064537   0
0.181254823198938   0.353525273343927   0.04501766189224   0.0739886033763458   0
0.266912450261299   0.359099465892057   0.0856576270623617   0.00557419254812946   0
0.36988736871824   0.405793503757352   0.10297491845694   0.0466940378652951   0
0.791364988074243   0.493459849666293   0.421477619356003   0.0876663459089407   0
0.587629174089167   0.320349912718498   -0.203735813985076   -0.173109936947795   0
0.466802529384673   0.230558323674147   -0.120826644704494   -0.0897915890443511   0
0.350338917895021   0.188266688709832   -0.116463611489652   -0.0422916349643153   0
0.361077502341417   0.179010195275081   0.0107385844463955   -0.00925649343475093   0
0.168050774761086   0.190253060301136   -0.193026727580331   0.0112428650260548   0
0.315112425286876   0.241022213666373   0.14706165052579   0.0507691533652376   0
0.317153531100536   0.21629345607175   0.00204110581365957   -0.0247287575946233   0
0.280636150763468   0.184993502288063   -0.0365173803370681   -0.0312999537836871   0
0.223854091305784   0.222694801271144   -0.0567820594576841   0.0377012989830816   0
0.262225509075336   0.187297470230801   0.0383714177695522   -0.0353973310403435   0
0.248885535703584   0.196674463565735   -0.0133399733717515   0.00937699333493416   0
0.223638517699816   0.177194153149291   -0.025247018003768   -0.0194803104164442   0
0.0751571364803314   0.183216193658384   -0.148481381219485   0.00602204050909369   0
0.242832166165915   0.196351265882776   0.167675029685584   0.0131350722243918   0
0.321461226855547   0.30258038585764   0.0786290606896318   0.106229119974863   0
0.478274569215023   0.194162750690054   0.156813342359476   -0.108417635167585   0
0.268865274410453   0.249369243787337   -0.20940929480457   0.0552064930972821   0
0.295071399473012   0.249465874668263   0.0262061250625595   9.66308809262073e-05   0
0.209347235627065   0.281333464396442   -0.0857241638459468   0.0318675897281795   0
0.239507412260815   0.284457540299015   0.0301601766337499   0.0031240759025723   0
0.281054094530598   0.143858601922935   0.0415466822697826   -0.14059893837608   0
0.153486939495617   0.168707537787876   -0.127567155034981   0.0248489358649408   0
0.177943629258043   0.178431830201551   0.0244566897624259   0.00972429241367556   0
0.200576570688375   0.183626799775011   0.022632941430332   0.00519496957346   0
0.149047404390256   0.227300166908535   -0.051529166298119   0.0436733671335236   0
0.195461697052571   0.214422461409728   0.0464142926623154   -0.012877705498807   0
0.218634908616412   0.205406724335657   0.0231732115638408   -0.00901573707407044   0
0.226425951712542   0.153007461797939   0.00779104309613005   -0.0523992625377181   0
0.178603383183017   0.17976611214767   -0.0478225685295256   0.0267586503497306   0
0.232262859667591   0.138902667698021   0.0536594764845746   -0.0408634444496491   0
0.255304582400757   0.144646901342591   0.0230417227331655   0.00574423364456983   0
0.270699888243708   0.168470122121098   0.0153953058429515   0.0238232207785075   0
0.196082283712418   0.229307904978612   -0.0746176045312905   0.0608377828575138   0
0.242059439003895   0.22586398212026   0.0459771552914776   -0.00344392285835152   0
0.208479385494074   0.254853447852877   -0.0335800535098212   0.0289894657326169   0
0.124534130992433   0.220137247393274   -0.0839452545016413   -0.0347162004596028   0
0.114033412377997   0.326236016447887   -0.0105007186144355   0.106098769054612   0
0.13759508661347   0.0888120526989408   0.0235616742354724   -0.237423963748946   0
0.16831783754635   0.283119577790274   0.0307227509328807   0.194307525091333   0
0.179050174171306   0.262222691605959   0.0107323366249556   -0.0208968861843147   0
0.209413476008532   0.24548042684133   0.0303633018372263   -0.0167422647646294   0
0.231549243233022   0.255074632999028   0.0221357672244899   0.00959420615769846   0
0.18718521100111   0.266785385906233   -0.0443640322319125   0.0117107529072046   0
0.205188801105576   0.207214163078347   0.0180035901044659   -0.0595712228278857   0
0.121104096289956   0.27117666189754   -0.0840847048156195   0.0639624988191931   0
0.151618693220784   0.241320185342693   0.0305145969308273   -0.0298564765548475   0
0.305533573782469   0.269949719004136   0.153914880561685   0.0286295336614436   0
1.14933812172326   0.234826802320747   0.843804547940795   -0.0351229166833897   0
0.978036857540881   0.216474239734637   -0.171301264182382   -0.0183525625861093   0
0.869445840274121   0.29250625243534   -0.10859101726676   0.0760320127007023   0
0.783916524389771   0.339765217166215   -0.08552931588435   0.0472589647308754   0
0.540022399436348   0.205543101992767   -0.243894124953422   -0.134222115173448   0
0.428316956269198   0.242592437530495   -0.11170544316715   0.0370493355377282   0
0.549903698963141   0.24875584721641   0.121586742693943   0.00616340968591411   0
0.593196389742147   0.318672848220519   0.0432926907790061   0.0699170010041092   0
0.505130554291738   0.381997018485876   -0.0880658354504088   0.0633241702653573   0
0.446977441017962   0.40951114226382   -0.0581531132737763   0.0275141237779439   0
0.370836634495557   0.520893827919582   -0.0761408065224051   0.111382685655762   0
0.26474552716775   0.553673401336814   -0.106091107327806   0.0327795734172315   0
0.142454324296571   0.468763970108764   -0.122291202871179   -0.0849094312280498   0
0.0985080970019585   0.748545003302717   -0.0439462272946128   0.279781033193953   0
0.232640277941929   0.738757846375164   0.13413218093997   -0.00978715692755283   0
0.194368866526782   0.748913354937458   -0.038271411415147   0.0101555085622942   0
0.365681122513094   0.630091064950629   0.171312255986312   -0.118822289986829   0
0.185767380658969   0.700083845139888   -0.179913741854125   0.0699927801892589   0
0.125295352349938   0.770053089232379   -0.0604720283090313   0.0699692440924903   0
0.109124707012146   0.775855656583655   -0.0161706453377919   0.00580256735127616   0
0.293031411996918   0.434234974097064   0.183906704984772   -0.341620682486591   0
0.591521453215073   0.319027687142851   0.298490041218155   -0.115207286954213   0
0.432132859759114   0.442749455080826   -0.159388593455959   0.123721767937975   0
0.327205060047943   0.503035295239399   -0.104927799711171   0.0602858401585734   0
0.393185183901707   0.55670480610916   0.0659801238537642   0.0536695108697609   0
0.407696258602892   0.601706236890854   0.0145110747011846   0.0450014307816941   0
0.465051731924047   0.651909485357692   0.0573554733211548   0.0502032484668374   0
0.362584495534891   0.729215320145956   -0.102467236389155   0.0773058347882637   0
0.38214081314241   0.763872068200545   0.0195563176075184   0.0346567480545895   0
0.402670613935927   0.763438174631778   0.0205298007935176   -0.000433893568767107   0
0.479845193881367   0.840193045857161   0.0771745799454398   0.0767548712253829   0
0.575105989797556   0.404523782772062   0.0952607959161886   -0.435669263085099   0
1.6590666893234   0.323804953587882   1.08396069952585   -0.0807188291841793   1
1.21368306281906   0.43799551246291   -0.445383626504345   0.114190558875028   0
1.08837030433948   0.480061054191923   -0.125312758479577   0.0420655417290131   0
1.09431193697014   0.495050610339386   0.00594163263066005   0.0149895561474629   0
1.09892074457797   0.511973773423918   0.00460880760782989   0.0169231630845321   0
0.917201597617747   0.606778876621094   -0.181719146960226   0.0948051031971759   0
0.987065063111832   0.618121089839665   0.0698634654940853   0.0113422132185709   0
0.94938883712971   0.641681225317776   -0.0376762259821214   0.0235601354781106   0
0.974787228433151   0.681138976972899   0.025398391303441   0.0394577516551234   0
0.945781022180968   0.652747383473398   -0.0290062062521835   -0.0283915934995015   0
0.944085789142307   0.648093297884166   -0.00169523303866081   -0.00465408558923108   0
0.927698153357003   0.644558954186584   -0.0163876357853043   -0.00353434369758254   0
0.718196518877476   0.648899874103188   -0.209501634479526   0.0043409199166039   0
0.362300334106467   0.97918393312959   -0.355896184771009   0.330284059026402   0
0.492773305733812   0.956664585092685   0.130472971627345   -0.0225193480369051   0
0.557273796312438   0.949650373157124   0.0645004905786254   -0.0070142119355614   0
0.786767163468492   0.788330445095224   0.229493367156054   -0.1613199280619   0
0.658948242602593   0.807940317812136   -0.127818920865899   0.0196098727169123   0
0.70287467087761   0.780241648223427   0.0439264282750167   -0.0276986695887094   0
0.635249572618633   0.840774312796548   -0.067625098258977   0.0605326645731209   0
0.668928753748562   0.901329288641308   0.0336791811299287   0.0605549758447603   0
0.589932735143326   1.01397998340504   -0.078996018605236   0.112650694763733   0
0.685496042440015   0.994030177678522   0.0955633072966889   -0.0199498057265191   0
0.575473017004878   1.00982727456281   -0.110023025435137   0.0157970968842884   0
0.597964739326192   1.00200348965814   0.0224917223213146   -0.00782378490466584   0
0.582648174672937   1.01824257089583   -0.015316564653255   0.0162390812376814   0
0.652735075797983   0.95679208006525   0.0700869011250452   -0.0614504908305766   0
0.67512038754003   0.9638400133081   0.0223853117420478   0.00704793324285047   0
0.653411685736318   0.731187379309485   -0.0217087018037129   -0.232652633998615   0
0.766267451105461   0.551222437337652   0.112855765369143   -0.179964941971833   0
1.26804967741855   1.04035703465693   0.501782226313093   0.489134597319276   0
0.709701534555858   0.895697765353533   -0.558348142862695   -0.144659269303395   0
0.758305387197031   0.952676154527775   0.0486038526411727   0.0569783891742422   0
0.658822438246009   0.995575834380249   -0.0994829489510216   0.0428996798524737   0
0.66147349659217   0.966444282428631   0.00265105834616097   -0.0291315519516181   0
0.644616626594652   0.968791924683412   -0.0168568699975181   0.00234764225478123   0
0.621882826281351   0.983571371741048   -0.022733800313301   0.0147794470576359   0
0.570021873926272   1.04015223717575   -0.0518609523550797   0.0565808654347066   0
0.649840664823958   1.05078491789489   0.079818790897686   0.0106326807191397   0
0.619852440289019   1.04183587147426   -0.0299882245349388   -0.00894904642063854   0
0.594541087983045   1.03657767120806   -0.0253113523059741   -0.00525820026619206   0
0.613562464574148   1.06296228444951   0.019021376591103   0.0263846132414429   0
0.637544908709317   1.04125479444394   0.0239824441351694   -0.0217074900055694   0
0.577744911514438   1.06031126412695   -0.0597999971948789   0.0190564696830102   0
0.475638739567037   1.0906749677412   -0.102106171947402   0.0303637036142572   0
0.536447822149312   1.10771746034063   0.0608090825822751   0.0170424925994279   0
0.638387623116213   1.07882927890441   0.101939800966902   -0.0288881814362256   0
0.62449266761076   0.886306500925313   -0.0138949555054532   -0.192522777979094   0
0.833461021073329   0.763869427882218   0.208968353462569   -0.122437073043095   0
0.462591092217772   0.913234596797373   -0.370869928855557   0.149365168915155   0
0.438972806756356   0.954873458685609   -0.0236182854614159   0.0416388618882357   0
0.393700476170232   0.995179563715758   -0.0452723305861244   0.0403061050301491   0
0.393934207484638   1.06272157506311   0.000233731314406571   0.0675420113473526   0
0.366176040724817   1.19497861727808   -0.0277581667598213   0.132257042214974   0
0.529485340483769   1.08114718472452   0.163309299758952   -0.113831432553562   0
0.981591429513038   0.750838289974766   0.452106089029269   -0.330308894749757   0
3.31006796408307   1.59418689881772   2.32847653457003   0.843348608842955   1
3.11613122398955   1.32953048032534   -0.193936740093517   -0.264656418492383   0
2.95734330996094   1.21778628150389   -0.158787914028609   -0.111744198821449   0
2.84239630907441   1.12325579039887   -0.114947000886529   -0.0945304911050193   0
2.61933339751643   0.940043743874512   -0.22306291155798   -0.183212046524358   0
2.12825881872786   0.484107231821081   -0.491074578788569   -0.455936512053431   0
2.23949481847825   0.384287279142637   0.111235999750385   -0.0998199526784432   0
2.17526729500806   0.323097193260244   -0.0642275234701848   -0.0611900858823932   0
2.14880443978025   0.302363865372122   -0.0264628552278152   -0.0207333278881224   0
2.09871930108689   0.309588021712401   -0.0500851386933578   0.0072241563402789   0
2.07280293586742   0.269535706658392   -0.025916365219472   -0.0400523150540091   0
2.11076509763303   0.263797118109947   0.0379621617656074   -0.00573858854844411   0
2.0762083298401   0.26798678836097   -0.0345567677929277   0.00418967025102296   0
2.03643551337081   0.243266993315865   -0.0397728164692901   -0.0247197950451053   0
2.01023717783735   0.2057452850675   -0.0261983355334596   -0.037521708248365   0
2.01409549645119   0.191261723713845   0.00385831861384478   -0.0144835613536554   0
2.00881465413958   0.191698677940894   -0.00528084231161197   0.000436954227049369   0
1.96457931817296   0.189375623276696   -0.0442353359666257   -0.00232305466419813   0
1.96471535283738   0.193613026239591   0.000136034664423468   0.00423740296289526   0
1.97232446207298   0.17812837329811   0.00760910923560587   -0.0154846529414813   0
1.92161283884039   0.236337743906437   -0.0507116232325979   0.058209370608327   0
1.86371872624742   0.258504776734626   -0.0578941125929691   0.0221670328281892   0
1.69812279171556   0.274048683485526   -0.165595934531853   0.0155439067508998   0
1.72604026571801   0.248387081210891   0.027917474002441   -0.0256616022746351   0
1.56357905128785   0.234694590120099   -0.162461214430158   -0.0136924910907919   0
1.35197240862895   0.253397906575946   -0.211606642658894   0.0187033164558469   0
1.75019991033433   0.212373977780559   0.398227501705381   -0.0410239287953872   0
1.81569086338594   0.201780115118287   0.065490953051603   -0.0105938626622712   0
1.79713510416988   0.209527679680184   -0.0185557592160532   0.00774756456189646   0
1.75962434521294   0.235758063676687   -0.0375107589569472   0.0262303839965033   0
1.769793713225   0.246662120616109   0.010169368012062   0.0109040569394221   0
1.77951211257447   0.275037022353323   0.00971839934946894   0.028374901737214   0
1.84463970276045   0.253009695299369   0.0651275901859796   -0.0220273270539547   0
1.89075515233527   0.245300134567221   0.0461154495748262   -0.0077095607321476   0
1.78827829607901   0.289274539031063   -0.102476856256262   0.0439744044638421   0
1.76014504417483   0.291187115616643   -0.0281332519041848   0.00191257658558003   0
1.82765872993422   0.262856309834871   0.0675136857593941   -0.0283308057817726   0
1.85485416006541   0.250872726136424   0.027195430131185   -0.0119835836984465   0
1.48036726571526   0.377226329947127   -0.374486894350146   0.126353603810703   0
1.50910923994404   0.396886311370689   0.0287419742287758   0.0196599814235625   0
1.49895337456513   0.420971698168862   -0.010155865378908   0.0240853867981724   0
1.52915480657872   0.433159898452119   0.0302014320135915   0.0121882002832573   0
1.50829088131647   0.395114759884232   -0.0208639252622516   -0.0380451385678866   0
1.54365452910177   0.360791799437993   0.0353636477853052   -0.0343229604462397   0
1.50955985168111   0.331032448930259   -0.0340946774206621   -0.0297593505077342   0
1.49306997139196   0.347889877887729   -0.0164898802891522   0.0168574289574701   0
1.52396136515735   0.334249076507165   0.0308913937653945   -0.0136408013805633   0
1.52282424824333   0.386690974907282   -0.00113711691401908   0.0524418984001168   0
1.23600269531033   0.427697327306322   -0.286821552933005   0.0410063523990398   0
1.2599294685094   0.388061678719806   0.023926773199072   -0.039635648586516   0
1.38160141403907   0.336115024923039   0.12167194552967   -0.0519466537967664   0
1.38464257906468   0.350594590608201   0.00304116502561036   0.0144795656851611   0
1.41690166350399   0.360937850411269   0.0322590844393107   0.0103432598030687   0
1.38299428028814   0.385081614895827   -0.0339073832158536   0.0241437644845576   0
1.44200912281936   0.40872665051273   0.0590148425312254   0.0236450356169028   0
1.44887802165774   0.432863090396948   0.00686889883837205   0.0241364398842184   0
1.45908358098498   0.414563003081808   0.0102055593272476   -0.0183000873151398   0
1.42113173479873   0.432208453648688   -0.0379518461862582   0.01764545056688   0
1.43663457250726   0.417248366501578   0.0155028377085371   -0.0149600871471104   0
1.43904724025582   0.435433597590617   0.00241266774855275   0.018185231089039   0
1.38048510876895   0.444498332624795   -0.0585621314868687   0.00906473503417843   0
1.35330886051472   0.50049440938627   -0.0271762482542237   0.0559960767614743   0
1.45092892172745   0.481611271651554   0.0976200612127311   -0.0188831377347152   0
1.37545326470066   0.524181545182236   -0.075475657026798   0.0425702735306814   0
1.38571102623141   0.391854505821106   0.0102577615307504   -0.13232703936113   0
1.46346978622677   0.434793956419448   0.0777587599953651   0.0429394505983416   0
1.5194830063008   0.413503977151641   0.0560132200740258   -0.0212899792678066   0
1.59367377866936   0.369829426339946   0.074190772368564   -0.0436745508116953   0
1.47341925752231   0.444994629826694   -0.120254521147055   0.075165203486748   0
1.43271489354825   0.503098570450226   -0.0407043639740563   0.0581039406235321   0
1.6503381472855   0.455122255663792   0.217623253737248   -0.0479763147864335   0
1.57930742483128   0.47415664299878   -0.0710307224542133   0.0190343873349881   0
1.50869651918827   0.498259250110568   -0.0706109056430091   0.024102607111788   0
1.5418235103029   0.459656395687611   0.0331269911146295   -0.0386028544229571   0
1.53009472049211   0.490229677299836   -0.0117287898107936   0.0305732816122244   0
1.45786443213462   0.539735937026716   -0.0722302883574888   0.0495062597268801   0
1.55673459613891   0.49959914266538   0.0988701640042859   -0.0401367943613359   0
