0   0   0   0   0
0.0176162369650479   0.0182727387496762   0.0176162369650479   0.0182727387496762   0
0.0169634412290929   0.0260842570362658   -0.00065279573595502   0.00781151828658952   0
0.0359976594156294   0.0184094107586663   0.0190342181865365   -0.0076748462775995   0
0.0545957448415242   0.0128440238089577   0.0185980854258948   -0.00556538694970851   0
0.0547723605503581   0.0212250574015557   0.000176615708833906   0.00838103359259798   0
0.0820883227817036   0.0438245360923282   0.0273159622313455   0.0225994786907725   0
0.087508209920028   0.051566256565761   0.00541988713832445   0.00774172047343273   0
0.0726206062595258   0.0482580877740786   -0.0148876036605022   -0.0033081687916824   0
0.0794463452203967   0.0532905975869913   0.00682573896087089   0.00503250981291273   0
0.0802480513107901   0.0505243055524494   0.000801706090393373   -0.00276629203454194   0
0.0994290434681375   0.0452141654226286   0.0191809921573474   -0.00531014012982078   0
0.124983182753615   0.0443800761502878   0.0255541392854775   -0.000834089272340757   0
0.14520350286222   0.0381784107221918   0.0202203201086045   -0.00620166542809603   0
0.143447983878025   0.0674109075001383   -0.00175551898419438   0.0292324967779465   0
0.126577712165548   0.0462659313974421   -0.0168702717124767   -0.0211449761026962   0
0.115317638894498   0.0471856183410604   -0.0112600732710506   0.000919686943618346   0
0.128809931860391   0.0575564359869798   0.0134922929658929   0.0103708176459194   0
0.147253860911358   0.0664729743538908   0.0184439290509668   0.00891653836691098   0
0.160841294314288   0.0246200001432494   0.0135874334029302   -0.0418529742106414   0
0.133234412764687   0.0118852678316773   -0.0276068815496003   -0.0127347323115721   0
0.130642982169654   0.0257316819035871   -0.00259143059503353   0.0138464140719098   0
0.123387360244415   0.0470015549892085   -0.00725562192523929   0.0212698730856214   0
0.155069711824413   0.0972576115873595   0.0316823515799981   0.050256056598151   0
0.149011587933035   0.102426079002807   -0.0060581238913778   0.00516846741544745   0
0.151359472304483   0.104192901797517   0.00234788437144831   0.00176682279470998   0
0.135870165672602   0.109673914590673   -0.0154893066318816   0.0054810127931558   0
0.254457213146762   0.155172076270322   0.11858704747416   0.0454981616796496   0
0.271871299901144   0.171215954961216   0.0174140867543823   0.016043878690894   0
0.268829416308751   0.131699943320533   -0.00304188359239299   -0.0395160116406831   0
0.214392494570274   0.104518035561409   -0.0544369217384772   -0.0271819077591247   0
0.222567702471746   0.0929972496983547   0.0081752079014725   -0.0115207858630538   0
0.173733180066044   0.140555452039455   -0.0488345224057017   0.0475582023411   0
0.24397964687   0.0622399040270393   0.0702464668039552   -0.0783155480124155   0
0.239742865819514   0.0421618603648059   -0.00423678105048614   -0.0200780436622333   0
0.163179871821188   0.208129275868398   -0.0765629939983251   0.165967415503592   0
0.365252170684052   0.253136071039627   0.202072298862864   0.0450067951712287   0
0.364655593201975   0.142715582343082   -0.000596577482077032   -0.110420488696545   0
0.21108857971256   0.127502319767731   -0.153567013489415   -0.0152132625753507   0
0.469378855050185   0.190175732556988   0.258290275337625   0.0626734127892572   0
0.437453284667742   0.157124882663186   -0.0319255703824438   -0.0330508498938025   0
0.468064505485545   0.184546836048745   0.0306112208178032   0.027421953385559   0
0.457921727101382   0.151080026856072   -0.0101427783841633   -0.0334668091926724   0
0.487046519906079   0.178489740684824   0.0291247928046978   0.0274097138287513   0
0.503144302742086   0.184989525050578   0.0160977828360065   0.0064997843657538   0
0.490033264152962   0.152650054521402   -0.0131110385891242   -0.0323394705291755   0
0.51121795821346   0.141746913011243   0.0211846940604979   -0.0109031415101587   0
0.506960917005723   0.164687564541135   -0.0042570412077364   0.0229406515298918   0
0.502306623825511   0.18000460753824   -0.00465429318021249   0.0153170429971046   0
0.486442774612365   0.183275433041941   -0.0158638492131453   0.00327082550370184   0
0.487180770547716   0.168835722472547   0.000737995935351066   -0.014439710569394   0
0.488761825430081   0.1812282657839   0.00158105488236465   0.0123925433113527   0
0.529074923753585   0.191863418966046   0.040313098323504   0.0106351531821459   0
0.526936538540589   0.174340106429887   -0.00213838521299603   -0.0175233125361594   0
0.579121603854977   0.215768381331135   0.0521850653143879   0.0414282749012485   0
0.626427777579149   0.226957365723718   0.0473061737241716   0.0111889843925832   0
0.652777488804971   0.249399965599474   0.0263497112258223   0.0224425998757555   0
0.656101423365553   0.243143894379181   0.00332393456058244   -0.00625607122029301   0
0.682154380805622   0.237635656824964   0.0260529574400691   -0.00550823755421695   0
0.718203020901238   0.245771738579441   0.0360486400956158   0.00813608175447725   0
0.710729208672635   0.264307517339453   -0.00747381222860322   0.0185357787600121   0
0.717517310403975   0.269359754982497   0.00678810173134037   0.00505223764304341   0
0.71786168545488   0.252913482252086   0.000344375050904566   -0.0164462727304103   0
0.721732143962521   0.250709352381299   0.00387045850764156   -0.00220412987078733   0
0.725017873213748   0.249624569031737   0.0032857292512265   -0.00108478334956219   0
0.72185396746189   0.251243726882137   -0.00316390575185765   0.00161915785039984   0
0.735647197943357   0.261102540636689   0.0137932304814671   0.00985881375455222   0
0.730118423068129   0.250998788304358   -0.00552877487522818   -0.0101037523323314   0
0.712741852383149   0.240534771107256   -0.0173765706849802   -0.0104640171971012   0
0.744814033203577   0.234456623437917   0.0320721808204276   -0.00607814766933953   0
0.733233072507616   0.224395658885857   -0.0115809606959606   -0.0100609645520593   0
0.759142237860095   0.243312658512303   0.0259091653524788   0.0189169996264452   0
0.752397543918777   0.243536880658582   -0.00674469394131816   0.000224222146279596   0
0.760970665577295   0.256862467578577   0.00857312165851876   0.0133255869199943   0
0.744291552836238   0.24360117695948   -0.0166791127410574   -0.013261290619097   0
0.710686063774254   0.239876841848201   -0.0336054890619844   -0.00372433511127884   0
0.743619610064812   0.278705108664143   0.0329335462905582   0.0388282668159425   0
0.70226164165623   0.256725333186283   -0.0413579684085824   -0.0219797754778601   0
0.719315790717655   0.247145199960962   0.0170541490614255   -0.00958013322532086   0
0.733976395918807   0.241121800565283   0.0146606052011515   -0.00602339939567884   0
0.726768329671287   0.234469526108642   -0.00720806624751913   -0.00665227445664182   0
0.730227474414183   0.241708455684716   0.00345914474289566   0.00723892957607483   0
0.736421414044463   0.242420040212441   0.00619393963027959   0.000711584527724768   0
0.721867220686129   0.241630120157148   -0.0145541933583334   -0.000789920055293603   0
0.841658695742184   0.253017266585592   0.119791475056055   0.0113871464284445   0
0.591169956385257   0.220660342689409   -0.250488739356927   -0.0323569238961834   0
0.815657936597332   0.240637320478275   0.224487980212075   0.0199769777888659   0
0.795755538087864   0.248084834681534   -0.0199023985094678   0.00744751420325968   0
0.784217493306949   0.242522630478187   -0.0115380447809152   -0.00556220420334747   0
0.759822521987019   0.246513946928451   -0.0243949713199297   0.00399131645026415   0
0.739111928974224   0.268351388705779   -0.0207105930127951   0.0218374417773283   0
0.765487765048254   0.288462862888419   0.0263758360740303   0.0201114741826394   0
0.778898004029458   0.278242491798597   0.0134102389812041   -0.0102203710898222   0
0.792667436157536   0.286248450244609   0.0137694321280778   0.00800595844601265   0
0.796500323677246   0.31255224975795   0.00383288751970967   0.0263037995133409   0
0.800317396926076   0.326721238716282   0.00381707324883029   0.0141689889583324   0
0.80561938673328   0.329492783599934   0.00530198980720409   0.00277154488365133   0
0.805677612513964   0.320147931256066   5.82257806835962e-05   -0.009344852343868   0
0.832849483570257   0.342895592789921   0.027171871056293   0.0227476615338553   0
0.843232183824122   0.352063137919452   0.010382700253865   0.00916754512953083   0
0.843260882021717   0.350134435311638   2.86981975951006e-05   -0.00192870260781425   0
0.801525663528749   0.313312404546115   -0.0417352184929677   -0.0368220307655223   0
0.848228924023349   0.349543090137213   0.0467032604946002   0.0362306855910973   0
0.854145519539612   0.345189771642224   0.005916595516263   -0.00435331849498821   0
0.856202671044174   0.349897472854639   0.00205715150456154   0.00470770121241437   0
0.90332916856686   0.362214239988045   0.0471264975226859   0.0123167671334058   0
0.874802706846985   0.362777376539297   -0.0285264617198747   0.000563136551252008   0
0.854705973030555   0.350953477983649   -0.0200967338164307   -0.0118238985556475   0
0.842845390104032   0.345819840871395   -0.0118605829265228   -0.00513363711225412   0
0.873087049301188   0.370363055788909   0.030241659197156   0.0245432149175142   0
0.872364150283394   0.332015502071065   -0.00072289901779421   -0.0383475537178442   0
0.873815183209167   0.353194659407611   0.00145103292577298   0.0211791573365459   0
0.87239399090085   0.341587669150806   -0.0014211923083165   -0.0116069902568049   0
0.888158120241159   0.363542033713624   0.0157641293403089   0.021954364562818   0
0.891954192925926   0.358821051128171   0.00379607268476667   -0.00472098258545262   0
0.874931888259401   0.332099130212654   -0.0170223046665247   -0.0267219209155173   0
0.891107237895496   0.326306683325313   0.0161753496360953   -0.00579244688734065   0
0.940107840424649   0.337135005113851   0.0490006025291529   0.0108283217885375   0
0.949972354414873   0.346093007470712   0.00986451399022381   0.00895800235686145   0
0.914560636382435   0.335816525493363   -0.035411718032438   -0.0102764819773495   0
0.921697251449447   0.339894176728456   0.00713661506701213   0.00407765123509296   0
1.0656181691735   0.326938545901785   0.143920917724058   -0.0129556308266713   0
1.01988616828902   0.355280503676617   -0.0457320008844826   0.0283419577748325   0
0.503889587323474   0.17212133477419   -0.515996580965549   -0.183159168902427   0
0.747273228152122   0.259619947972642   0.243383640828649   0.0874986131984521   0
1.05898124627148   0.299895200650283   0.311708018119361   0.0402752526776414   0
1.02409935105919   0.289387136878513   -0.0348818952122893   -0.0105080637717698   0
1.0734392995085   0.33636090208585   0.0493399484493042   0.0469737652073363   0
1.07659257889064   0.324254887355799   0.00315327938213983   -0.0121060147300506   0
1.0335970416056   0.297389632039525   -0.0429955372850339   -0.0268652553162741   0
1.0558552689881   0.273080240009902   0.0222582273824996   -0.0243093920296226   0
1.08778068039753   0.308586958514556   0.0319254114094225   0.0355067185046534   0
1.1185723231711   0.309446479825037   0.0307916427735773   0.000859521310480782   0
1.11085477121452   0.274099783534158   -0.00771755195658153   -0.0353466962908791   0
1.11329168267461   0.286551564790742   0.00243691146008373   0.0124517812565842   0
1.15717872250511   0.317119804694973   0.0438870398305038   0.0305682399042315   0
1.12306049385272   0.280142331916415   -0.0341182286523867   -0.0369774727785583   0
1.10583397041747   0.283982601861623   -0.017226523435256   0.00384026994520842   0
1.09190123517373   0.280213160393592   -0.0139327352437322   -0.00376944146803121   0
1.1268085129272   0.281176264815939   0.0349072777534654   0.000963104422346539   0
1.16814032013797   0.273117291681238   0.0413318072107718   -0.00805897313470105   0
1.20008311836223   0.264205314801709   0.0319427982242559   -0.00891197687952916   0
1.18255066156414   0.242566078071367   -0.0175324567980841   -0.0216392367303418   0
1.17587065190445   0.26484365824103   -0.00668000965969417   0.0222775801696636   0
1.15424934014129   0.258122158490695   -0.0216213117631623   -0.00672149975033537   0
1.18055744607377   0.275525145177247   0.0263081059324839   0.0174029866865516   0
1.17216763998809   0.276649589067774   -0.00838980608568018   0.00112444389052702   0
1.18855719960365   0.290202525246373   0.0163895596155588   0.0135529361785998   0
1.15253517922748   0.262229815018409   -0.0360220203761721   -0.0279727102279643   0
1.18007961582552   0.273320595793571   0.0275444365980453   0.0110907807751623   0
1.2110166871191   0.28945194656212   0.0309370712935764   0.0161313507685489   0
1.18064099275645   0.277470636530938   -0.0303756943626488   -0.011981310031182   0
1.2093868570579   0.296812276547063   0.0287458643014522   0.019341640016125   0
1.1678058515318   0.275843759751385   -0.0415810055260992   -0.020968516795678   0
1.21512686053673   0.298543736582612   0.0473210090049276   0.0226999768312261   0
1.19477199594992   0.289025053720043   -0.0203548645868064   -0.00951868286256841   0
1.2574839747588   0.337085990926505   0.0627119788088715   0.0480609372064615   0
1.3655777636474   0.378899695600341   0.108093788888599   0.0418137046738368   0
1.2437435532391   0.356611129002705   -0.121834210408299   -0.0222885665976366   0
1.2386884396655   0.314936665747862   -0.00505511357359656   -0.041674463254843   0
1.24534895503172   0.289920450185594   0.00666051536622403   -0.025016215562268   0
1.26361896082125   0.294477390696768   0.0182700057895275   0.0045569405111745   0
1.26468229764419   0.278199398844899   0.00106333682293669   -0.0162779918518692   0
1.32039330419241   0.288751483326766   0.0557110065482267   0.0105520844818673   0
1.32803215557732   0.253866951009943   0.00763885138490039   -0.0348845323168239   0
1.4360986423183   0.279810010332102   0.108066486740984   0.0259430593221598   0
1.38401347335324   0.251050373860941   -0.0520851689650625   -0.0287596364711613   0
1.4018122729965   0.301928609162909   0.0177987996432605   0.0508782353019683   0
1.31207797240201   0.271040828722115   -0.0897343005944919   -0.0308877804407945   0
1.3526279469972   0.307161316514486   0.0405499745951929   0.0361204877923715   0
1.33071672684506   0.301663947848039   -0.0219112201521383   -0.00549736866644723   0
1.35257383559731   0.285927546718682   0.0218571087522532   -0.0157364011293569   0
1.38694746889848   0.212155941784613   0.0343736333011706   -0.0737716049340689   0
1.3977023766388   0.251036839269686   0.0107549077403162   0.0388808974850721   0
1.38615862999758   0.227676035660503   -0.0115437466412247   -0.0233608036091823   0
1.39197409502603   0.274541478916655   0.00581546502844943   0.046865443256152   0
1.37964908913696   0.245032713267627   -0.0123250058890645   -0.0295087656490281   0
1.41470254659608   0.266036845196244   0.0350534574591215   0.0210041319286172   0
1.34230275543277   0.227616428030907   -0.0723997911633143   -0.0384204171653373   0
1.38626718680398   0.249219881994069   0.0439644313712109   0.0216034539631619   0
1.35008835667441   0.223216987229495   -0.03617883012957   -0.0260028947645741   0
1.39137302617999   0.243267405724926   0.0412846695055831   0.0200504184954308   0
1.36419456453929   0.231281703677879   -0.0271784616406974   -0.011985702047047   0
1.38202533540542   0.240363153517937   0.0178307708661232   0.00908144984005818   0
1.4352558769011   0.272029542986181   0.05323054149568   0.031666389468244   0
1.41517302396479   0.271281164471444   -0.0200828529363124   -0.000748378514736803   0
1.40277682854875   0.238258728774749   -0.0123961954160399   -0.0330224356966947   0
1.16048500862339   0.197643990724441   -0.242291819925353   -0.0406147380503079   0
1.27709599532612   0.233493625318581   0.116610986702729   0.0358496345941395   0
1.38793986661187   0.259617767282861   0.110843871285748   0.0261241419642796   0
1.36341274948898   0.231693901456026   -0.0245271171228854   -0.027923865826835   0
1.37846208961534   0.264251124911224   0.0150493401263558   0.0325572234551983   0
1.3611649775665   0.276304603548717   -0.0172971120488445   0.0120534786374932   0
1.37312208517397   0.290118841321891   0.0119571076074712   0.0138142377731739   0
1.34885573970975   0.276015109262601   -0.0242663454642149   -0.0141037320592901   0
1.40338158323085   0.314016508722797   0.0545258435211016   0.0380013994601959   0
1.48436085169913   0.354137613443688   0.0809792684682784   0.040121104720891   0
1.47093951187833   0.334827783693697   -0.0134213398208058   -0.0193098297499912   0
1.51222113458335   0.340445915823266   0.0412816227050279   0.00561813212956963   0
1.50977712296639   0.337507590512024   -0.00244401161696706   -0.00293832531124183   0
1.52044660663867   0.338349213841376   0.0106694836722836   0.00084162332935156   0
1.52557600437651   0.34612095276683   0.00512939773784238   0.00777173892545391   0
1.46159267058269   0.32027125042765   -0.0639833337938189   -0.0258497023391799   0
1.4926494823251   0.355796827653535   0.0310568117424044   0.0355255772258855   0
1.50013222290389   0.322592949171391   0.00748274057878917   -0.0332038784821445   0
1.53516586191209   0.337589456709149   0.0350336390082022   0.0149965075377582   0
1.53111371906142   0.307980504680354   -0.00405214285067013   -0.0296089520287955   0
1.56971121342017   0.341836772066115   0.0385974943587548   0.0338562673857616   0
1.58313977348746   0.354125579763437   0.0134285600672841   0.0122888076973221   0
1.60675678152213   0.336953009496965   0.0236170080346694   -0.0171725702664723   0
1.58718074272557   0.331168442595503   -0.0195760387965624   -0.00578456690146173   0
1.59320255920927   0.350054361103541   0.00602181648369937   0.0188859185080374   0
1.65623495531273   0.336829056478437   0.0630323961034605   -0.0132253046251035   0
1.6308165950716   0.326417943504369   -0.0254183602411271   -0.0104111129740684   0
1.67679398912856   0.342219122095153   0.0459773940569639   0.015801178590784   0
1.66925979361849   0.31922659235939   -0.00753419551007095   -0.0229925297357625   0
1.68859513364491   0.328101788097027   0.0193353400264216   0.00887519573763618   0
1.73067826156168   0.37614780214043   0.0420831279167686   0.0480460140434039   0
1.73075907495912   0.372970412565492   8.08133974368186e-05   -0.00317738957493863   0
1.64525032665848   0.258872905098508   -0.0855087483006374   -0.114097507466984   0
1.67671190342918   0.347474002902834   0.0314615767706956   0.0886010978043254   0
1.65244602672019   0.294473981253621   -0.0242658767089841   -0.0530000216492121   0
1.6910740674986   0.336018701511182   0.0386280407784123   0.0415447202575603   0
1.70634422990271   0.341565915823121   0.0152701624041054   0.00554721431193972   0
1.71286787683502   0.345404361514596   0.00652364693230956   0.0038384456914749   0
1.59645496295281   0.25917161292928   -0.116412913882209   -0.0862327485853164   0
1.49895787858505   0.336282305746276   -0.0974970843677569   0.0771106928169956   0
1.54726506441225   0.393608925725183   0.0483071858271968   0.0573266199789076   0
1.53261935560393   0.379150496690039   -0.0146457088083227   -0.0144584290351442   0
1.58864068076893   0.424921867580734   0.0560213251650001   0.0457713708906954   0
1.52497278632367   0.392673612682717   -0.063667894445256   -0.0322482548980176   0
