0   0   0   0   0
0.0457080655879359   0.0170540365183682   0.0457080655879359   0.0170540365183682   0
0.0122506473163401   0.0215076835206483   -0.0334574182715958   0.00445364700228007   0
0.0290192144840044   0.0326009969886301   0.0167685671676643   0.0110933134679818   0
0.0597074168953035   0.0701649671058239   0.0306882024112991   0.0375639701171939   0
0.0514895410402716   0.0961110222301035   -0.00821787585503189   0.0259460551242796   0
0.0718292685417965   0.0547927074830355   0.0203397275015249   -0.041318314747068   0
0.068254659752241   0.0930455996633512   -0.00357460878955555   0.0382528921803156   0
0.0426364861850287   0.104049226883424   -0.0256181735672123   0.0110036272200733   0
0.0773792300118946   0.0506462135201991   0.0347427438268659   -0.0534030133632253   0
0.0613573236127249   0.113254721056271   -0.0160219063991697   0.0626085075360716   0
0.0973203715483469   0.0842005807254664   0.035963047935622   -0.0290541403308043   0
0.0795129497860645   0.134376125948483   -0.0178074217622824   0.0501755452230169   0
0.0858280446256318   0.142780750364739   0.0063150948395673   0.00840462441625564   0
0.137649832346891   0.124455199643961   0.0518217877212589   -0.0183255507207778   0
0.1081033331721   0.134305900361194   -0.0295464991747906   0.00985070071723289   0
0.10871643292109   0.126579466005858   0.00061309974899014   -0.00772643435533632   0
0.118711827475481   0.121310214699708   0.00999539455439057   -0.00526925130615008   0
0.106173725894924   0.109973280419289   -0.0125381015805573   -0.0113369342804183   0
0.107985326971398   0.111086703782632   0.00181160107647463   0.00111342336334277   0
0.123546557584357   0.115091549068728   0.0155612306129592   0.00400484528609545   0
0.11073929442867   0.169306262577911   -0.0128072631556872   0.0542147135091834   0
0.0862714435105561   0.178319314377372   -0.0244678509181141   0.00901305179946138   0
0.0948179904282714   0.179882744878207   0.00854654691771532   0.00156343050083421   0
0.100527503235258   0.196195890868457   0.00570951280698681   0.0163131459902502   0
0.109884351341693   0.176861000137854   0.00935684810643467   -0.0193348907306023   0
0.125423702457313   0.168267026604627   0.0155393511156203   -0.00859397353322702   0
0.124324704327066   0.199714196551298   -0.00109899813024708   0.0314471699466702   0
0.109024938525589   0.216284231747787   -0.0152997658014774   0.016570035196489   0
0.125680863249703   0.213063504922944   0.0166559247241138   -0.00322072682484242   0
0.132572498067223   0.229401426896185   0.00689163481752081   0.0163379219732408   0
0.115060914728328   0.216172529583339   -0.0175115833388949   -0.0132288973128458   0
0.119606235498139   0.222529994457425   0.00454532076981073   0.00635746487408537   0
0.161082586134665   0.230165168786328   0.0414763506365255   0.00763517432890309   0
0.149277514898475   0.209867775252134   -0.0118050712361895   -0.0202973935341938   0
0.164949153312967   0.199979443370086   0.0156716384144922   -0.00988833188204835   0
0.151891367065545   0.205551569684349   -0.0130577862474223   0.00557212631426315   0
0.157138064934221   0.219732857314139   0.00524669786867543   0.0141812876297903   0
0.168782191508346   0.224722388749456   0.0116441265741251   0.00498953143531666   0
0.17322602817583   0.215347746920758   0.0044438366674841   -0.0093746418286981   0
0.157955434601095   0.227550826600373   -0.0152705935747348   0.0122030796796155   0
0.168379987895147   0.220256716715819   0.0104245532940522   -0.00729410988455423   0
0.176784629495703   0.219314766960878   0.00840464160055579   -0.000941949754941079   0
0.16489604689241   0.239328710112598   -0.0118885826032925   0.0200139431517203   0
0.17111166271498   0.240975122676366   0.00621561582256983   0.00164641256376788   0
0.172859120647582   0.24507231811282   0.00174745793260148   0.00409719543645362   0
0.160321519293884   0.239917133350222   -0.0125376013536975   -0.00515518476259758   0
0.179137643449218   0.241958468423225   0.0188161241553339   0.00204133507300339   0
0.181218577491948   0.244691951132411   0.00208093404272969   0.00273348270918539   0
0.165188889148559   0.260197597106245   -0.016029688343389   0.015505645973834   0
0.171277841823866   0.256654640067226   0.00608895267530762   -0.00354295703901875   0
0.178455945824289   0.267195088204736   0.00717810400042274   0.0105404481375103   0
0.182879734359149   0.291499200084377   0.00442378853485953   0.0243041118796405   0
0.174805543890236   0.296406939725207   -0.00807419046891306   0.00490773964083008   0
0.187579363046879   0.291377564301055   0.0127738191566439   -0.00502937542415238   0
0.185451133919406   0.300579358970563   -0.0021282291274736   0.00920179466950888   0
0.166172636505099   0.30639424047678   -0.0192784974143068   0.00581488150621629   0
0.16947329727918   0.317016255843976   0.00330066077408089   0.0106220153671959   0
0.181807303221386   0.304740539233788   0.0123340059422059   -0.0122757166101881   0
0.188046565396631   0.307372390519195   0.00623926217524509   0.00263185128540733   0
0.17213718747593   0.295144807620823   -0.0159093779207007   -0.0122275828983721   0
0.179839695817791   0.299093044875049   0.00770250834186115   0.00394823725422644   0
0.187740222912436   0.301502791888621   0.00790052709464426   0.00240974701357183   0
0.17512855990472   0.323421150349181   -0.0126116630077157   0.0219183584605594   0
0.937553551523377   0.364296286960792   0.762424991618657   0.0408751366116114   0
0.818545751285391   0.38125636341238   -0.119007800237986   0.016960076451588   0
0.736951659964515   0.366741922792503   -0.0815940913208762   -0.0145144406198769   0
0.676914445783305   0.309815823312355   -0.0600372141812099   -0.0569260994801476   0
0.635345282427201   0.304672505955625   -0.0415691633561034   -0.00514331735673029   0
0.622369003173728   0.272214551103454   -0.0129762792534728   -0.0324579548521707   0
0.577584637608028   0.267686662650124   -0.0447843655657001   -0.00452788845332991   0
0.588147652037981   0.270266292566152   0.0105630144299528   0.002579629916028   0
0.578354392331392   0.268696109143733   -0.00979325970658951   -0.00157018342241899   0
0.552694695225892   0.272049972458801   -0.0256596971054994   0.00335386331506721   0
0.553146152857702   0.282219101867493   0.000451457631810204   0.0101691294086919   0
0.528629345836016   0.282717251696206   -0.0245168070216867   0.000498149828713323   0
0.540475379667607   0.277085035706342   0.0118460338315917   -0.00563221598986358   0
0.527213134951545   0.266667115011294   -0.0132622447160625   -0.0104179206950481   0
0.541851933898741   0.262330001900357   0.0146387989471966   -0.00433711311093737   0
0.543731939405856   0.253047413234605   0.00188000550711409   -0.00928258866575182   0
0.530335778960899   0.267517433783019   -0.0133961604449566   0.0144700205484138   0
0.545377497947782   0.260162969724422   0.0150417189868827   -0.00735446405859635   0
0.547032218752618   0.29418743216413   0.00165472080483631   0.0340244624397073   0
0.54457792600867   0.303649579338232   -0.00245429274394759   0.00946214717410232   0
0.559618737194329   0.296361046893439   0.0150408111856585   -0.00728853244479288   0
0.546392194440548   0.309847741837573   -0.0132265427537812   0.0134866949441341   0
0.544435892304406   0.321647860680993   -0.00195630213614151   0.0118001188434194   0
0.561585628712397   0.318128288381044   0.0171497364079907   -0.00351957229994887   0
0.561022743749889   0.331688666425524   -0.000562884962507337   0.0135603780444804   0
0.550081043343966   0.332210376380708   -0.010941700405923   0.000521709955183414   0
0.554063713602324   0.318781503477037   0.00398267025835763   -0.0134288729036708   0
0.573368954043578   0.329577692159765   0.019305240441254   0.0107961886827285   0
0.541279078452552   0.347074456765292   -0.0320898755910264   0.0174967646055262   0
0.547766537705283   0.329878820902598   0.00648745925273164   -0.0171956358626941   0
0.537107302864919   0.344684473028057   -0.0106592348403647   0.0148056521254591   0
0.522556180903682   0.348370053406577   -0.0145511219612361   0.00368558037852001   0
0.542698656601358   0.354673294711885   0.0201424756976755   0.00630324130530813   0
0.528468189461183   0.361930490175775   -0.0142304671401753   0.00725719546389053   0
0.522353454814676   0.353991199129074   -0.00611473464650691   -0.00793929104670094   0
0.541681986036261   0.351942970029839   0.0193285312215853   -0.00204822909923497   0
0.537531844683427   0.357417306611539   -0.00415014135283409   0.00547433658170005   0
0.507516578772445   0.340060454311872   -0.0300152659109818   -0.0173568522996677   0
0.504996838415332   0.318001256359674   -0.00251974035711344   -0.0220591979521974   0
0.513074157533235   0.322953622573911   0.00807731911790344   0.00495236621423684   0
0.510573929463545   0.328043882947212   -0.00250022806968975   0.00509026037330063   0
0.429945439563398   0.322110041292573   -0.0806284899001472   -0.00593384165463934   0
0.190144553601788   0.303647836087601   -0.23980088596161   -0.0184622052049715   0
0.181402796269768   0.308612971761447   -0.00874175733201976   0.00496513567384615   0
0.165740278045417   0.305130930200365   -0.0156625182243517   -0.00348204156108217   0
0.148840859417023   0.294777530464961   -0.0168994186283937   -0.0103533997354045   0
0.154496513854525   0.314223739843531   0.00565565443750202   0.01944620937857   0
0.143298915736361   0.298158214079354   -0.0111975981181638   -0.0160655257641769   0
0.150416249426319   0.299563854715434   0.00711733368995743   0.00140564063607984   0
0.156909718720971   0.304223298391968   0.00649346929465192   0.00465944367653459   0
0.154275252808449   0.286295144877646   -0.00263446591252156   -0.0179281535143223   0
0.161374870589719   0.267253614802988   0.00709961778126944   -0.0190415300746582   0
0.162912253656065   0.241771773113146   0.0015373830663469   -0.025481841689842   0
0.163514437924427   0.265667977947652   0.000602184268361672   0.0238962048345063   0
0.163057478109981   0.270599827163173   -0.000456959814445962   0.00493184921552153   0
0.154214423023968   0.264830639381973   -0.00884305508601285   -0.00576918778120011   0
0.159372908282456   0.273613724981156   0.00515848525848756   0.00878308559918251   0
0.158474306338917   0.269555324688   -0.000898601943538913   -0.00405840029315546   0
0.168251875829208   0.274665775381827   0.00977756949029124   0.00511045069382687   0
0.152982868082711   0.286960516214496   -0.0152690077464975   0.0122947408326689   0
0.148322224253768   0.301474635524062   -0.00466064382894302   0.0145141193095654   0
0.148982777934722   0.304781348077828   0.000660553680954246   0.00330671255376652   0
0.135053886176411   0.286719167698977   -0.0139288917583106   -0.0180621803788514   0
0.162496448623544   0.297414830614659   0.0274425624471325   0.0106956629156821   0
0.742254981377338   0.300681095595136   0.579758532753795   0.00326626498047705   0
1.3395762395872   0.445109785229706   0.597321258209864   0.14442868963457   0
1.45694859755314   0.556232186526338   0.117372357965937   0.111122401296632   0
1.28991029799365   0.510517169393757   -0.16703829955949   -0.0457150171325807   0
1.21299916429034   0.431660206498056   -0.0769111337033082   -0.0788569628957008   0
1.17488392605631   0.426932491439379   -0.0381152382340268   -0.00472771505867697   0
1.15760387511815   0.365149511585917   -0.0172800509381645   -0.0617829798534622   0
1.05419195526152   0.330058469970863   -0.10341191985663   -0.0350910416150541   0
1.07919854825141   0.358481607193298   0.0250065929898855   0.0284231372224347   0
1.11303293629939   0.314708171516269   0.0338343880479848   -0.0437734356770286   0
1.07587982261441   0.313916078667172   -0.0371531136849821   -0.000792092849097314   0
1.07004388366412   0.322081092039077   -0.00583593895029222   0.00816501337190551   0
1.02855303234534   0.31441443212485   -0.0414908513187722   -0.00766665991422782   0
0.945361418302204   0.332234289479116   -0.0831916140431401   0.0178198573542669   0
0.960179070788679   0.366306553023873   0.0148176524864748   0.0340722635447561   0
1.01428594066519   0.274336683879247   0.0541068698765129   -0.0919698691446255   0
0.9647062558615   0.283996664163885   -0.0495796848036918   0.00965998028463749   0
1.35570721322   0.46769321362837   0.391000957358503   0.183696549464486   0
1.2550977038767   0.418262163150237   -0.100609509343307   -0.0494310504781328   0
1.03357490785256   0.32454721809814   -0.221522796024135   -0.093714945052097   0
0.920669130381706   0.305863295782746   -0.112905777470856   -0.0186839223153944   0
0.841563571181948   0.266402865776078   -0.0791055591997578   -0.0394604300066674   0
0.782539451525865   0.357010850733658   -0.0590241196560837   0.0906079849575792   0
0.860299136004151   0.297633795991259   0.077759684478286   -0.0593770547423982   0
0.81512077572087   0.273416782268278   -0.0451783602832809   -0.0242170137229815   0
0.809558342353888   0.27980640835641   -0.0055624333669817   0.00638962608813215   0
0.597924098653444   0.454764400124084   -0.211634243700443   0.174957991767674   0
0.716984257736783   0.330036335554494   0.119060159083338   -0.124728064569589   0
0.707697400299458   0.303683830862877   -0.0092868574373246   -0.0263525046916175   0
0.657407134482355   0.294586068717609   -0.0502902658171035   -0.00909776214526825   0
0.64969925351544   0.28252297233778   -0.00770788096691444   -0.0120630963798286   0
0.68652296878509   0.249833536589322   0.0368237152696496   -0.0326894357484581   0
0.818921921090858   0.337701677201069   0.132398952305768   0.0878681406117467   0
0.961635127086815   0.40049354126726   0.142713205995956   0.0627918640661909   0
0.552751138360806   0.602271899295612   -0.408883988726009   0.201778358028353   0
0.597944502249485   0.602565211773245   0.0451933638886785   0.000293312477632868   0
0.536270824931149   0.547384763391072   -0.0616736773183355   -0.0551804483821726   0
0.419529717934483   0.473325147874182   -0.116741106996667   -0.0740596155168906   0
0.401872000391241   0.39708863605761   -0.0176577175432415   -0.0762365118165717   0
0.34536289318375   0.33615203610203   -0.0565091072074914   -0.0609365999555798   0
0.32807136352674   0.336881559987849   -0.01729152965701   0.000729523885818151   0
0.361303170901188   0.2786501854259   0.0332318073744487   -0.0582313745619482   0
0.283053826439715   0.331661558908096   -0.078249344461473   0.053011373482196   0
0.235695111952073   0.338434510132135   -0.0473587144876424   0.00677295122403843   0
0.157222946891751   0.334312648184405   -0.0784721650603222   -0.0041218619477299   0
0.214313959667433   0.342755419158587   0.0570910127756819   0.00844277097418211   0
0.33317912066815   0.426011900163143   0.118865161000717   0.0832564810045563   0
0.21102875056256   0.440389716508904   -0.12215037010559   0.0143778163457604   0
0.246503477348473   0.458377149907795   0.035474726785913   0.0179874333988915   0
0.246952827257568   0.472131140477429   0.000449349909095065   0.013753990569634   0
0.217601620811527   0.497912544080185   -0.0293512064460409   0.0257814036027562   0
0.147858523380437   0.462168491191099   -0.0697430974310905   -0.0357440528890869   0
0.167080718194818   0.476936406316795   0.0192221948143816   0.0147679151256968   0
0.181526715150686   0.485983813648717   0.0144459969558679   0.00904740733192178   0
0.637801176464561   0.553101192327441   0.456274461313874   0.0671173786787242   0
1.19458961044891   0.717892637381605   0.556788433984347   0.164791445054163   0
0.701837491719713   0.552727300319909   -0.492752118729195   -0.165165337061695   0
0.633950644455625   0.604243763426672   -0.0678868472640872   0.0515164631067629   0
0.563369361564783   0.574022742436959   -0.0705812828908429   -0.0302210209897135   0
0.579766606874273   0.573036204255241   0.01639724530949   -0.000986538181718122   0
0.655774445123777   0.593510829734947   0.0760078382495049   0.0204746254797061   0
0.650098687338589   0.576229302773167   -0.00567575778518836   -0.0172815269617796   0
0.669785288136893   0.5845733869334   0.0196866007983038   0.00834408416023313   0
0.64957945084388   0.580125293764475   -0.0202058372930132   -0.00444809316892536   0
0.723072084005388   0.589391108014258   0.0734926331615088   0.00926581424978323   0
0.782164541125702   0.549372869885992   0.0590924571203131   -0.0400182381282668   0
0.595929678106941   0.541894296943998   -0.18623486301876   -0.00747857294199361   0
0.599077701826648   0.552421214224827   0.00314802371970702   0.0105269172808294   0
0.584989365133265   0.557207269083628   -0.0140883366933832   0.00478605485880068   0
0.529127790843469   0.579459941854067   -0.0558615742897962   0.0222526727704393   0
0.538125212214944   0.584098719527339   0.0089974213714753   0.00463877767327214   0
0.528885400623485   0.577451406113601   -0.0092398115914597   -0.00664731341373892   0
0.527401340652526   0.58208362360037   -0.00148405997095868   0.00463221748676923   0
0.516096953935149   0.555938586119156   -0.0113043867173767   -0.0261450374812141   0
0.484979524032368   0.56917223510625   -0.031117429902781   0.0132336489870944   0
0.546520904486221   0.588066421200746   0.061541380453853   0.0188941860944962   0
0.544781264008367   0.611282645381108   -0.00173964047785435   0.0232162241803615   0
0.510490616353975   0.629028588318389   -0.0342906476543922   0.0177459429372809   0
0.465786324601874   0.630439339489627   -0.0447042917521007   0.00141075117123779   0
0.519137577447157   0.631685096524323   0.0533512528452831   0.0012457570346962   0
0.556663077055461   0.639812201333065   0.0375254996083035   0.00812710480874235   0
0.94317908643036   0.732058846183224   0.386516009374899   0.0922466448501585   0
1.67583487887362   1.08798563858026   0.732655792443256   0.355926792397038   0
1.29500500837452   0.926934318094013   -0.380829870499098   -0.161051320486249   0
1.13465733513855   0.916429124029068   -0.160347673235964   -0.0105051940649453   0
1.10445785937467   0.898425573318967   -0.0301994757638817   -0.0180035507101012   0
1.05001850204444   0.894010411855713   -0.0544393573302269   -0.0044151614632536   0
1.01127307664169   0.911725361861764   -0.0387454254027557   0.0177149500060512   0
0.961926479037919   0.894422587105919   -0.0493465976037704   -0.0173027747558452   0
0.918829364677442   0.880143760819146   -0.0430971143604771   -0.0142788262867731   0
0.920543724791989   0.856741372346503   0.00171436011454729   -0.0234023884726434   0
0.902876230693671   0.871394779904708   -0.0176674940983175   0.0146534075582057   0
0.902753378257823   0.846182686446469   -0.000122852435848086   -0.0252120934582394   0
0.900056290348309   0.831548450625548   -0.00269708790951451   -0.0146342358209208   0
0.867548827283918   0.798746631841239   -0.0325074630643909   -0.0328018187843093   0
0.891751955709872   0.822205134426449   0.0242031284259544   0.0234585025852106   0
0.9147771734135   0.807181888784087   0.023025217703628   -0.0150232456423628   0
0.870050463444657   0.7930462845237   -0.0447267099688429   -0.0141356042603867   0
0.861990589065942   0.804116085331095   -0.00805987437871591   0.0110698008073949   0
0.903142213780322   0.798048210398516   0.0411516247143802   -0.00606787493257888   0
0.876799747812201   0.802408851538859   -0.0263424659681207   0.00436064114034307   0
0.834912089891644   0.811400095444821   -0.041887657920557   0.00899124390596184   0
0.853809197371469   0.788234819677312   0.0188971074798255   -0.0231652757675087   0
