1.5888218854475e-14   7.70372e-32   0   0   0
0.0121742979355491   0.0144844833400401   0.0121742979355332   0.0144844833400401   0
0.0416344630851638   0.0338497773791075   0.0294601651496148   0.0193652940390674   0
0.0657754005399892   0.0945475561628508   0.0241409374548254   0.0606977787837432   0
0.165068591232158   0.165299762525196   0.0992931906921683   0.0707522063623456   0
0.226661394159615   0.204221267408323   0.0615928029274573   0.0389215048831267   0
0.224875586349053   0.229471831318448   -0.00178580781056187   0.0252505639101255   0
0.240607230878524   0.255659849892182   0.0157316445294707   0.0261880185737332   0
0.260804743891188   0.304318876255352   0.0201975130126646   0.0486590263631707   0
0.317418880457905   0.355854528218189   0.0566141365667171   0.0515356519628366   0
0.339011516062953   0.382562150274141   0.0215926356050476   0.0267076220559522   0
0.356374281294937   0.415645769312624   0.0173627652319835   0.0330836190384831   0
0.370010694348389   0.424743397296628   0.0136364130534527   0.00909762798400371   0
0.367561929027182   0.436298278934216   -0.0024487653212068   0.0115548816375886   0
0.382428260992032   0.465799948913639   0.0148663319648493   0.0295016699794222   0
0.419431564309297   0.524305139403603   0.0370033033172654   0.0585051904899642   0
0.423759090835148   0.527891739174586   0.00432752652585061   0.00358659977098319   0
0.440416701316282   0.585089371495699   0.0166576104811347   0.0571976323211133   0
0.444581573530136   0.589281065051158   0.0041648722138537   0.00419169355545834   0
0.45302244460905   0.60718675815642   0.00844087107891339   0.0179056931052621   0
0.422730181925999   0.580925169046644   -0.0302922626830509   -0.0262615891097759   0
0.415855382867701   0.595470107476341   -0.00687479905829774   0.014544938429697   0
0.43130004189511   0.582686715847093   0.0154446590274094   -0.0127833916292475   0
0.440521241320661   0.633028375182409   0.00922119942555016   0.0503416593353158   0
0.443463797050274   0.629888756272443   0.00294255572961383   -0.00313961890996617   0
0.4796678740503   0.712909526167433   0.0362040770000261   0.08302076989499   0
0.484867322802983   0.697423797809264   0.00519944875268236   -0.015485728358169   0
0.485610318114076   0.688534878763258   0.00074299531109312   -0.00888891904600575   0
0.458462068011795   0.685137442568298   -0.0271482501022814   -0.00339743619495991   0
0.46619074834275   0.713747905753179   0.00772868033095581   0.0286104631848805   0
0.463894589657222   0.718106958442855   -0.00229615868552824   0.00435905268967651   0
0.504680957723227   0.746504688266461   0.0407863680660051   0.0283977298236061   0
0.504334745632079   0.750438054399059   -0.000346212091148379   0.00393336613259809   0
0.518092866416273   0.765507878262429   0.0137581207841945   0.0150698238633699   0
0.520008501172065   0.731596521931066   0.00191563475579137   -0.033911356331363   0
0.452666805778618   0.693343837649085   -0.0673416953934471   -0.0382526842819814   0
0.456277013341378   0.718661110285372   0.00361020756276026   0.0253172726362867   0
0.437211088156125   0.721342138199648   -0.0190659251852524   0.00268102791427649   0
0.408772325968401   0.69795951258007   -0.0284387621877248   -0.0233826256195779   0
0.426305372322076   0.727052968209527   0.0175330463536753   0.0290934556294565   0
0.424586079747806   0.708295512866788   -0.00171929257426945   -0.0187574553427382   0
0.423640445190196   0.717256426818772   -0.000945634557610264   0.00896091395198306   0
0.424552696176973   0.741033215516946   0.000912250986776775   0.0237767886981741   0
0.393770491066869   0.731945927846536   -0.030782205110104   -0.00908728767040945   0
0.401417331134094   0.731941408757924   0.00764684006722549   -4.51908861254235e-06   0
0.414572995980554   0.762395529560188   0.0131556648464592   0.0304541208022641   0
0.396786680941515   0.735874132156106   -0.017786315039038   -0.0265213974040822   0
0.402200830019125   0.735872041323804   0.00541414907760945   -2.09083230129359e-06   0
0.368945679840781   0.689664502763759   -0.0332551501783439   -0.0462075385600449   0
0.392677625560183   0.721022821502608   0.0237319457194015   0.0313583187388486   0
0.385448600529307   0.723035249320625   -0.00722902503087591   0.00201242781801725   0
0.391148468074599   0.735463465793939   0.00569986754529234   0.0124282164733142   0
0.378302606472736   0.756926086326896   -0.0128458616018634   0.0214626205329568   0
0.388083662791028   0.773666817397298   0.00978105631829251   0.0167407310704014   0
0.42483464350601   0.78933818774876   0.0367509807149821   0.0156713703514624   0
0.411583577874647   0.784860408820724   -0.0132510656313636   -0.0044777789280358   0
0.413068212468053   0.774224033419545   0.00148463459340659   -0.0106363754011788   0
0.428651806105958   0.800725114588523   0.0155835936379046   0.0265010811689778   0
0.442954700292227   0.794897780359185   0.0143028941862698   -0.00582733422933845   0
0.411512079993036   0.738938816945182   -0.0314426202991916   -0.0559589634140023   0
0.468925824572753   0.745868997207066   0.0574137445797172   0.00693018026188363   0
0.44789289117167   0.774409998671089   -0.0210329334010831   0.0285410014640231   0
0.541315473116977   0.817110358110004   0.0934225819453072   0.0427003594389148   0
0.550913362343152   0.900394805910577   0.00959788922617499   0.0832844478005734   0
0.557825999564179   0.919696425749448   0.00691263722102697   0.0193016198388704   0
0.540047829549362   0.943527133962248   -0.0177781700148166   0.0238307082128004   0
0.58245540375586   0.955092738317537   0.042407574206498   0.0115656043552889   0
0.576704904488551   0.941006472115239   -0.00575049926730986   -0.0140862662022975   0
0.550308488004394   0.933772326363264   -0.0263964164841565   -0.00723414575197501   0
0.54525068733865   0.928977307729668   -0.00505780066574457   -0.00479501863359599   0
0.518284012541703   0.89669865021184   -0.026966674796947   -0.0322786575178284   0
0.520645081409235   0.930071175650447   0.00236106886753273   0.0333725254386071   0
0.505223208863582   0.912245678974205   -0.0154218725456534   -0.0178254966762424   0
0.525079038926872   0.948013351485003   0.0198558300632904   0.0357676725107982   0
0.516248681404489   0.926753465802759   -0.00883035752238326   -0.0212598856822435   0
0.540641548183614   0.931196781128486   0.0243928667791251   0.00444331532572673   0
0.542154960430609   0.971076103991183   0.00151341224699464   0.039879322862697   0
0.556542192913934   0.982511234923122   0.014387232483325   0.0114351309319386   0
0.541177050900306   0.947177973418129   -0.0153651420136276   -0.0353332615049929   0
0.583893781864009   0.98826503664155   0.0427167309637024   0.0410870632234208   0
0.575760073566096   0.988587292004549   -0.00813370829791216   0.00032225536299979   0
0.519403441036789   0.977891634036568   -0.0563566325293077   -0.0106956579679818   0
0.545455034686194   0.984196906879738   0.0260515936494052   0.00630527284317017   0
0.581978782499948   1.00569378475874   0.0365237478137542   0.0214968778789995   0
0.615699358720584   1.02747741676551   0.0337205762206363   0.0217836320067726   0
0.606655662488927   1.04577138021264   -0.00904369623165757   0.0182939634471313   0
0.592058663028537   1.03836452661999   -0.0145969994603894   -0.00740685359265125   0
0.570969831414764   1.0148072319492   -0.0210888316137733   -0.0235572946707858   0
0.589898513003991   1.02991354923362   0.0189286815892264   0.0151063172844146   0
0.577645180166145   1.01433167028384   -0.0122533328378455   -0.0155818789497786   0
0.594023061316514   0.958410754974044   0.0163778811503683   -0.0559209153097959   0
0.563178028857231   0.945293444905738   -0.0308450324592829   -0.0131173100683065   0
0.556043332833512   0.943177697615719   -0.00713469602371886   -0.00211574729001862   0
0.533356023777118   0.956807109798516   -0.0226873090563937   0.013629412182797   0
0.499547011723104   0.947794938271576   -0.0338090120540143   -0.00901217152693978   0
0.490337721569355   0.976228971233908   -0.00920929015374866   0.028434032962332   0
0.509583706081425   0.97583428982836   0.0192459845120697   -0.000394681405547992   0
0.481130286684064   0.975052656550809   -0.0284534193973611   -0.000781633277551208   0
0.501364308696433   0.994090388762189   0.0202340220123696   0.0190377322113802   0
0.505601325999194   0.998237204908014   0.00423701730276083   0.00414681614582513   0
0.497794533575746   0.979297925886648   -0.00780679242344834   -0.0189392790213665   0
0.539094957629286   0.975061909279411   0.0413004240535403   -0.0042360166072366   0
0.53471841786369   0.994660942138868   -0.00437653976559638   0.0195990328594564   0
0.571616937591032   1.0470671873418   0.0368985197273423   0.0524062452029277   0
0.572478830097506   1.05863607643262   0.000861892506474393   0.0115688890908219   0
0.549018280153124   1.00731170415693   -0.0234605499443824   -0.0513243722756882   0
0.621838690141963   0.983448308167357   0.0728204099888392   -0.0238633959895722   0
0.578852887062175   0.945287552959765   -0.0429858030797886   -0.038160755207592   0
0.59804174372135   0.953766348215197   0.0191888566591754   0.0084787952554326   0
0.540869972248589   0.960585898487156   -0.0571717714727614   0.00681955027195902   0
0.514645777831405   0.969813289155171   -0.0262241944171834   0.00922739066801492   0
0.509915909951281   0.970817820196569   -0.00472986788012431   0.00100453104139797   0
0.520868135511182   0.95282839537141   0.0109522255599009   -0.0179894248251596   0
0.560327630189507   0.97017156553209   0.0394594946783257   0.0173431701606803   0
0.583236221877173   0.991692338380481   0.022908591687666   0.0215207728483909   0
0.575585948945562   0.993190450423709   -0.00765027293161102   0.00149811204322792   0
0.571734882593562   0.998495570135022   -0.00385106635200061   0.00530511971131331   0
0.582385270969897   1.0029654872213   0.0106503883763356   0.00446991708628142   0
0.60648321786636   1.01069545797409   0.0240979468964622   0.00772997075278359   0
0.58969112384476   1.0241596527596   -0.0167920940216001   0.0134641947855165   0
0.580934960922075   1.02275479366946   -0.00875616292268422   -0.00140485909014387   0
0.614415232619519   1.04630330614168   0.0334802716974434   0.023548512472225   0
0.57990692770017   0.996146189557438   -0.0345083049193486   -0.0501571165842473   0
0.575813068210566   1.00361601575978   -0.00409385948960372   0.00746982620234571   0
0.563034647612183   1.01127572490536   -0.0127784205983837   0.00765970914557434   0
0.574970870155661   1.03939533304399   0.0119362225434788   0.0281196081386308   0
0.6094132385426   1.03207264578696   0.0344423683869383   -0.00732268725702512   0
0.641173345499916   1.06484299427707   0.0317601069573166   0.0327703484901072   0
0.6392419746175   1.02021516770686   -0.00193137088241613   -0.0446278265702122   0
0.595945816783936   0.99131812522843   -0.0432961578335638   -0.0288970424784284   0
0.561619820456892   0.985380504706881   -0.0343259963270445   -0.00593762052154856   0
0.544795110848759   0.988827818643488   -0.0168247096081324   0.00344731393660647   0
0.556755132663558   0.993241828496317   0.0119600218147986   0.00441400985282969   0
0.569577285926435   0.969582018647837   0.0128221532628774   -0.0236598098484807   0
0.542383747574169   0.954968253476871   -0.0271935383522662   -0.014613765170966   0
0.545677344521672   0.975174250440628   0.00329359694750309   0.0202059969637569   0
0.523175900369262   0.939533985197637   -0.0225014441524107   -0.0356402652429909   0
0.533714842371308   0.956055109180686   0.0105389420020461   0.0165211239830493   0
0.517672257072706   0.954851536847857   -0.0160425852986011   -0.00120357233282942   0
0.555420476463579   0.993455679728195   0.0377482193908727   0.0386041428803381   0
0.549797608125933   1.01587451066819   -0.0056228683376458   0.0224188309399956   0
0.517960827367336   0.993379540244102   -0.0318367807585977   -0.0224949704240883   0
0.536500387893277   0.989720400940982   0.0185395605259411   -0.00365913930311978   0
0.538925684736104   0.985262016074072   0.00242529684282744   -0.00445838486691041   0
0.572291913338277   0.997694014647899   0.0333662286021732   0.0124319985738275   0
0.575620526226639   0.968849135516097   0.00332861288836184   -0.0288448791318028   0
0.640724356110705   0.963414901627502   0.0651038298840663   -0.00543423388859454   0
0.618391252899324   0.949149650245105   -0.0223331032113817   -0.0142652513823971   0
0.600286562604137   0.91844391426977   -0.0181046902951866   -0.0307057359753348   0
0.586178694133308   0.888179920005071   -0.0141078684708288   -0.0302639942646993   0
0.600775646850306   0.896898195099145   0.0145969527169977   0.00871827509407463   0
0.57226052741292   0.894693547962672   -0.0285151194373859   -0.00220464713647395   0
0.591882539174073   0.889524402776267   0.0196220117611533   -0.00516914518640443   0
0.597475291372902   0.879452357196311   0.00559275219882827   -0.0100720455799558   0
0.577867419023275   0.855375234009585   -0.019607872349627   -0.0240771231867261   0
0.567494023603418   0.848825072478201   -0.0103733954198564   -0.0065501615313841   0
0.57180549689456   0.847304165694447   0.0043114732911419   -0.00152090678375427   0
0.521468018327915   0.830111072432041   -0.0503374785666454   -0.0171930932624059   0
0.537932012076934   0.849032718812091   0.0164639937490191   0.0189216463800502   0
0.564292966762787   0.854781694062004   0.0263609546858526   0.00574897524991302   0
0.532104421168541   0.829686923672772   -0.0321885455942452   -0.0250947703892327   0
0.496861967437078   0.810551892342176   -0.035242453731463   -0.0191350313305959   0
0.503720904453462   0.812999924039088   0.00685893701638357   0.00244803169691288   0
0.479590992222121   0.787107959511977   -0.0241299122313412   -0.0258919645271112   0
0.463011639726228   0.789199101133583   -0.0165793524958929   0.00209114162160551   0
0.477794574549052   0.790685343092476   0.0147829348228247   0.00148624195889335   0
0.48908885567747   0.798792980306882   0.0112942811284175   0.00810763721440544   0
0.49458167280863   0.795135423497899   0.0054928171311599   -0.00365755680898305   0
0.529937503056369   0.830337896333525   0.035355830247739   0.0352024728356261   0
0.502493298983661   0.806875674823585   -0.0274442040727073   -0.0234622215099396   0
0.473707160726888   0.794401244556785   -0.028786138256773   -0.0124744302667997   0
0.478507463152251   0.775441189894919   0.00480030242536239   -0.0189600546618665   0
0.517698169009552   0.788733328674751   0.0391907058573014   0.0132921387798323   0
0.534115992323097   0.798543271135676   0.0164178233135451   0.00980994246092481   0
0.511110875957346   0.80283574678062   -0.0230051163657519   0.00429247564494395   0
0.530576702287772   0.809379623702759   0.0194658263304268   0.00654387692213942   0
0.526818451118272   0.780798444539231   -0.00375825116950002   -0.0285811791635286   0
0.521597053020391   0.776347941412334   -0.00522139809788091   -0.00445050312689677   0
0.500749761171774   0.784941827045918   -0.020847291848617   0.00859388563358388   0
0.46459958105144   0.775101867703741   -0.0361501801203348   -0.00983995934217652   0
0.464679672156806   0.77460488311322   8.00911053659981e-05   -0.000496984590521388   0
0.484729261147465   0.765624133732015   0.020049588990659   -0.00898074938120508   0
0.465905217503725   0.7639614844511   -0.0188240436437399   -0.00166264928091453   0
0.501992928943813   0.789420966175174   0.0360877114400886   0.0254594817240736   0
0.500251518095913   0.768942688409519   -0.00174141084790069   -0.0204782777656549   0
0.505885819058083   0.768977546157112   0.00563430096217044   3.48577475925982e-05   0
0.493101782779052   0.75926942384402   -0.012784036279031   -0.00970812231309115   0
0.488474784819417   0.7507440285687   -0.00462699795963545   -0.00852539527532004   0
0.400647197971446   0.70708662155152   -0.0878275868479708   -0.0436574070171803   0
0.426081738404162   0.712720383803467   0.025434540432716   0.00563376225194689   0
0.429164102844935   0.72350239014202   0.00308236444077331   0.0107820063385535   0
0.468731501060647   0.765937156770331   0.0395673982157118   0.0424347666283102   0
0.457557479143935   0.753616180460501   -0.011174021916712   -0.0123209763098294   0
0.479644028096703   0.732694928176574   0.0220865489527677   -0.0209212522839269   0
0.473076805884574   0.738158598704589   -0.00656722221212896   0.00546367052801422   0
0.447737307330018   0.725164366170313   -0.0253394985545553   -0.0129942325342758   0
0.466111629007369   0.725171312095845   0.0183743216773503   6.94592553196482e-06   0
0.455506843646175   0.729284355058464   -0.0106047853611935   0.00411304296261894   0
0.452172821237405   0.719897812380356   -0.00333402240877056   -0.00938654267810746   0
0.463020638674471   0.735007883399617   0.0108478174370665   0.0151100710192609   0
0.508277009997357   0.742458030618421   0.0452563713228861   0.00745014721880433   0
0.45359965012412   0.724598326430599   -0.0546773598732377   -0.0178597041878221   0
0.437935395596782   0.712695975241723   -0.0156642545273378   -0.0119023511888764   0
0.367924077376226   0.681612568409005   -0.0700113182205557   -0.0310834068327178   0
0.403475030504033   0.692379697231131   0.0355509531278069   0.0107671288221259   0
0.413565102698537   0.683097522021938   0.0100900721945041   -0.0092821752091935   0
0.416195503601352   0.685373862180232   0.0026304009028143   0.00227634015829492   0
0.447842440983833   0.688770468446862   0.0316469373824815   0.0033966062666293   0
0.423273304309265   0.674143286229371   -0.0245691366745684   -0.0146271822174905   0
0.439044571107542   0.68113414650104   0.0157712667982778   0.00699086027166917   0
0.471267588967135   0.677555783740463   0.0322230178595929   -0.00357836276057777   0
0.432930595532075   0.668392838480527   -0.0383369934350605   -0.00916294525993588   0
0.447405821045458   0.677188281840048   0.0144752255133828   0.00879544335952165   0
0.465426382070773   0.671990555398352   0.0180205610253155   -0.00519772644169603   0
0.45639567598217   0.669718576686624   -0.00903070608860312   -0.00227197871172835   0
0.489942285343279   0.706336901273723   0.0335466093611093   0.0366183245870987   0
0.457298913331974   0.683253150034259   -0.0326433720113052   -0.0230837512394639   0
0.438662572475021   0.67794058638913   -0.0186363408569531   -0.00531256364512844   0
0.458052489858243   0.686163810806173   0.0193899173832216   0.00822322441704293   0
0.46791025729973   0.684854524907712   0.00985776744148775   -0.00130928589846158   0
0.478253178980212   0.688405362206458   0.0103429216804819   0.00355083729874617   0
0.483854370218238   0.691665538533549   0.00560119123802549   0.00326017632709108   0
0.4733750676116   0.694117921463453   -0.0104793026066379   0.00245238292990368   0
0.504583306284742   0.707354700586146   0.0312082386731418   0.0132367791226934   0
0.523957882165627   0.740304355404133   0.0193745758808858   0.0329496548179871   0
0.532826592107   0.713868851098205   0.00886870994137301   -0.0264355043059286   0
0.548220678118053   0.72758536834619   0.0153940860110529   0.0137165172479857   0
0.486020515001717   0.703300596509092   -0.0622001631163362   -0.0242847718370984   0
0.500611268646997   0.70594056321079   0.0145907536452804   0.00263996670169853   0
0.514125056287358   0.716494856227049   0.0135137876403606   0.0105542930162583   0
0.539599379507467   0.74124119863232   0.0254743232201095   0.024746342405271   0
