1.4210855e-14   3.46944695e-16   0   0   0
0.0445533268925496   0.060529026156957   0.0445533268925354   0.0605290261569567   0
0.049670358483067   0.0717372684150584   0.00511703159051743   0.0112082422581014   0
0.0626394674900049   0.097867581983211   0.0129691090069379   0.0261303135681526   0
0.075065086452815   0.0981332726613114   0.01242561896281   0.00026569067810045   0
0.0686368780116645   0.0629372111698102   -0.00642820844115045   -0.0351960614915012   0
0.0501347336885793   0.0730546627627271   -0.0185021443230852   0.0101174515929168   0
0.0224890573026686   0.0584309745364183   -0.0276456763859107   -0.0146236882263087   0
0.0446196871913294   0.0806529836763397   0.0221306298886607   0.0222220091399214   0
0.0931505037191237   0.0823313366539194   0.0485308165277944   0.00167835297757972   0
0.133691923075338   0.117311247835391   0.0405414193562141   0.0349799111814717   0
0.15553736759004   0.124177485017187   0.0218454445147022   0.00686623718179552   0
0.185945126448522   0.185367798838341   0.0304077588584821   0.0611903138211548   0
0.13537408305679   0.182526759197514   -0.0505710433917322   -0.00284103964082782   0
0.272381494630051   0.274362721399125   0.137007411573261   0.0918359622016113   0
0.176648667441133   0.233329848539426   -0.0957328271889171   -0.0410328728596984   0
0.16707112605128   0.241378774777699   -0.00957754138985317   0.00804892623827216   0
0.242118639155081   0.280769689309609   0.0750475131038009   0.0393909145319106   0
0.242229438734732   0.295089949479049   0.000110799579650489   0.0143202601694394   0
0.290107777875379   0.32851927175403   0.0478783391406469   0.0334293222749808   0
0.259572334904932   0.290523971221589   -0.0305354429704468   -0.0379953005324406   0
0.327163816173672   0.335412818422406   0.0675914812687399   0.0448888472008172   0
0.278929386461464   0.333850077746109   -0.0482344297122076   -0.00156274067629703   0
0.253773598717495   0.368818765061372   -0.0251557877439694   0.0349686873152631   0
0.262158821733449   0.448422928792342   0.00838522301595379   0.0796041637309696   0
0.29304922881682   0.484577059226768   0.0308904070833712   0.0361541304344267   0
0.327953380299236   0.486274426359481   0.0349041514824167   0.00169736713271268   0
0.396288611858651   0.498251792743326   0.0683352315594148   0.0119773663838452   0
0.314409640211502   0.47021073739032   -0.081878971647149   -0.0280410553530059   0
0.361793009439473   0.487640055819703   0.0473833692279712   0.0174293184293827   0
0.38154270791907   0.494292327971938   0.0197496984795962   0.00665227215223485   0
0.34064726757708   0.490329843417818   -0.0408954403419893   -0.00396248455412002   0
0.371641061564497   0.521720791501078   0.0309937939874166   0.0313909480832595   0
0.381765496872452   0.528171683946163   0.0101244353079551   0.00645089244508523   0
0.33004505897921   0.505350366810068   -0.051720437893242   -0.0228213171360944   0
0.389881310534061   0.499371732853518   0.0598362515548508   -0.00597863395655018   0
0.442895941114432   0.516411159299518   0.0530146305803712   0.0170394264460001   0
0.362011117896312   0.480341628732128   -0.0808848232181198   -0.03606953056739   0
0.452523124713904   0.532601548509202   0.0905120068175915   0.0522599197770737   0
0.40663331384736   0.513894512718888   -0.0458898108665434   -0.0187070357903142   0
0.410272225902874   0.538239125405303   0.00363891205551314   0.0243446126864157   0
0.35330315682982   0.534444599484695   -0.0569690690730538   -0.00379452592060836   0
0.335260250329806   0.558663993255976   -0.0180429065000139   0.0242193937712807   0
0.351359411557873   0.54953071410122   0.0160991612280667   -0.00913327915475559   0
0.350884636143463   0.558958198838469   -0.000474775414410045   0.00942748473724897   0
0.358211754411148   0.582219017961243   0.00732711826768589   0.0232608191227738   0
0.416428420447985   0.617313192052114   0.0582166660368365   0.035094174090871   0
0.389590337212636   0.590434756943615   -0.0268380832353485   -0.0268784351084994   0
0.371409579315736   0.584087719013714   -0.0181807578969002   -0.00634703792990032   0
0.463970235990764   0.642220193203591   0.0925606566750275   0.0581324741898767   0
0.320425604364492   0.597472578353001   -0.143544631626272   -0.0447476148505895   0
0.381758672128521   0.619930041706669   0.0613330677640289   0.0224574633536675   0
0.425659973940713   0.672636393933306   0.043901301812192   0.0527063522266369   0
0.409690070644404   0.703329820176564   -0.0159699032963089   0.0306934262432585   0
0.541689831770076   0.743944263948856   0.131999761125673   0.0406144437722918   0
0.481468455869256   0.749222875740713   -0.0602213759008204   0.00527861179185707   0
0.40093770395728   0.681541036251306   -0.0805307519119756   -0.0676818394894075   0
0.522277945880117   0.739019509921476   0.121340241922836   0.0574784736701708   0
0.445048890467218   0.691711703035155   -0.0772290554128984   -0.0473078068863216   0
0.590517867744549   0.720272478310385   0.14546897727733   0.0285607752752298   0
0.414271727568049   0.672758025135814   -0.1762461401765   -0.0475144531745706   0
0.54140549650813   0.727852053322597   0.127133768940081   0.0550940281867824   0
0.468014894803705   0.711850112294545   -0.0733906017044251   -0.0160019410280513   0
0.499205046655425   0.726475548618229   0.0311901518517205   0.0146254363236838   0
0.539337393775343   0.754693632291609   0.0401323471199176   0.02821808367338   0
0.483696193253156   0.706479370643702   -0.055641200522187   -0.0482142616479071   0
0.556537025529603   0.720001556854255   0.0728408322764471   0.0135221862105536   0
0.592986554295811   0.745642430570858   0.0364495287662076   0.0256408737166021   0
0.580549779325718   0.760035169160607   -0.012436774970093   0.014392738589749   0
0.655420130074541   0.793115110751256   0.0748703507488231   0.0330799415906494   0
0.616357013436284   0.780547809042738   -0.0390631166382565   -0.0125673017085177   0
0.533468876327388   0.745279699868231   -0.0828881371088959   -0.0352681091745077   0
0.463983373625065   0.733278857563199   -0.0694855027023229   -0.0120008423050313   0
0.526324683525334   0.762976700657972   0.0623413099002684   0.0296978430947725   0
0.475873704755512   0.709889940601762   -0.0504509787698219   -0.0530867600562094   0
0.643273293661246   0.778424025871607   0.167399588905734   0.0685340852698445   0
0.554761258584351   0.727277664460425   -0.0885120350768953   -0.0511463614111817   0
0.72174968708567   0.698011278030005   0.166988428501319   -0.0292663864304202   0
0.605657650234301   0.686587957301527   -0.116092036851369   -0.0114233207284783   0
0.700340385678812   0.709082698542   0.0946827354445109   0.0224947412404731   0
0.707067599053542   0.748511873652017   0.0067272133747307   0.039429175110017   0
0.662349816496237   0.719420270874221   -0.0447177825573057   -0.0290916027777959   0
0.773316371223053   0.780531828321409   0.110966554726816   0.0611115574471878   0
0.697360315464859   0.757171117791385   -0.0759560557581936   -0.0233607105300241   0
0.755826494550971   0.798088005546254   0.0584661790861118   0.0409168877548695   0
0.813651599224216   0.811050263584661   0.0578251046732451   0.0129622580384071   0
0.808951627027766   0.818124345682907   -0.00469997219644991   0.00707408209824567   0
0.813038210106626   0.80954861127459   0.00408658307885967   -0.00857573440831672   0
0.733663745838546   0.782646895129808   -0.0793744642680801   -0.0269017161447825   0
0.610928315491529   0.779708742759228   -0.122735430347017   -0.00293815237057937   0
0.695120252064138   0.798510708408422   0.0841919365726091   0.0188019656491937   0
0.72142710192195   0.816851643266751   0.0263068498578116   0.0183409348583291   0
0.707786930187643   0.797668028725447   -0.0136401717343069   -0.0191836145413042   0
0.752390355869907   0.824391038653098   0.0446034256822637   0.0267230099276515   0
0.803195889481165   0.844153043350296   0.0508055336112582   0.0197620046971981   0
0.748000864306311   0.816758125295845   -0.0551950251748543   -0.0273949180544514   0
0.77934468945733   0.835333706359106   0.0313438251510199   0.0185755810632611   0
0.785478115708748   0.856357747072647   0.00613342625141811   0.021024040713541   0
0.692161332715232   0.807722907246577   -0.0933167829935162   -0.0486348398260704   0
0.788500465647406   0.823292101310504   0.0963391329321733   0.0155691940639276   0
0.809557360964524   0.830617688195106   0.0210568953171185   0.00732558688460117   0
0.787887507227433   0.812458049242612   -0.0216698537370914   -0.0181596389524937   0
0.867259757255363   0.845032648468712   0.0793722500279299   0.0325745992261   0
0.801961841964069   0.825631255000152   -0.065297915291294   -0.0194013934685594   0
0.780298156952422   0.854899437202213   -0.0216636850116468   0.0292681822020607   0
0.459904349764173   0.266920787435   -0.320393807188249   -0.587978649767213   0
1.04071571126875   0.482723697266512   0.580811361504574   0.215802909831511   0
0.60460726701403   0.294192870537997   -0.436108444254718   -0.188530826728515   0
0.231358743447256   0.279337991714147   -0.373248523566773   -0.0148548788238493   0
0.248780036995434   0.359411453403424   0.0174212935481777   0.0800734616892766   0
0.326513880074623   0.479192082820601   0.0777338430791886   0.119780629417177   0
0.292122424712639   0.47328968875745   -0.0343914553619832   -0.00590239406315124   0
0.346632020655159   0.519467872175315   0.0545095959425195   0.0461781834178643   0
0.349192464536613   0.520536923498376   0.00256044388145354   0.00106905132306134   0
0.30510744501518   0.517832274093193   -0.0440850195214323   -0.00270464940518289   0
0.373714864597446   0.513756123169485   0.0686074195822658   -0.00407615092370828   0
0.346412289019527   0.548196643499583   -0.0273025755779186   0.0344405203300983   0
0.393761837568672   0.548536048837414   0.0473495485491446   0.000339405337830834   0
0.480570220880366   0.633098375697678   0.0868083833116942   0.0845623268602642   0
0.404260560150235   0.620239732197872   -0.0763096607301307   -0.0128586434998059   0
0.492555800830149   0.666409498570288   0.0882952406799133   0.0461697663724161   0
0.462698482890266   0.661358598296926   -0.0298573179398829   -0.00505090027336241   0
0.475125679600035   0.655172736934984   0.0124271967097692   -0.00618586136194155   0
0.577780853008301   0.723306590099806   0.102655173408266   0.0681338531648222   0
0.545642894238859   0.713872327789364   -0.0321379587694425   -0.00943426231044275   0
0.547590040841556   0.735658316147459   0.00194714660269724   0.0217859883580953   0
0.597071352595035   0.759177150947503   0.0494813117534788   0.0235188348000438   0
0.583286099330666   0.772980123511813   -0.0137852532643684   0.0138029725643101   0
0.51803021521561   0.757154482540306   -0.0652558841150561   -0.0158256409715073   0
0.624052790174758   0.801552439043078   0.106022574959148   0.0443979565027722   0
0.609586945505723   0.79762760066476   -0.0144658446690347   -0.00392483837831781   0
0.60978270386999   0.826330368439082   0.000195758364266552   0.0287027677743223   0
0.718728814637037   0.790269135151917   0.108946110767047   -0.0360612332871654   0
0.61421777690321   0.811670520157884   -0.104511037733827   0.0214013850059672   0
0.717860641157869   0.828644094759245   0.103642864254659   0.0169735746013613   0
0.717624105481678   0.879409365365061   -0.000236535676190308   0.0507652706058157   0
0.649234368226874   0.869513467957589   -0.0683897372548041   -0.00989589740747254   0
0.736658852860501   0.913626067468677   0.0874244846336267   0.0441125995110886   0
0.712295895695995   0.899481101933271   -0.0243629571645061   -0.0141449655354058   0
0.794643999618883   0.949579040116326   0.0823481039228878   0.0500979381830549   0
0.882318193359409   1.00924110616492   0.0876741937405269   0.0596620660485935   0
0.826102465899064   0.985036376886378   -0.056215727460345   -0.0242047292785413   0
0.916507167886476   1.01233396421385   0.0904047019874111   0.0272975873274669   0
0.885176989264983   1.02097157064639   -0.0313301786214922   0.00863760643254063   0
0.89466341238911   1.04305151171867   0.00948642312412684   0.0220799410722794   0
0.947820393280893   1.08362009128288   0.0531569808917832   0.0405685795642112   0
0.878669408464249   1.07242151438504   -0.0691509848166446   -0.0111985768978371   0
0.913836329998377   1.07943243698012   0.0351669215341284   0.00701092259507941   0
0.933008441530395   1.07717672502659   0.0191721115320174   -0.00225571195352425   0
0.875096828670532   1.06360880136299   -0.0579116128598622   -0.0135679236636082   0
0.929900079803505   1.02601576387458   0.0548032511329724   -0.0375930374884048   0
0.892581828249545   1.06301203972271   -0.0373182515539601   0.0369962758481295   0
0.873949819715506   1.05881704812712   -0.0186320085340383   -0.00419499159559145   0
0.974124080413626   1.06811517778163   0.10017426069812   0.00929812965451005   0
0.866475401953838   0.969595518638142   -0.107648678459787   -0.0985196591434875   0
0.818939096026188   1.00616561760667   -0.04753630592765   0.0365700989685315   0
0.864480530009896   1.01475778474322   0.0455414339837078   0.00859216713654654   0
1.00182917949918   1.05826817850535   0.137348649489288   0.0435103937621311   0
0.988183205980917   1.10243035788574   -0.013645973518268   0.0441621793803895   0
0.999958730216877   1.09854385881348   0.0117755242359603   -0.00388649907226024   0
0.93777524056072   1.08012188055422   -0.0621834896561566   -0.0184219782592643   0
0.903650598760901   1.08261259244053   -0.0341246417998189   0.00249071188631222   0
0.912472972354556   1.0571329415083   0.00882237359365412   -0.0254796509322319   0
0.96590878862009   1.10058094656175   0.0534358162655346   0.0434480050534527   0
0.880802030891484   1.08688124895489   -0.0851067577286062   -0.0136996976068566   0
0.9267542382106   1.10917182539914   0.0459522073191162   0.0222905764442498   0
0.933627724122558   1.09714778507135   0.00687348591195813   -0.0120240403277954   0
0.864357123764288   1.11038369635228   -0.0692706003582705   0.0132359112809324   0
0.867184108910411   1.08148725510843   0.00282698514612356   -0.0288964412438486   0
0.933476715612648   1.10212581893013   0.0662926067022367   0.0206385638217028   0
0.862704485333508   1.0930876848562   -0.0707722302791405   -0.00903813407393539   0
0.891890131857068   1.10870745920302   0.02918564652356   0.0156197743468234   0
0.946906716648083   1.12358861031948   0.0550165847910156   0.0148811511164586   0
0.7704421066396   0.452926353494573   -0.176464610008483   -0.670662256824907   0
0.82031684553665   0.540816846121973   0.0498747388970496   0.0878904926274003   0
0.73763663581318   0.516760982566803   -0.0826802097234696   -0.0240558635551701   0
0.505921596753267   0.448053425442368   -0.231715039059913   -0.0687075571244348   0
0.354562838400068   0.426455966131554   -0.151358758353199   -0.0215974593108144   0
0.326618489555924   0.446889041186087   -0.027944348844144   0.0204330750545329   0
0.257389578564242   0.455487951458442   -0.0692289109916823   0.00859891027235477   0
0.292231357823999   0.444643650658899   0.0348417792597571   -0.0108443007995425   0
0.350472370421788   0.453167130909371   0.058241012597789   0.0085234802504715   0
0.298716032232578   0.461862483375753   -0.0517563381892094   0.00869535246638181   0
0.256128368465834   0.439890823337983   -0.042587663766744   -0.0219716600377695   0
0.23497245455374   0.485337184982599   -0.0211559139120942   0.0454463616446156   0
0.250522504653883   0.482354439438329   0.0155500501001431   -0.00298274554426986   0
0.244023513950569   0.500169545605123   -0.00649899070331467   0.0178151061667943   0
0.22585782781607   0.518856663305528   -0.0181656861344991   0.0186871177004054   0
0.276509308712851   0.522519593529363   0.0506514808967818   0.00366293022383435   0
0.231702925205433   0.538638053005563   -0.0448063835074184   0.0161184594762001   0
0.231986143013506   0.54526780823233   0.000283217808072778   0.0066297552267669   0
0.26818360653657   0.610201981762963   0.0361974635230642   0.0649341735306328   0
0.242734442599788   0.61314271457523   -0.025449163936782   0.00294073281226714   0
0.257876414303681   0.591848838653975   0.0151419717038926   -0.0212938759212543   0
0.288559887631906   0.615360595883988   0.0306834733282257   0.0235117572300125   0
0.256594915696527   0.602128880880826   -0.0319649719353793   -0.0132317150031623   0
0.317888051845022   0.615325116755592   0.0612931361484948   0.0131962358747666   0
0.248278073339372   0.622183384116494   -0.06960997850565   0.00685826736090189   0
0.268420205682718   0.618737943298922   0.0201421323433461   -0.00344544081757181   0
0.27660954879922   0.606141995328588   0.00818934311650188   -0.0125959479703343   0
0.239854610708715   0.632444214015052   -0.0367549380905044   0.0263022186864641   0
0.283524291478625   0.64910264550671   0.0436696807699098   0.0166584314916584   0
0.261672067226873   0.653553352986478   -0.0218522242517523   0.00445070747976783   0
0.255119569171982   0.655417988193401   -0.00655249805489061   0.00186463520692293   0
0.303995369695541   0.662826683905735   0.0488758005235584   0.00740869571233338   0
0.328991866259231   0.701865858604032   0.0249964965636908   0.0390391746982975   0
0.363008236009475   0.743888610620599   0.0340163697502431   0.0420227520165669   0
0.391166416717047   0.734914628852052   0.0281581807075729   -0.00897398176854669   0
0.327953602681544   0.729933678602303   -0.063212814035503   -0.00498095024974954   0
0.341534960191086   0.722421412623665   0.0135813575095419   -0.00751226597863786   0
0.359952464266891   0.701106234044377   0.0184175040758042   -0.0213151785792876   0
0.286691635590803   0.670248832343076   -0.0732608286760876   -0.0308574017013012   0
0.374661546704816   0.720827073325739   0.0879699111140129   0.0505782409826626   0
0.3362934317907   0.705341334367858   -0.0383681149141159   -0.0154857389578812   0
0.378948374024657   0.719270092935087   0.0426549422339573   0.0139287585672293   0
0.390720212127413   0.722979108833828   0.0117718381027558   0.0037090158987414   0
0.346832368824481   0.728827783504779   -0.0438878433029315   0.00584867467095085   0
0.382607290987785   0.71897437872929   0.0357749221633033   -0.00985340477548879   0
0.374893438800855   0.738015243592702   -0.00771385218692955   0.0190408648634116   0
0.336608596125835   0.724979156215364   -0.0382848426750201   -0.0130360873773382   0
0.411510200960193   0.750256337178571   0.0749016048343578   0.0252771809632075   0
0.338936140142293   0.738804244257949   -0.0725740608178998   -0.011452092920622   0
0.370095219539428   0.752310188421604   0.0311590793971347   0.0135059441636547   0
0.388785160462052   0.751032626365684   0.0186899409226244   -0.00127756205592044   0
0.346465168567602   0.727095076227896   -0.0423199918944501   -0.0239375501377873   0
0.396475703329987   0.718775551522642   0.0500105347623849   -0.00831952470525421   0
0.347231185129515   0.72650400110828   -0.0492445182004718   0.00772844958563823   0
0.404571080004532   0.733218825703671   0.0573398948750167   0.00671482459539063   0
0.369271724101197   0.753047006616694   -0.0352993559033355   0.0198281809130229   0
0.351798986071721   0.743613403230735   -0.0174727380294752   -0.009433603385959   0
0.421801744196672   0.76360544481931   0.0700027581249504   0.0199920415885751   0
