2.00971838739175e-14   7.75791931397203e-16   0   0   0
0.102553906789035   0.0569847753351926   0.102553906789015   0.0569847753351918   0
0.153243303353186   0.0797333159562331   0.0506893965641514   0.0227485406210406   0
0.122676334009148   0.0674617381198469   -0.0305669693440386   -0.0122715778363862   0
0.0797741070484146   0.0357943787442511   -0.0429022269607331   -0.0316673593755958   0
0.140093382942241   0.0869412547483445   0.0603192758938266   0.0511468760040934   0
0.135660275432367   0.0709637773449417   -0.00443310750987419   -0.0159774774034028   0
0.248058836288395   0.160017105734341   0.112398560856028   0.0890533283893998   0
1.48906662788221   0.294763309809925   1.24100779159382   0.134746204075583   1
3.19889945908266   0.525599336163038   1.70983283120044   0.230836026353113   1
1.7678021118226   0.474264459024402   -1.43109734726006   -0.0513348771386359   1
1.24494776005271   0.443308240433601   -0.522854351769884   -0.0309562185908003   0
1.04593801033716   0.405232128573466   -0.199009749715553   -0.0380761118601359   0
0.944533548420311   0.353108288116943   -0.101404461916849   -0.0521238404565225   0
0.813074705444659   0.321150516107314   -0.131458842975652   -0.031957772009629   0
0.711433622231778   0.303496475613034   -0.101641083212881   -0.0176540404942803   0
0.644889720217963   0.284482668560191   -0.0665439020138152   -0.0190138070528426   0
0.501606106434909   0.294354494564337   -0.143283613783054   0.00987182600414582   0
0.314452148973836   0.235369570240366   -0.187153957461073   -0.0589849243239704   0
0.202187494017967   0.181706820941151   -0.112264654955869   -0.0536627492992151   0
0.0694702928763696   0.124408834169583   -0.132717201141597   -0.0572979867715681   0
0.04786982058073   0.118623376660543   -0.0216004722956395   -0.00578545750904041   0
0.0545717496986175   0.131235417672126   0.00670192911788744   0.0126120410115829   0
0.0369492766428272   0.154655230809778   -0.0176224730557902   0.023419813137652   0
0.0480250719362124   0.127936072936524   0.0110757952933851   -0.0267191578732534   0
0.108625416927996   0.111363321968541   0.0606003449917831   -0.0165727509679832   0
0.205978790721986   0.101682368274538   0.0973533737939901   -0.0096809536940034   0
0.258999444233787   0.0930417409482273   0.0530206535118019   -0.00864062732631055   0
0.3280882517079   0.080724774234685   0.0690888074741127   -0.0123169667135423   0
0.432302341189654   0.0817477547879513   0.104214089481754   0.00102298055326631   0
0.423808530335715   0.0781352753260576   -0.00849381085393863   -0.00361247946189364   0
0.457479838176305   0.0801379344522288   0.0336713078405897   0.00200265912617115   0
0.560945302830976   0.0793606130789428   0.103465464654671   -0.000777321373286038   0
0.592110200728881   0.0849964281216667   0.0311648978979046   0.00563581504272394   0
0.674464393724859   0.0898597892760841   0.082354192995978   0.00486336115441742   0
0.710056077928439   0.0992485576445876   0.0355916842035807   0.00938876836850344   0
0.708531027987514   0.0938636168574238   -0.00152504994092528   -0.00538494078716376   0
0.714847689099768   0.0919200276040232   0.00631666111225371   -0.00194358925340055   0
0.828174240689171   0.0966092595167809   0.113326551589403   0.00468923191275765   0
0.83510326567232   0.104670936737167   0.0069290249831494   0.00806167722038593   0
0.842702894010788   0.112919942600874   0.00759962833846783   0.00824900586370747   0
0.884181215909775   0.127578321000286   0.041478321898987   0.0146583783994114   0
0.873624279671564   0.138881948225877   -0.0105569362382116   0.0113036272255916   0
0.663061594712801   0.158623657755396   -0.210562684958763   0.019741709529519   0
0.626774869560528   0.183370327619062   -0.0362867251522732   0.0247466698636652   0
2.44624536872249   1.01308960457828   1.81947049916196   0.82971927695922   1
2.18418740252974   0.922631912089471   -0.262057966192747   -0.0904576924888105   0
0.987871830492926   0.56442755166071   -1.19631557203682   -0.358204360428761   1
0.707257674659497   0.477686866739017   -0.28061415583343   -0.0867406849216925   0
0.506073998260643   0.421782817817358   -0.201183676398853   -0.0559040489216589   0
0.178310519945563   0.24671112523832   -0.32776347831508   -0.175071692579039   0
0.160175987714371   0.227198453423681   -0.0181345322311928   -0.019512671814639   0
0.357544789145457   0.165998596898934   0.197368801431086   -0.0611998565247462   0
0.637270659242658   0.0842324597738256   0.279725870097202   -0.0817661371251088   0
0.756206474896773   0.0550824090981473   0.118935815654115   -0.0291500506756783   0
0.743946308296914   0.0655361031918973   -0.0122601665998593   0.01045369409375   0
0.802893237476316   0.0523420072471543   0.0589469291794019   -0.013194095944743   0
0.825733370548427   0.035260898302606   0.0228401330721109   -0.0170811089445483   0
0.876859594787997   0.0491076582330925   0.0511262242395697   0.0138467599304865   0
1.03076810236766   0.0601498633035909   0.153908507579665   0.0110422050704985   0
1.08631233712752   0.0543530847130615   0.0555442347598538   -0.00579677859052942   0
1.09598285434602   0.0747649997806606   0.00967051721850543   0.0204119150675991   0
1.1503204277103   0.0869264136588448   0.0543375733642768   0.0121614138781842   0
1.20817579308688   0.0972578712687311   0.0578553653765783   0.0103314576098863   0
1.25905704582065   0.14109654206901   0.0508812527337688   0.0438386708002788   0
1.2433354394358   0.136840014590141   -0.0157216063848491   -0.0042565274788692   0
1.26515958357629   0.127356390943918   0.0218241441404896   -0.00948362364622321   0
1.29499218102921   0.140089760504673   0.0298325974529203   0.0127333695607553   0
1.25530834882066   0.124983462596259   -0.0396838322085478   -0.0151062979084142   0
1.32680221710547   0.152338592673616   0.0714938682848099   0.0273551300773571   0
1.1995794911676   0.12145369730829   -0.127222725937864   -0.0308848953653259   0
1.07433811404514   0.0994328406878086   -0.125241377122461   -0.0220208566204812   0
1.15302287157173   0.129212527435792   0.0786847575265839   0.0297796867479833   0
1.09867332484182   0.109463021042929   -0.0543495467299111   -0.0197495063928631   0
1.17702050205821   0.114084650407859   0.0783471772163951   0.00462162936493   0
1.2831186541452   0.140125593027766   0.106098152086984   0.026040942619907   0
1.26145538346118   0.180205151444661   -0.021663270684013   0.0400795584168952   0
1.40503218880765   0.193911686781118   0.143576805346465   0.0137065353364565   0
1.42953695137039   0.214052241092179   0.0245047625627421   0.0201405543110618   0
1.24565673337213   0.162670366438751   -0.183880217998263   -0.0513818746534287   0
1.8103185696846   1.20679888786658   0.564661836312477   1.04412852142783   1
0.521453660868588   0.893088027915225   -1.28886490881602   -0.313710859951354   1
0.161539287907395   0.622124633321118   -0.359914372961193   -0.270963394594107   0
0.208734146924058   1.15556366266525   0.0471948590166626   0.533439029344129   0
0.414894020417978   0.696552933646981   0.20615987349392   -0.459010729018266   0
0.341466995076477   0.523192604111874   -0.0734270253415013   -0.173360329535107   0
0.479376627135132   0.430492603638546   0.137909632058655   -0.0927000004733278   0
0.220791751131731   0.286968566505898   -0.258584876003401   -0.143524037132648   0
2.74773909502052   0.779326256451198   2.52694734388879   0.4923576899453   1
1.47318469562494   0.650132373130202   -1.27455439939559   -0.129193883320995   1
0.893529805521148   0.497481974858562   -0.579654890103788   -0.152650398271641   0
0.385505081811449   0.372966024034091   -0.508024723709699   -0.124515950824471   0
0.19878011127542   0.307410165608673   -0.186724970536029   -0.0655558584254176   0
0.119989280789259   0.27281719059505   -0.0787908304861612   -0.0345929750136237   0
0.21841883305381   0.243214471775762   0.0984295522645516   -0.0296027188192876   0
0.289708298422872   0.232162979950051   0.0712894653690614   -0.0110514918257111   0
0.304692842578593   0.203512668984162   0.0149845441557214   -0.0286503109658893   0
0.398158416661779   0.192716509051264   0.0934655740831855   -0.0107961599328978   0
0.492997814644094   0.19803567128021   0.0948393979823158   0.00531916222894596   0
0.704179639052193   0.162867445268697   0.211181824408098   -0.0351682260115126   0
0.849796524263204   0.184947664009001   0.145616885211011   0.0220802187403038   0
0.93395959105401   0.142599986438946   0.0841630667908059   -0.0423476775700549   0
0.987189193630128   0.17137208921903   0.0532296025761185   0.0287721027800837   0
0.922533936657869   0.187390297656391   -0.0646552569722589   0.016018208437361   0
0.926821964405336   0.144405413074533   0.00428802774746673   -0.0429848845818574   0
0.951533009155934   0.146720331767896   0.0247110447505974   0.00231491869336301   0
1.01580495313485   0.155618797964284   0.0642719439789126   0.00889846619638768   0
1.01678070936132   0.131298549991034   0.000975756226471391   -0.0243202479732498   0
1.21110708784917   0.147616275969106   0.194326378487852   0.016317725978072   0
1.29097464396096   0.161473438168953   0.0798675561117927   0.0138571621998471   0
1.35993326471111   0.177833148146184   0.0689586207501456   0.0163597099772304   0
1.33516139461056   0.153552914927579   -0.024771870100543   -0.0242802332186042   0
1.22002971220558   0.170033829710229   -0.11513168240498   0.0164809147826493   0
1.31469817703403   0.170475731226335   0.0946684648284442   0.000441901516106041   0
1.36993856304236   0.166830920093806   0.0552403860083346   -0.00364481113252851   0
1.44107445935469   0.160395711264687   0.071135896312327   -0.0064352088291188   0
1.58067630359731   0.172482345175542   0.139601844242616   0.0120866339108542   0
1.54459444281002   0.184722223222783   -0.0360818607872848   0.0122398780472412   0
1.66517912161972   0.248478398208104   0.120584678809703   0.0637561749853213   0
1.5826722267613   0.209316575625484   -0.0825068948584207   -0.0391618225826201   0
1.35930919530579   0.13832888592643   -0.223363031455518   -0.0709876896990536   0
1.56186723699839   0.204415118697201   0.202558041692605   0.0660862327707708   0
0.752282078971933   0.392874313350332   -0.809585158026459   0.188459194653131   0
2.47812585737091   0.89778035574858   1.72584377839897   0.504906042398249   1
0.878628343189584   0.705041406648894   -1.59949751418132   -0.192738949099686   1
0.471365943068837   0.559998473387885   -0.407262400120747   -0.145042933261009   0
1.4100899352672   0.246287738755606   0.938723992198361   -0.313710734632279   0
2.08596161330262   0.390009781769257   0.675871678035422   0.143722043013651   0
1.69859979389028   0.243905318620734   -0.387361819412345   -0.146104463148523   0
2.10828797950269   0.50196007340632   0.409688185612415   0.258054754785586   0
1.0455441506391   0.493847437885585   -1.06274382886359   -0.00811263552073521   1
0.404797693621122   0.334950279017613   -0.64074645701798   -0.158897158867972   0
0.178344757015138   0.211693283447368   -0.226452936605984   -0.123256995570245   0
0.163169569662673   0.264677998624026   -0.0151751873524652   0.0529847151766584   0
0.534684664003859   0.557904628877578   0.371515094341186   0.293226630253552   0
0.200839874674489   0.379672813228484   -0.333844789329369   -0.178231815649095   0
0.241924510682057   0.348835283077351   0.0410846360075673   -0.0308375301511328   0
0.356530683757165   0.283119993989751   0.114606173075108   -0.0657152890875998   0
0.39418566485826   0.276442887367324   0.0376549811010946   -0.00667710662242738   0
0.444413702442947   0.318247621227607   0.0502280375846875   0.0418047338602832   0
0.541744592731447   0.247618072652494   0.0973308902885   -0.070629548575113   0
0.588915361899915   0.232615815248389   0.0471707691684674   -0.0150022574041043   0
0.563039403896226   0.223714625018712   -0.025875958003689   -0.00890119022967714   0
0.557951497328885   0.19661782656634   -0.00508790656734037   -0.0270967984523718   0
0.662842392779978   0.150192519249888   0.104890895451093   -0.0464253073164522   0
0.704783945493971   0.149287829936097   0.041941552713993   -0.000904689313791479   0
0.826700663834947   0.13108262147056   0.121916718340976   -0.0182052084655372   0
0.913968036095822   0.0864779296569235   0.0872673722608754   -0.0446046918136361   0
1.0348903072171   0.0424902383587667   0.120922271121279   -0.0439876912981567   0
1.09792585602917   0.0320750663390869   0.0630355488120669   -0.0104151720196798   0
1.10015657787136   0.0356440349190661   0.00223072184218798   0.00356896857997918   0
0.499038660808357   0.255526917279091   -0.601117917062999   0.219882882360025   0
0.757938519030538   0.803499988278139   0.25889985822218   0.547973070999048   0
0.206277531579487   0.495951467879529   -0.551660987451051   -0.30754852039861   0
0.316462023694929   0.415116210010364   0.110184492115442   -0.0808352578691655   0
0.471889368070894   0.415186202099952   0.155427344375965   6.9992089588411e-05   0
0.52598537107152   0.371649793725348   0.0540960030006256   -0.0435364083746039   0
0.575799526048073   0.316413636236365   0.0498141549765536   -0.0552361574889834   0
0.673260848063059   0.310187204093782   0.0974613220149854   -0.00622643214258339   0
0.670445441694552   0.238176934838719   -0.00281540636850675   -0.0720102692550625   0
0.701826686802882   0.19098640001221   0.03138124510833   -0.0471905348265096   0
0.734488299632479   0.193751885758759   0.0326616128295971   0.00276548574654931   0
0.849805112687256   0.226510736417614   0.115316813054777   0.0327588506588554   0
0.888204152335472   0.214103311504105   0.0383990396482161   -0.012407424913509   0
0.94049129545707   0.205458825394358   0.0522871431215982   -0.00864448610974769   0
1.09921976516238   0.259030380637272   0.158728469705306   0.0535715552429142   0
1.14958844639157   0.273474217038159   0.050368681229195   0.0144438364008873   0
0.898949491290281   0.158702152083279   -0.250638955101291   -0.114772064954881   0
0.598889959309617   0.158512733224865   -0.300059531980663   -0.000189418858413531   0
0.511166365105331   0.225790097227826   -0.0877235942042868   0.0672773640029605   0
0.206697514228679   0.172885740177272   -0.304468850876652   -0.0529043570505535   0
0.389497032501637   0.183747035306396   0.182799518272958   0.0108612951291243   0
0.510533156719611   0.182076325756008   0.121036124217975   -0.00167070955038826   0
0.596383334077537   0.209513378711742   0.0858501773579256   0.0274370529557335   0
0.782834371324904   0.258664345218834   0.186451037247367   0.0491509665070924   0
0.811859665205506   0.271100442928712   0.0290252938806024   0.0124360977098778   0
0.793156748553908   0.27268599325924   -0.0187029166515982   0.0015855503305281   0
0.937084861348119   0.281316991391991   0.143928112794211   0.00863099813275109   0
1.01101520103737   0.27022794809299   0.0739303396892501   -0.0110890432990012   0
1.06167667488558   0.287412123489978   0.0506614738482103   0.0171841753969887   0
1.14038064284964   0.294311650593607   0.078703967964062   0.00689952710362823   0
1.22900228093367   0.336336618413438   0.0886216380840281   0.0420249678198312   0
0.871877234174496   0.23225879513662   -0.357125046759173   -0.104077823276818   0
0.481359994758186   0.315051705862987   -0.390517239416311   0.0827929107263671   0
0.614522063726473   0.416956590841215   0.133162068968287   0.101904884978229   0
2.45247912434517   1.12637524847895   1.8379570606187   0.709418657637733   1
3.55562202602279   1.90585771494278   1.10314290167762   0.779482466463836   1
0.640011207525241   0.429021861073283   -2.91561081849755   -1.4768358538695   1
0.488713766738896   0.306732074972211   -0.151297440786345   -0.122289786101072   0
0.450968977406315   0.701680518544538   -0.0377447893325804   0.394948443572328   0
0.615722278385601   0.978898625003222   0.164753300979285   0.277218106458684   0
0.416494524735159   0.720019119225647   -0.199227753650442   -0.258879505777576   0
0.523619087462173   0.610121969766741   0.107124562727014   -0.109897149458905   0
0.436134528265602   0.58800282242223   -0.0874845591965706   -0.0221191473445116   0
0.515666839086648   0.637604646867761   0.0795323108210465   0.0496018244455316   0
0.230920480303824   0.826416852386123   -0.284746358782824   0.188812205518362   0
0.663445978767773   0.853104564430003   0.432525498463949   0.0266877120438798   0
0.944338377399701   0.835498822649735   0.280892398631928   -0.0176057417802673   0
1.03767393494662   0.8010297125491   0.0933355575469184   -0.0344691101006356   0
1.04587579535413   0.790571570604001   0.00820186040751314   -0.0104581419450989   0
0.900941329951643   0.772033935156254   -0.144934465402489   -0.0185376354477473   0
0.572397381052186   1.06542327587689   -0.328543948899457   0.293389340720634   0
0.377122174959023   0.973159853341661   -0.195275206093163   -0.0922634225352262   0
0.625762067349245   0.846994573244326   0.248639892390222   -0.126165280097335   0
1.02771797852727   0.829463475765876   0.401955911178023   -0.0175310974784503   0
1.29430318608964   0.830092727215693   0.266585207562374   0.00062925144981707   0
1.40818651614449   0.828964799468622   0.11388333005485   -0.00112792774707104   0
1.60398539768969   0.861623679551933   0.195798881545194   0.032658880083311   0
1.6147992533889   0.839980030723421   0.0108138556992095   -0.0216436488285118   0
1.58992159557137   0.823081148830736   -0.0248776578175227   -0.016898881892685   0
1.71304767294881   0.863184979887606   0.123126077377439   0.0401038310568695   0
1.80507275205898   0.89160129149424   0.0920250791101702   0.028416311606634   0
1.91004265595382   0.874317835556899   0.104969903894839   -0.0172834559373412   0
1.98372902728096   0.83002525155643   0.0736863713271425   -0.0442925840004693   0
2.07706303179916   0.854201108606257   0.0933340045182001   0.0241758570498273   0
2.12153016710772   0.883799036523215   0.0444671353085506   0.029597927916958   0
2.18897193210746   0.864269797201129   0.0674417649997467   -0.0195292393220858   0
2.26559896769645   0.839884102327254   0.0766270355889906   -0.0243856948738755   0
2.230719236512   0.797062748230848   -0.0348797311844526   -0.0428213540964052   0
1.95169830126477   0.88733603909207   -0.279020935247226   0.0902732908612216   0
0.510320282135691   0.872541763851713   -1.44137801912908   -0.014794275240357   1
1.23365812108476   0.720401842019132   0.723337838949066   -0.152139921832581   0
1.6515443748211   0.619311857262446   0.417886253736341   -0.101089984756686   0
1.87693853392778   0.650833183154586   0.225394159106686   0.0315213258921399   0
2.01704952812823   0.64822045634781   0.140110994200451   -0.00261272680677549   0
2.00542420863426   0.655420815581638   -0.0116253194939717   0.00720035923382756   0
2.04168101603447   0.693423894926381   0.0362568074002079   0.0380030793447432   0
2.06614993328911   0.671514001468325   0.024468917254636   -0.0219098934580565   0
2.03473450109541   0.646295996729103   -0.0314154321936941   -0.0252180047392216   0
2.06331950552279   0.684041671057763   0.0285850044273794   0.0377456743286601   0
2.09163941296986   0.701197409467123   0.0283199074470657   0.0171557384093594   0
2.13875988066073   0.713544221011383   0.0471204676908679   0.0123468115442604   0
2.18844286320348   0.737087535343186   0.0496829825427585   0.023543314331803   0
2.23352537180584   0.755242499261452   0.0450825086023583   0.0181549639182664   0
