1.4210855e-14   1.92592995e-32   0   0   0
0.070270805177088   0.0744065203403247   0.0702708051770738   0.0744065203403247   0
0.00706181824801129   0.0303111342304037   -0.0632089869290768   -0.044095386109921   0
0.049509267482959   0.0168914427698453   0.0424474492349477   -0.0134196914605584   0
0.0291403678682974   0.0394433703266873   -0.0203688996146616   0.022551927556842   0
0.0376198621017233   0.0223886785488547   0.00847949423342598   -0.0170546917778325   0
0.0307120360142378   0.0398107514454025   -0.00690782608748556   0.0174220728965478   0
0.0348368015825079   0.0460625063785701   0.00412476556827011   0.0062517549331676   0
0.0485608153170707   0.061390139836274   0.0137240137345628   0.0153276334577039   0
0.0204430558000258   0.037821051003297   -0.0281177595170449   -0.0235690888329769   0
0.0801338548718363   0.0736172575849478   0.0596907990718104   0.0357962065816508   0
0.0292491623157273   0.0182281377472613   -0.050884692556109   -0.0553891198376865   0
0.0699859337326592   0.0502087435768084   0.0407367714169319   0.0319806058295471   0
0.0364134175568069   0.0383440386964808   -0.0335725161758523   -0.0118647048803276   0
0.0531982790208752   0.0631341900834053   0.0167848614640683   0.0247901513869245   0
0.0321646738628434   0.0537521490236889   -0.0210336051580318   -0.00938204105971636   0
0.065617757840276   0.0688000783615061   0.0334530839774326   0.0150479293378172   0
0.0383958060592243   0.074340705012924   -0.0272219517810517   0.00554062665141793   0
0.0343813789191335   0.0638843197163301   -0.00401442714009081   -0.0104563852965939   0
0.0526441369127598   0.0699768135253455   0.0182627579936263   0.00609249380901537   0
0.0295372583617692   0.0417865081188136   -0.0231068785509906   -0.0281903054065319   0
0.0630458302270472   0.0800452606517312   0.033508571865278   0.0382587525329176   0
0.0434790631334507   0.0529386856609428   -0.0195667670935965   -0.0271065749907884   0
0.086970246529693   0.0954910178923813   0.0434911833962423   0.0425523322314385   0
0.0740642708089894   0.105340846867401   -0.0129059757207036   0.00984982897501933   0
0.0965087246590031   0.158718705704761   0.0224444538500137   0.0533778588373599   0
0.126852166643187   0.180276168891186   0.0303434419841835   0.0215574631864256   0
0.0903366321283428   0.143738571243938   -0.0365155345148439   -0.0365375976472481   0
0.138006984448184   0.20919720165417   0.0476703523198412   0.0654586304102317   0
0.151410711333606   0.225616672254018   0.0134037268854223   0.0164194705998479   0
0.131332477758298   0.212326011359392   -0.0200782335753081   -0.0132906608946251   0
0.0887118884870438   0.169715304379026   -0.0426205892712543   -0.0426107069803668   0
0.0882680620592948   0.174465849394099   -0.000443826427748997   0.0047505450150733   0
0.100718141905356   0.170802240798738   0.0124500798460615   -0.00366360859536086   0
0.152096700357261   0.226150267565834   0.0513785584519049   0.0553480267670956   0
0.126244178719868   0.218822784094556   -0.0258525216373936   -0.00732748347127818   0
0.105508180071211   0.205724109671268   -0.020735998648657   -0.0130986744232872   0
0.175204622155854   0.263406404594817   0.0696964420846436   0.0576822949235481   0
0.124379733652123   0.237838138694523   -0.0508248885037314   -0.0255682659002939   0
0.155436898504944   0.270213353968193   0.0310571648528215   0.0323752152736708   0
0.165417979505681   0.29660306446752   0.00998108100073627   0.0263897104993267   0
0.154960787548534   0.280460512505042   -0.0104571919571465   -0.0161425519624785   0
0.172455801967394   0.295412421283526   0.0174950144188598   0.0149519087784841   0
0.178581561847817   0.314390494318152   0.00612575988042294   0.0189780730346264   0
0.169930747420875   0.298393617551348   -0.00865081442694213   -0.0159968767668038   0
0.211334506035972   0.335711900306824   0.0414037586150973   0.0373182827554759   0
0.178814686357658   0.315680297724556   -0.0325198196783141   -0.0200316025822684   0
0.188178662978835   0.317954016689596   0.00936397662117666   0.00227371896504069   0
0.188852080107671   0.328384215934976   0.000673417128836062   0.0104301992453792   0
0.176694629851402   0.311577538159845   -0.0121574502562684   -0.016806677775131   0
0.178879496688838   0.31364259863764   0.00218486683743521   0.0020650604777957   0
0.114485908165186   0.256609040190975   -0.0643935885236516   -0.0570335584466656   0
0.0904611706848383   0.174453148986192   -0.0240247374803477   -0.0821558912047828   0
0.0739599702413191   0.158444200289746   -0.0165012004435191   -0.0160089486964463   0
0.130951933332192   0.232705160541352   0.0569919630908731   0.0742609602516061   0
0.186815161733769   0.306876384819991   0.0558632284015766   0.0741712242786391   0
0.147715688054587   0.290488638924758   -0.0390994736791821   -0.0163877458952327   0
0.163869924636156   0.300288456170943   0.0161542365815696   0.00979981724618484   0
0.18311400054635   0.33898188496007   0.0192440759101937   0.0386934287891272   0
0.131244275862224   0.258716880030947   -0.0518697246841267   -0.0802650049291229   0
0.130912141081123   0.225595659218648   -0.000332134781100807   -0.0331212208122997   0
0.176537458597261   0.296567519007099   0.0456253175161382   0.0709718597884518   0
0.133429763099464   0.275734835500406   -0.0431076954977967   -0.0208326835066935   0
0.119820493387695   0.25935293686431   -0.0136092697117696   -0.0163818986360959   0
0.139379429142232   0.257444979673966   0.0195589357545375   -0.00190795719034431   0
0.123546266677788   0.227790717067265   -0.0158331624644436   -0.029654262606701   0
0.182429351855445   0.309328031536345   0.0588830851776562   0.0815373144690804   0
0.128630913224827   0.272303387331447   -0.0537984386306172   -0.0370246442048983   0
0.176771404684995   0.314514655435854   0.0481404914601674   0.0422112681044074   0
0.154277440501613   0.282051049982555   -0.022493964183382   -0.0324636054532992   0
0.15748569400181   0.301866521551305   0.00320825350019754   0.0198154715687499   0
0.200969364347903   0.357835952302242   0.0434836703460932   0.0559694307509374   0
0.139442142756553   0.309726326870999   -0.0615272215913509   -0.0481096254312434   0
0.220842477769445   0.386313221547617   0.0814003350128926   0.0765868946766179   0
0.216183923559284   0.394247543856793   -0.00465855421016104   0.00793432230917657   0
0.200559577495804   0.381242538032287   -0.0156243460634806   -0.0130050058245061   0
0.268362078465102   0.448121269026083   0.0678025009692984   0.0668787309937962   0
0.236404202433748   0.411976847425832   -0.0319578760313537   -0.0361444216002516   0
0.271238003178566   0.465963485022492   0.0348338007448173   0.0539866375966602   0
0.28037688321091   0.470043609615323   0.00913888003234392   0.00408012459283091   0
0.2183572681075   0.406400222373479   -0.0620196151034094   -0.0636433872418442   0
0.254121095384163   0.434185712358621   0.0357638272766626   0.0277854899851427   0
0.234825373859122   0.428216128662424   -0.0192957215250406   -0.00596958369619749   0
0.223940520979568   0.402477090506971   -0.0108848528795544   -0.0257390381554531   0
0.259930925161678   0.430383263336454   0.0359904041821102   0.0279061728294836   0
0.210504526053769   0.365443249852853   -0.0494263991079088   -0.064940013483601   0
0.252240945042536   0.425541250212898   0.041736418988767   0.060098000360045   0
0.231871022051575   0.402200545053127   -0.0203699229909611   -0.0233407051597719   0
0.249781071969497   0.423348169974283   0.0179100499179214   0.0211476249211564   0
0.244305277796243   0.421830941432695   -0.00547579417325372   -0.00151722854158803   0
0.248834011760397   0.447161052892643   0.00452873396415374   0.025330111459948   0
0.250768149550164   0.451289816547395   0.00193413778976712   0.00412876365475251   0
0.254807457879293   0.495708461713806   0.00403930832912969   0.044418645166411   0
0.236796856034344   0.454813540055608   -0.0180106018449488   -0.0408949216581987   0
0.283566149098066   0.51299973876704   0.0467692930637217   0.0581861987114326   0
0.242988045020568   0.445036365286177   -0.040578104077498   -0.0679633734808632   0
0.207640032400375   0.392421535445548   -0.0353480126201928   -0.0526148298406291   0
0.282944868203166   0.461373215612867   0.0753048358027907   0.0689516801673189   0
0.209179298838196   0.38857598484555   -0.0737655693649696   -0.0727972307673165   0
0.308569109984454   0.458590238491929   0.0993898111462574   0.0700142536463786   0
0.185526160755818   0.454593303745293   -0.123042949228636   -0.00399693474663643   0
0.144017179849721   0.400817141409058   -0.0415089809060975   -0.0537761623362343   0
0.107258799098594   0.323475558295206   -0.0367583807511272   -0.0773415831138519   0
0.192805563769232   0.349504550314754   0.0855467646706387   0.0260289920195477   0
0.208991613953506   0.366995980679966   0.016186050184274   0.0174914303652122   0
0.192086795801106   0.318791446686038   -0.0169048181524002   -0.048204533993928   0
0.263960825928893   0.386091147862743   0.071874030127787   0.0672997011767049   0
0.170732778497464   0.286886847429274   -0.0932280474314291   -0.0992043004334693   0
0.161419529807997   0.265938816708638   -0.00931324868946695   -0.0209480307206362   0
0.17690371034958   0.282600668971478   0.0154841805415834   0.0166618522628405   0
0.220324332817732   0.3577612746725   0.043420622468152   0.0751606057010222   0
0.170032747225596   0.309927259203061   -0.0502915855921365   -0.0478340154694397   0
0.212728274197967   0.368334531654011   0.0426955269723716   0.0584072724509502   0
0.154668611094592   0.314473873107593   -0.0580596631033753   -0.0538606585464175   0
0.174856310464753   0.348665717374998   0.020187699370161   0.034191844267405   0
0.164137069845485   0.329579007297952   -0.0107192406192685   -0.019086710077046   0
0.187382982496722   0.35739508983574   0.0232459126512375   0.0278160825377875   0
0.240479574316639   0.410361665345917   0.0530965918199171   0.0529665755101775   0
0.200852630355779   0.360007580358462   -0.0396269439608607   -0.0503540849874552   0
0.262189404131198   0.420671419491481   0.061336773775419   0.060663839133019   0
0.179047489449425   0.347540780246716   -0.0831419146817724   -0.0731306392447648   0
0.170839966859154   0.32213044507372   -0.0082075225902713   -0.0254103351729962   0
0.191788966592301   0.386344132007756   0.0209489997331467   0.0642136869340358   0
0.164782016476581   0.348483917860486   -0.0270069501157197   -0.0378602141472703   0
0.184583433546245   0.363246619261719   0.0198014170696638   0.0147627014012331   0
0.189254113817549   0.381821692357445   0.00467068027130466   0.0185750730957261   0
0.135268923940139   0.33227458746275   -0.0539851898774104   -0.0495471048946944   0
0.186025005939537   0.383385721432376   0.0507560819993983   0.0511111339696255   0
0.120648081118319   0.289349031225882   -0.0653769248212182   -0.094036690206494   0
0.209895683295142   0.333095768073293   0.0892476021768232   0.0437467368474114   0
0.10000534265336   0.278215228070307   -0.109890340641783   -0.0548805400029866   0
0.207613089193565   0.390928069297413   0.107607746540206   0.112712841227106   0
0.192954948754265   0.364635304213577   -0.0146581404393   -0.0262927650838361   0
0.253406205659129   0.455011278600639   0.0604512569048632   0.0903759743870621   0
0.193766785566402   0.395336045264733   -0.0596394200927263   -0.0596752333359059   0
0.174211267696809   0.379680146302888   -0.0195555178695932   -0.015655898961845   0
0.198920306023508   0.412216371141273   0.0247090383266986   0.0325362248383851   0
0.183095070729276   0.377960365347847   -0.015825235294232   -0.0342560057934262   0
0.201221674443318   0.409061496577944   0.0181266037140422   0.0311011312300972   0
0.217941012948831   0.426791730891853   0.0167193385055128   0.0177302343139086   0
0.194917820684311   0.401067941287501   -0.0230231922645193   -0.025723789604352   0
0.235695499624042   0.446123463387708   0.0407776789397308   0.0450555221002071   0
0.188354433206705   0.399150703682735   -0.0473410664173377   -0.0469727597049733   0
0.201665906957257   0.409116904471666   0.0133114737505529   0.00996620078893123   0
0.231757452030948   0.441311759836502   0.0300915450736907   0.0321948553648364   0
0.198839169647697   0.410894223806663   -0.0329182823832509   -0.0304175360298391   0
0.234953829591361   0.453632679522488   0.0361146599436639   0.0427384557158245   0
0.2228151112209   0.439440609300627   -0.012138718370461   -0.0141920702218606   0
0.207906088703042   0.41794573838277   -0.0149090225178579   -0.0214948709178573   0
0.254933019621991   0.464162520736637   0.0470269309189483   0.0462167823538674   0
0.172070373831467   0.385535487566783   -0.0828626457905232   -0.0786270331698536   0
0.265829641198516   0.481396382626926   0.0937592673670491   0.0958608950601425   0
0.220632741144746   0.437406846327682   -0.04519690005377   -0.0439895362992435   0
0.226758978517797   0.442734655819897   0.00612623737305096   0.00532780949221495   0
0.263658964089231   0.489060736304401   0.0368999855714334   0.0463260804845042   0
0.199738937783061   0.419023953791254   -0.06392002630617   -0.0700367825131477   0
0.275601919950391   0.511905623481585   0.0758629821673304   0.0928816696903308   0
0.192798673428394   0.42417344383417   -0.0828032465219972   -0.0877321796474149   0
0.242154617487562   0.451681756343592   0.0493559440591675   0.0275083125094225   0
0.221189656412707   0.443331707806829   -0.0209649610748549   -0.00835004853676352   0
0.232540051266221   0.469622244566365   0.011350394853514   0.0262905367595364   0
0.2187608348443   0.448709514012201   -0.0137792164219203   -0.020912730554164   0
0.228476447618643   0.458665928918439   0.00971561277434252   0.009956414906238   0
0.255160474504111   0.482010207910458   0.0266840268854685   0.0233442789920187   0
0.207417862734773   0.436636868442876   -0.0477426117693385   -0.0453733394675821   0
0.266380799305984   0.495654651577791   0.0589629365712109   0.0590177831349152   0
0.188506639555873   0.413386918189936   -0.0778741597501113   -0.0822677333878544   0
0.213273019568014   0.437267775012448   0.0247663800121415   0.0238808568225117   0
0.221945845292838   0.458715383716737   0.00867282572482422   0.021447608704289   0
0.175549248916289   0.404051865827148   -0.0463965963765495   -0.0546635178895893   0
0.251942612895426   0.481354693246161   0.0763933639791377   0.077302827419013   0
0.185788119773448   0.402482594090137   -0.0661544931219787   -0.0788720991560237   0
0.246043002704143   0.461260274521214   0.0602548829306956   0.0587776804310772   0
0.204777278100279   0.420511368614722   -0.0412657246038645   -0.0407489059064918   0
0.24912462920278   0.476208841743427   0.0443473511025011   0.0556974731287047   0
0.249225605212735   0.486249285775092   0.000100976009955317   0.010040444031665   0
0.190727993128139   0.417221210803201   -0.0584976120845962   -0.0690280749718916   0
0.282553388618067   0.47973889912304   0.0918253954899282   0.0625176883198394   0
0.189066874726111   0.424867423249693   -0.093486513891956   -0.0548714758733473   0
0.264244790387406   0.489340575621378   0.0751779156612949   0.0644731523716852   0
0.156504365636488   0.366600184024035   -0.107740424750918   -0.122740391597343   0
0.249214352099676   0.439174458964906   0.0927099864631885   0.0725742749408713   0
0.179102840419532   0.394595096043539   -0.0701115116801447   -0.0445793629213678   0
0.246427901454982   0.452728416044805   0.0673250610354504   0.0581333200012663   0
0.155157417603947   0.373089123677767   -0.0912704838510356   -0.0796392923670384   0
0.239298381629264   0.44764928901133   0.0841409640253179   0.0745601653335636   0
0.15528155410468   0.366236317724858   -0.0840168275245848   -0.0814129712864717   0
0.260577518917724   0.466065922998473   0.105295964813045   0.0998296052736147   0
0.181438446473801   0.406882955737025   -0.0791390724439235   -0.0591829672614478   0
0.242822409897545   0.462831857918298   0.0613839634237441   0.055948902181273   0
0.180862172674267   0.409564152572536   -0.0619602372232778   -0.0532677053457629   0
0.229911581661569   0.457840044531641   0.0490494089873014   0.0482758919591056   0
0.172906779975183   0.419344816307728   -0.0570048016863853   -0.0384952282239132   0
0.244350996412511   0.479062725064091   0.071444216437328   0.0597179087563628   0
0.188546885239905   0.449222635928965   -0.0558041111726059   -0.0298400891351256   0
0.182717153677068   0.435368228875696   -0.00582973156283773   -0.0138544070532695   0
0.249840158121658   0.506048292150463   0.06712300444459   0.0706800632747675   0
0.2195300469472   0.473036137519707   -0.0303101111744581   -0.0330121546307566   0
0.234753623942777   0.485755280059235   0.0152235769955777   0.0127191425395279   0
0.246048072453487   0.502329571680785   0.0112944485107094   0.0165742916215499   0
0.156804709148678   0.43166714572986   -0.0892433633048086   -0.070662425950925   0
0.198721184279721   0.414372243305377   0.0419164751310423   -0.0172949024244825   0
0.139172894014052   0.382837478230371   -0.0595482902656689   -0.0315347650750058   0
0.191379620534384   0.415196808851929   0.0522067265203327   0.0323593306215578   0
0.151674963851744   0.372272446564526   -0.0397046566826402   -0.0429243622874035   0
0.117215801442657   0.313735516972227   -0.0344591624090875   -0.0585369295922988   0
0.243339184431167   0.43380281717264   0.12612338298851   0.120067300200413   0
0.261004561918397   0.419813692071227   0.0176653774872304   -0.0139891251014127   0
0.162131865605771   0.330957644499961   -0.0988726963126261   -0.0888560475712662   0
0.0754978680066323   0.291402486620482   -0.0866339975991387   -0.039555157879479   0
0.167916465291878   0.340703946989675   0.0924185972852454   0.0493014603691929   0
0.105349853978239   0.27543161993869   -0.062566611313639   -0.0652723270509848   0
0.146397283335144   0.278028635940499   0.0410474293569056   0.00259701600180906   0
0.190632388943256   0.322563048352427   0.0442351056081118   0.0445344124119281   0
0.155477850241838   0.29979763166916   -0.0351545387014183   -0.0227654166832669   0
0.171567570953605   0.326904200834958   0.0160897207117677   0.0271065691657977   0
0.154201126274914   0.347797217152102   -0.0173664446786917   0.0208930163171435   0
0.140103064800624   0.352540291947021   -0.0140980614742895   0.00474307479491903   0
0.134716456569469   0.351300578023303   -0.00538660823115478   -0.00123971392371791   0
0.122697131425539   0.354250251533179   -0.01201932514393   0.0029496735098764   0
0.148183712006755   0.370935605756925   0.025486580581216   0.0166853542237463   0
0.132364526641096   0.349123109304063   -0.0158191853656596   -0.0218124964528623   0
0.1973061288072   0.420751939823405   0.0649416021661046   0.0716288305193414   0
0.170912100678195   0.395705328309826   -0.0263940281290058   -0.0250466115135787   0
0.191053715367541   0.424412069974635   0.0201416146893462   0.0287067416648095   0
0.187732465883451   0.424662386720483   -0.00332124948409007   0.000250316745847412   0
0.169749331089867   0.40143632274932   -0.017983134793584   -0.0232260639711626   0
0.215003134298877   0.462199106933245   0.0452538032090104   0.0607627841839248   0
0.120945593063927   0.372313812602563   -0.0940575412349499   -0.0898852943306822   0
0.198444376504433   0.420818832663447   0.077498783440506   0.0485050200608844   0
0.123637572628537   0.352879970676219   -0.0748068038758963   -0.0679388619872286   0
