1.4210855e-14   0   0   0   0
0.054314117421368   0.043934576702097   0.0543141174213538   0.043934576702097   0
0.032734121224908   0.0493481019309546   -0.02157999619646   0.00541352522885764   0
0.089834224543004   0.0749596887113883   0.057100103318096   0.0256115867804337   0
0.202419737436187   0.155989626639267   0.112585512893183   0.0810299379278783   0
0.239895515474329   0.149738902984792   0.0374757780381425   -0.00625072365447427   0
0.237962205736325   0.131964360928561   -0.00193330973800446   -0.0177745420562316   0
0.224340367605867   0.134256548580267   -0.013621838130458   0.002292187651706   0
0.212414861120711   0.100135906877768   -0.0119255064851562   -0.0341206417024986   0
0.196895780609327   0.0879692632288333   -0.0155190805113835   -0.0121666436489348   0
0.18590455966569   0.0828625302227494   -0.0109912209436373   -0.00510673300608386   0
0.19045463181285   0.120389439185621   0.00455007214715977   0.0375269089628719   0
0.191314084970597   0.135538992802824   0.000859453157747103   0.0151495536172023   0
0.193623775471917   0.16361457201621   0.00230969050131988   0.0280755792133867   0
0.158938885978321   0.213020642969114   -0.0346848894935958   0.0494060709529036   0
0.212550907852286   0.219848399062717   0.0536120218739654   0.00682775609360339   0
0.187400380607403   0.251591568098689   -0.0251505272448835   0.0317431690359716   0
0.163606572101721   0.236127515310749   -0.0237938085056817   -0.0154640527879397   0
0.155035214507102   0.216488532879636   -0.00857135759461844   -0.0196389824311136   0
0.16024539734877   0.231604657314554   0.00521018284166744   0.0151161244349184   0
0.173747994910754   0.21191475008097   0.0135025975619846   -0.019689907233584   0
0.172320169647114   0.224902721927415   -0.00142782526364019   0.0129879718464454   0
0.192614738968373   0.293189749626239   0.0202945693212589   0.0682870276988238   0
0.206325217677705   0.274997418996452   0.0137104787093323   -0.0181923306297871   0
0.196087876949582   0.321321707931312   -0.0102373407281233   0.0463242889348603   0
0.227188734298043   0.292967582491665   0.0311008573484607   -0.0283541254396477   0
0.243493839694304   0.252743266403955   0.0163051053962615   -0.0402243160877099   0
0.211689848717735   0.249042791220007   -0.0318039909765696   -0.00370047518394803   0
0.245100928599935   0.259715150033166   0.0334110798822006   0.010672358813159   0
0.193037008265852   0.275710511443682   -0.0520639203340831   0.0159953614105165   0
0.187415931179076   0.27320267151211   -0.00562107708677606   -0.00250783993157228   0
0.199959477258253   0.237916840044332   0.0125435460791767   -0.0352858314677778   0
0.251795479737962   0.21581716866724   0.0518360024797086   -0.0220996713770921   0
0.379088830263837   0.237344054764161   0.127293350525875   0.0215268860969209   0
0.415217404393535   0.211022402250057   0.0361285741296979   -0.0263216525141037   0
0.361892691772875   0.23028539605151   -0.05332471262066   0.0192629938014522   0
0.437396759823406   0.141120939157245   0.0755040680505312   -0.0891644568942644   0
0.403923737670416   0.162542702962835   -0.0334730221529898   0.0214217638055899   0
0.388040023932826   0.188563571186674   -0.0158837137375898   0.0260208682238391   0
0.383142534153339   0.202675483047523   -0.00489748977948679   0.0141119118608486   0
0.408631655373126   0.223954429269579   0.0254891212197867   0.0212789462220564   0
0.38257228712287   0.216863177124271   -0.0260593682502562   -0.00709125214530842   0
0.352303548631274   0.183748207992189   -0.0302687384915958   -0.0331149691320823   0
0.344151136817846   0.193937614698478   -0.00815241181342824   0.0101894067062898   0
0.312951975305753   0.222660154296835   -0.0311991615120925   0.0287225395983566   0
0.31177923981972   0.217782687043305   -0.00117273548603303   -0.00487746725353003   0
0.333760204984349   0.27978643835592   0.0219809651646282   0.0620037513126146   0
0.323501539353376   0.319551819198294   -0.0102586656309723   0.0397653808423747   0
0.300074312695279   0.353266939099767   -0.0234272266580969   0.0337151199014725   0
0.31947445926149   0.354794825470256   0.0194001465662109   0.00152788637048895   0
0.319697585636302   0.338142487552528   0.000223126374811811   -0.0166523379177281   0
0.316001973695048   0.344288411342632   -0.00369561194125395   0.00614592379010415   0
0.321611724591696   0.339384553425006   0.00560975089664817   -0.00490385791762632   0
0.311043932509404   0.376358148142378   -0.0105677920822919   0.0369735947173725   0
0.313099817971195   0.426080334935403   0.00205588546179086   0.0497221867930249   0
0.351357271472198   0.450055472563569   0.0382574535010026   0.0239751376281656   0
0.322466449821174   0.54447056625561   -0.0288908216510238   0.0944150936920414   0
0.394740916323486   0.534503660589896   0.072274466502312   -0.00996690566571379   0
0.317534516001558   0.496803761058541   -0.0772064003219285   -0.0376998995313551   0
0.390616775444399   0.501613378690553   0.0730822594428419   0.00480961763201188   0
0.312048445970525   0.481621828406807   -0.0785683294738749   -0.0199915502837462   0
0.399980124758735   0.508427832973198   0.0879316787882104   0.0268060045663914   0
0.312493475678953   0.527698509568853   -0.087486649079782   0.0192706765956552   0
0.391225319229029   0.533057857187624   0.0787318435500763   0.00535934761877077   0
0.31920467872157   0.520617568020098   -0.0720206405074594   -0.012440289167526   0
0.373408074803973   0.492341544043135   0.0542033960824034   -0.0282760239769628   0
0.305862236622361   0.434431017164793   -0.0675458381816121   -0.0579105268783424   0
0.368323255537772   0.459724713695553   0.0624610189154109   0.0252936965307595   0
0.306593853930915   0.439229929611723   -0.061729401606857   -0.0204947840838297   0
0.355553110119283   0.461911519827564   0.048959256188368   0.0226815902158414   0
0.28560540700417   0.499433257594835   -0.0699477031151127   0.037521737767271   0
0.325740090221234   0.483944876640382   0.0401346832170641   -0.0154883809544532   0
0.318910133520651   0.529676089584857   -0.00682995670058323   0.0457312129444749   0
0.373339235768671   0.542481924873769   0.0544291022480201   0.0128058352889122   0
0.246712953001518   0.435408737611263   -0.126626282767153   -0.107073187262506   0
0.293117990772456   0.427567415101331   0.0464050377709374   -0.00784132250993236   0
0.243513679115122   0.393645312713745   -0.0496043116573342   -0.0339221023875853   0
0.369542197330851   0.393306490707992   0.126028518215729   -0.000338822005753192   0
0.291352226693545   0.40639273435236   -0.078189970637306   0.0130862436443681   0
0.37302338393179   0.394769067622327   0.081671157238245   -0.0116236667300332   0
0.333936356621864   0.470613523932376   -0.0390870273099252   0.0758444563100493   0
0.414131622228599   0.451924127320271   0.0801952656067348   -0.0186893966121053   0
0.326550064043093   0.436971881534604   -0.0875815581855063   -0.0149522457856671   0
0.423608473261415   0.453994890854882   0.0970584092183215   0.0170230093202778   0
0.328544332912485   0.421649521835503   -0.0950641403489293   -0.0323453690193786   0
0.415233310976593   0.43814225489384   0.0866889780641077   0.0164927330583368   0
0.34093985455938   0.442643841905951   -0.0742934564172133   0.00450158701211056   0
0.4246035480604   0.498440043417922   0.0836636935010207   0.0557962015119712   0
0.357497038816412   0.477456768108928   -0.0671065092439883   -0.0209832753089938   0
0.552668337083582   0.548132574295187   0.19517129826717   0.0706758061862595   0
0.39003575796229   0.494022163344931   -0.162632579121292   -0.0541104109502565   0
0.371710219946623   0.455534711728596   -0.0183255380156668   -0.0384874516163345   0
0.396663247537647   0.476520101674881   0.0249530275910242   0.0209853899462846   0
0.358245161867517   0.44878559039614   -0.0384180856701302   -0.027734511278741   0
0.444689181016895   0.503896227862514   0.086444019149378   0.0551106374663736   0
0.405581971112679   0.496626636864499   -0.0391072099042161   -0.00726959099801466   0
0.483685200899648   0.544741866775755   0.0781032297869685   0.0481152299112561   0
0.450509608116237   0.550254212281786   -0.0331755927834108   0.0055123455060313   0
0.434432294440323   0.528244324594018   -0.0160773136759142   -0.0220098876877687   0
0.427266390777892   0.532243149955411   -0.00716590366243097   0.00399882536139284   0
0.455560842982277   0.520729608850412   0.0282944522043848   -0.0115135411049984   0
0.397850278372053   0.50908204034434   -0.0577105646102241   -0.0116475685060722   0
0.431884847526195   0.546969130370882   0.0340345691541423   0.0378870900265421   0
0.467487450885122   0.519471520893531   0.0356026033589272   -0.0274976094773511   0
0.420983198617247   0.534910346833099   -0.046504252267875   0.0154388259395679   0
0.47443905710458   0.521172903146368   0.0534558584873329   -0.0137374436867306   0
0.386510499373409   0.487781804728077   -0.0879285577311709   -0.0333910984182916   0
0.459032030664791   0.512960614608891   0.0725215312913822   0.0251788098808146   0
0.404980690469674   0.492159976084985   -0.0540513401951177   -0.0208006385239065   0
0.493192295483112   0.520226535929272   0.0882116050134388   0.0280665598442869   0
0.398863438900956   0.509140048150294   -0.0943288565821567   -0.011086487778978   0
0.474167502068253   0.494288469834069   0.0753040631672977   -0.0148515783162247   0
0.376450015685639   0.50403329591069   -0.0977174863826145   0.00974482607662136   0
0.460168328964634   0.516614206078374   0.0837183132789951   0.0125809101676839   0
0.421785886570454   0.485655341963289   -0.0383824423941801   -0.0309588641150848   0
0.469495190026305   0.526767557928854   0.0477093034558509   0.0411122159655646   0
0.457042443769665   0.487393584133761   -0.0124527462566396   -0.0393739737950935   0
0.471631197076634   0.494517158833805   0.0145887533069691   0.00712357470004421   0
0.415046251569956   0.470851482296691   -0.0565849455066782   -0.0236656765371141   0
0.398255398307568   0.492403713479256   -0.0167908532623879   0.0215522311825651   0
0.454995136297377   0.534983105897355   0.0567397379898092   0.0425793924180993   0
0.4001759000149   0.517197045364585   -0.0548192362824778   -0.0177860605327705   0
0.45131935112072   0.517153166935099   0.05114345110582   -4.3878429485944e-05   0
0.401501788694521   0.498385735087849   -0.0498175624261989   -0.0187674318472493   0
0.414199539454112   0.514404754900693   0.0126977507595915   0.0160190198128439   0
0.4216985630167   0.516635290293561   0.0074990235625878   0.00223053539286744   0
0.377599196362806   0.512147671623625   -0.0440993666538943   -0.00448761866993563   0
0.464332193430595   0.517122127048329   0.0867329970677895   0.00497445542470376   0
0.373724755188768   0.515062416535579   -0.090607438241827   -0.00205971051274945   0
0.466414760842359   0.531250289671654   0.092690005653591   0.0161878731360744   0
0.363548956714095   0.508676679887153   -0.102865804128264   -0.022573609784501   0
0.511165455032174   0.548806220592721   0.147616498318079   0.0401295407055683   0
0.436432429686906   0.542510669858912   -0.0747330253452682   -0.00629555073380894   0
0.349763869855694   0.511633436677775   -0.0866685598312124   -0.0308772331811374   0
0.445381196263597   0.542391910197891   0.0956173264079029   0.0307584735201163   0
0.486204854893587   0.564278135968226   0.0408236586299905   0.0218862257703346   0
0.451340773393672   0.571867332863744   -0.034864081499915   0.00758919689551862   0
0.504180512020508   0.593799883103628   0.0528397386268353   0.0219325502398838   0
0.511150856089444   0.564346807262596   0.00697034406893693   -0.0294530758410317   0
0.428800568189593   0.554825052979989   -0.0823502878998514   -0.00952175428260715   0
0.524310282778204   0.56294945676929   0.0955097145886112   0.00812440378930113   0
0.417902059464144   0.55284304972597   -0.10640822331406   -0.0101064070433206   0
0.50250024850553   0.61724709845554   0.0845981890413857   0.0644040487295707   0
0.447744130660299   0.590312075292045   -0.0547561178452312   -0.0269350231634952   0
0.513395788059374   0.619224280989933   0.0656516573990755   0.0289122056978873   0
0.564797494507152   0.627861920785683   0.051401706447778   0.00863763979575016   0
0.4322810591213   0.610567658593033   -0.132516435385852   -0.01729426219265   0
0.473952631923126   0.575913048494588   0.0416715728018267   -0.0346546100984445   0
0.435977838355219   0.538044667501653   -0.0379747935679075   -0.0378683809929352   0
0.456872122913945   0.51971043072852   0.0208942845587259   -0.0183342367731334   0
0.40525964627234   0.545916701246888   -0.0516124766416048   0.0262062705183683   0
0.470812821188771   0.550921602984791   0.0655531749164313   0.00500490173790258   0
0.370699102273356   0.497742640346878   -0.100113718915415   -0.0531789626379127   0
0.421287234425184   0.447367599317505   0.0505881321518274   -0.0503750410293728   0
0.301522372054497   0.403594555368998   -0.119764862370687   -0.0437730439485072   0
0.371871222741793   0.431057630515412   0.0703488506872959   0.0274630751464139   0
0.314759774896622   0.410044012561442   -0.0571114478451707   -0.0210136179539694   0
0.375009563857972   0.420817253050958   0.0602497889613499   0.0107732404895158   0
0.330959518890254   0.445359343512598   -0.0440500449677175   0.0245420904616395   0
0.378847110617286   0.475706220804201   0.0478875917270316   0.0303468772916037   0
0.382562235463662   0.507925335195518   0.00371512484637604   0.032219114391317   0
0.406046250271222   0.491600977796633   0.02348401480756   -0.0163243573988854   0
0.320651346761347   0.420474907906526   -0.0853949035098751   -0.0711260698901067   0
0.373199366399874   0.445460466839131   0.0525480196385273   0.024985558932605   0
0.341494808710598   0.449880819150517   -0.0317045576892764   0.00442035231138527   0
0.330751583231135   0.427718599671971   -0.0107432254794624   -0.0221622194785457   0
0.34356192595965   0.447559957026571   0.0128103427285146   0.0198413573546002   0
0.332410654925398   0.469031354088928   -0.0111512710342522   0.0214713970623575   0
0.388491124273748   0.487999111023127   0.0560804693483506   0.0189677569341982   0
0.308400301914342   0.480864066145274   -0.0800908223594066   -0.00713504487785244   0
0.364268448105977   0.4803315189011   0.0558681461916351   -0.000532547244174564   0
0.2560902546636   0.485265031898559   -0.108178193442377   0.00493351299745937   0
0.230911237410989   0.394051542603958   -0.0251790172526114   -0.0912134892946012   0
0.300223379515736   0.368906367412235   0.0693121421047473   -0.0251451751917229   0
0.356304179062151   0.402980775017173   0.0560807995464148   0.0340744076049381   0
0.324572543843896   0.399294606989412   -0.0317316352182545   -0.00368616802776062   0
0.35939768527253   0.432995659052492   0.0348251414286341   0.03370105206308   0
0.309753000906905   0.443053396318024   -0.0496446843656258   0.0100577372655312   0
0.325090397180662   0.448457893960884   0.0153373962737569   0.00540449764286027   0
0.249354328395727   0.425990102443376   -0.0757360687849341   -0.0224677915175077   0
0.302499048684884   0.450371781703314   0.0531447202891569   0.0243816792599377   0
0.271367754350391   0.440316542211039   -0.0311312943344932   -0.0100552394922747   0
0.310997885836748   0.45536921998166   0.0396301314863573   0.0150526777706211   0
0.343730542392871   0.445944343444595   0.0327326565561224   -0.00942487653706559   0
0.334303578576376   0.47445517979399   -0.00942696381649527   0.0285108363493953   0
0.354458954334994   0.413879675698003   0.0201553757586183   -0.0605755040959873   0
0.30922865363529   0.412396980743025   -0.0452303006997035   -0.00148269495497766   0
0.299939724205698   0.414061674091165   -0.00928892942959197   0.00166469334814007   0
0.342573753280269   0.447377637337089   0.042634029074571   0.033315963245924   0
0.298643434900627   0.448251988000995   -0.0439303183796423   0.000874350663905787   0
0.285194845480554   0.469897583805403   -0.0134485894200727   0.0216455958044078   0
0.27580263929985   0.448304458488927   -0.00939220618070469   -0.0215931253164761   0
0.295253783211829   0.47232080824273   0.0194511439119793   0.0240163497538032   0
0.321079323436759   0.435360940230077   0.0258255402249302   -0.0369598680126529   0
0.339266121261678   0.440588227417272   0.018186797824919   0.00522728718719534   0
0.318668944919949   0.439850321368433   -0.0205971763417297   -0.000737906048839387   0
0.355530767355233   0.44992377446778   0.0368618224352841   0.0100734530993467   0
0.29412391272378   0.457145729239383   -0.0614068546314522   0.00722195477160364   0
0.335383258547782   0.470073636773645   0.0412593458240019   0.0129279075342615   0
0.317979764403467   0.453752030811188   -0.0174034941443157   -0.0163216059624563   0
0.362238498839278   0.510786455511037   0.0442587344358118   0.0570344246998488   0
0.313041655986758   0.510120659265066   -0.0491968428525207   -0.000665796245970851   0
0.368677000543761   0.51847501594669   0.0556353445570036   0.00835435668162332   0
0.342969629641092   0.515703008193611   -0.0257073709026692   -0.0027720077530784   0
0.409412581973684   0.53874170212334   0.066442952332592   0.0230386939297287   0
0.293719271121388   0.507258979748094   -0.115693310852296   -0.0314827223752463   0
0.342899501067686   0.528106375958561   0.0491802299462985   0.0208473962104673   0
0.338082036463741   0.507724933034695   -0.00481746460394505   -0.0203814429238662   0
0.366180822779674   0.510036865463656   0.0280987863159324   0.00231193242896111   0
0.474256768913289   0.528529890056096   0.108075946133616   0.0184930245924398   0
0.354217818360495   0.521887777639676   -0.120038950552794   -0.00664211241641965   0
0.302549068534015   0.454113444362764   -0.0516687498264807   -0.0677743332769122   0
0.329092693153959   0.437969883113213   0.0265436246199442   -0.0161435612495512   0
0.350514960057565   0.436714738198514   0.0214222669036065   -0.00125514491469858   0
0.273960056231829   0.504200387203467   -0.0765549038257365   0.0674856490049529   0
0.381052944559021   0.54390585635044   0.107092888327192   0.0397054691469725   0
0.304046504220243   0.555454845266576   -0.0770064403387786   0.0115489889161369   0
0.416103296051864   0.566702623590853   0.112056791831622   0.0112477783242769   0
0.354532672040862   0.538677824198647   -0.0615706240110023   -0.0280247993922067   0
0.347564753941301   0.537371467648993   -0.00696791809956121   -0.00130635654965394   0
0.380906616142345   0.532642966315155   0.0333418622010437   -0.00472850133383795   0
0.31318584214139   0.535026221032642   -0.0677207740009543   0.00238325471748746   0
0.373057290687743   0.583824114588456   0.059871448546353   0.0487978935558141   0
0.300749021878338   0.555968914227861   -0.0723082688094047   -0.0278552003605951   0
0.364356218731446   0.547087502754686   0.0636071968531078   -0.00888141147317512   0
0.313628533403717   0.538600147211443   -0.0507276853277288   -0.00848735554324309   0
0.383164404413139   0.514535011086028   0.069535871009422   -0.0240651361254152   0
0.321039686780039   0.501659695764635   -0.0621247176331002   -0.012875315321393   0
0.412544726054966   0.512415867395738   0.0915050392749265   0.0107561716311028   0
0.28658756606131   0.5006330297732   -0.125957159993656   -0.0117828376225377   0
0.385848890482568   0.507724591224293   0.0992613244212584   0.00709156145109302   0
