0   0   0   0   0
0.0981358128143661   0.0212721770362763   0.0981358128143661   0.0212721770362763   0
0.0290634365927122   0.0291879775605219   -0.0690723762216539   0.00791580052424564   0
0.0145752152208983   0.046588207244138   -0.0144882213718139   0.0174002296836161   0
0.100002609886878   0.127741511725864   0.08542739466598   0.0811533044817264   0
0.0938280593302191   0.0837909605018134   -0.00617455055665923   -0.043950551224051   0
0.052863331608545   0.160200361166282   -0.0409647277216741   0.0764094006644686   0
0.125436033546775   0.083113976796114   0.0725727019382302   -0.0770863843701681   0
0.102919420690864   0.116551731385084   -0.0225166128559113   0.0334377545889702   0
0.0913814430189795   0.142770306193165   -0.0115379776718844   0.0262185748080808   0
0.213784991197087   0.0695945956738933   0.122403548178108   -0.0731757105192717   0
0.22179534532248   0.179696999608004   0.00801035412539294   0.11010240393411   0
0.389130338721641   0.0700776135934171   0.167334993399161   -0.109619386014586   0
0.352645935900753   0.14769632166753   -0.0364844028208885   0.0776187080741126   0
0.419386751765624   0.100801277286696   0.0667408158648712   -0.0468950443808333   0
0.429700367814439   0.106175195973583   0.0103136160488155   0.00537391868688654   0
0.36478446411054   0.160223220347039   -0.0649159037038999   0.0540480243734557   0
0.419381842636967   0.113899193414221   0.0545973785264278   -0.0463240269328176   0
0.383908652064648   0.15600657758329   -0.0354731905723195   0.0421073841690685   0
0.374720516979717   0.185514409310794   -0.00918813508493105   0.0295078317275047   0
0.442945718876573   0.162412859757016   0.0682252018968567   -0.0231015495537779   0
0.234604602624842   0.205793513190826   -0.208341116251731   0.0433806534338092   0
0.37541101159713   0.145267748970211   0.140806408972288   -0.0605257642206149   0
0.298987071634228   0.197194905264253   -0.076423939962902   0.051927156294042   0
0.288409342302496   0.170256349148458   -0.0105777293317322   -0.0269385561157944   0
0.309899757184601   0.165102876677259   0.0214904148821055   -0.00515347247119952   0
0.270857098463688   0.216289716901454   -0.0390426587209131   0.051186840224195   0
0.418899318744923   0.191664114249337   0.148042220281235   -0.0246256026521172   0
0.301652715180099   0.223104768752251   -0.117246603564824   0.0314406545029147   0
0.308771288825625   0.235914598128638   0.00711857364552593   0.0128098293763865   0
0.387734820001563   0.213865607194215   0.078963531175938   -0.0220489909344232   0
0.2599256584755   0.293303751392691   -0.127809161526063   0.0794381441984764   0
0.260761558357726   0.212603632506274   0.000835899882226265   -0.0807001188864173   0
0.247921700061368   0.266676105467778   -0.012839858296358   0.0540724729615047   0
0.303713573614037   0.209954635554565   0.0557918735526693   -0.0567214699132139   0
0.299043213117467   0.222711249675698   -0.00467036049657055   0.0127566141211331   0
0.263245425724222   0.218732787632359   -0.0357977873932445   -0.00397846204333877   0
0.291252623452745   0.252049319969673   0.0280071977285234   0.0333165323373139   0
0.238909096660076   0.289082631254994   -0.0523435267926697   0.0370333112853209   0
0.217875781590795   0.399986399243764   -0.021033315069281   0.11090376798877   0
0.53791108971938   0.845897248411199   0.320035308128585   0.445910849167435   0
0.601814579303833   0.876941819273051   0.0639034895844528   0.031044570861852   0
0.533077053187274   0.841236156275959   -0.0687375261165591   -0.0357056629970917   0
0.698162086673193   0.95900018697553   0.165085033485919   0.117764030699571   0
0.639694415089697   0.942247384731167   -0.0584676715834962   -0.016752802244363   0
0.692363628362202   0.997279443602356   0.0526692132725051   0.0550320588711893   0
0.621656606493131   0.974073152984435   -0.0707070218690706   -0.023206290617921   0
0.561450837900904   0.921144348103079   -0.0602057685922268   -0.0529288048813568   0
0.6838818404502   0.970301520781935   0.122431002549296   0.0491571726788563   0
0.545192341058129   0.91011215310365   -0.138689499392071   -0.0601893676782851   0
0.710001926415304   0.985362600508271   0.164809585357175   0.0752504474046207   0
0.539076769848711   0.903280730641509   -0.170925156566593   -0.0820818698667618   0
0.680518132377329   0.947835031526305   0.141441362528618   0.0445543008847964   0
0.466711030504587   0.871813396417712   -0.213807101872742   -0.0760216351085928   0
0.522860724839124   0.880779809168239   0.0561496943345363   0.00896641275052612   0
0.385080908493967   0.814421137034271   -0.137779816345157   -0.0663586721339678   0
0.461160705659995   0.850824925159526   0.076079797166028   0.0364037881252554   0
0.473011351138983   0.845861576039888   0.0118506454789881   -0.00496334911963781   0
0.427309197126749   0.828052271163582   -0.0457021540122335   -0.0178093048763058   0
0.512480489953675   0.85964182365863   0.0851712928269261   0.0315895524950477   0
0.39767771549267   0.818821247090421   -0.114802774461006   -0.0408205765682094   0
0.473601610144708   0.855234232092298   0.0759238946520389   0.0364129850018777   0
0.379943098384842   0.815483252931006   -0.0936585117598668   -0.0397509791612928   0
0.536757473063268   0.80876201186392   0.156814374678426   -0.00672124106708538   0
0.397441086691102   0.789947786070525   -0.139316386372166   -0.0188142257933952   0
0.456670394658235   0.830373708191868   0.0592293079671333   0.0404259221213428   0
0.45961094096452   0.818207360901585   0.00294054630628499   -0.0121663472902827   0
0.407404238148872   0.813748941726503   -0.0522067028156479   -0.00445841917508205   0
0.484257979688837   0.847594284872399   0.0768537415399652   0.0338453431458954   0
0.375411382190594   0.826040948667688   -0.108846597498243   -0.0215533362047109   0
0.466374616167988   0.85928283896283   0.090963233977394   0.0332418902951425   0
0.356142511322692   0.81003823950653   -0.110232104845296   -0.0492445994563006   0
0.494531766377251   0.880399217175955   0.138389255054559   0.0703609776694257   0
0.40878893878173   0.86486668590188   -0.0857428275955206   -0.0155325312740757   0
0.435403790969758   0.876299039203589   0.0266148521880277   0.0114323533017093   0
0.475560641142049   0.905335347429904   0.0401568501722914   0.0290363082263146   0
0.490563429915188   0.916405056023484   0.0150027887731389   0.0110697085935806   0
0.567136503920094   0.964068488511725   0.0765730740049055   0.0476634324882411   0
0.483450208255057   0.93848589102308   -0.0836862956650362   -0.0255825974886454   0
0.571426746963605   0.885157203585832   0.0879765387085479   -0.0533286874372481   0
0.385256583386248   0.80017247252504   -0.186170163577358   -0.0849847310607922   0
0.486750437107117   0.863286784274855   0.101493853720869   0.0631143117498151   0
0.412817272138301   0.804257878410477   -0.0739331649688152   -0.0590289058643771   0
0.494213079670367   0.864108965436385   0.0813958075320651   0.0598510870259076   0
0.484278550363187   0.834490545761273   -0.00993452930717947   -0.0296184196751121   0
0.464361411826039   0.902763125816415   -0.019917138537148   0.0682725800551424   0
0.44752635437469   0.865551137947306   -0.0168350574513496   -0.0372119878691094   0
0.403414170532388   0.860678416999958   -0.044112183842302   -0.00487272094734792   0
0.442664948515906   0.856937368004931   0.0392507779835184   -0.00374104899502659   0
0.386747813763328   0.852364157184655   -0.0559171347525783   -0.00457321082027629   0
0.497453216040294   0.89147885560843   0.110705402276966   0.0391146984237745   0
0.360927914590968   0.829944349297181   -0.136525301449326   -0.0615345063112482   0
0.478899141135644   0.892623428663816   0.117971226544676   0.0626790793666351   0
0.352565483773176   0.846980682563308   -0.126333657362467   -0.0456427461005082   0
0.469631423737669   0.865277959053077   0.117065939964492   0.0182972764897688   0
0.302504905125344   0.813932001150276   -0.167126518612325   -0.0513459579028014   0
0.397341922782404   0.8502975975677   0.0948370176570593   0.0363655964174247   0
0.338356290024051   0.806793501688744   -0.0589856327583527   -0.0435040958789561   0
0.388338665858592   0.844600895015637   0.0499823758345408   0.0378073933268932   0
0.36622959464852   0.797858351182197   -0.0221090712100722   -0.0467425438334406   0
0.368725286976493   0.828736373841278   0.00249569232797348   0.030878022659081   0
0.446735670248176   0.843625249900324   0.0780103832716833   0.0148888760590462   0
0.351891224372789   0.815203958685144   -0.0948444458753876   -0.02842129121518   0
0.450144007000169   0.825765111908584   0.0982527826273806   0.0105611532234396   0
0.311540942377299   0.788897063695767   -0.138603064622871   -0.0368680482128168   0
0.446311503594494   0.840214480314024   0.134770561217195   0.0513174166182573   0
0.34678488355539   0.802495596895463   -0.0995266200391043   -0.0377188834185608   0
0.453216359153561   0.833593356226707   0.106431475598171   0.0310977593312438   0
0.326418062926051   0.760018206442875   -0.12679829622751   -0.0735751497838325   0
0.446746305335403   0.840027372185593   0.120328242409352   0.0800091657427187   0
0.322573956295917   0.787209568057937   -0.124172349039486   -0.0528178041276559   0
0.433970797191472   0.858725416129587   0.111396840895555   0.0715158480716498   0
0.361023482048205   0.81009530526542   -0.0729473151432674   -0.0486301108641669   0
0.397835973827353   0.821377913636232   0.0368124917791475   0.0112826083708116   0
0.378825141772275   0.799867187692724   -0.0190108320550778   -0.0215107259435082   0
0.453511362108454   0.867758301467575   0.0746862203361788   0.0678911137748516   0
0.373335592391136   0.807837138334072   -0.0801757697173174   -0.0599211631335032   0
0.466350723095505   0.864948684145984   0.0930151307043691   0.057111545811912   0
0.371532042381527   0.821358521586903   -0.094818680713978   -0.0435901625590809   0
0.48459463898784   0.893616286638697   0.113062596606313   0.0722577650517942   0
0.396500272372736   0.853211814305892   -0.0880943666151046   -0.0404044723328058   0
0.436651227516599   0.870679313897425   0.0401509551438627   0.017467499591533   0
0.423151595688396   0.820405380127537   -0.0134996318282021   -0.050273933769888   0
0.441602116392243   0.846583475999445   0.0184505207038463   0.0261780958719078   0
0.494100991724678   0.835800066810238   0.0524988753324353   -0.0107834091892064   0
0.436854743806699   0.846979921067185   -0.0572462479179787   0.0111798542569467   0
0.49692845305691   0.83757916586599   0.0600737092502103   -0.00940075520119488   0
0.428921739579508   0.84534384263886   -0.0680067134774018   0.00776467677286985   0
0.516506465044588   0.853204020107683   0.0875847254650798   0.00786017746882295   0
0.459658550894278   0.850671434859364   -0.0568479141503099   -0.00253258524831912   0
0.592606557755388   0.916538951150679   0.13294800686111   0.0658675162913156   0
0.502543807843901   0.879001520031064   -0.0900627499114863   -0.0375374311196156   0
0.639034775449401   0.917873584659667   0.1364909676055   0.0388720646286029   0
0.627364413715022   0.912189671290233   -0.0116703617343785   -0.00568391336943397   0
0.857904858765551   1.07628788129013   0.230540445050528   0.164098209999901   0
0.695687085770918   1.11296027920864   -0.162217772994633   0.0366723979185051   0
0.790467323631176   1.05853976258721   0.0947802378602585   -0.0544205166214278   0
0.779154658425153   1.07505823715339   -0.0113126652060233   0.0165184745661819   0
0.732165886478132   1.03375132557877   -0.0469887719470206   -0.0413069115746216   0
0.802336223502119   1.06926398906414   0.0701703370239862   0.0355126634853702   0
0.674046427646137   1.00607274753684   -0.128289795855981   -0.0631912415273042   0
0.842039123329455   1.03014209778651   0.167992695683318   0.0240693502496729   0
0.680672438685768   0.978690602484498   -0.161366684643687   -0.0514514953020122   0
0.88508784274217   1.01378298035243   0.204415404056402   0.0350923778679286   0
0.811440379862921   1.03357652887898   -0.0736474628792491   0.0197935485265546   0
0.829811044538214   1.0007958797663   0.0183706646752931   -0.0327806491126763   0
0.935335692158606   1.09800956513362   0.105524647620391   0.0972136853673202   0
0.810564559699212   1.02016469352736   -0.124771132459394   -0.0778448716062636   0
0.926501010293594   1.06158803007901   0.115936450594383   0.041423336551653   0
0.850985916245236   1.00565835674608   -0.0755150940483584   -0.0559296733329384   0
0.999122526479988   1.08124163310233   0.148136610234752   0.0755832763562569   0
0.70402009171257   0.98137917829449   -0.295102434767417   -0.0998624548078424   0
0.844234886522884   0.984907764615653   0.140214794810314   0.00352858632116304   0
0.660024922821322   0.882535610460411   -0.184209963701563   -0.102372154155243   0
0.912978699359962   0.971707106153207   0.25295377653864   0.089171495692796   0
0.710219763489194   0.90074348850754   -0.202758935870768   -0.0709636176456668   0
0.835592028623793   0.949282276860733   0.125372265134599   0.0485387883531928   0
0.677640732783546   0.888620677208407   -0.157951295840247   -0.0606615996523253   0
0.842838663315611   0.779692430083963   0.165197930532065   -0.108928247124445   0
0.679127758497323   0.651306753577748   -0.163710904818288   -0.128385676506215   0
0.375002318184102   0.576913017564907   -0.304125440313221   -0.0743937360128406   0
0.525409162000276   0.604591276715387   0.150406843816174   0.0276782591504795   0
0.357804664569874   0.558448364845959   -0.167604497430402   -0.0461429118694278   0
0.522901434950258   0.580418852702043   0.165096770380384   0.021970487856084   0
0.412785108667651   0.554984562829798   -0.110116326282608   -0.0254342898722447   0
0.476096654517863   0.539830665502506   0.0633115458502127   -0.0151538973272924   0
0.429075138799637   0.538808375474614   -0.0470215157182261   -0.00102229002789211   0
0.380740875788234   0.489921928324972   -0.0483342630114028   -0.0488864471496418   0
0.352189149051482   0.480526274115151   -0.0285517267367524   -0.00939565420982136   0
0.253263725067786   0.411683646894826   -0.0989254239836962   -0.0688426272203251   0
0.324142075774806   0.459610819303036   0.0708783507070202   0.0479271724082109   0
0.255410903479795   0.421609552975649   -0.0687311722950107   -0.0380012663273877   0
0.435956135054664   0.506067589712485   0.180545231574869   0.0844580367368358   0
0.299870878515531   0.466994648012739   -0.136085256539134   -0.0390729416997455   0
0.269284693168197   0.450215333967804   -0.0305861853473339   -0.0167793140449355   0
0.436395990629244   0.546562258443641   0.167111297461048   0.0963469244758378   0
0.251389493343337   0.498606815771031   -0.185006497285908   -0.0479554426726104   0
0.45122182537014   0.541862410339164   0.199832332026803   0.0432555945681334   0
0.30859514483557   0.518100108207273   -0.14262668053457   -0.0237623021318915   0
0.457218954370963   0.547718529084235   0.148623809535393   0.0296184208769616   0
0.490194055939555   0.586595233369302   0.0329751015685915   0.0388767042850678   0
0.286051372516184   0.5028299401182   -0.204142683423371   -0.0837652932511022   0
0.501477997887949   0.572531900940173   0.215426625371765   0.0697019608219731   0
0.375443707474206   0.561298398785136   -0.126034290413743   -0.0112335021550378   0
0.43113054457596   0.561827761819207   0.0556868371017541   0.000529363034071584   0
0.440854267936058   0.604993002434579   0.00972372336009747   0.043165240615372   0
0.405711634454356   0.57226048353913   -0.0351426334817012   -0.0327325188954491   0
0.489718562682997   0.621018167015332   0.084006928228641   0.0487576834762017   0
0.402133246167947   0.588255613583351   -0.0875853165150503   -0.0327625534319804   0
0.540441760789368   0.634100323447226   0.138308514621421   0.0458447098638751   0
0.379093379028471   0.566650014175766   -0.161348381760897   -0.0674503092714605   0
0.599419635368893   0.662755073735772   0.220326256340422   0.0961050595600065   0
0.355731542290843   0.592056756593842   -0.243688093078049   -0.0706983171419304   0
0.520726875474824   0.653249600683389   0.16499533318398   0.0611928440895469   0
0.34916079979262   0.565709543397891   -0.171566075682204   -0.087540057285498   0
0.532837315639008   0.635000813344194   0.183676515846388   0.0692912699463031   0
0.397497638261136   0.599040723227394   -0.135339677377872   -0.0359600901168003   0
0.445100221531673   0.615704858575504   0.0476025832705374   0.0166641353481107   0
0.626046860123557   0.723510599850354   0.180946638591884   0.10780574127485   0
0.421498968354264   0.619914316090622   -0.204547891769293   -0.103596283759732   0
0.514105738848817   0.618785135539723   0.0926067704945533   -0.00112918055089839   0
0.46431644514082   0.614437962081292   -0.0497892937079974   -0.00434717345843116   0
0.419869674300813   0.578899236646736   -0.0444467708400071   -0.0355387254345566   0
0.52954268947745   0.653587532210773   0.109673015176637   0.0746882955640378   0
0.365277533324123   0.559965024425575   -0.164265156153326   -0.093622507785198   0
0.577262973715937   0.62965766542873   0.211985440391814   0.0696926410031545   0
0.404910857199263   0.577737949455348   -0.172352116516674   -0.0519197159733825   0
0.55589949918105   0.614487101577619   0.150988641981787   0.0367491521222717   0
0.366853530274409   0.550905051012451   -0.189045968906641   -0.0635820505651682   0
0.490854871842115   0.576273443116249   0.124001341567706   0.0253683921037977   0
0.408025314951247   0.577727732495274   -0.0828295568908684   0.00145428937902559   0
0.423271809373254   0.553240450157311   0.015246494422007   -0.0244872823379637   0
0.440477764005701   0.584940866746177   0.0172059546324473   0.0317004165888661   0
0.31752789319773   0.510057124129251   -0.122949870807971   -0.0748837426169262   0
0.539440722384254   0.619677180793763   0.221912829186523   0.109620056664513   0
0.373678197840633   0.586575547926027   -0.165762524543621   -0.0331016328677367   0
0.547219055148684   0.608360840973131   0.173540857308051   0.0217852930471044   0
0.352242571602953   0.581644932401821   -0.194976483545731   -0.0267159085713099   0
0.496688400813243   0.608257698471535   0.14444582921029   0.0266127660697136   0
0.352091388882703   0.559956402468163   -0.14459701193054   -0.0483012960033714   0
0.489946224668186   0.584433416687958   0.137854835785483   0.0244770142197945   0
0.300188070361503   0.536282970295948   -0.189758154306682   -0.0481504463920096   0
0.52925729154967   0.62066355243389   0.229069221188167   0.0843805821379423   0
0.537465647062678   0.670665584700052   0.00820835551300736   0.0500020322661617   0
0.529485204700213   0.596345766807215   -0.00798044236246487   -0.0743198178928375   0
0.456138158753689   0.599205445878122   -0.0733470459465236   0.00285967907090756   0
0.576675241540248   0.600758935892689   0.120537082786559   0.00155349001456639   0
0.52302421468647   0.625075322956478   -0.0536510268537786   0.0243163870637897   0
0.414915024244822   0.55714931701572   -0.108109190441648   -0.0679260059407585   0
0.54878912992368   0.632724271315692   0.133874105678858   0.0755749542999716   0
0.360550606587434   0.530621400473037   -0.188238523336246   -0.102102870842654   0
0.42729780021508   0.596502985035242   0.0667471936276456   0.0658815845622049   0
0.384381138166767   0.583080660841765   -0.0429166620483122   -0.0134223241934771   0
0.318549964106717   0.552937999729149   -0.0658311740600504   -0.0301426611126158   0
