0   0   0   0   0
0.0467144943428321   0.0434755886865971   0.0467144943428321   0.0434755886865971   0
0.077190907685518   0.0843206866458083   0.0304764133426859   0.0408450979592112   0
0.021497409732393   0.0554973624486622   -0.055693497953125   -0.0288233241971461   0
0.0735536449238836   0.105411458791463   0.0520562351914906   0.0499140963428007   0
0.068537572106956   0.108538784806138   -0.00501607281692756   0.0031273260146753   0
0.0520207165492449   0.0518643980207482   -0.0165168555577111   -0.05667438678539   0
0.0766472485926855   0.0969612923240105   0.0246265320434406   0.0450968943032622   0
0.0375479541833497   0.0644061983524264   -0.0390992944093358   -0.0325550939715841   0
0.091882355176222   0.0842957249612526   0.0543344009928723   0.0198895266088262   0
0.079598842253827   0.107449385404819   -0.0122835129223949   0.0231536604435665   0
0.16746552206697   0.198076513863972   0.0878666798131427   0.0906271284591525   0
0.173709326950258   0.181308967964406   0.00624380488328777   -0.0167675458995655   0
0.148928656146333   0.166703186401986   -0.024780670803925   -0.0146057815624197   0
0.126337709126622   0.168513388531272   -0.0225909470197101   0.00181020212928526   0
0.177360845867293   0.19307274510717   0.0510231367406702   0.0245593565758984   0
0.14182347613659   0.173724671988078   -0.035537369730703   -0.019348073119092   0
0.190677197586268   0.213002963991182   0.0488537214496781   0.0392782920031038   0
0.252816081686651   0.270262057009796   0.062138884100383   0.0572590930186138   0
0.301464766887021   0.310616310259823   0.0486486852003705   0.0403542532500271   0
0.27609696248917   0.33279962797519   -0.0253678043978512   0.0221833177153676   0
0.333569340207264   0.358614973102511   0.0574723777180942   0.0258153451273203   0
0.251614024806013   0.326044975517652   -0.0819553154012509   -0.0325699975848585   0
0.338743730796685   0.404687326703707   0.0871297059906721   0.0786423511860544   0
0.324205167040709   0.390686364602625   -0.0145385637559765   -0.0140009621010821   0
0.374404477671433   0.425628968291263   0.0501993106307237   0.0349426036886386   0
0.401625551544317   0.463654233126257   0.0272210738728841   0.0380252648349934   0
0.448711847051216   0.507039030184906   0.0470862955068989   0.0433847970586498   0
0.464040374429384   0.501189891286381   0.0153285273781681   -0.00584913889852579   0
0.483887582562152   0.533952591182224   0.019847208132768   0.032762699895843   0
0.472652854402716   0.540809586750764   -0.0112347281594361   0.00685699556854058   0
0.494919025608348   0.554284680041116   0.0222661712056328   0.0134750932903521   0
0.441054235494044   0.525169637528606   -0.0538647901143043   -0.0291150425125107   0
0.467419078543381   0.550922239766297   0.0263648430493368   0.0257526022376912   0
0.503504972278525   0.566310899999096   0.036085893735144   0.0153886602327988   0
0.554472804279219   0.622721949671584   0.0509678320006942   0.0564110496724886   0
0.569850359351906   0.671057431953761   0.0153775550726872   0.0483354822821768   0
0.617633565572243   0.708676405335426   0.0477832062203368   0.0376189733816653   0
0.601551941275368   0.699208773087275   -0.0160816242968751   -0.00946763224815073   0
0.56293289348246   0.666178325168342   -0.0386190477929081   -0.0330304479189337   0
0.528147110460392   0.645592698174882   -0.0347857830220681   -0.0205856269934596   0
0.5033234844716   0.630496505687294   -0.0248236259887915   -0.0150961924875883   0
0.537317781264485   0.664341891578315   0.033994296792885   0.0338453858910214   0
0.546905720806932   0.702951545877071   0.00958793954244697   0.0386096542987556   0
0.613760127245182   0.745337030337054   0.0668544064382498   0.0423854844599834   0
0.61357158891215   0.735717988858581   -0.000188538333031674   -0.00961904147847314   0
0.58189602480377   0.733985867234027   -0.0316755641083799   -0.00173212162455383   0
0.641198101809994   0.791612527587579   0.059302077006224   0.0576266603535514   0
0.639586018506695   0.788208919830558   -0.00161208330329921   -0.0034036077570202   0
0.480521151023987   0.72944752935531   -0.159064867482708   -0.0587613904752485   0
1.28763003472653   0.922516830287965   0.807108883702548   0.193069300932655   0
0.526660179333468   0.737737431734033   -0.760969855393066   -0.184779398553932   0
0.338242374669273   0.634683730938443   -0.188417804664195   -0.10305370079559   0
0.295399994101387   0.561828757418   -0.0428423805678859   -0.072854973520443   0
0.243170603441828   0.521617257347816   -0.0522293906595591   -0.0402115000701835   0
0.144637967420074   0.453389915359355   -0.0985326360217546   -0.0682273419884616   0
0.142235220928202   0.384019199727592   -0.00240274649187178   -0.0693707156317624   0
0.0877209802467792   0.315412571098512   -0.0545142406814227   -0.0686066286290804   0
0.0707861629596934   0.218443004465   -0.0169348172870858   -0.0969695666335118   0
0.125882083262594   0.147490520755211   0.0550959203029006   -0.0709524837097885   0
0.119071005822083   0.140111237039758   -0.00681107744051079   -0.00737928371545352   0
0.119140600890887   0.141650135284283   6.95950688037184e-05   0.00153889824452522   0
0.0916149631433245   0.15537583621492   -0.0275256377475625   0.0137257009306369   0
0.110036587956566   0.140661845573821   0.0184216248132417   -0.0147139906410995   0
0.0845543682274512   0.126336393316959   -0.025482219729115   -0.0143254522568613   0
0.115360362929811   0.109503536915643   0.0308059947023599   -0.0168328564013163   0
0.16659026663338   0.117175490045304   0.0512299037035688   0.00767195312966135   0
0.237982134491822   0.13854480958847   0.0713918678584424   0.0213693195431657   0
0.223108215362228   0.130483731977044   -0.0148739191295947   -0.00806107761142585   0
0.251159846616643   0.157012333782749   0.0280516312544149   0.0265286018057044   0
0.22192895100251   0.131154015376099   -0.0292308956141328   -0.0258583184066499   0
0.187250710538655   0.127754714607967   -0.0346782404638546   -0.00339930076813191   0
0.209792050432466   0.167788912663855   0.0225413398938107   0.0400341980558878   0
0.308557969509639   0.265695849683442   0.0987659190771727   0.0979069370195874   0
0.343381807736033   0.262367257957775   0.0348238382263942   -0.00332859172566691   0
0.32848405461185   0.285839224339664   -0.0148977531241828   0.0234719663818884   0
0.394404394178152   0.35819252737545   0.0659203395663025   0.0723533030357865   0
0.399838826720286   0.317282813080654   0.00543443254213311   -0.0409097142947965   0
0.393735007643551   0.317269668023148   -0.00610381907673491   -1.31450575050485e-05   0
0.459865452008106   0.408566547758726   0.0661304443645553   0.0912968797355779   0
0.477350296126895   0.423554072244384   0.0174848441187895   0.0149875244856578   0
0.494492278574074   0.449690393056473   0.0171419824471781   0.0261363208120889   0
0.514512034958892   0.48764775529547   0.020019756384818   0.0379573622389972   0
0.556519701907202   0.525690721487618   0.0420076669483102   0.038042966192148   0
0.553129771980506   0.483224940925769   -0.0033899299266954   -0.0424657805618497   0
0.547815571140581   0.507997918917017   -0.00531420083992495   0.0247729779912481   0
0.563901297677002   0.528839793057089   0.0160857265364212   0.0208418741400723   0
0.558445124181292   0.533727470576542   -0.00545617349571081   0.00488767751945296   0
0.577952845254146   0.532526532062083   0.019507721072854   -0.00120093851445879   0
0.547647552587882   0.511640087628769   -0.0303052926662634   -0.0208864444333138   0
0.614365469797454   0.575468027898715   0.0667179172095721   0.0638279402699459   0
0.693007685352565   0.646764561928211   0.078642215555111   0.0712965340294953   0
0.659193282073517   0.647512908504496   -0.0338144032790482   0.00074834657628553   0
0.701965130731847   0.697293227908382   0.0427718486583294   0.0497803194038861   0
0.683162725064298   0.669408746814633   -0.0188024056675482   -0.0278844810937489   0
0.686539704522363   0.658460927343167   0.00337697945806414   -0.0109478194714658   0
0.617515750554938   0.61495258700287   -0.069023953967425   -0.0435083403402974   0
0.674905732754475   0.681897493457582   0.0573899821995373   0.0669449064547121   0
0.747950361417362   0.751938500248384   0.0730446286628876   0.0700410067908016   0
0.805607030808796   0.801499325994784   0.057656669391434   0.0495608257464003   0
0.798719007114363   0.821345384102988   -0.00688802369443398   0.0198460581082038   0
0.857933751272227   0.892069643254066   0.0592147441578644   0.0707242591510784   0
0.84390490420987   0.887081619515305   -0.0140288470623565   -0.00498802373876117   0
0.830998121363452   0.88592477451464   -0.0129067828464189   -0.00115684500066537   0
0.824324258713286   0.897531700632435   -0.00667386265016556   0.0116069261177951   0
0.865090565613843   0.93353067778547   0.0407663069005566   0.0359989771530352   0
0.889123745171685   0.948821333829267   0.0240331795578426   0.0152906560437966   0
0.866202130446378   0.931185204254551   -0.0229216147253075   -0.0176361295747159   0
0.873993368882216   0.949938276906319   0.00779123843583818   0.0187530726517686   0
0.923354415981064   1.00149724129928   0.0493610470988486   0.0515589643929597   0
0.885436413555546   0.977442175207129   -0.0379180024255182   -0.0240550660921505   0
0.869328425036711   0.989128611807429   -0.0161079885188354   0.0116864366003007   0
0.872987320815986   0.971637630461025   0.00365889577927525   -0.0174909813464045   0
0.902657729811248   0.958785575118032   0.0296704089952621   -0.0128520553429932   0
0.916363611078924   0.976147078342105   0.0137058812676756   0.0173615032240735   0
0.923524272980622   1.02561826917178   0.00716066190169817   0.0494711908296752   0
0.939723255091012   1.03935659494343   0.0161989821103899   0.0137383257716528   0
0.950553323412522   0.998824607692537   0.0108300683215102   -0.0405319872508961   0
0.884772684347144   0.999270387960317   -0.0657806390653785   0.000445780267780416   0
0.92113057123973   0.999354118158055   0.036357886892586   8.37301977373306e-05   0
0.957384312625209   1.002168535561   0.0362537413854793   0.00281441740294675   0
0.963657933117099   1.02636805751164   0.00627362049189062   0.0241995219506419   0
0.959594313561269   1.05582477684482   -0.00406361955583012   0.0294567193331716   0
0.985625014157557   1.0770544744628   0.0260307005962881   0.0212296976179835   0
0.974372625556775   1.05994417299267   -0.0112523886007825   -0.0171103014701244   0
0.964823039118576   1.04180645017915   -0.00954958643819936   -0.018137722813528   0
0.996908196638231   1.05498879143287   0.0320851575196558   0.0131823412537229   0
1.00308832463297   1.05988357560577   0.00618012799474332   0.0048947841728979   0
0.95903293166185   1.03377427558638   -0.0440553929711248   -0.0261093000193857   0
0.982412727092992   1.06775971613837   0.0233797954311423   0.033985440551989   0
1.00732954615772   1.08489461066404   0.0249168190647323   0.0171348945256733   0
0.9844250275697   1.04298987340503   -0.0229045185880249   -0.0419047372590113   0
1.0031255577932   1.10737605515652   0.0187005302234983   0.0643861817514875   0
0.673254782740901   0.72108303877777   -0.329870775052297   -0.38629301637875   0
0.640100856468954   0.737937139416575   -0.0331539262719472   0.0168541006388048   0
0.789043945910073   0.904722579277651   0.148943089441119   0.166785439861076   0
0.838238287623696   0.940970592140831   0.0491943417136226   0.0362480128631807   0
0.927811105751891   1.01141086926061   0.0895728181281952   0.0704402771197804   0
0.546529081833143   0.565459852639945   -0.381282023918748   -0.445951016620667   0
0.605630487211377   0.627392055631096   0.0591014053782336   0.0619322029911511   0
0.869238564293026   0.885025678261537   0.263608077081649   0.257633622630441   0
0.913233071921772   0.954131989626713   0.0439945076287463   0.0691063113651756   0
0.920525118768403   1.01439633233122   0.00729204684663076   0.0602643427045059   0
0.92078687296461   1.01688102704052   0.000261754196207553   0.00248469470929691   0
0.86000712501439   0.940066301521514   -0.06077974795022   -0.0768147255190017   0
0.824397912774377   0.948106144558925   -0.0356092122400129   0.0080398430374109   0
0.846676918478916   0.966134049370081   0.0222790057045382   0.0180279048111556   0
0.886238765657749   0.999644001128504   0.0395618471788334   0.0335099517584238   0
0.881369355521272   0.990726157669748   -0.00486941013647657   -0.00891784345875579   0
0.933253293575718   1.03015750854328   0.0518839380544456   0.0394313508735361   0
0.953566095238347   1.04835518979967   0.0203128016626292   0.0181976812563858   0
0.964012718267563   1.04426414149903   0.0104466230292158   -0.00409104830063556   0
0.937784389888239   1.04110944002955   -0.0262283283793243   -0.00315470146948837   0
0.35063721144656   0.353288944111413   -0.587147178441679   -0.687820495918134   0
0.424498034312676   0.45815420830169   0.0738608228661164   0.104865264190277   0
0.550516108590332   0.578468194744268   0.126018074277656   0.120313986442578   0
0.540379998828727   0.600310700174515   -0.0101361097616051   0.0218425054302476   0
0.644478159951701   0.683928616271404   0.104098161122974   0.0836179160968886   0
0.644936518414554   0.689852918566828   0.000458358462852804   0.00592430229542351   0
0.689045394671651   0.730799009941504   0.0441088762570968   0.0409460913746764   0
0.718710301439988   0.756314809216468   0.0296649067683376   0.0255157992749639   0
0.670913607378927   0.677668433311391   -0.0477966940610609   -0.0786463759050769   0
0.687124132438796   0.706091446464897   0.0162105250598684   0.028423013153506   0
0.736047972751872   0.774773471317925   0.0489238403130761   0.0686820248530281   0
0.721836276314387   0.779487400363136   -0.0142116964374845   0.00471392904521095   0
0.704699611687882   0.77651172865592   -0.0171366646265051   -0.00297567170721635   0
0.704295291513807   0.767158093775181   -0.000404320174074657   -0.00935363488073915   0
0.723346205492958   0.783446232113141   0.019050913979151   0.0162881383379608   0
0.719368380284524   0.798346794408927   -0.00397782520843437   0.0149005622957857   0
0.742855968609747   0.797187265820771   0.023487588325223   -0.00115952858815638   0
0.800575067083502   0.853141125622882   0.0577190984737546   0.0559538598021118   0
0.822598938447264   0.877074993388706   0.0220238713637623   0.0239338677658235   0
0.829361699120902   0.912881831982885   0.00676276067363801   0.0358068385941793   0
0.827522341990118   0.901220810912323   -0.00183935713078387   -0.0116610210705628   0
0.814199201044295   0.876192746147259   -0.0133231409458235   -0.0250280647650635   0
0.84356733721452   0.907969476400122   0.0293681361702255   0.0317767302528631   0
0.835472417810383   0.914626085373932   -0.0080949194041372   0.00665660897380982   0
0.833016104734066   0.919217607822753   -0.00245631307631711   0.00459152244882122   0
0.831597056214718   0.91290326370202   -0.00141904851934727   -0.00631434412073328   0
0.809732138042814   0.905409289971797   -0.0218649181719046   -0.00749397373022309   0
0.812058395275892   0.909387223484869   0.00232625723307833   0.00397793351307263   0
0.837243056719912   0.914621611683391   0.0251846614440197   0.0052343881985214   0
0.791728794190251   0.855879665457917   -0.0455142625296607   -0.0587419462254736   0
0.829288995758685   0.891934503915504   0.0375602015684343   0.0360548384575864   0
0.822739751777585   0.90758320969731   -0.00654924398110035   0.0156487057818063   0
0.859830787766755   0.92853880155178   0.0370910359891701   0.0209555918544697   0
0.847462176255943   0.931714818006355   -0.0123686115108124   0.00317601645457544   0
0.859682349049618   0.957466914664015   0.0122201727936754   0.0257520966576602   0
0.90796480629541   0.970196027390977   0.0482824572457914   0.0127291127269612   0
0.888633762418105   0.941797964146218   -0.0193310438773041   -0.0283980632447587   0
0.828997152626053   0.918157361197525   -0.0596366097920524   -0.0236406029486929   0
0.833221615395737   0.933706144352839   0.00422446276968391   0.015548783155314   0
0.847908864345324   0.966339357364152   0.014687248949587   0.0326332130113129   0
0.852060088696112   0.963399645269202   0.00415122435078785   -0.00293971209495014   0
0.845782227489738   0.968624665301507   -0.00627786120637386   0.00522502003230485   0
0.856109229552295   0.964661542167056   0.0103270020625574   -0.00396312313445046   0
0.896672764016513   1.00446221228509   0.0405635344642181   0.0398006701180359   0
0.900613164344   0.972408898189317   0.00394040032748666   -0.0320533140957754   0
0.886732932436815   0.999802698347294   -0.0138802319071851   0.0273938001579772   0
0.912365724014983   1.01335512008493   0.0256327915781684   0.0135524217376396   0
0.932638941429103   1.04976022878485   0.0202732174141199   0.0364051086999206   0
0.891453823689104   1.02510088149393   -0.041185117739999   -0.02465934729092   0
0.895862501429891   1.0437457644924   0.00440867774078713   0.0186448829984627   0
0.916847617791587   1.03214341190752   0.020985116361696   -0.0116023525848772   0
0.953599401998231   1.0384841178143   0.0367517842066434   0.00634070590677949   0
0.963161157856706   1.02090649269699   0.00956175585847518   -0.0175776251173085   0
0.941987951600683   1.04823886294313   -0.0211732062560227   0.0273323702461385   0
0.987312733051349   1.10528594883207   0.0453247814506657   0.057047085888938   0
0.966845127783512   1.10162062543926   -0.0204676052678369   -0.00366532339280656   0
0.87979386356192   1.02565056117604   -0.0870512642215925   -0.0759700642632231   0
0.910308974762478   1.07044937533879   0.0305151112005587   0.0447988141627551   0
0.979702041961969   1.0765748296772   0.0693930671994909   0.00612545433840284   0
1.00525443528932   1.09831871967087   0.0255523933273544   0.0217438899936744   0
0.97227494270564   1.04545195114932   -0.0329794925836838   -0.0528667685215509   0
0.965946981950754   1.05493066518681   -0.00632796075488617   0.0094787140374939   0
0.370699057849808   0.406863557689385   -0.595247924100945   -0.648067107497428   0
0.109640651929579   0.195439542927928   -0.261058405920229   -0.211424014761457   0
0.25735695677494   0.304234263190455   0.147716304845361   0.108794720262528   0
0.350094514007598   0.36572226888229   0.0927375572326577   0.0614880056918344   0
0.19333105936135   0.278543274248946   -0.156763454646248   -0.0871789946333436   0
0.817701073555162   0.550104248892407   0.624370014193812   0.27156097464346   0
0.148322727706886   0.3287149412476   -0.669378345848276   -0.221389307644807   0
0.191748263780416   0.263128645451991   0.0434255360735302   -0.0655862957956086   0
0.20262651549018   0.195322123074351   0.0108782517097641   -0.0678065223776405   0
0.347321924186858   0.246912220231169   0.144695408696678   0.0515900971568189   0
0.34369697324381   0.212947989749079   -0.0036249509430481   -0.0339642304820906   0
0.314558812085381   0.219706863056038   -0.0291381611584289   0.00675887330695962   0
0.302376135215122   0.229383462339341   -0.0121826768702591   0.00967659928330286   0
0.338490459476092   0.226596995167748   0.03611432426097   -0.00278646717159373   0
0.377279837343299   0.236111462123917   0.0387893778672068   0.00951446695616984   0
0.439624469728896   0.256196708495701   0.0623446323855973   0.0200852463717838   0
