0   0   0   0   0
0.0156058857137358   0.00261027629613509   0.0156058857137358   0.00261027629613509   0
0.0388347945556001   0.0175587873097646   0.0232289088418642   0.0149485110136295   0
0.0239252523444025   0.011334657343595   -0.0149095422111976   -0.00622412996616961   0
0.035007485349214   0.0183226411933057   0.0110822330048115   0.00698798384971069   0
0.0241150407669937   0.0295459987790083   -0.0108924445822203   0.0112233575857026   0
0.0840196736503047   0.0847213745274093   0.059904632883311   0.055175375748401   0
0.0966482403982503   0.0991231311173252   0.0126285667479457   0.0144017565899159   0
0.183672445129142   0.153547461465964   0.0870242047308912   0.0544243303486384   0
0.222310944476523   0.172311024142695   0.0386384993473818   0.0187635626767316   0
0.217839011450618   0.16127050414238   -0.00447193302590537   -0.0110405200003153   0
0.232181254390898   0.176005747235384   0.0143422429402796   0.0147352430930045   0
0.264637277545038   0.206806372625272   0.0324560231541402   0.0308006253898874   0
0.250630566820937   0.199761143436428   -0.0140067107241013   -0.00704522918884359   0
0.266540856002507   0.218242061440247   0.0159102891815702   0.0184809180038191   0
0.275180250809726   0.20689996316025   0.0086393948072197   -0.0113420982799969   0
0.295692240172527   0.203190671110662   0.0205119893628006   -0.00370929204958817   0
0.309288691667519   0.182805451206574   0.0135964514949923   -0.0203852199040883   0
0.30678476917324   0.17099003299029   -0.00250392249427922   -0.0118154182162842   0
0.324835386950559   0.164765534578478   0.0180506177773194   -0.00622449841181191   0
0.309500181129507   0.158316913938984   -0.0153352058210528   -0.00644862063949364   0
0.293458817601499   0.153451758894459   -0.0160413635280074   -0.00486515504452495   0
0.279925618822012   0.144006816579112   -0.0135331987794878   -0.00944494231534759   0
0.287182145693918   0.126715074762537   0.0072565268719062   -0.0172917418165746   0
0.302889029096033   0.126142359679278   0.0157068834021158   -0.000572715083258679   0
0.300392512411328   0.104316112134698   -0.00249651668470541   -0.02182624754458   0
0.31390205419031   0.138826377093033   0.0135095417789816   0.0345102649583349   0
0.300460946370716   0.13933700779285   -0.0134411078195941   0.000510630699816855   0
0.294305530120241   0.14990607772308   -0.0061554162504745   0.0105690699302301   0
0.309943100261148   0.163124580233382   0.0156375701409067   0.0132185025103018   0
0.311887179997279   0.16875057666212   0.00194407973613164   0.00562599642873768   0
0.333198261718284   0.162389662925643   0.0213110817210048   -0.00636091373647635   0
0.37053681742571   0.158381161518523   0.0373385557074258   -0.00400850140712036   0
0.383237592177606   0.157879137855009   0.0127007747518959   -0.000502023663514178   0
0.40336675397273   0.183931637824909   0.020129161795124   0.0260524999699007   0
0.422250296994312   0.217310245994135   0.0188835430215819   0.0333786081692252   0
0.46396125756448   0.247306142305728   0.0417109605701682   0.0299958963115931   0
0.459605952880853   0.251906479214916   -0.00435530468362716   0.00460033690918815   0
0.494465514347519   0.246451875403515   0.0348595614666657   -0.00545460381140114   0
0.497341275744235   0.241440167778321   0.00287576139671625   -0.00501170762519396   0
0.494483527891693   0.248838543705823   -0.00285774785254206   0.0073983759275022   0
0.500681006405091   0.256605043018722   0.00619747851339797   0.0077664993128988   0
0.520706931459223   0.272678455074695   0.0200259250541324   0.0160734120559736   0
0.546812826301838   0.327755235067587   0.0261058948426146   0.0550767799928912   0
0.551078965898506   0.329716142602269   0.00426613959666788   0.0019609075346822   0
0.555595380541476   0.321836613010489   0.00451641464296992   -0.00787952959177973   0
0.566678739946736   0.31694146582922   0.0110833594052602   -0.00489514718126915   0
0.595253094171827   0.282421823559964   0.0285743542250912   -0.0345196422692558   0
0.630504792435208   0.283028305969114   0.0352516982633814   0.0006064824091504   0
0.615854262892518   0.299332681998728   -0.0146505295426903   0.016304376029614   0
0.617143366418892   0.283437246197683   0.00128910352637357   -0.0158954358010456   0
0.621459309174522   0.301440306597747   0.00431594275563052   0.0180030604000641   0
0.608232669994497   0.312462842542806   -0.0132266391800251   0.0110225359450596   0
0.592829893833766   0.310826506414534   -0.0154027761607306   -0.00163633612827219   0
0.580141614360578   0.295939413479985   -0.0126882794731888   -0.0148870929345492   0
0.610955557040317   0.290132510990088   0.0308139426797395   -0.00580690248989707   0
0.640565549088152   0.294034026663501   0.0296099920478353   0.00390151567341307   0
0.634602456037539   0.295345248456045   -0.00596309305061327   0.00131122179254434   0
0.633757456117312   0.313830053589568   -0.000844999920227463   0.0184848051335226   0
0.620901823897753   0.333459756034348   -0.0128556322195591   0.0196297024447802   0
0.601666816592989   0.327576501003851   -0.019235007304763   -0.00588325503049747   0
0.601781514402781   0.327032509908326   0.000114697809792008   -0.000543991095524998   0
0.627884817193274   0.320299245780808   0.0261033027904922   -0.00673326412751746   0
0.619407842046486   0.317066241895747   -0.00847697514678802   -0.00323300388506104   0
0.684500443663391   0.284611944312839   0.0650926016169057   -0.0324542975829079   0
0.69498570004391   0.337189011342427   0.0104852563805186   0.0525770670295871   0
0.710164436736647   0.377289039486254   0.0151787366927372   0.0401000281438273   0
0.686995477947996   0.361980135137332   -0.0231689587886516   -0.0153089043489215   0
0.685370483907283   0.370508675373312   -0.00162499404071259   0.00852854023597954   0
0.684533438130626   0.376285303325534   -0.000837045776657219   0.00577662795222161   0
0.670372953168051   0.377088052435206   -0.0141604849625749   0.000802749109672818   0
0.703749547458011   0.35725224071834   0.0333765942899601   -0.0198358117168665   0
0.712541522069072   0.356562442853142   0.00879197461106107   -0.000689797865198238   0
0.72127426993843   0.358555698575769   0.00873274786935763   0.00199325572262732   0
0.720320093747273   0.367989778826919   -0.000954176191157008   0.00943408025114989   0
0.708461204188041   0.382561219335831   -0.0118588895592313   0.014571440508912   0
0.726315355414227   0.385068685991852   0.0178541512261853   0.00250746665602092   0
0.746087017566802   0.385324452667286   0.0197716621525759   0.000255766675433866   0
0.756425549554549   0.422105195858838   0.0103385319877465   0.0367807431915526   0
0.758231601839904   0.412968334393982   0.00180605228535557   -0.00913686146485609   0
0.78324028845671   0.390827572227257   0.0250086866168057   -0.0221407621667247   0
0.796615141040736   0.434830038481051   0.0133748525840255   0.0440024662537931   0
0.80536635693726   0.435069545671581   0.00875121589652395   0.000239507190530508   0
0.792325066390335   0.429719605666006   -0.013041290546925   -0.00534994000557476   0
0.771655673831102   0.436040128260439   -0.0206693925592326   0.00632052259443305   0
0.75997869298428   0.440015709346639   -0.0116769808468216   0.00397558108619939   0
0.742927253481565   0.429817373935724   -0.0170514395027153   -0.0101983354109148   0
0.759714160628525   0.410616995720272   0.0167869071469596   -0.0192003782154517   0
0.781588278667036   0.405117368721681   0.0218741180385108   -0.00549962699859108   0
0.805607695368329   0.406762964517544   0.0240194167012935   0.00164559579586243   0
0.807183295243278   0.419627773160673   0.0015755998749486   0.0128648086431299   0
0.77109785761964   0.41757714193963   -0.0360854376236374   -0.00205063122104354   0
0.667790245368261   0.42811406478019   -0.10330761225138   0.0105369228405601   0
0.604319127411436   0.428606964487543   -0.0634711179568248   0.000492899707352668   0
0.594639874323007   0.431192693419831   -0.00967925308842899   0.00258572893228853   0
0.566631579258515   0.433009343351776   -0.0280082950644919   0.00181664993194436   0
0.606229033850788   0.426725945220034   0.0395974545922733   -0.00628339813174139   0
0.603314085298107   0.427716123331467   -0.00291494855268115   0.000990178111432316   0
0.60709752640569   0.430413124754199   0.00378344110758277   0.00269700142273238   0
0.599072834079229   0.434855621492227   -0.00802469232646141   0.00444249673802816   0
0.595882375094863   0.442165476558726   -0.00319045898436587   0.00730985506649851   0
0.595783907013633   0.442420739437982   -9.84680812291527e-05   0.000255262879256479   0
0.596957943046673   0.454384609146538   0.00117403603303989   0.0119638697085558   0
0.599435711698532   0.432438090583076   0.00247776865185823   -0.0219465185634615   0
0.632337049681824   0.418333588842759   0.0329013379832928   -0.0141045017403179   0
0.610952440417145   0.407869506041869   -0.0213846092646792   -0.0104640828008891   0
0.618256631454547   0.411882647766611   0.00730419103740232   0.00401314172474121   0
0.609213934995712   0.416566628918673   -0.00904269645883571   0.00468398115206231   0
0.612056722813983   0.414686818666163   0.00284278781827163   -0.00187981025250972   0
0.625367339737313   0.426029165766975   0.0133106169233294   0.0113423471008114   0
0.642823415125496   0.435501230064869   0.0174560753881829   0.00947206429789432   0
0.654780934484083   0.442918642729504   0.0119575193585872   0.00741741266463525   0
0.67179904074188   0.429373399803334   0.0170181062577974   -0.01354524292617   0
0.657308550856424   0.422559890140603   -0.0144904898854566   -0.00681350966273159   0
0.691700318444618   0.414449023956894   0.0343917675881943   -0.00811086618370827   0
0.685570432455596   0.425094698361042   -0.0061298859890222   0.0106456744041475   0
0.683880764172121   0.431047583192136   -0.00168966828347528   0.00595288483109441   0
0.721311628717116   0.471115408771723   0.0374308645449953   0.040067825579587   0
0.71538786385338   0.474978677812195   -0.00592376486373536   0.00386326904047141   0
0.723126290604233   0.444356716043621   0.00773842675085201   -0.0306219617685738   0
0.723103201674934   0.433411363915419   -2.30889292982539e-05   -0.0109453521282017   0
0.706870813157158   0.429498603820061   -0.0162323885177764   -0.00391276009535807   0
0.711388980973494   0.432546946544429   0.00451816781633629   0.00304834272436827   0
0.677975823081606   0.453545618463209   -0.0334131578918881   0.0209986719187796   0
0.65864196245553   0.437504312291068   -0.0193338606260763   -0.0160413061721406   0
0.63478261683974   0.428054259513088   -0.0238593456157898   -0.00945005277798039   0
0.654589946222422   0.418800937645315   0.0198073293826825   -0.00925332186777306   0
0.653728372285065   0.434562644027096   -0.000861573937357085   0.0157617063817812   0
0.649484530601174   0.42369343428459   -0.00424384168389091   -0.0108692097425062   0
0.658318609161224   0.426847402973992   0.00883407856004959   0.00315396868940182   0
0.651311129216544   0.437845891848087   -0.00700747994467976   0.0109984888740958   0
0.656296100409864   0.457507246473807   0.0049849711933202   0.0196613546257196   0
0.640078165010898   0.470234763738787   -0.0162179353989668   0.0127275172649801   0
0.635631518825107   0.470705953393425   -0.0044466461857906   0.000471189654638104   0
0.651240978819633   0.476614643967717   0.0156094599945263   0.00590869057429194   0
0.648674228951345   0.470146821198743   -0.00256674986828831   -0.00646782276897401   0
0.682168445421772   0.46154224469801   0.0334942164704266   -0.00860457650073265   0
0.688502492915185   0.457998628815258   0.00633404749341326   -0.00354361588275265   0
0.679684902344638   0.459311786204119   -0.0088175905705471   0.00131315738886095   0
0.679398747234337   0.466899648791929   -0.000286155110300279   0.00758786258780997   0
0.656568970456681   0.47675479101866   -0.0228297767776561   0.00985514222673167   0
0.647714770038867   0.469717724498895   -0.00885420041781448   -0.00703706651976549   0
0.664455923892907   0.473865705306356   0.0167411538540403   0.00414798080746104   0
0.664736278105707   0.465341567690158   0.000280354212800149   -0.00852413761619758   0
0.670381957559974   0.465509196788999   0.00564567945426619   0.000167629098841049   0
0.673371448852007   0.457993640492351   0.00298949129203319   -0.00751555629664835   0
0.68556907627077   0.461832010852384   0.0121976274187637   0.00383837036003321   0
0.686431078838804   0.475221850844468   0.000862002568033593   0.013389839992084   0
0.676253410865471   0.482528379550129   -0.0101776679733332   0.0073065287056604   0
0.672486269636691   0.477575085806304   -0.00376714122877941   -0.00495329374382419   0
0.670110241396173   0.467587816010782   -0.00237602824051797   -0.00998726979552245   0
0.666743817924002   0.461671814608977   -0.00336642347217131   -0.00591600140180509   0
0.687479459433818   0.466741013682327   0.0207356415098161   0.00506919907334996   0
0.694622231964855   0.479977280633461   0.00714277253103712   0.0132362669511339   0
0.700396046500405   0.483685335648273   0.0057738145355497   0.00370805501481181   0
0.705779924753066   0.496575746297785   0.00538387825266085   0.0128904106495129   0
0.690927079669678   0.494969886387718   -0.0148528450833878   -0.00160585991006751   0
0.694577833796644   0.493605702184425   0.00365075412696614   -0.00136418420329248   0
0.684562822539789   0.492264077121683   -0.0100150112568554   -0.0013416250627426   0
0.692733013834653   0.494866911636544   0.00817019129486407   0.0026028345148616   0
0.712105766402347   0.492875479402921   0.0193727525676939   -0.00199143223362319   0
0.736411913816826   0.516766261725658   0.0243061474144792   0.023890782322737   0
0.739431747437659   0.508141308182026   0.00301983362083336   -0.00862495354363202   0
0.734124381394939   0.514568199025232   -0.00530736604272009   0.00642689084320625   0
0.739075035401267   0.513888614937887   0.00495065400632766   -0.000679584087345919   0
0.724627973931084   0.517928570256933   -0.0144470614701827   0.00403995531904655   0
0.730201931278594   0.534370230529178   0.00557395734750987   0.0164416602722448   0
0.710369585514603   0.528736391931552   -0.0198323457639912   -0.00563383859762612   0
0.739884084189911   0.526268753394986   0.0295144986753079   -0.00246763853656529   0
0.73484676402213   0.517061273234269   -0.00503732016778113   -0.00920748016071793   0
0.733999036169525   0.514015944189184   -0.000847727852604674   -0.00304532904508426   0
0.73251916596833   0.519953588769915   -0.00147987020119478   0.00593764458073065   0
0.726031837359135   0.535689782590472   -0.0064873286091951   0.0157361938205568   0
0.717552302393631   0.536930988846944   -0.00847953496550402   0.00124120625647184   0
0.708981033851601   0.51686647732752   -0.0085712685420305   -0.020064511519424   0
0.692337776121692   0.532720798853039   -0.0166432577299088   0.0158543215255197   0
0.737260482853369   0.516736231147975   0.044922706731677   -0.0159845677050643   0
0.703194511744061   0.509034393864447   -0.0340659711093078   -0.00770183728352802   0
0.687187441042928   0.511237037672532   -0.0160070707011328   0.00220264380808466   0
0.662701327427831   0.524069953739864   -0.0244861136150972   0.0128329160673324   0
0.647163514345001   0.502047525752174   -0.0155378130828296   -0.0220224279876896   0
0.63882392378397   0.516126922004224   -0.00833959056103162   0.0140793962520498   0
0.649719664381395   0.525227319183455   0.0108957405974256   0.00910039717923061   0
0.674109997923517   0.509835467675361   0.0243903335421214   -0.0153918515080937   0
0.676215972382962   0.495102585760864   0.00210597445944516   -0.014732881914497   0
0.664625771353166   0.495112480964438   -0.0115902010297958   9.89520357375095e-06   0
0.663753827011359   0.5071119055567   -0.000871944341807374   0.0119994245922626   0
0.661998025869314   0.510820873731738   -0.0017558011420451   0.00370896817503785   0
0.650734832273193   0.503868221285605   -0.0112631935961209   -0.00695265244613319   0
0.653271665761834   0.524226715400541   0.00253683348864153   0.0203584941149362   0
0.660587476195109   0.516561463617477   0.00731581043327478   -0.00766525178306399   0
0.655788747259723   0.516836122321388   -0.00479872893538569   0.000274658703910857   0
0.668711739366838   0.511270013360312   0.0129229921071146   -0.00556610896107645   0
0.679053225915087   0.534755987114251   0.0103414865482487   0.0234859737539393   0
0.691100933931986   0.535828959779753   0.0120477080168997   0.00107297266550221   0
0.739002951362751   0.606834413987156   0.0479020174307647   0.0710054542074025   0
0.723744049120717   0.59759291354688   -0.015258902242034   -0.00924150044027605   0
0.721557523275324   0.605826163991873   -0.00218652584539325   0.0082332504449929   0
0.721398589780979   0.622975703758342   -0.000158933494344593   0.0171495397664694   0
0.720126536736526   0.618980055760068   -0.00127205304445344   -0.00399564799827434   0
0.731637684636074   0.636552305407548   0.0115111478995483   0.0175722496474804   0
0.738553745127434   0.632464676393439   0.00691606049136007   -0.0040876290141092   0
0.728980634198159   0.637089006458197   -0.00957311092927482   0.00462433006475793   0
0.73766433494472   0.644873777031052   0.00868370074656066   0.00778477057285554   0
0.727769956182412   0.65169727592973   -0.00989437876230825   0.00682349889867773   0
0.703810752858898   0.648276855649022   -0.0239592033235139   -0.00342042028070744   0
0.630900922198418   0.660008752432637   -0.0729098306604795   0.0117318967836149   0
0.638304581019977   0.655725349902743   0.00740365882155891   -0.0042834025298939   0
0.633071420022965   0.662949568698864   -0.00523316099701243   0.00722421879612067   0
0.650843614211761   0.670498750744904   0.0177721941887957   0.0075491820460396   0
0.639275085657085   0.679867688532447   -0.0115685285546753   0.00936893778754366   0
0.647366270041429   0.683524166500852   0.00809118438434353   0.00365647796840463   0
0.662236336858525   0.697387747659388   0.0148700668170966   0.013863581158536   0
0.657057589700393   0.687267043969191   -0.00517874715813205   -0.0101207036901972   0
0.660167679262727   0.686335968967233   0.00311008956233361   -0.000931075001957993   0
0.640039594586235   0.697713341993176   -0.0201280846764922   0.0113773730259437   0
0.656504262177573   0.68667280350997   0.0164646675913385   -0.0110405384832066   0
0.648899561060699   0.690231996195269   -0.00760470111687406   0.0035591926852987   0
0.658019616190036   0.7004175259701   0.00912005512933656   0.0101855297748318   0
0.649127645301305   0.677128357421693   -0.00889197088873028   -0.0232891685484075   0
0.642444449450531   0.670718671784898   -0.00668319585077459   -0.00640968563679523   0
0.635556504914052   0.679541980424403   -0.00688794453647912   0.0088233086395052   0
0.653530415727783   0.698015734673637   0.017973910813731   0.0184737542492337   0
0.640685299062627   0.695103298588992   -0.0128451166651558   -0.00291243608464464   0
0.651517317317761   0.702346441732336   0.0108320182551338   0.00724314314334362   0
0.656718152291907   0.704307002907356   0.0052008349741467   0.00196056117502086   0
0.634751056273693   0.715152922435799   -0.0219670960182143   0.0108459195284423   0
0.632250511410868   0.723786346199408   -0.00250054486282503   0.00863342376360887   0
0.654042370335437   0.71789830529797   0.021791858924569   -0.00588804090143702   0
0.632614097007353   0.728803306389378   -0.0214282733280837   0.0109050010914079   0
0.637324281372565   0.723243539931387   0.0047101843652112   -0.00555976645799117   0
