0   0   0   0   0
0.0116403032292995   0.0266887106827214   0.0116403032292995   0.0266887106827214   0
0.035063461050934   0.0230315381653063   0.0234231578216344   -0.00365717251741508   0
0.084149645660642   0.0197409069934919   0.049086184609708   -0.00329063117181435   0
0.0897414234905407   0.0386371611441304   0.00559177782989866   0.0188962541506385   0
0.144222786508165   0.0276187391006967   0.0544813630176243   -0.0110184220434337   0
0.158356875336827   0.03312102484572   0.0141340888286618   0.00550228574502324   0
0.218279941123733   0.0334573436651309   0.0599230657869058   0.000336318819410986   0
0.230884433748936   0.0286009326945031   0.0126044926252035   -0.00485641097062782   0
0.252725199902725   0.0498741713681923   0.0218407661537885   0.0212732386736892   0
0.313709589111775   0.0782093361881392   0.0609843892090501   0.0283351648199468   0
0.327967606174232   0.0893695026521961   0.0142580170624568   0.0111601664640569   0
0.397034676807067   0.078910028414534   0.0690670706328356   -0.0104594742376621   0
0.442419159817867   0.0733835355156801   0.0453844830108001   -0.00552649289885383   0
0.460462926864832   0.0760750697117394   0.0180437670469653   0.00269153419605922   0
0.490488673419672   0.0821745499218933   0.03002574655484   0.00609948021015398   0
0.490610268337429   0.0844064328849927   0.000121594917756374   0.00223188296309931   0
0.495619181678457   0.0729305308374371   0.0050089133410281   -0.0114759020475555   0
0.503340966376203   0.0700504863569244   0.00772178469774609   -0.00288004448051271   0
0.526735826355542   0.0688009232006945   0.0233948599793389   -0.00124956315622991   0
0.828973327407421   0.0653943164497629   0.30223750105188   -0.00340660675093166   0
0.816864286221003   0.0885485497406426   -0.0121090411864183   0.0231542332908797   0
0.822262915210695   0.0834419947256756   0.00539862898969246   -0.005106555014967   0
0.868682873899262   0.0628539683136602   0.0464199586885663   -0.0205880264120154   0
0.899255956443327   0.0826786382707059   0.0305730825440654   0.0198246699570457   0
0.922019687690533   0.0660308822692653   0.0227637312472054   -0.0166477560014406   0
0.910164521819381   0.0925611204045513   -0.0118551658711513   0.026530238135286   0
0.913771905809509   0.0880031518356502   0.00360738399012761   -0.00455796856890107   0
0.941506552879965   0.0840056123090124   0.0277346470704563   -0.00399753952663778   0
0.953951758740268   0.0804303795105452   0.0124452058603027   -0.00357523279846723   0
0.987621152310929   0.0793987548678291   0.0336693935706606   -0.00103162464271606   0
0.988056183365542   0.0732807271853393   0.000435031054613066   -0.00611802768248983   0
0.965538366301077   0.0977074742094244   -0.0225178170644643   0.0244267470240851   0
0.996697159206526   0.067337301743152   0.0311587929054492   -0.0303701724662725   0
0.940241843246492   0.0658433228850094   -0.0564553159600343   -0.00149397885814261   0
0.93457425800703   0.0484239212032514   -0.00566758523946242   -0.0174194016817579   0
1.00938481114588   0.0530067275402956   0.0748105531388465   0.00458280633704421   0
0.993558624624867   0.0682416846879676   -0.0158261865210092   0.015234957147672   0
0.972179711530937   0.0928720103683657   -0.0213789130939305   0.0246303256803981   0
0.995968045942735   0.0790223503703727   0.0237883344117983   -0.013849659997993   0
0.994198890795814   0.0982289367869629   -0.00176915514692111   0.0192065864165902   0
0.993405915418844   0.0786580579057908   -0.000792975376970206   -0.0195708788811722   0
0.987847508851311   0.0951224573647172   -0.00555840656753259   0.0164643994589264   0
1.00602610086968   0.099308358603462   0.0181785920183732   0.00418590123874482   0
1.0282775897453   0.109279561619782   0.0222514888756145   0.00997120301631958   0
1.03723772073456   0.107167878959164   0.00896013098926041   -0.00211168266061758   0
1.06089869208666   0.108693117588462   0.0236609713520981   0.00152523862929788   0
1.10755449386839   0.0739615329512132   0.0466558017817289   -0.0347315846372487   0
1.06162632016367   0.0920029810547984   -0.0459281737047161   0.0180414481035852   0
1.07462676612336   0.0830772774574712   0.01300044595969   -0.00892570359732713   0
1.07891312126679   0.0678927784589617   0.00428635514342712   -0.0151844989985095   0
1.11827037347224   0.0710401512543961   0.0393572522054502   0.00314737279543437   0
1.0962861811413   0.0921529389856512   -0.0219841923309372   0.0211127877312551   0
1.08588615734731   0.0934046680569971   -0.010400023793989   0.00125172907134587   0
1.11426850381939   0.104049440418653   0.0283823464720763   0.010644772361656   0
1.14382951371623   0.0848541819165541   0.029561009896838   -0.019195258502099   0
1.1105360660089   0.110170856340395   -0.0332934477073212   0.0253166744238414   0
1.059406643322   0.0738197706432452   -0.0511294226869035   -0.0363510856971503   0
1.09173430880629   0.0751268437080545   0.0323276654842874   0.00130707306480932   0
1.14569950339018   0.0738033071453054   0.0539651945838933   -0.00132353656274911   0
1.12608398387972   0.0909279436785736   -0.019615519510463   0.0171246365332682   0
1.0968569850323   0.113093642027616   -0.0292269988474201   0.0221656983490423   0
1.14206395546836   0.109552700776985   0.045206970436064   -0.00354094125063038   0
1.15125020080283   0.110222064213991   0.00918624533446555   0.000669363437005091   0
1.13095005821313   0.121593748976656   -0.0203001425896998   0.0113716847626658   0
1.11945655356392   0.101149241127769   -0.0114935046492093   -0.0204445078488869   0
1.12468655684321   0.127911350474942   0.00523000327929468   0.0267621093471726   0
1.16585454985482   0.118245660269912   0.0411679930116056   -0.00966569020502954   0
1.16488888025587   0.120560302686115   -0.000965669598945729   0.00231464241620292   0
1.15106224476518   0.128712852719946   -0.0138266354906933   0.008152550033831   0
1.19594540696911   0.127722339566569   0.0448831622039303   -0.000990513153376921   0
1.19542115703401   0.115795856051417   -0.00052424993509681   -0.0119264835151524   0
1.18022583284857   0.138870850780712   -0.0151953241854415   0.0230749947292951   0
1.1965862058708   0.117046300115094   0.0163603730222315   -0.0218245506656184   0
1.20766059616716   0.103573513959134   0.0110743902963579   -0.0134727861559595   0
1.17999605450809   0.102344460940659   -0.0276645416590677   -0.00122905301847512   0
1.15099552885877   0.128754909899287   -0.0290005256493227   0.026410448958628   0
1.1731241206942   0.139808077717927   0.0221285918354255   0.0110531678186399   0
1.2077032702594   0.134414897159211   0.0345791495652021   -0.00539318055871571   0
1.1804126905344   0.145834497722696   -0.0272905797250034   0.0114196005634847   0
1.19612861644835   0.119314103550055   0.0157159259139512   -0.0265203941726412   0
1.16965281765767   0.122995662971504   -0.0264757987906716   0.00368155942144961   0
1.10155131628069   0.119515795179203   -0.0681015013769815   -0.00347986779230119   0
0.949749918736422   1.10972173582432   -0.151801397544272   0.990205940645114   0
0.371108516111538   0.872972998852209   -0.578641402624884   -0.236748736972109   0
0.179686084166403   0.788052368010733   -0.191422431945135   -0.0849206308414757   0
0.12114302618236   0.767098564704953   -0.0585430579840428   -0.0209538033057801   0
0.0851492060604217   0.705654477670167   -0.0359938201219383   -0.0614440870347859   0
0.104213286386866   0.700001176116962   0.0190640803264445   -0.0056533015532052   0
0.126880855145869   0.676316517532529   0.022667568759003   -0.0236846585844329   0
0.131342937129324   0.688497374175174   0.00446208198345494   0.0121808566426452   0
0.164207561124733   0.694484870465787   0.0328646239954086   0.00598749629061257   0
0.218712074321352   0.654546336835908   0.0545045131966191   -0.0399385336298784   0
0.302489182865072   0.617037624704823   0.0837771085437201   -0.0375087121310856   0
0.356164112234791   0.614111254971124   0.0536749293697187   -0.00292636973369886   0
0.368995881293933   0.607529525645365   0.0128317690591426   -0.00658172932575873   0
0.390019169679677   0.590852309855456   0.0210232883857437   -0.0166772157899089   0
0.445411105223935   0.56449357061416   0.055391935544258   -0.0263587392412957   0
0.505962188676219   0.531729944334231   0.0605510834522844   -0.0327636262799298   0
0.50716324834593   0.539630287787254   0.00120105966971018   0.00790034345302326   0
0.562557490505154   0.491120516772424   0.0553942421592243   -0.0485097710148299   0
0.590681707383719   0.475170638940548   0.028124216878565   -0.0159498778318757   0
0.652435978782351   0.469170493637448   0.0617542713986322   -0.00600014530310022   0
0.678431745941738   0.476581521541026   0.025995767159387   0.00741102790357789   0
0.698757610637228   0.482573037316002   0.0203258646954904   0.00599151577497609   0
0.758128587465935   0.458185633115759   0.0593709768287066   -0.0243874042002427   0
0.743467461456668   0.466404919325324   -0.0146611260092668   0.00821928620956464   0
0.741490272089903   0.433915832963679   -0.00197718936676505   -0.032489086361645   0
0.791162108819828   0.40786628182388   0.0496718367299251   -0.0260495511397984   0
0.807173768466525   0.430254800850146   0.0160116596466968   0.0223885190262655   0
0.850464588970669   0.446969373915245   0.0432908205041439   0.016714573065099   0
0.877535776089959   0.449696799112002   0.0270711871192902   0.00272742519675706   0
0.90689783071481   0.445959870882363   0.0293620546248503   -0.00373692822963878   0
0.953137226603565   0.44199248557878   0.046239395888755   -0.00396738530358359   0
0.950077336572457   0.431826288383858   -0.0030598900311074   -0.0101661971949218   0
0.922007040120035   0.425259473493839   -0.028070296452422   -0.00656681489001837   0
1.07398219038857   0.360279142693095   0.151975150268535   -0.0649803308007447   0
1.08808371960867   0.365064778623664   0.0141015292201021   0.0047856359305693   0
1.06433720064164   0.382992454938764   -0.0237465189670278   0.0179276763150995   0
1.07810295659866   0.398225959679158   0.0137657559570157   0.0152335047403946   0
1.12176468308265   0.401053573437418   0.043661726483992   0.00282761375825974   0
1.11520539697812   0.385611252956152   -0.00655928610453227   -0.0154423204812661   0
1.09522663946684   0.377694483474897   -0.0199787575112846   -0.00791676948125469   0
1.12013054170694   0.356190977692856   0.024903902240101   -0.0215035057820406   0
1.15512852029048   0.354531625564918   0.034997978583539   -0.00165935212793888   0
1.17194099139203   0.368743613085291   0.0168124711015589   0.0142119875203731   0
1.16151534216768   0.388239857627522   -0.0104256492243575   0.0194962445422315   0
1.19874919478409   0.395441742809127   0.0372338526164153   0.00720188518160503   0
1.19149055572546   0.384209256567872   -0.00725863905863045   -0.0112324862412554   0
1.18771697464628   0.39468918207236   -0.00377358107917791   0.0104799255044885   0
1.19194412945312   0.356177101180253   0.00422715480683755   -0.0385120808921078   0
1.17168024295668   0.322190434090408   -0.0202638864964417   -0.033986667089845   0
1.16448374104239   0.305173121677357   -0.00719650191428878   -0.0170173124130503   0
1.17152519736804   0.31228426592807   0.00704145632564757   0.00711114425071235   0
1.19868056551117   0.352882199343349   0.0271553681431331   0.0405979334152796   0
1.19184877314604   0.374387870525691   -0.00683179236513043   0.021505671182342   0
1.20379172127512   0.364340464753672   0.0119429481290827   -0.0100474057720192   0
1.22779433537815   0.365928384093831   0.0240026141030227   0.00158791934015923   0
1.21715995642633   0.365636212508662   -0.0106343789518135   -0.000292171585169199   0
1.17118116619805   0.360036353700231   -0.0459787902282882   -0.0055998588084315   0
1.19863409945413   0.365182953947014   0.0274529332560824   0.00514660024678332   0
1.20211760819891   0.366965474227218   0.00348350874478354   0.00178252028020393   0
1.19305490535078   0.392399053702426   -0.00906270284813404   0.0254335794752085   0
1.18579570025183   0.40127118338025   -0.00725920509894218   0.00887212967782347   0
1.20547743414022   0.399085892177976   0.0196817338883823   -0.00218529120227351   0
1.22948300708373   0.3644656371151   0.024005572943516   -0.0346202550628762   0
1.22068463600304   0.375746883240155   -0.0087983710806887   0.0112812461250548   0
1.17275886639366   0.317252950059992   -0.0479257696093889   -0.0584939331801632   0
1.23483942262789   0.320726124467706   0.0620805562342372   0.00347317440771439   0
1.25670972710578   0.318138194803071   0.0218703044778839   -0.0025879296646345   0
1.26442372239545   0.326723083705254   0.00771399528966898   0.00858488890218256   0
1.25148859882189   0.34857715376326   -0.0129351235735544   0.0218540700580057   0
1.25308706002111   0.358950594831812   0.00159846119921769   0.0103734410685526   0
1.28435330694609   0.324997479782096   0.031266246924984   -0.033953115049716   0
1.28502439301761   0.338390719149519   0.000671086071517779   0.0133932393674225   0
1.28879652609341   0.307681057875975   0.00377213307579538   -0.0307096612735435   0
1.29111942973874   0.312807149825275   0.0023229036453325   0.00512609194929925   0
1.29287170765683   0.336674963139846   0.00175227791809496   0.0238678133145712   0
1.26411304461556   0.326354640368333   -0.0287586630412784   -0.0103203227715126   0
1.30374031820489   0.340854280193231   0.0396272735893313   0.0144996398248976   0
1.30343728361958   0.357565197877485   -0.00030303458530434   0.0167109176842546   0
1.3051501454456   0.328249503258226   0.00171286182601338   -0.0293156946192595   0
1.3218044559009   0.319959098632753   0.0166543104553014   -0.00829040462547276   0
1.32874639140706   0.308466942453604   0.00694193550615885   -0.0114921561791488   0
1.25904190290139   0.291460349598375   -0.0697044885056692   -0.0170065928552296   0
1.24078474979806   0.276487805188239   -0.0182571531033311   -0.0149725444101359   0
1.27542790356385   0.307559737331857   0.0346431537657945   0.031071932143618   0
1.28125153569424   0.308221725108751   0.0058236321303935   0.000661987776894413   0
1.30505733928928   0.311371459496415   0.0238058035950326   0.00314973438766386   0
1.31408257677332   0.304090686827931   0.00902523748403916   -0.00728077266848387   0
1.3095703675989   0.297046693089312   -0.00451220917441986   -0.00704399373861953   0
1.34031344460118   0.273044015232788   0.0307430770022856   -0.0240026778565233   0
1.38306025465918   0.242463588313434   0.0427468100579953   -0.0305804269193543   0
1.36679260203363   0.248453551149924   -0.016267652625547   0.00598996283649006   0
1.37200956229898   0.255600331102169   0.00521696026534912   0.00714677995224464   0
1.41465653305355   0.246562809104516   0.0426469707545691   -0.00903752199765265   0
1.41610460735103   0.258088491239564   0.00144807429748117   0.0115256821350473   0
1.40965632244304   0.246573594299748   -0.00644828490798965   -0.0115148969398158   0
1.40877590149861   0.243981970710601   -0.000880420944430194   -0.00259162358914658   0
1.41055110507415   0.233582043461325   0.00177520357554561   -0.0103999272492762   0
1.37934901241309   0.23613428713229   -0.0312020926610654   0.00255224367096496   0
1.41160656341566   0.238258465621885   0.0322575510025687   0.00212417848959481   0
1.42654500266014   0.236252654812363   0.0149384392444794   -0.00200581080952211   0
1.40262002639686   0.244177275737102   -0.0239249762632785   0.00792462092473933   0
1.41087694359445   0.245325531701177   0.00825691719758903   0.00114825596407475   0
1.42239321612803   0.227257732223336   0.0115162725335789   -0.0180677994778408   0
1.42813009573674   0.229801357050538   0.00573687960871738   0.00254362482720225   0
1.40969573391511   0.217439427562816   -0.0184343618216301   -0.0123619294877226   0
1.46521481141969   0.220157628760409   0.055519077504574   0.00271820119759383   0
1.38868361405507   0.229164773506161   -0.0765311973646148   0.0090071447457514   0
1.37121216399596   0.227040495170663   -0.0174714500591124   -0.00212427833549803   0
1.40279354439846   0.233740026215969   0.0315813804024982   0.00669953104530582   0
1.38482806823313   0.243231251901892   -0.0179654761653278   0.00949122568592362   0
1.41549799675651   0.238482897273981   0.0306699285233787   -0.00474835462791126   0
1.39574025720528   0.238957631944395   -0.0197577395512329   0.000474734670414534   0
1.39428437419005   0.244506952190134   -0.00145588301522626   0.00554932024573884   0
1.38841205670038   0.230814238877961   -0.00587231748967421   -0.0136927133121729   0
1.33659755888819   0.216226409206905   -0.0518144978121835   -0.0145878296710568   0
1.29359082774931   0.228616086383582   -0.04300673113888   0.0123896771766773   0
1.36792001815569   0.240950986872251   0.074329190406377   0.0123349004886688   0
1.37581919071804   0.24647570526791   0.00789917256235184   0.00552471839565918   0
1.39957949500494   0.245694925550551   0.0237603042868957   -0.000780779717358571   0
1.41185042316846   0.246111522918887   0.0122709281635194   0.000416597368335325   0
1.38825071704881   0.246461257395386   -0.0235997061196502   0.000349734476499108   0
1.38077890332591   0.241879010888493   -0.00747181372289663   -0.00458224650689318   0
1.42247504575975   0.244940307021314   0.041696142433838   0.00306129613282097   0
1.39901461050043   0.245389519520109   -0.0234604352593193   0.00044921249879562   0
1.38311170982685   0.25110827947634   -0.0159029006735834   0.00571875995623036   0
1.40434736293404   0.249828039481039   0.0212356531071969   -0.00128023999530097   0
1.4121193688753   0.255414931865186   0.00777200594125471   0.00558689238414795   0
1.38006225156492   0.244896429046788   -0.0320571173103816   -0.0105185028183989   0
1.38705087617533   0.247476790454128   0.00698862461041005   0.00258036140734019   0
1.40199469949642   0.237996674736432   0.0149438233210935   -0.00948011571769572   0
1.37721211804548   0.243329985591434   -0.024782581450937   0.00533331085500149   0
1.38927091682346   0.244380312804324   0.0120587987779777   0.00105032721289011   0
1.42265946256926   0.249243667079545   0.0333885457458052   0.00486335427522094   0
1.43683589708991   0.238905332188544   0.0141764345206423   -0.0103383348910001   0
1.41138440626814   0.2365148136219   -0.0254514908217665   -0.0023905185666446   0
1.4409367095089   0.237349612376685   0.0295523032407579   0.000834798754785121   0
1.42142430992173   0.24167214561646   -0.0195123995871727   0.00432253323977547   0
1.40763194547783   0.244557119056514   -0.0137923644438918   0.0028849734400537   0
1.41232093109336   0.247184991181246   0.00468898561552522   0.00262787212473223   0
1.45925213552337   0.248499410065953   0.0469312044300088   0.00131441888470693   0
1.45685179596559   0.255651614425136   -0.00240033955777608   0.00715220435918257   0
1.532311093613   0.262891733884336   0.0754592976474107   0.00724011945919989   0
1.52278381562341   0.225982461059084   -0.00952727798958919   -0.0369092728252522   0
1.43008554613457   0.235648454201065   -0.0926982694888414   0.0096659931419813   0
1.37034619699689   0.234062005361648   -0.0597393491376794   -0.00158644883941672   0
1.38415638882718   0.221900815336652   0.0138101918302904   -0.0121611900249958   0
1.41466898313023   0.228825451679042   0.0305125943030484   0.00692463634238963   0
1.45341866618854   0.219908536214525   0.0387496830583127   -0.00891691546451717   0
1.40368461653728   0.210557683494105   -0.0497340496512679   -0.00935085272041966   0
1.42562959882069   0.194264502273894   0.0219449822834099   -0.0162931812202115   0
1.39445480352589   0.206998014769069   -0.0311747952947936   0.0127335124951752   0
