0   0   0   0   0
0.0475248743319842   0.00937050913985791   0.0475248743319842   0.00937050913985791   0
0.103205587545737   0.0440287282890732   0.0556807132137524   0.0346582191492152   0
0.175165500253998   0.113725672806783   0.0719599127082611   0.0696969445177102   0
0.163398103892691   0.121654033947134   -0.0117673963613063   0.00792836114035106   0
0.195326179613286   0.149372195427715   0.0319280757205942   0.0277181614805806   0
0.235097016417603   0.174698933914738   0.0397708368043172   0.0253267384870232   0
0.184598664431306   0.132513600117961   -0.0504983519862964   -0.0421853337967776   0
0.189808243937217   0.156237336651942   0.00520957950591022   0.023723736533981   0
0.165667278293924   0.0927295105400177   -0.0241409656432927   -0.0635078261119238   0
0.116669985806272   0.0439396709049155   -0.0489972924876518   -0.0487898396351023   0
0.147931853316475   0.0583325013200296   0.0312618675102027   0.0143928304151141   0
0.148581099468387   0.0262963977477965   0.000649246151911725   -0.0320361035722331   0
0.0827915262530493   0.020170023741826   -0.0657895732153372   -0.00612637400597047   0
0.0977969654968342   0.0696806514509586   0.0150054392437848   0.0495106277091326   0
0.130592669917997   0.115480460418244   0.0327957044211633   0.0457998089672854   0
0.167545823980417   0.154433628178393   0.0369531540624199   0.0389531677601495   0
0.0604909289444848   0.0756574761704935   -0.107054895035933   -0.0787761520079   0
0.143918247732721   0.0443798597379513   0.083427318788236   -0.0312776164325422   0
0.164951446734896   0.0555840306117194   0.0210331990021752   0.0112041708737681   0
0.153512418802478   0.0535205699704952   -0.0114390279324182   -0.00206346064122421   0
0.114214857909437   0.0539731864593787   -0.0392975608930405   0.000452616488883568   0
0.0808908676153147   0.0727462183451266   -0.0333239902941226   0.0187730318857478   0
0.0889981514205074   0.108460085769511   0.0081072838051927   0.0357138674243848   0
0.0947456131130588   0.107686194616757   0.0057474616925514   -0.000773891152754655   0
0.133355557872463   0.0642124468963001   0.0386099447594044   -0.0434737477204566   0
0.19677295715882   0.0718991432387853   0.0634173992863568   0.00768669634248519   0
0.121816514327494   0.102847724905442   -0.074956442831326   0.0309485816666562   0
0.195769223173231   0.102792859940189   0.0739527088457364   -5.48649652522826e-05   0
0.102109459826774   0.109905171985682   -0.0936597633464563   0.0071123120454929   0
0.0840738756564331   0.129500949814965   -0.0180355841703412   0.019595777829283   0
0.10119470095363   0.122361589711528   0.0171208252971973   -0.00713936010343694   0
0.157583583582793   0.164981347901299   0.0563888826291628   0.0426197581897711   0
0.174848939573219   0.165499700942894   0.0172653559904258   0.000518353041594699   0
0.139203948947862   0.102556415331994   -0.0356449906253573   -0.0629432856109001   0
0.144505154819691   0.122436943791668   0.00530120587182908   0.0198805284596745   0
0.182495188383519   0.136328193356166   0.0379900335638284   0.0138912495644978   0
0.223220216427441   0.159448785524275   0.0407250280439213   0.0231205921681092   0
0.208694334317399   0.152264518689698   -0.0145258821100411   -0.00718426683457704   0
0.20983827255692   0.167254508945859   0.0011439382395205   0.0149899902561604   0
0.216993380583219   0.177249105410423   0.00715510802629879   0.00999459646456433   0
0.208446632061997   0.170777516150612   -0.00854674852122209   -0.0064715892598112   0
0.23330576372998   0.138800420669844   0.024859131667983   -0.0319770954807675   0
0.25258029331838   0.129718520643935   0.0192745295883998   -0.0090819000259095   0
0.282806393690156   0.182079740467506   0.0302261003717769   0.0523612198235709   0
0.241560000765642   0.169814411774128   -0.0412463929245141   -0.0122653286933781   0
0.217527417095398   0.187371069996631   -0.0240325836702441   0.0175566582225037   0
0.203363002825773   0.18726655836167   -0.0141644142696256   -0.000104511634961446   0
0.229015822637028   0.187312497590145   0.025652819811255   4.59392284753168e-05   0
0.217156967466758   0.171730476340166   -0.0118588551702694   -0.0155820212499788   0
0.212092703989746   0.16337416575043   -0.00506426347701261   -0.00835631058973604   0
0.211669944582337   0.174910383178689   -0.000422759407408574   0.0115362174282587   0
0.257517968050683   0.19713180366867   0.0458480234683458   0.0222214204899811   0
0.227770156468521   0.171601464067134   -0.0297478115821619   -0.0255303396015361   0
0.200358830617117   0.161228759981413   -0.0274113258514038   -0.0103727040857209   0
0.202599717763946   0.20200093455373   0.00224088714682921   0.0407721745723168   0
0.219069194636408   0.226578377097998   0.0164694768724613   0.0245774425442678   0
0.234342847775549   0.220836568705084   0.0152736531391413   -0.00574180839291372   0
0.256728702751184   0.231048257635385   0.0223858549756348   0.0102116889303007   0
0.228223627092328   0.215683276527854   -0.0285050756588556   -0.0153649811075307   0
0.226186481990602   0.209492662003598   -0.00203714510172651   -0.00619061452425618   0
0.274117949160934   0.244030278990596   0.0479314671703319   0.0345376169869979   0
0.301792239543931   0.256269621462717   0.0276742903829977   0.012239342472121   0
0.307203903513583   0.257287632031147   0.00541166396965131   0.00101801056843026   0
0.332573267740846   0.273922953901645   0.0253693642272635   0.016635321870498   0
0.300651375679019   0.237455839327215   -0.0319218920618271   -0.0364671145744301   0
0.337316319821906   0.262056417143454   0.0366649441428873   0.0246005778162395   0
0.325929517398148   0.264533255289549   -0.0113868024237579   0.00247683814609484   0
0.29886745029868   0.246943650101476   -0.0270620670994685   -0.0175896051880733   0
0.306500599991868   0.261758203346083   0.00763314969318801   0.0148145532446073   0
0.327694389949374   0.278132886648308   0.0211937899575061   0.0163746833022242   0
0.310456207796623   0.265779299229122   -0.0172381821527506   -0.0123535874191858   0
0.307295924881433   0.261239869914638   -0.00316028291519049   -0.0045394293144837   0
0.329345441473651   0.268814587203569   0.0220495165922179   0.00757471728893133   0
0.354927714002161   0.269334125159727   0.0255822725285107   0.000519537956157223   0
0.356901218401721   0.26833765704157   0.00197350439955962   -0.00099646811815679   0
0.380090465517126   0.254255118400775   0.023189247115405   -0.0140825386407945   0
0.393099036574167   0.310546276045246   0.0130085710570413   0.0562911576444708   0
0.40712449335737   0.331625479377439   0.0140254567832022   0.0210792033321932   0
0.384742387017939   0.303172008286936   -0.0223821063394303   -0.0284534710905032   0
0.372368705667596   0.299599705922005   -0.0123736813503431   -0.00357230236493145   0
0.408623588016556   0.309496247209496   0.03625488234896   0.00989654128749101   0
0.399479614565031   0.310455064424294   -0.00914397345152568   0.000958817214797847   0
0.404542075807814   0.31174947709803   0.00506246124278331   0.00129441267373687   0
0.390298177765156   0.303649510755357   -0.0142438980426579   -0.00809996634267374   0
0.386057908175386   0.293380677227693   -0.00424026958976964   -0.0102688335276633   0
0.390681927186076   0.31037574500241   0.00462401901068932   0.0169950677747165   0
0.361811103829108   0.30826971270086   -0.0288708233569676   -0.00210603230154999   0
0.399126074599924   0.332097734622274   0.0373149707708161   0.0238280219214142   0
0.44776972469434   0.359232060001906   0.0486436500944163   0.0271343253796317   0
0.423446884518769   0.339838129794821   -0.0243228401755709   -0.0193939302070854   0
0.410473140765955   0.318566956761257   -0.0129737437528147   -0.0212711730335636   0
0.379845384380545   0.314309838336246   -0.0306277563854095   -0.00425711842501103   0
0.418998497057546   0.348780322187874   0.0391531126770008   0.0344704838516281   0
0.457540327650373   0.375392835429423   0.0385418305928268   0.0266125132415495   0
0.418927243192876   0.344817342144272   -0.0386130844574972   -0.0305754932851517   0
0.340505859671625   0.280094315902259   -0.0784213835212506   -0.064723026242013   0
0.374921481676992   0.321859492767596   0.0344156220053665   0.0417651768653368   0
0.383194423103493   0.287569149857161   0.00827294142650115   -0.0342903429104341   0
0.355154044413943   0.255492385778561   -0.02804037868955   -0.0320767640786004   0
0.48662771076187   0.323267530043619   0.131473666347927   0.067775144265058   0
0.435825077111123   0.266274443608254   -0.0508026336507468   -0.056993086435365   0
0.460131134672554   0.296078077496776   0.0243060575614309   0.029803633888522   0
0.444096444445679   0.301720895051239   -0.0160346902268746   0.00564281755446294   0
0.382014873060129   0.313592238910674   -0.0620815713855505   0.0118713438594347   0
0.33075613149265   0.300357254837846   -0.0512587415674783   -0.0132349840728274   0
0.374496285816172   0.335394421900117   0.0437401543235221   0.0350371670622711   0
0.37530280210228   0.313403495366425   0.000806516286107561   -0.0219909265336925   0
0.411503578863391   0.339924347005215   0.0362007767611112   0.0265208516387905   0
0.397173382966731   0.330183433382018   -0.0143301958966602   -0.00974091362319746   0
0.424483085762538   0.339350242790249   0.0273097027958069   0.00916680940823106   0
0.451484991394051   0.359441512799622   0.0270019056315134   0.0200912700093735   0
0.415042368349018   0.353055976466781   -0.0364426230450331   -0.0063855363328415   0
0.424598040290006   0.360134654471249   0.00955567194098822   0.0070786780044676   0
0.435358283430901   0.367547692938745   0.0107602431408952   0.00741303846749675   0
0.420562332631552   0.34156896424181   -0.0147959507993499   -0.0259787286969352   0
0.400550116105859   0.3342200652591   -0.0200122165256921   -0.00734889898271057   0
0.432444714638594   0.358864002265113   0.0318945985327347   0.024643937006013   0
0.429589017973713   0.342226391581209   -0.00285569666488084   -0.0166376106839031   0
0.443015008283562   0.346507100591899   0.0134259903098486   0.00428070901068967   0
0.427602502559353   0.337815621143588   -0.0154125057242092   -0.00869147944831083   0
0.429083159462171   0.329448574397618   0.00148065690281779   -0.00836704674597033   0
0.403955742098849   0.3178910454546   -0.0251274173633214   -0.0115575289430179   0
0.373728830155657   0.285965794859945   -0.0302269119431925   -0.0319252505946547   0
0.354847457513217   0.280940098502229   -0.0188813726424393   -0.00502569635771599   0
0.387777942865333   0.296835038753446   0.032930485352116   0.0158949402512163   0
0.420607733428911   0.32215262128801   0.0328297905635779   0.025317582534564   0
0.402057483568689   0.315201117598882   -0.0185502498602218   -0.00695150368912728   0
0.396819587082104   0.300505332070684   -0.00523789648658524   -0.0146957855281988   0
0.431751687560393   0.327500114811295   0.0349321004782889   0.0269947827406117   0
0.37348753507385   0.272011788718276   -0.0582641524865431   -0.0554883260930192   0
0.337544932946542   0.257130135435293   -0.0359426021273083   -0.0148816532829834   0
0.3709921215021   0.281178814786269   0.0334471885555587   0.0240486793509762   0
0.390857903216701   0.293241746344888   0.0198657817146004   0.0120629315586193   0
0.406320103769632   0.305340013329982   0.0154622005529308   0.0120982669850939   0
0.429398583354509   0.316334390854275   0.0230784795848776   0.0109943775242932   0
0.40963358130209   0.32328566551168   -0.0197650020524188   0.00695127465740503   0
0.419872368235797   0.321776749453258   0.010238786933707   -0.00150891605842263   0
0.418384664390722   0.309226699055886   -0.00148770384507496   -0.0125500503973717   0
0.477805777250811   0.33873370981719   0.059421112860089   0.0295070107613038   0
0.444704953209496   0.319443786000318   -0.033100824041315   -0.0192899238168714   0
0.431103603022515   0.317829534959019   -0.013601350186981   -0.00161425104129898   0
0.428329998044576   0.31535253354581   -0.00277360497793921   -0.002477001413209   0
0.42231215730736   0.315864664526957   -0.00601784073721645   0.000512130981146386   0
0.455271698022336   0.330909992939754   0.0329595407149764   0.0150453284127973   0
0.457224506645913   0.334432017007836   0.00195280862357727   0.00352202406808139   0
0.46920545351799   0.356937937783517   0.0119809468720765   0.0225059207756813   0
0.421795803118218   0.305050213296396   -0.047409650399772   -0.0518877244871205   0
0.468153860496713   0.346605820016506   0.0463580573784947   0.0415556067201098   0
0.481651874537607   0.362224989276839   0.0134980140408942   0.015619169260333   0
0.49901026234689   0.376546978781674   0.0173583878092833   0.0143219895048346   0
0.527215991860138   0.402186489642273   0.028205729513248   0.0256395108605997   0
0.543919136545031   0.413301393125775   0.0167031446848924   0.011114903483502   0
0.531049600393355   0.393353164164854   -0.0128695361516752   -0.019948228960921   0
0.560225294286584   0.418824046205582   0.0291756938932283   0.025470882040728   0
0.581190928464591   0.421379418860778   0.0209656341780069   0.00255537265519534   0
0.555751304137346   0.401488653171795   -0.025439624327245   -0.0198907656889827   0
0.582672521237511   0.424588657429768   0.026921217100165   0.0231000042579724   0
0.587849299849473   0.418447038376213   0.00517677861196275   -0.00614161905355426   0
0.600971321659883   0.432061422661026   0.0131220218104099   0.0136143842848129   0
0.621551549186346   0.441004364381132   0.0205802275264623   0.00894294172010618   0
0.61802718750388   0.43700292929202   -0.00352436168246584   -0.00400143508911244   0
0.660266071772634   0.468727637806419   0.0422388842687542   0.0317247085143987   0
0.646489788160829   0.454241531684955   -0.0137762836118054   -0.0144861061214641   0
0.573021859206105   0.408535735300453   -0.0734679289547238   -0.0457057963845016   0
0.581068938844502   0.407514025119591   0.00804707963839735   -0.00102171018086156   0
0.627113179239032   0.447425603349392   0.0460442403945296   0.0399115782298006   0
0.671262016946573   0.480074774936747   0.0441488377075415   0.0326491715873551   0
0.705840323282719   0.494812036500031   0.0345783063361454   0.014737261563284   0
0.673062358035079   0.474200475760077   -0.0327779652476399   -0.0206115607399536   0
0.743112752142309   0.536171555183603   0.0700503941072304   0.0619710794235259   0
0.708542516690097   0.498589482353523   -0.0345702354522118   -0.0375820728300801   0
0.734582711673169   0.515211422705465   0.0260401949830718   0.0166219403519415   0
0.717966863458225   0.502525238550975   -0.0166158482149442   -0.0126861841544896   0
0.691312663626214   0.492070652967825   -0.0266541998320106   -0.0104545855831497   0
0.66692784063627   0.492456000489999   -0.0243848229899443   0.000385347522173618   0
0.685975964558599   0.502737809242119   0.0190481239223292   0.0102818087521205   0
0.627478048890225   0.461264396568303   -0.0584979156683746   -0.0414734126738168   0
0.701055506897186   0.513287982711253   0.0735774580069614   0.0520235861429502   0
0.683395886700591   0.480830264165502   -0.0176596201965952   -0.0324577185457511   0
0.707152896773767   0.500626951724034   0.0237570100731762   0.0197966875585322   0
0.77682277646988   0.553997644715724   0.0696698796961133   0.0533706929916905   0
0.736739751168518   0.53062350728155   -0.040083025301362   -0.023374137434174   0
0.721745485244946   0.511637621105758   -0.0149942659235721   -0.018985886175792   0
0.762503890845024   0.549183578400599   0.0407584056000774   0.0375459572948401   0
0.772640651465384   0.547049431209443   0.01013676062036   -0.00213414719115512   0
0.797735933504523   0.566628574984741   0.025095282039139   0.0195791437752971   0
0.779579436151476   0.546591447184503   -0.018156497353047   -0.0200371278002374   0
0.755479172101982   0.533323541371981   -0.0241002640494934   -0.0132679058125224   0
0.772346482559762   0.544826439399682   0.0168673104577794   0.0115028980277014   0
0.804129401774778   0.572864653585962   0.0317829192150166   0.0280382141862796   0
0.774253273165621   0.545606450167325   -0.029876128609157   -0.0272582034186364   0
0.75901480168323   0.532826689319189   -0.0152384714823912   -0.0127797608481363   0
0.781437713708016   0.560028031308943   0.0224229120247861   0.0272013419897537   0
0.820173051496033   0.587871522804751   0.0387353377880167   0.0278434914958083   0
0.813566333556078   0.600513968856616   -0.0066067179399546   0.0126424460518649   0
0.727814122292206   0.567895981441894   -0.0857522112638719   -0.0326179874147225   0
0.685502635266122   0.523184075256151   -0.042311487026084   -0.0447119061857424   0
0.666397246537677   0.489494989320424   -0.0191053887284452   -0.0336890859357269   0
0.701322042215223   0.51590966011894   0.0349247956775457   0.0264146707985159   0
0.725737319343431   0.54612832523777   0.0244152771282083   0.0302186651188298   0
0.734825044138006   0.528311312052916   0.00908772479457465   -0.0178170131848537   0
0.73701701281836   0.534080166275537   0.00219196868035409   0.00576885422262075   0
0.718019036727378   0.531009984978788   -0.0189979760909823   -0.00307018129674863   0
0.726242882192134   0.526636148187908   0.00822384546475607   -0.00437383679088044   0
0.506822450454131   0.361588809754856   -0.219420431738003   -0.165047338433052   0
0.663561419477563   0.470697285439892   0.156738969023433   0.109108475685037   0
0.767027886255558   0.569662567965145   0.103466466777995   0.0989652825252527   0
0.781079342133066   0.55822398765194   0.0140514558775076   -0.011438580313205   0
0.775671252558455   0.570143302784236   -0.00540808957461059   0.0119193151322956   0
0.777676386896906   0.566248796366253   0.00200513433845129   -0.00389450641798228   0
0.782792308727379   0.567281826469639   0.00511592183047249   0.0010330301033854   0
0.743136516785745   0.542326225327354   -0.0396557919416342   -0.0249556011422851   0
0.768350147697766   0.557883400265311   0.0252136309120212   0.0155571749379577   0
0.789453980537817   0.581166837568705   0.0211038328400512   0.0232834373033936   0
0.73031469421686   0.530166309163497   -0.0591392863209571   -0.051000528405208   0
0.766466446161509   0.564288890635964   0.0361517519446487   0.0341225814724675   0
0.761758873785663   0.565372284682668   -0.00470757237584607   0.00108339404670388   0
0.793638789028404   0.586244044589483   0.0318799152427414   0.0208717599068143   0
0.850408414311368   0.619905105887316   0.0567696252829636   0.0336610612978335   0
0.818111296536564   0.592989313951363   -0.0322971177748032   -0.0269157919359533   0
0.777053494533818   0.566197393307131   -0.0410578020027463   -0.0267919206442321   0
0.829060862783511   0.60196649159729   0.0520073682496928   0.0357690982901593   0
0.890726787471714   0.642437116408606   0.0616659246882033   0.0404706248113159   0
0.878149671855525   0.640393735825087   -0.0125771156161889   -0.00204338058351927   0
0.869676687212118   0.634528188583766   -0.00847298464340696   -0.00586554724132016   0
0.882281190779578   0.645651574003926   0.0126045035674599   0.0111233854201597   0
0.868449758830346   0.634469640571295   -0.013831431949232   -0.011181933432631   0
0.806833137973149   0.593833055136195   -0.0616166208571972   -0.0406365854351004   0
0.825235927858608   0.617185428900739   0.0184027898854585   0.0233523737645445   0
0.873117238997794   0.673295463426262   0.0478813111391867   0.0561100345255229   0
0.868335080163576   0.662658552263412   -0.00478215883421851   -0.0106369111628497   0
0.874103905477768   0.6702992651378   0.00576882531419221   0.00764071287438739   0
0.832219060320016   0.633062572932916   -0.0418848451577523   -0.037236692204884   0
