1.4210855e-14   4.30651028810277e-32   0   0   0
0.0170805542075035   0.00391591266517791   0.0170805542074893   0.00391591266517791   0
0.0200750807202674   0.0150725219079509   0.00299452651276392   0.011156609242773   0
0.0355830552705303   0.0196541125649165   0.0155079745502629   0.00458159065696553   0
0.0532469997695054   0.0447936604986875   0.0176639444989751   0.025139547933771   0
0.0425504929357019   0.0495766279558775   -0.0106965068338035   0.00478296745719006   0
0.0266805925316636   0.0597344361505939   -0.0158699004040383   0.0101578081947164   0
0.0390444916065241   0.0538574324373298   0.0123638990748604   -0.00587700371326413   0
0.0670583941881647   0.0492284594753724   0.0280139025816406   -0.00462897296195738   0
0.0250970839691332   0.0440965682593888   -0.0419613102190315   -0.00513189121598354   0
0.0290179920540798   0.057914983433769   0.00392090808494661   0.0138184151743801   0
0.0573667261859439   0.0672929041849685   0.0283487341318641   0.00937792075119948   0
0.0330807929798503   0.0588969794344914   -0.0242859332060936   -0.00839592475047703   0
0.0220514796398046   0.0580470841687542   -0.0110293133400457   -0.000849895265737262   0
0.0814081594826829   0.0710162066061471   0.0593566798428783   0.0129691224373929   0
0.105223234839732   0.0847013935378536   0.0238150753570493   0.0136851869317065   0
0.0731597975377765   0.0651618347689272   -0.0320634373019558   -0.0195395587689264   0
0.053807364583109   0.0720722058181384   -0.0193524329546675   0.00691037104921118   0
0.0297365312798717   0.0687285421140536   -0.0240708333032373   -0.00334366370408476   0
0.0601791546458788   0.0787555115433638   0.0304426233660071   0.0100269694293102   0
0.0414768722710324   0.0726033347231425   -0.0187022823748464   -0.0061521768202213   0
0.0392500811377007   0.0696726453705107   -0.00222679113333168   -0.00293068935263183   0
0.045552921885612   0.0722866883709559   0.00630284074791128   0.00261404300044521   0
0.0604855360089954   0.0693909297430755   0.0149326141233834   -0.00289575862788037   0
0.0389096284533565   0.0618071058175538   -0.0215759075556388   -0.00758382392552173   0
0.0265226664607035   0.0731396057278664   -0.012386961992653   0.0113324999103126   0
0.0571986304799124   0.069653070583286   0.0306759640192089   -0.0034865351445804   0
0.0557072174826099   0.0579334876848381   -0.00149141299730245   -0.0117195828984479   0
0.058827525071063   0.0771940770244052   0.00312030758845307   0.019260589339567   0
0.0486083710303584   0.0852892515247969   -0.0102191540407046   0.00809517450039175   0
0.0583265491355   0.0746638263752004   0.00971817810514163   -0.0106254251495966   0
0.0572201345534451   0.0881624282860482   -0.00110641458205497   0.0134986019108478   0
0.0486360142677955   0.089807172939898   -0.00858412028564951   0.00164474465384981   0
0.0680776346209598   0.10284231251815   0.0194416203531643   0.0130351395782517   0
0.0685965478851125   0.0901736353227712   0.000518913264152696   -0.0126686771953785   0
0.0836522217302926   0.0965482882691106   0.01505567384518   0.00637465294633932   0
0.0949566370491449   0.114162707687458   0.0113044153188524   0.0176144194183476   0
0.0858108516924729   0.105019678314983   -0.009145785356672   -0.00914302937247509   0
0.0985188443434288   0.11436089154175   0.0127079926509559   0.00934121322676654   0
0.106822801359294   0.118127253379171   0.00830395701586478   0.00376636183742148   0
0.0983977380322924   0.109730705463089   -0.00842506332700116   -0.0083965479160818   0
0.084585554068926   0.0962935457397334   -0.0138121839633664   -0.0134371597233559   0
0.0977323391822658   0.104952909921783   0.0131467851133398   0.00865936418204982   0
0.110520339775915   0.11288468731469   0.0127880005936493   0.00793177739290633   0
0.119371811257948   0.129136003682556   0.00885147148203327   0.0162513163678661   0
0.127730459614823   0.121571644971096   0.00835864835687493   -0.00756435871145952   0
0.122782452589892   0.11206429431199   -0.00494800702493155   -0.00950735065910618   0
0.142740420282272   0.108979523593222   0.01995796769238   -0.00308477071876793   0
0.1719490235479   0.112384664325832   0.0292086032656286   0.00340514073261045   0
0.16564467826346   0.113575244437877   -0.00630434528444054   0.00119058011204419   0
0.175789910974356   0.122511131065626   0.0101452327108957   0.00893588662774916   0
0.15192445074738   0.109951012984939   -0.0238654602269759   -0.0125601180806867   0
0.26015289038657   0.133344774168851   0.108228439639191   0.0233937611839116   0
0.266220931288474   0.0656429837723333   0.00606804090190372   -0.0677017903965173   0
0.20895678963942   0.0998482723486461   -0.0572641416490541   0.0342052885763128   0
0.254862288453898   0.0922488911857132   0.0459054988144774   -0.00759938116293296   0
0.266509852908534   0.09824616296269   0.0116475644546363   0.0059972717769768   0
0.244014913843866   0.0905173746152695   -0.0224949390646676   -0.0077287883474205   0
0.252598044169976   0.097496396005984   0.00858313032611016   0.00697902139071452   0
0.258440754662894   0.0988687377283358   0.00584271049291746   0.00137234172235184   0
0.265872597404889   0.103719549392041   0.00743184274199521   0.00485081166370495   0
0.265002251226043   0.106958609594067   -0.00087034617884596   0.00323906020202611   0
0.24297562365559   0.116894536492514   -0.022026627570453   0.009935926898447   0
0.262894121371561   0.119791572281643   0.0199184977159712   0.00289703578912867   0
0.268177902274669   0.117071772962539   0.00528378090310788   -0.00271979931910357   0
0.266041567116135   0.117188148155309   -0.00213633515853401   0.000116375192770357   0
0.304762532299348   0.143561266646201   0.0387209651832125   0.0263731184908921   0
0.347852299338306   0.157366514641664   0.0430897670389581   0.0138052479954628   0
0.303640544729795   0.126509334625513   -0.0442117546085111   -0.0308571800161511   0
0.302280725331552   0.137339100596068   -0.00135981939824315   0.0108297659705549   0
0.323072853190903   0.150550353770034   0.0207921278593516   0.0132112531739658   0
0.227655742927534   0.109966559429077   -0.0954171102633693   -0.0405837943409565   0
0.262940162399012   0.136640153615199   0.0352844194714778   0.0266735941861216   0
0.315462291900211   0.150082450570508   0.0525221295011997   0.013442296955309   0
0.322131227807945   0.144399053798205   0.00666893590773326   -0.00568339677230312   0
0.343183389157726   0.156987827792824   0.0210521613497809   0.0125887739946197   0
0.313527477120441   0.150152777994986   -0.0296559120372843   -0.00683504979783869   0
0.332059721734187   0.172900844379743   0.0185322446137456   0.0227480663847576   0
0.311428245140748   0.153112596244766   -0.0206314765934391   -0.0197882481349772   0
0.340330243247051   0.176717961297164   0.0289019981063029   0.0236053650523977   0
0.357869111818354   0.184552789800773   0.0175388685713032   0.007834828503609   0
0.345782625010587   0.181427183614986   -0.0120864868077672   -0.00312560618578656   0
0.355629762955627   0.174608549737918   0.00984713794504061   -0.00681863387706858   0
0.364522221258371   0.175009295976146   0.00889245830274377   0.000400746238228195   0
0.360243616496924   0.178974519974104   -0.00427860476144742   0.00396522399795785   0
0.355629525609122   0.181895036999543   -0.00461409088780157   0.00292051702543919   0
0.310841863746311   0.163868643419398   -0.0447876618628114   -0.0180263935801448   0
0.289160417902888   0.161943359204698   -0.0216814458434222   -0.00192528421470006   0
0.339787136028494   0.200424670832989   0.0506267181256053   0.0384813116282907   0
0.266765505697748   0.149492538061883   -0.0730216303307461   -0.0509321327711062   0
0.28335225880637   0.145011760470291   0.0165867531086228   -0.00448077759159146   0
0.270441766373445   0.147012355022961   -0.0129104924329257   0.00200059455266985   0
0.321637772399026   0.166433072562346   0.0511960060255808   0.0194207175393851   0
0.367407182250372   0.155948927442441   0.0457694098513468   -0.0104841451199053   0
0.349901955337079   0.159262083258575   -0.0175052269132939   0.00331315581613481   0
0.366352243907416   0.173493257326084   0.0164502885703371   0.0142311740675081   0
0.339619727864393   0.186417117949801   -0.026732516043023   0.0129238606237172   0
0.341784951473324   0.17791850491577   0.00216522360893168   -0.00849861303403071   0
0.335316096994965   0.170073165955949   -0.00646885447835954   -0.00784533895982084   0
0.341871287558605   0.177686297296824   0.0065551905636404   0.00761313134087452   0
0.369647780630882   0.185174290756493   0.0277764930722767   0.00748799345966963   0
0.374949666555887   0.183981903101832   0.0053018859250048   -0.00119238765466176   0
0.31791915980383   0.16253638155408   -0.0570305067520571   -0.0214455215477521   0
0.354308683447829   0.189496780440685   0.0363895236439992   0.0269603988866058   0
0.321103021690561   0.175403300405411   -0.0332056617572676   -0.0140934800352745   0
0.337751713713424   0.166923259607031   0.016648692022863   -0.00848004079837983   0
0.339539578714581   0.170129754123481   0.00178786500115685   0.00320649451644975   0
0.38128317684309   0.199158967260066   0.0417435981285093   0.0290292131365848   0
0.419615652499125   0.225099095236638   0.0383324756560349   0.0259401279765721   0
0.397649800766038   0.202345248974804   -0.0219658517330868   -0.0227538462618339   0
0.372012844789427   0.190692274756937   -0.0256369559766115   -0.0116529742178667   0
0.406229676391591   0.209730290007927   0.0342168316021645   0.0190380152509898   0
0.429266103040456   0.228877567133486   0.0230364266488647   0.0191472771255595   0
0.392826403573227   0.206236927239085   -0.0364396994672291   -0.0226406398944013   0
0.376726793434466   0.190679651167426   -0.0160996101387614   -0.0155572760716586   0
0.433920627924252   0.211337013909702   0.0571938344897867   0.0206573627422754   0
0.411743578599077   0.198784029961014   -0.0221770493251754   -0.0125529839486878   0
0.435556192839727   0.226783899668775   0.0238126142406504   0.0279998697077607   0
0.438352895974952   0.229158403788451   0.00279670313522501   0.00237450411967577   0
0.462227774427312   0.22568078464587   0.0238748784523595   -0.00347761914258088   0
0.433347509092161   0.213654666437912   -0.0288802653351505   -0.0120261182079582   0
0.433833010399989   0.226953151861014   0.000485501307827818   0.0132984854231026   0
0.460880905155391   0.250216835452669   0.0270478947554022   0.0232636835916553   0
0.488914634025028   0.254392661957023   0.0280337288696361   0.0041758265043535   0
0.580725412686191   0.270473847320726   0.091810778661163   0.0160811853637036   0
0.669482927599852   0.290130096782584   0.0887575149136609   0.0196562494618573   0
0.639014502239734   0.287790743982933   -0.0304684253601175   -0.00233935279965086   0
0.634126335855234   0.276194642870165   -0.00488816638449996   -0.0115961011127681   0
0.630309133030868   0.274755237812211   -0.0038172028243656   -0.00143940505795354   0
0.626550168863821   0.265105808851681   -0.00375896416704746   -0.00964942896053078   0
0.66341368768449   0.280036956065889   0.0368635188206694   0.0149311472142089   0
0.666096174506108   0.270513921467618   0.00268248682161754   -0.00952303459827114   0
0.718961638223316   0.305552128149161   0.0528654637172077   0.0350382066815427   0
0.739315598936341   0.318583936769534   0.0203539607130253   0.0130318086203734   0
0.716639826335656   0.299340473610575   -0.022675772600685   -0.0192434631589594   0
0.746786041352953   0.309439167455287   0.030146215017297   0.0100986938447117   0
0.795804887214726   0.330470043995956   0.0490188458617727   0.0210308765406693   0
1.02685431035688   0.258980748511877   0.231049423142156   -0.0714892954840793   0
1.27696485754196   0.324236467033845   0.250110547185076   0.065255718521968   0
1.22037388214286   0.296303194566791   -0.0565909753990987   -0.0279332724670538   0
1.15735923146115   0.314324768616437   -0.0630146506817133   0.0180215740496464   0
1.13863806790821   0.302567947582102   -0.0187211635529354   -0.0117568210343351   0
1.13613736721627   0.303105971477729   -0.00250070069194286   0.000538023895627182   0
1.12044345015303   0.30402170694043   -0.0156939170632389   0.000915735462700962   0
1.16015201521717   0.334601203430579   0.0397085650641364   0.0305794964901484   0
1.16834235012884   0.318523199526019   0.00819033491167764   -0.0160780039045595   0
1.22896194446076   0.359498568003051   0.0606195943319205   0.0409753684770319   0
1.26590241327045   0.34556136581925   0.0369404688096826   -0.0139372021838007   0
1.34228954947001   0.369291036278481   0.0763871361995627   0.0237296704592305   0
1.3450564275117   0.384193914577143   0.00276687804168962   0.0149028782986622   0
1.29080943951547   0.350391155231401   -0.0542469879962326   -0.0338027593457423   0
1.31655737375509   0.370508931972717   0.0257479342396227   0.0201177767413163   0
1.35321251614647   0.392728679166573   0.0366551423913828   0.0222197471938564   0
1.34686293523598   0.385978990701761   -0.00634958091049498   -0.00674968846481278   0
1.33430033883454   0.363003148552536   -0.0125625964014353   -0.0229758421492247   0
1.35597917783395   0.371037752804642   0.0216788389994087   0.00803460425210578   0
1.42742721602915   0.414791038401239   0.0714480381951956   0.0437532855965973   0
1.52803687670862   0.415419424564235   0.100609660679476   0.000628386162995653   0
1.45867050989245   0.393905298912611   -0.0693663668161701   -0.0215141256516232   0
1.49085705295263   0.419326055049721   0.0321865430601815   0.0254207561371095   0
1.48756788428947   0.431798163245056   -0.00328916866316664   0.0124721081953347   0
1.44469683504457   0.422481752842787   -0.0428710492448954   -0.00931641040226838   0
1.40388149349686   0.39791040168242   -0.0408153415477077   -0.0245713511603677   0
1.46349252565395   0.439601361505646   0.0596110321570862   0.0416909598232261   0
1.46945584866196   0.437917965621973   0.00596332300800984   -0.00168339588367261   0
1.47748888377116   0.447889516255065   0.00803303510920483   0.00997155063309157   0
1.40281420835748   0.428886250703514   -0.0746746754136804   -0.0190032655515507   0
1.17480334086538   0.567376825327376   -0.228010867492107   0.138490574623862   0
1.14699179417923   0.60124780418032   -0.0278115466861442   0.0338709788529439   0
1.45905519327393   0.500795585487813   0.312063399094697   -0.100452218692507   0
1.50309850855475   0.436197144865963   0.0440433152808197   -0.0645984406218502   0
1.58551929572692   0.562801165905714   0.0824207871721712   0.126604021039752   0
1.56254162710745   0.549339162264075   -0.0229776686194745   -0.0134620036416394   0
1.66808107887594   0.658726394545311   0.105539451768493   0.109387232281236   0
1.70333220410536   0.675734313009224   0.0352511252294183   0.0170079184639137   0
1.69113346304381   0.642347898917969   -0.0121987410615423   -0.0333864140912551   0
1.70426706891202   0.631128913061967   0.0131336058682086   -0.0112189858560025   0
1.74937069574129   0.678605886593345   0.0451036268292677   0.0474769735313779   0
1.82433888151236   0.740191936848608   0.0749681857710645   0.0615860502552628   0
1.90346671196625   0.771089887071766   0.0791278304538909   0.0308979502231587   0
1.89500663294644   0.751241217297689   -0.00846007901980173   -0.0198486697740767   0
1.94038736877238   0.778922200100678   0.0453807358259362   0.0276809828029888   0
1.93954436433695   0.752500521390297   -0.000843004435426176   -0.0264216787103809   0
1.94950487332952   0.776689613893036   0.00996050899256229   0.0241890925027389   0
1.96214294130736   0.779208306221269   0.0126380679778444   0.00251869232823276   0
1.92984338869779   0.742506637723134   -0.0322995526095706   -0.0367016684981352   0
1.93015648883875   0.750977869453391   0.000313100140955536   0.0084712317302571   0
1.94518464463491   0.780207492273296   0.0150281557961627   0.0292296228199053   0
1.92855322444486   0.772717447831937   -0.0166314201900519   -0.00749004444135948   0
1.91611789127963   0.794952655754771   -0.0124353331652243   0.0222352079228343   0
1.95223916699487   0.81674791037949   0.0361212757152376   0.0217952546247191   0
1.9491189414013   0.796799500781504   -0.00312022559357006   -0.0199484095979863   0
1.96483791045359   0.790641088398067   0.0157189690522934   -0.00615841238343651   0
1.98782210646338   0.839825899786899   0.0229841960097836   0.0491848113888316   0
1.98711045387724   0.815012560651836   -0.000711652586133704   -0.0248133391350629   0
2.00689690390636   0.826010563004949   0.0197864500291198   0.0109980023531125   0
2.02556952841933   0.869288688325255   0.0186726245129627   0.0432781253203059   0
2.04628727223567   0.903564454316245   0.0207177438163488   0.0342757659909909   0
2.01442220127516   0.878156772045257   -0.0318650709605173   -0.0254076822709881   0
2.01383091825245   0.879007163793971   -0.000591283022708389   0.000850391748713819   0
2.02453712528135   0.875163499711495   0.0107062070288992   -0.00384366408247638   0
2.02067776561037   0.855513126862961   -0.00385935967097994   -0.0196503728485335   0
2.03556040407433   0.874748991443029   0.0148826384639626   0.0192358645800678   0
2.09107673142621   0.92489379544006   0.0555163273518753   0.0501448039970315   0
2.08920956347137   0.93035347897718   -0.00186716795483388   0.00545968353711956   0
2.06185787845356   0.895007316564851   -0.0273516850178077   -0.0353461624123292   0
2.07397012543205   0.898751354141122   0.0121122469784885   0.00374403757627162   0
2.1218863848179   0.950042096483   0.0479162593858504   0.0512907423418772   0
2.13061734014881   0.934027657988297   0.00873095533090318   -0.0160144384947027   0
2.11074911099388   0.92457117767564   -0.019868229154929   -0.00945648031265733   0
2.10153671611268   0.931044214292714   -0.00921239488119996   0.0064730366170741   0
2.18147689639409   0.968208102355033   0.0799401802814113   0.0371638880623194   0
2.24076416687637   0.961922043136058   0.0592872704822831   -0.00628605921897529   0
2.19530926588471   0.997419469964365   -0.0454549009916643   0.035497426828307   0
2.19119847968805   0.999443776181468   -0.00411078619665517   0.00202430621710281   0
2.18290933896861   0.966337379754423   -0.00828914071944054   -0.0331063964270444   0
2.21768053275777   0.998669905901294   0.0347711937891528   0.0323325261468703   0
2.19336840442128   1.01465726683063   -0.02431212833649   0.0159873609293368   0
2.25884916459568   1.04620358953801   0.0654807601744092   0.0315463227073831   0
2.21969657944704   1.00941764747411   -0.0391525851486452   -0.0367859420639018   0
2.22280718604962   1.04607390904413   0.00311060660258411   0.0366562615700199   0
2.26022015881742   1.1020336394048   0.0374129727677954   0.0559597303606696   0
2.20717429150789   1.090805518412   -0.0530458673095322   -0.0112281209927976   0
1.91318735819761   1.0798430341274   -0.293986933310279   -0.0109624842845994   0
2.18082916766772   1.24696245194323   0.267641809470112   0.16711941781583   0
2.42519483997518   1.39457017670424   0.244365672307465   0.147607724761009   0
2.35479923568921   1.28901291033705   -0.0703956042859724   -0.105557266367196   0
2.32558562590579   1.24445274586249   -0.0292136097834241   -0.0445601644745584   0
2.29885589400918   1.27536553138763   -0.0267297318966055   0.0309127855251365   0
2.2616584513492   1.25915964346655   -0.0371974426599841   -0.0162058879210711   0
2.25402682072032   1.24215235424162   -0.00763163062887795   -0.0170072892249358   0
