0   0   0   0   0
0.0178857146573966   0.0308387688336344   0.0178857146573966   0.0308387688336344   0
0.0580524336424656   0.0350360073536699   0.040166718985069   0.00419723852003546   0
0.0590713224016403   0.0235656147021215   0.00101888875917464   -0.0114703926515484   0
0.0547668501407775   0.0277703898331257   -0.0043044722608628   0.00420477513100423   0
0.0323588162005975   0.0168050521426698   -0.0224080339401799   -0.0109653376904559   0
0.0392311726995979   0.0374766988767244   0.00687235649900038   0.0206716467340546   0
0.0699171617383027   0.0593410607952687   0.0306859890387048   0.0218643619185443   0
0.0641710589282347   0.0522463015846169   -0.005746102810068   -0.00709475921065181   0
0.0588728223511126   0.0474700782605925   -0.00529823657712208   -0.00477622332402446   0
0.046647475499107   0.062832275349628   -0.0122253468520056   0.0153621970890355   0
0.0530351225193477   0.0695414688378793   0.00638764702024064   0.00670919348825133   0
0.0918863834036506   0.0802630834965797   0.038851260884303   0.0107216146587004   0
0.033171390262301   0.0845086385481096   -0.0587149931413497   0.00424555505152989   0
0.0693896402456856   0.110251547336493   0.0362182499833846   0.0257429087883835   0
0.0777782447425154   0.126878579578457   0.00838860449682978   0.0166270322419644   0
0.0407743558498163   0.142929984886411   -0.037003888892699   0.0160514053079532   0
0.0447904101038262   0.165309396708087   0.00401605425400983   0.0223794118216763   0
0.124201691421833   0.182303962161633   0.0794112813180067   0.0169945654535458   0
0.0558003800628484   0.179067970379376   -0.0684013113589844   -0.00323599178225659   0
0.122605719222243   0.172264670129684   0.0668053391593946   -0.00680330024969208   0
0.141657090494395   0.212934956421725   0.0190513712721516   0.0406702862920411   0
0.0890041342494848   0.21085037364619   -0.0526529562449098   -0.00208458277553475   0
0.128417849910676   0.210578208465006   0.039413715661191   -0.000272165181184059   0
0.079098637440357   0.210469006464073   -0.0493192124703188   -0.000109202000933367   0
0.0993133497714397   0.218800141063902   0.0202147123310826   0.00833113459982857   0
0.151003972175269   0.229501067993293   0.0516906224038289   0.0107009269293913   0
0.0914909871098397   0.225473810283486   -0.0595129850654288   -0.00402725770980691   0
0.206955139852955   0.203184756794269   0.115464152743115   -0.0222890534892169   0
0.124492037888547   0.205197041202547   -0.0824631019644074   0.00201228440827766   0
0.140177265679375   0.210989315162965   0.0156852277908271   0.00579227396041798   0
0.199497681076672   0.275012995666004   0.0593204153972971   0.0640236805030395   0
0.115243040101791   0.226265540884953   -0.0842546409748809   -0.0487474547810508   0
0.0683108011423813   0.196472430714042   -0.0469322389594093   -0.0297931101709114   0
0.17044610348801   0.20529743786042   0.102135302345629   0.00882500714637832   0
0.114630902031661   0.194909292988706   -0.0558152014563494   -0.0103881448717141   0
0.125985185059309   0.203146118190594   0.0113542830276485   0.00823682520188798   0
0.105601063209011   0.207982910663439   -0.0203841218502982   0.00483679247284446   0
0.224177156261715   0.233775824076851   0.118576093052705   0.0257929134134123   0
0.164761061146785   0.225711548087023   -0.0594160951149306   -0.00806427598982754   0
0.117898760323627   0.214264174305375   -0.046862300823158   -0.0114473737816485   0
0.187943980887914   0.222909705691232   0.0700452205642866   0.00864553138585752   0
0.135162700241644   0.222693257388097   -0.05278128064627   -0.000216448303134914   0
0.159013235759404   0.217853001437424   0.02385053551776   -0.00484025595067356   0
0.153158875109602   0.221438844042935   -0.00585436064980197   0.0035858426055112   0
0.190581754744598   0.217904649430721   0.0374228796349969   -0.00353419461221371   0
0.208727396335473   0.230104265622036   0.0181456415908743   0.0121996161913145   0
0.171645428665049   0.23900009547492   -0.0370819676704238   0.00889582985288437   0
0.204194848276694   0.249497302525316   0.0325494196116448   0.0104972070503955   0
0.178752946305007   0.245168287562132   -0.0254419019716867   -0.00432901496318397   0
0.154005281592519   0.249020981260207   -0.0247476647124877   0.0038526936980757   0
0.243229641594194   0.260223157112059   0.0892243600016745   0.0112021758518518   0
0.203480187654001   0.26908250018425   -0.0397494539401925   0.00885934307219099   0
0.194066823483467   0.23826452835247   -0.00941336417053412   -0.0308179718317806   0
0.206717019000288   0.245952774409877   0.012650195516821   0.00768824605740739   0
0.267115554551482   0.282666436784039   0.060398535551194   0.0367136623741623   0
0.269195626181187   0.279947330878076   0.00208007162970486   -0.00271910590596303   0
0.221124962351135   0.266289663379234   -0.0480706638300524   -0.0136576674988422   0
0.296457692314232   0.281581979233108   0.0753327299630975   0.015292315853874   0
0.206078413517829   0.261062390904255   -0.0903792787964035   -0.0205195883288529   0
0.271330461809828   0.272343921978258   0.0652520482919989   0.0112815310740031   0
0.223070756635338   0.266748695094784   -0.0482597051744896   -0.00559522688347464   0
0.335733670282869   0.29008066973274   0.11266291364753   0.0233319746379566   0
0.275313427401503   0.297038705118805   -0.0604202428813652   0.00695803538606438   0
0.282513682643572   0.304750476752816   0.00720025524206824   0.00771177163401082   0
0.308954437019025   0.309830370467597   0.0264407543754532   0.00507989371478179   0
0.235748748270352   0.308146460644831   -0.0732056887486724   -0.00168390982276628   0
0.294667427561466   0.308349838661474   0.0589186792911137   0.000203378016643219   0
0.248610152642256   0.321550088769347   -0.0460572749192101   0.0132002501078725   0
0.311979188791406   0.293663197947067   0.0633690361491501   -0.0278868908222796   0
0.148853412452521   0.374100017589392   -0.163125776338885   0.0804368196423244   0
0.168334910520936   0.302189802735434   0.0194814980684155   -0.0719102148539579   0
0.189868394586347   0.303732090294101   0.0215334840654108   0.0015422875586672   0
0.242750931722341   0.316058688753646   0.0528825371359937   0.0123265984595453   0
0.232065265884996   0.326132048315866   -0.0106856658373443   0.0100733595622202   0
0.321217079604239   0.344783081858137   0.0891518137192426   0.0186510335422703   0
0.281689294942177   0.338583179885746   -0.0395277846620616   -0.00619990197239023   0
0.272318168892019   0.345864970310358   -0.00937112605015811   0.00728179042461119   0
0.332704143507063   0.373471993028616   0.0603859746150433   0.0276070227182585   0
0.294706431251516   0.372327124533277   -0.0379977122555467   -0.0011448684953394   0
0.343048053235365   0.379488257587619   0.0483416219838491   0.00716113305434246   0
0.307012624024419   0.366598569595587   -0.0360354292109459   -0.012889687992032   0
0.29510300574104   0.358963571181421   -0.011909618283379   -0.00763499841416626   0
0.315557870105555   0.369121725980008   0.0204548643645145   0.0101581547985869   0
0.302867575067575   0.362817403607444   -0.01269029503798   -0.00630432237256412   0
0.329511960466754   0.351742072186006   0.0266443853991792   -0.011075331421438   0
0.314926619276811   0.346177333589636   -0.0145853411899429   -0.00556473859636947   0
0.354192884093395   0.376771033746828   0.0392662648165845   0.0305937001571913   0
0.29322388226929   0.369409107595732   -0.0609690018241051   -0.00736192615109593   0
0.330501273640885   0.37176984352295   0.037277391371595   0.00236073592721875   0
0.175882166533239   0.383926750612262   -0.154619107107646   0.0121569070893119   0
0.250356624895215   0.347046751558933   0.0744744583619759   -0.0368799990533293   0
0.23835917645726   0.348109653051899   -0.0119974484379547   0.00106290149296578   0
0.373471971043993   0.374741957067099   0.135112794586733   0.0266323040152003   0
0.327876272669258   0.375322832408217   -0.0455956983747354   0.000580875341117504   0
0.39842071501016   0.392686746219568   0.070544442340902   0.0173639138113515   0
0.329880360724057   0.380660143909466   -0.068540354286103   -0.0120266023101021   0
0.321333205241919   0.378959467924551   -0.00854715548213797   -0.00170067598491513   0
0.341874154728123   0.38858291493598   0.0205409494862043   0.00962344701142964   0
0.291114755327271   0.373787809288567   -0.0507593994008522   -0.0147951056474138   0
0.356419546001951   0.38451520690644   0.0653047906746805   0.0107273976178737   0
0.315997621212479   0.398949135148565   -0.0404219247894723   0.0144339282421246   0
0.340261617769734   0.388871663211612   0.024263996557255   -0.0100774719369526   0
0.367810118154353   0.396701518286125   0.0275485003846188   0.00782985507451261   0
0.304910889525856   0.393803834897351   -0.0628992286284965   -0.00289768338877389   0
0.346743078635677   0.400759016273822   0.0418321891098208   0.00695518137647083   0
0.314947326807136   0.399961717171511   -0.0317957518285416   -0.000797299102310467   0
0.309078461469537   0.406073475072568   -0.00586886533759878   0.00611175790105645   0
0.376375816766207   0.419658730509928   0.0672973552966697   0.0135852554373597   0
0.311671634248262   0.402632627185962   -0.0647041825179444   -0.0170261033239657   0
0.386195182885863   0.413461063149471   0.0745235486376007   0.0108284359635086   0
0.333240891348866   0.406979261925045   -0.0529542915369967   -0.0064818012244251   0
0.395202784699603   0.417936115934734   0.0619618933507372   0.0109568540096881   0
0.323056150275416   0.394258016264886   -0.0721466344241875   -0.0236780996698473   0
0.368023964767253   0.399553969641148   0.0449678144918368   0.00529595337626187   0
0.320887531282247   0.398129510514961   -0.0471364334850053   -0.00142445912618711   0
0.275985611553391   0.382159309835745   -0.0449019197288559   -0.0159702006792158   0
0.357675580747315   0.395694289460809   0.0816899691939237   0.0135349796250642   0
0.28428016758333   0.380514031194879   -0.0733954131639853   -0.0151802582659303   0
0.355462530307288   0.412388057548215   0.0711823627239578   0.0318740263533361   0
0.318101661385948   0.408859171874832   -0.03736086892134   -0.00352888567338316   0
0.296519010972595   0.411837936663323   -0.0215826504133523   0.00297876478849085   0
0.333725093526877   0.419257131350711   0.0372060825542819   0.00741919468738828   0
0.258387639566184   0.386027168878655   -0.0753374539606935   -0.0332299624720562   0
0.348122872291489   0.409967395051672   0.0897352327253048   0.0239402261730166   0
0.353086115513677   0.434516451269318   0.004963243222188   0.0245490562176465   0
0.3337474634153   0.433722221411107   -0.0193386520983767   -0.000794229858211315   0
0.37690916026485   0.436250664354436   0.0431616968495505   0.00252844294332977   0
0.310110979087645   0.409437851223508   -0.066798181177205   -0.0268128131309284   0
0.352197765614146   0.437034561220376   0.0420867865265002   0.0275967099968675   0
0.302682760545505   0.399221804877214   -0.0495150050686402   -0.0378127563431612   0
0.350078820203554   0.435419069804955   0.0473960596580491   0.0361972649277404   0
0.383318886285754   0.460860113495944   0.0332400660821992   0.0254410436909889   0
0.362802861649416   0.468372519594821   -0.0205160246363377   0.00751240609887743   0
0.344794914711586   0.459611357520255   -0.0180079469378301   -0.00876116207456568   0
0.440005315089678   0.496521849601188   0.095210400378092   0.0369104920809326   0
0.364437231852552   0.477215541623392   -0.0755680832371262   -0.019306307977796   0
0.357578829249361   0.475605296277718   -0.00685840260319098   -0.001610245345674   0
0.409054034637589   0.483195759108743   0.0514752053882283   0.00759046283102521   0
0.331720750729954   0.45095948160328   -0.0773332839076346   -0.032236277505463   0
0.433253930988695   0.483893767791999   0.10153318025874   0.0329342861887189   0
0.390055680327634   0.409208848652297   -0.0431982506610609   -0.0746849191397023   0
0.470382423960442   0.455045061430861   0.0803267436328082   0.0458362127785646   0
0.41618315775053   0.472217592501445   -0.0541992662099121   0.0171725310705837   0
0.404594817613053   0.470535506018325   -0.0115883401374768   -0.00168208648311979   0
0.431934855292161   0.497639904887471   0.027340037679108   0.027104398869146   0
0.388447411299389   0.48106376938216   -0.0434874439927723   -0.0165761355053109   0
0.425818662765035   0.510305166194598   0.0373712514656466   0.0292413968124371   0
0.406285748191091   0.514999038571197   -0.0195329145739438   0.00469387237659902   0
0.409868600970437   0.498100591461583   0.003582852779346   -0.0168984471096136   0
0.402150627652331   0.497564153269556   -0.00771797331810681   -0.000536438192027311   0
0.410894933696931   0.495362663188585   0.00874430604459997   -0.00220149008097026   0
0.429823647496761   0.502947703293165   0.0189287137998305   0.00758504010457978   0
0.405632095044491   0.491693893762009   -0.0241915524522702   -0.0112538095311567   0
0.393485094279953   0.500848174190866   -0.0121470007645375   0.00915428042885719   0
0.437925440641587   0.515004969394771   0.0444403463616336   0.0141567952039057   0
0.365935145797898   0.476424694627414   -0.0719902948436895   -0.0385802747673571   0
0.399277323196859   0.451914521997127   0.0333421773989612   -0.024510172630287   0
0.372290081892013   0.463974539002674   -0.0269872413048458   0.0120600170055468   0
0.422486093514578   0.507103280970332   0.0501960116225652   0.0431287419676583   0
0.383664068919813   0.32623729336356   -0.0388220245947649   -0.180865987606772   0
0.376571644885599   0.312520451145791   -0.00709242403421406   -0.0137168422177688   0
0.361689423707513   0.344506221529599   -0.0148822211780863   0.0319857703838085   0
0.407763252662174   0.389960357029433   0.0460738289546609   0.0454541354998337   0
0.382462488978183   0.402749969388453   -0.0253007636839914   0.0127896123590194   0
0.403382136187544   0.396679910433516   0.0209196472093614   -0.00607005895493656   0
0.345950228587219   0.384179713213331   -0.0574319076003251   -0.0125001972201852   0
0.424114852824492   0.435021094401757   0.0781646242372736   0.0508413811884262   0
0.358563678843281   0.396226000208825   -0.0655511739812119   -0.0387950941929321   0
0.412365380856409   0.409069057453437   0.0538017020131281   0.0128430572446125   0
0.378435528438586   0.408803605577996   -0.0339298524178224   -0.000265451875441858   0
0.384999976563347   0.385462697016136   0.00656444812476092   -0.0233409085618601   0
0.432288332961804   0.420018804753367   0.047288356398457   0.0345561077372315   0
0.366275167887385   0.386657241211825   -0.0660131650744192   -0.0333615635415418   0
0.409450372060923   0.388505652856163   0.0431752041735377   0.00184841164433741   0
0.389018770010861   0.391486873648109   -0.0204316020500615   0.0029812207919469   0
0.389820300507953   0.410147148383577   0.000801530497092195   0.0186602747354679   0
0.415201360865554   0.428227360851297   0.0253810603576008   0.0180802124677196   0
0.384742606252021   0.420777409499173   -0.0304587546135329   -0.00744995135212373   0
0.444570402679675   0.449498095730176   0.0598277964276541   0.0287206862310025   0
0.409825394371024   0.440637237592951   -0.034745008308651   -0.00886085813722443   0
0.429534439711437   0.411099921054382   0.0197090453404127   -0.0295373165385693   0
0.433755733772145   0.433577806733695   0.00422129406070831   0.0224778856793125   0
0.454238065549552   0.437188739713593   0.0204823317774063   0.00361093297989862   0
0.42373629980422   0.433300484077638   -0.0305017657453313   -0.00388825563595513   0
0.411339912288933   0.425772223457642   -0.0123963875152869   -0.00752826061999606   0
0.436482535673341   0.441670242956709   0.0251426233844071   0.0158980194990667   0
0.408500047065596   0.422213420797838   -0.0279824886077445   -0.0194568221588705   0
0.4218633003904   0.428294423184918   0.0133632533248041   0.00608100238707981   0
0.422588804443544   0.414557424143402   0.00072550405314431   -0.0137369990415157   0
0.40291610470177   0.403460050340274   -0.0196726997417743   -0.0110973738031284   0
0.429682810390998   0.419935929727827   0.0267667056892275   0.0164758793875535   0
0.444866673086356   0.433528091520082   0.0151838626953588   0.0135921617922543   0
0.404209212667849   0.405895446386617   -0.0406574604185076   -0.0276326451334648   0
0.384681991539567   0.38888524165158   -0.0195272211282818   -0.0170102047350365   0
0.43000405681696   0.42510821918085   0.0453220652773929   0.0362229775292691   0
0.414492945052243   0.436839906768279   -0.0155111117647168   0.0117316875874296   0
0.417461922635781   0.417092293469539   0.00296897758353765   -0.0197476132987405   0
0.436860077129316   0.430085854340803   0.0193981544935349   0.0129935608712644   0
0.403377331996302   0.406058793866368   -0.0334827451330139   -0.0240270604744354   0
0.42443842605289   0.407427149823257   0.0210610940565882   0.00136835595688972   0
0.417772630203673   0.38723140653465   -0.00666579584921673   -0.0201957432886069   0
0.397588069091631   0.372995252469635   -0.0201845611120422   -0.0142361540650157   0
0.449200594020879   0.407772838321021   0.0516125249292482   0.0347775858513864   0
0.405408771573906   0.366548278938075   -0.0437918224469731   -0.041224559382946   0
0.473063140962623   0.412836247484969   0.0676543693887172   0.0462879685468938   0
0.434805533335239   0.382860558708386   -0.0382576076273843   -0.0299756887765826   0
0.468944180602826   0.409952891052678   0.0341386472675867   0.0270923323442917   0
0.422114197809404   0.374349404045012   -0.046829982793422   -0.0356034870076661   0
0.418569645762749   0.35877428290381   -0.00354455204665494   -0.0155751211412016   0
0.455010102772174   0.393182435091467   0.0364404570094258   0.0344081521876567   0
0.426090018187663   0.376744251891949   -0.0289200845845119   -0.0164381831995183   0
0.452944875734265   0.392558909884682   0.0268548575466022   0.0158146579927331   0
0.460747015172603   0.38952325274686   0.0078021394383383   -0.00303565713782195   0
0.447468448613196   0.383977027214406   -0.0132785665594073   -0.00554622553245371   0
0.478963512401869   0.395518754366668   0.0314950637886732   0.0115417271522616   0
0.441078572731982   0.367848116907751   -0.037884939669887   -0.0276706374589166   0
0.462872615478291   0.378967294237705   0.0217940427463087   0.0111191773299538   0
0.45537630973338   0.377323352343461   -0.00749630574491028   -0.00164394189424455   0
0.439362126552731   0.367807442867679   -0.0160141831806493   -0.00951590947578107   0
0.475156064303303   0.374480458248247   0.035793937750572   0.00667301538056742   0
0.449981125830225   0.346613607275101   -0.0251749384730783   -0.0278668509731455   0
0.457414193439247   0.312024218709848   0.00743306760902235   -0.0345893885652533   0
0.477305788943724   0.349314198074874   0.0198915955044772   0.0372899793650261   0
0.841378850295704   0.408367081660601   0.36407306135198   0.0590528835857264   0
0.760804859545963   0.273982676616861   -0.0805739907497413   -0.134384405043739   0
0.606008072298951   0.180813680928317   -0.154796787247012   -0.0931689956885441   0
0.544888681911331   0.21487040779328   -0.0611193903876202   0.0340567268649625   0
0.526252874387501   0.236496574961677   -0.01863580752383   0.0216261671683974   0
0.521737713028092   0.241639261625659   -0.00451516135940921   0.00514268666398165   0
0.472034731197581   0.240063941629341   -0.0497029818305107   -0.00157531999631749   0
