0   0   0   0   0
0.0211153626891915   0.0101730102854729   0.0211153626891915   0.0101730102854729   0
0.0154943656838219   0.0145223880632052   -0.00562099700536964   0.00434937777773226   0
0.0339620548288294   0.0248620954850725   0.0184676891450075   0.0103397074218673   0
0.0331596173329317   0.0370850896343517   -0.000802437495897736   0.0122229941492792   0
0.0219936796421547   0.0234585158183199   -0.0111659376907769   -0.0136265738160318   0
0.0211603983318266   0.0380294573473855   -0.000833281310328116   0.0145709415290656   0
0.0215585194344122   0.0313037748978214   0.000398121102585618   -0.00672568244956404   0
0.00735490053076828   0.038548516501445   -0.014203618903644   0.00724474160362355   0
0.038353610802937   0.0419845973794528   0.0309987102721687   0.00343608087800783   0
0.0556169216681046   0.055161915107857   0.0172633108651676   0.0131773177284042   0
0.0304093133421541   0.0465218739965704   -0.0252076083259505   -0.00864004111128661   0
0.0215009528941296   0.0494891514600242   -0.00890836044802441   0.00296727746345381   0
0.0589327841891853   0.0768283792859876   0.0374318312950556   0.0273392278259634   0
0.0278123561168193   0.0494385661690946   -0.0311204280723659   -0.0273898131168931   0
0.0438455590926258   0.0611957848439514   0.0160332029758064   0.0117572186748569   0
0.0667482951230153   0.103154807082509   0.0229027360303895   0.0419590222385578   0
0.0452922585832255   0.123738520066798   -0.0214560365397898   0.020583712984289   0
0.036860398150794   0.0848016988551927   -0.00843186043243148   -0.0389368212116056   0
0.0488760627964128   0.0567882429323815   0.0120156646456188   -0.0280134559228111   0
0.0733643195310279   0.0803329857613505   0.0244882567346151   0.023544742828969   0
0.069445120813274   0.0677626337221086   -0.00391919871775391   -0.0125703520392419   0
0.0417445380909312   0.0453536417982207   -0.0277005827223428   -0.0224089919238879   0
0.0701817247627834   0.080585884656912   0.0284371866718522   0.0352322428586913   0
0.0865788373737519   0.105122194497524   0.0163971126109685   0.0245363098406118   0
0.0423585542432166   0.0737700647721082   -0.0442202831305352   -0.0313521297254155   0
0.0611139201359569   0.0822846411066623   0.0187553658927403   0.0085145763345541   0
0.0646213731912861   0.0818717613156041   0.00350745305532914   -0.000412879791058182   0
0.0674306201167995   0.096339763238191   0.00280924692551345   0.0144680019225868   0
0.0490738255625389   0.089545663152234   -0.0183567945542606   -0.00679410008595699   0
0.0630420470652994   0.0951872611149592   0.0139682215027605   0.00564159796272522   0
0.0458337105648656   0.0869509572069305   -0.0172083365004338   -0.00823630390802875   0
0.073562620535452   0.112248854267646   0.0277289099705864   0.0252978970607156   0
0.0455542480761462   0.0903769872910168   -0.0280083724593057   -0.0218718669766293   0
0.0657217707006135   0.113639149771411   0.0201675226244673   0.0232621624803945   0
0.0880958351116351   0.129150223267462   0.0223740644110216   0.0155110734960504   0
0.0525427006564096   0.115534728929113   -0.0355531344552255   -0.0136154943383484   0
0.040896285595179   0.0972186928771026   -0.0116464150612306   -0.0183160360520107   0
0.0987083621788323   0.128372857704887   0.0578120765836533   0.0311541648277848   0
0.0497839121350953   0.103160073793051   -0.048924450043737   -0.0252127839118365   0
0.0574035724069626   0.105055358260852   0.00761966027186727   0.00189528446780139   0
0.074020821479854   0.114518511649033   0.0166172490728915   0.00946315338818081   0
0.0748336919887069   0.106296973147577   0.000812870508852911   -0.00822153850145609   0
0.0705064189996119   0.106952285878985   -0.00432727298909508   0.000655312731407967   0
0.0629273040497475   0.0920327757052685   -0.00757911494986432   -0.0149195101737166   0
0.0950547680044995   0.134373384668587   0.032127463954752   0.0423406089633189   0
0.0766157839338698   0.118851763189931   -0.0184389840706297   -0.0155216214786562   0
0.0602346508147374   0.10259523925533   -0.0163811331191324   -0.0162565239346008   0
0.0559621796891693   0.108641850463992   -0.00427247112556817   0.00604661120866136   0
0.07050060382911   0.120125812817881   0.0145384241399407   0.0114839623538897   0
0.0602974426455971   0.0978963404566799   -0.0102031611835128   -0.0222294723612016   0
0.0745402653581952   0.104355966901447   0.0142428227125981   0.00645962644476722   0
0.0981517483257175   0.11448260983136   0.0236114829675223   0.0101266429299132   0
0.087276108972057   0.129909343354469   -0.0108756393536606   0.0154267335231085   0
0.0756967754716942   0.109724463540365   -0.0115793335003627   -0.0201848798141037   0
0.0802662813355751   0.121023336161817   0.00456950586388093   0.0112988726214519   0
0.0902573762660819   0.135015911488606   0.00999109493050675   0.0139925753267887   0
0.0564717689830312   0.115706706092846   -0.0337856072830506   -0.0193092053957598   0
0.0610657772816993   0.120905674185144   0.00459400829866807   0.00519896809229824   0
0.0646157663175097   0.115114876279355   0.00354998903581041   -0.00579079790578867   0
0.0816831500516692   0.130747603420445   0.0170673837341595   0.0156327271410895   0
0.0594014607022659   0.124429153464468   -0.0222816893494034   -0.00631844995597736   0
0.055893397887647   0.121595291067308   -0.00350806281461889   -0.00283386239715946   0
0.0691563560423798   0.120563551371062   0.0132629581547329   -0.00103173969624647   0
0.0734971195641204   0.137192024907331   0.00434076352174054   0.0166284735362694   0
0.0724772476431272   0.127331132575791   -0.00101987192099313   -0.00986089233153997   0
0.0571504118906322   0.101589964394837   -0.0153268357524951   -0.0257411681809544   0
0.0744165333604043   0.107027181011667   0.0172661214697721   0.00543721661683022   0
0.0748181016816293   0.128033789944273   0.000401568321225079   0.0210066089326058   0
0.0656749934763703   0.118716932784914   -0.00914310820525903   -0.00931685715935876   0
0.0654726934493212   0.0924413748756829   -0.00020230002704906   -0.026275557909231   0
0.069143182724725   0.0996507966688622   0.00367048927540374   0.00720942179317927   0
0.0923328048802309   0.121842132595985   0.0231896221555059   0.0221913359271225   0
0.0853725612504981   0.106414032010868   -0.00696024362973274   -0.0154281005851163   0
0.0623625161035621   0.0724739172896723   -0.023010045146936   -0.0339401147211961   0
0.0900207607533691   0.123436683525368   0.027658244649807   0.050962766235696   0
0.0632300796559611   0.112090550127915   -0.026790681097408   -0.0113461333974537   0
0.0941485787461497   0.0720622422796305   0.0309184990901887   -0.0400283078482841   0
0.0952909527400709   0.103540791508151   0.0011423739939212   0.0314785492285204   0
0.054408382000104   0.112402698289511   -0.0408825707399669   0.00886190678135988   0
0.0612499099930613   0.111114576736616   0.00684152799295729   -0.00128812155289496   0
0.0884267160453761   0.118199068333073   0.0271768060523148   0.00708449159645709   0
0.0983635604615868   0.13011352092656   0.00993684441621064   0.0119144525934871   0
0.0979916121343708   0.13045224446858   -0.00037194832721596   0.000338723542019498   0
0.0566653016205039   0.114124274991171   -0.041326310513867   -0.0163279694774081   0
0.0932332899533175   0.148693492978486   0.0365679883328137   0.0345692179873146   0
0.0822635270777124   0.144153040320094   -0.0109697628756051   -0.00454045265839242   0
0.0582376176806064   0.11146671235472   -0.024025909397106   -0.032686327965374   0
0.0749988405059383   0.131039874998992   0.0167612228253319   0.0195731626442723   0
0.0945268731283647   0.148622993220947   0.0195280326224264   0.0175831182219547   0
0.0771841495849814   0.13818743204586   -0.0173427235433833   -0.0104355611750869   0
0.0738176470878252   0.11337791246552   -0.00336650249715617   -0.0248095195803396   0
0.0882090630554846   0.130483708870799   0.0143914159676593   0.0171057964052791   0
0.106314282914188   0.151437730464806   0.0181052198587038   0.0209540215940069   0
0.0862449967016136   0.14897071704779   -0.0200692862125747   -0.00246701341701633   0
0.0842062595479804   0.120230906879372   -0.00203873715363327   -0.0287398101684173   0
0.103359995381056   0.169556843569032   0.0191537358330758   0.0493259366896592   0
0.103385772531713   0.157361580603985   2.57771506566307e-05   -0.012195262965047   0
0.0780671432808053   0.138382642535059   -0.0253186292509075   -0.0189789380689254   0
0.0851948047649084   0.141429738370096   0.00712766148410311   0.00304709583503665   0
0.107397641407441   0.176771688153908   0.0222028366425323   0.0353419497838119   0
0.102276367191374   0.155680803810258   -0.0051212742160671   -0.02109088434365   0
0.0932368943484509   0.134314838601287   -0.00903947284292268   -0.0213659652089705   0
0.0955599098290982   0.128707679764705   0.00232301548064723   -0.00560715883658242   0
0.103480963495622   0.15762869734799   0.00792105366652336   0.0289210175832847   0
0.0887081175393754   0.140657739083908   -0.0147728459562461   -0.016970958264082   0
0.101759932274933   0.104102934075674   0.0130518147355577   -0.036554805008234   0
0.131235940946719   0.132238154022447   0.0294760086717861   0.0281352199467732   0
0.107960089753067   0.14297247743522   -0.023275851193652   0.0107343234127727   0
0.0967214766540733   0.12375015642337   -0.0112386130989939   -0.0192223210118496   0
0.106894762072253   0.132605788955094   0.01017328541818   0.00885563253172385   0
0.110592842217281   0.148637190501641   0.00369808014502758   0.0160314015465472   0
0.0985734224709598   0.138478909867293   -0.012019419746321   -0.0101582806343475   0
0.0980342950639357   0.137787762372222   -0.000539127407024179   -0.000691147495071237   0
0.116830269600207   0.13872489612613   0.0187959745362718   0.000937133753907304   0
0.124797827182594   0.157786510156746   0.00796755758238624   0.0190616140306166   0
0.111244497048776   0.155174224242772   -0.0135533301338175   -0.0026122859139743   0
0.111607896331311   0.139431947316495   0.000363399282534718   -0.0157422769262768   0
0.12984620927691   0.142586903345462   0.0182383129455993   0.00315495602896693   0
0.119422467652645   0.139806399404214   -0.0104237416242653   -0.00278050394124779   0
0.0924882828909396   0.143065022065835   -0.0269341847617053   0.00325862266162094   0
0.0833111257582738   0.166962661794933   -0.0091771571326658   0.023897639729098   0
0.0961285783802791   0.184451236944603   0.0128174526220053   0.0174885751496698   0
0.100539026236896   0.176952698520903   0.00441044785661716   -0.00749853842369988   0
0.104092015341877   0.136858631406531   0.0035529891049806   -0.0400940671143718   0
0.105793433266976   0.164741297347199   0.00170141792509886   0.0278826659406679   0
0.0898598862617761   0.182262926914206   -0.0159335470051996   0.0175216295670068   0
0.0760525484418139   0.170380862831609   -0.0138073378199622   -0.011882064082597   0
0.109217558235021   0.175066898195142   0.0331650097932068   0.00468603536353324   0
0.11596396404698   0.189104120478556   0.006746405811959   0.0140372222834137   0
0.114271605649723   0.188945161482787   -0.00169235839725658   -0.000158958995768455   0
0.0975014272157393   0.1602324505624   -0.0167701784339838   -0.0287127109203875   0
0.109619455909964   0.172323568769747   0.0121180286942249   0.0120911182073471   0
0.115163498917392   0.193693069099898   0.00554404300742799   0.021369500330151   0
0.0920942568310957   0.184124170292708   -0.0230692420862966   -0.00956889880718989   0
0.0890945151839607   0.177328896108836   -0.00299974164713497   -0.00679527418387255   0
0.101625653492597   0.170286136937835   0.0125311383086362   -0.00704275917100097   0
0.0987814785563338   0.189277088935605   -0.00284417493626313   0.0189909519977708   0
0.100587037033732   0.184050000393059   0.00180555847739837   -0.00522708854254669   0
0.100531804299077   0.177091112476157   -5.52327346556303e-05   -0.00695888791690194   0
0.115788072818216   0.179203923510216   0.0152562685191393   0.00211281103405916   0
0.118465765005398   0.195230470183824   0.00267769218718181   0.016026546673608   0
0.105270345117131   0.190446216989435   -0.0131954198882669   -0.00478425319438863   0
0.105539596243924   0.175270569274341   0.000269251126793157   -0.0151756477150945   0
0.119179771995819   0.18243398445594   0.0136401757518946   0.00716341518159913   0
0.125307485447107   0.206351169418326   0.0061277134512881   0.0239171849623859   0
0.124048810268431   0.207582058000229   -0.0012586751786758   0.00123088858190284   0
0.10882969022736   0.171929227537917   -0.0152191200410708   -0.0356528304623115   0
0.127383666047714   0.176069022635163   0.0185539758203539   0.00413979509724552   0
0.132996424616143   0.190529104430051   0.0056127585684293   0.0144600817948883   0
0.121590870835175   0.183208689437687   -0.0114055537809687   -0.00732041499236363   0
0.10625303438383   0.164728084191133   -0.0153378364513445   -0.0184806052465541   0
0.112904642405234   0.182199885556973   0.00665160802140374   0.0174718013658399   0
0.120960911098911   0.188289698546345   0.00805626869367743   0.00608981298937183   0
0.125052298014906   0.187374500253457   0.00409138691599503   -0.000915198292887776   0
0.132260284384186   0.170372062613788   0.00720798636928022   -0.0170024376396689   0
0.130618712993685   0.171144642672874   -0.00164157139050111   0.000772580059085703   0
0.139125259528299   0.18036950674467   0.00850654653461394   0.00922486407179632   0
0.126160952405686   0.19023075843412   -0.0129643071226133   0.00986125168944987   0
0.134462352715758   0.173197909595512   0.00830140031007193   -0.0170328488386087   0
0.143086827788965   0.179132569408607   0.00862447507320688   0.00593465981309524   0
0.137957055249855   0.176228577167591   -0.00512977253910946   -0.00290399224101595   0
0.126697788350674   0.196169904857651   -0.0112592668991814   0.0199413276900601   0
0.134103030543344   0.182318837964014   0.00740524219267036   -0.013851066893637   0
0.137816889048002   0.191463038637401   0.00371385850465786   0.00914420067338664   0
0.123240458883318   0.227980190590242   -0.014576430164684   0.0365171519528412   0
0.116321832136723   0.190661534767167   -0.0069186267465955   -0.0373186558230747   0
0.140474685195942   0.179534643327645   0.0241528530592192   -0.0111268914395225   0
0.144378482454332   0.202668821843065   0.00390379725839024   0.0231341785154201   0
0.130383440829664   0.209990212880374   -0.0139950416246677   0.00732139103730911   0
0.127435000817882   0.182677507736745   -0.00294844001178249   -0.0273127051436286   0
0.149876872706262   0.187821255326623   0.0224418718883807   0.0051437475898779   0
0.147927742402788   0.180723825973326   -0.00194913030347485   -0.00709742935329757   0
0.150149837228089   0.185556508380081   0.0022220948253012   0.00483268240675516   0
0.142722748044975   0.167581345923098   -0.00742708918311352   -0.0179751624569831   0
0.148661026441509   0.188538979885961   0.0059382783965338   0.0209576339628632   0
0.155849812150562   0.193143070209211   0.00718878570905263   0.00460409032325015   0
0.158149218137927   0.200768339789707   0.00229940598736503   0.00762526958049572   0
0.16015652295931   0.192481639913313   0.00200730482138309   -0.00828669987639361   0
0.166560351738218   0.192354444156152   0.00640382877890816   -0.000127195757161302   0
0.177872961069151   0.1814683657908   0.0113126093309328   -0.0108860783653515   0
0.17076611622041   0.194886074922389   -0.00710684484874069   0.0134177091315887   0
0.169439103978089   0.180387789651948   -0.00132701224232154   -0.0144982852704405   0
0.178456778720542   0.180413909160964   0.00901767474245385   2.61195090154043e-05   0
0.178630526653098   0.191450601895971   0.000173747932555451   0.0110366927350067   0
0.169923968524236   0.17504769434733   -0.00870655812886192   -0.0164029075486405   0
0.16635734229484   0.172667279606978   -0.00356662622939546   -0.00238041474035255   0
0.178823872250657   0.207136107386078   0.0124665299558161   0.0344688277791008   0
0.177060532102436   0.201910531645636   -0.00176334014822052   -0.00522557574044211   0
0.1801525435374   0.179448723983777   0.00309201143496399   -0.0224618076618589   0
0.196286422387966   0.178564107112649   0.0161338788505657   -0.000884616871128785   0
0.192215073349172   0.20829429529761   -0.0040713490387935   0.0297301881849612   0
0.188776540407677   0.20054733073092   -0.00343853294149546   -0.00774696456668938   0
0.184368560193019   0.18455006526923   -0.00440798021465824   -0.0159972654616907   0
0.191186709233797   0.18759799167953   0.00681814904077846   0.0030479264102998   0
0.201436044641551   0.201437139396122   0.0102493354077537   0.0138391477165921   0
0.192383946388456   0.197963282373846   -0.00905209825309466   -0.00347385702227582   0
0.190223945218238   0.183954793790711   -0.00216000117021806   -0.0140084885831353   0
0.195670132704391   0.194353267117618   0.00544618748615328   0.010398473326907   0
0.17347114517214   0.22464406382034   -0.0221989875322509   0.0302907967027224   0
0.155588150147717   0.199148911363794   -0.0178829950244234   -0.0254951524565464   0
0.174171071430875   0.224252366574986   0.0185829212831584   0.0251034552111928   0
0.148182978172826   0.213365815138881   -0.0259880932580488   -0.0108865514361053   0
0.154809149929996   0.197678439866371   0.0066261717571694   -0.0156873752725105   0
0.188617478585134   0.215208833678211   0.0338083286551377   0.0175303938118405   0
0.200858655175467   0.240615609738778   0.0122411765903331   0.025406776060567   0
0.186193661251617   0.232890892122859   -0.0146649939238495   -0.00772471761591931   0
0.179096654745334   0.224475326391733   -0.00709700650628323   -0.00841556573112623   0
0.188337116142652   0.22128702206279   0.00924046139731771   -0.00318830432894265   0
0.18324830477177   0.232383335111804   -0.00508881137088191   0.0110963130490139   0
0.191791206129153   0.233674987113961   0.00854290135738359   0.00129165200215722   0
0.180572878699638   0.222561826157615   -0.0112183274295151   -0.0111131609563462   0
0.204139561287721   0.215287895957886   0.0235666825880827   -0.00727393019972844   0
0.155119169012614   0.258048395933018   -0.0490203922751067   0.0427604999751314   0
0.146210291845485   0.241049854014956   -0.00890887716712913   -0.0169985419180614   0
0.143470109400099   0.249415398795073   -0.00274018244538615   0.0083655447801165   0
0.172305183602362   0.277044217501986   0.0288350742022634   0.0276288187069127   0
0.137402957597144   0.252242944825099   -0.0349022260052187   -0.0248012726768867   0
0.145338496307379   0.248823948779084   0.00793553871023575   -0.00341899604601506   0
0.169336937763357   0.277998138786413   0.023998441455978   0.0291741900073294   0
0.15445441985027   0.273992166410662   -0.0148825179130876   -0.00400597237575145   0
0.139792171847865   0.249948119742206   -0.0146622480024047   -0.024044046668456   0
0.16630569500228   0.250366067801746   0.026513523154415   0.000417948059540318   0
0.192908916828479   0.281139756398703   0.0266032218261987   0.0307736885969564   0
0.153850638982663   0.23755713289959   -0.0390582778458152   -0.0435826234991124   0
0.144864530714632   0.230367135730918   -0.00898610826803151   -0.00718999716867269   0
0.166537645416406   0.26430461841041   0.021673114701774   0.0339374826794927   0
0.151266805169404   0.255599433351457   -0.0152708402470018   -0.00870518505895362   0
0.146167804124511   0.252895312252714   -0.00509900104489333   -0.00270412109874235   0
0.155125552694494   0.23857607290329   0.00895774856998269   -0.0143192393494247   0
0.164277943666396   0.249224251621058   0.0091523909719026   0.010648178717768   0
0.152840214073912   0.223341818971637   -0.0114377295924843   -0.0258824326494202   0
0.136662612047872   0.204855727143296   -0.0161776020260401   -0.018486091828341   0
0.177277049933556   0.247602159682483   0.0406144378856846   0.0427464325391864   0
