1.4210855e-14   9.6296495e-33   0   0   0
0.0984309249484171   0.020700841557774   0.0984309249484029   0.020700841557774   0
0.018850163963591   0.0640471466933524   -0.0795807609848261   0.0433463051355784   0
0.0950013895304172   0.111177366689901   0.0761512255668262   0.0471302199965488   0
0.121968734556138   0.129078903933247   0.026967345025721   0.017901537243346   0
0.148564567592062   0.141303624257153   0.0265958330359238   0.0122247203239054   0
0.113109193375991   0.151231892229734   -0.0354553742160713   0.00992826797258139   0
0.0668994540467156   0.21904015868512   -0.0462097393292751   0.0678082664553863   0
0.0358053062229206   0.289284427300869   -0.031094147823795   0.0702442686157487   0
0.0959298589156935   0.242967616422825   0.0601245526927729   -0.0463168108780445   0
0.155404861938229   0.214910468517718   0.0594750030225351   -0.0280571479051062   0
0.10397864979487   0.194913628667432   -0.051426212143359   -0.0199968398502859   0
0.0797912524879094   0.259295235339118   -0.0241873973069603   0.064381606671685   0
0.0907897601077856   0.216774935741256   0.0109985076198763   -0.0425202995978614   0
0.0867824681720583   0.262194427102876   -0.00400729193572738   0.04541949136162   0
0.116010783307206   0.317718756517834   0.0292283151351482   0.0555243294149578   0
0.106123666057078   0.30606426002072   -0.00988711725012874   -0.0116544964971139   0
0.0812787474550776   0.32337604121452   -0.0248449186020001   0.0173117811937999   0
0.0965360001978398   0.33148571021459   0.0152572527427622   0.00810966900006999   0
0.156600146144758   0.379563459542951   0.060064145946918   0.0480777493283606   0
0.178587394214022   0.399515747231057   0.021987248069264   0.0199522876881063   0
0.171335497913392   0.328485167617408   -0.00725189630062992   -0.0710305796136484   0
0.172976357795582   0.40453802985016   0.00164085988219029   0.0760528622327512   0
0.13309974604116   0.462362802000263   -0.0398766117544224   0.0578247721501038   0
0.156980798160247   0.480434255579972   0.0238810521190873   0.0180714535797086   0
0.164022224040763   0.43153198465103   0.00704142588051587   -0.0489022709289419   0
0.189963742247381   0.433828958245042   0.0259415182066184   0.0022969735940116   0
0.194573504308484   0.445274754363692   0.00460976206110308   0.0114457961186502   0
0.0787161644517924   0.424489678477188   -0.115857339856692   -0.0207850758865041   0
0.0808657811842147   0.426718510769163   0.00214961673242223   0.00222883229197535   0
0.137972213113627   0.443518378819844   0.0571064319294126   0.0167998680506811   0
0.185109427414116   0.435180589792871   0.0471372143004888   -0.00833778902697302   0
0.124511620317816   0.416779695573512   -0.0605978070963   -0.0184008942193591   0
0.158067698303739   0.321980426614356   0.0335560779859227   -0.094799268959156   0
0.0817162719754422   0.245913883002924   -0.0763514263282966   -0.0760665436114323   0
0.116097926131669   0.267225577250906   0.0343816541562267   0.0213116942479826   0
0.137260916780517   0.312328031818721   0.0211629906488483   0.0451024545678144   0
0.14684238314537   0.346322926740814   0.00958146636485305   0.0339948949220938   0
0.164630920475769   0.354572182554874   0.0177885373303988   0.00824925581405905   0
0.187682153466448   0.436758586724962   0.0230512329906792   0.0821864041700883   0
0.17999115227935   0.400598481379818   -0.0076910011870987   -0.0361601053451442   0
0.173953210132948   0.369036802050414   -0.00603794214640202   -0.0315616793294038   0
0.174804846173073   0.337355265537088   0.000851636040125253   -0.0316815365133256   0
0.183939504817195   0.352505494855364   0.00913465864412244   0.0151502293182757   0
0.201962457405112   0.376811124678842   0.018022952587917   0.0243056298234781   0
0.17170662705783   0.360195656185766   -0.0302558303472819   -0.0166154684930762   0
0.193950341590949   0.382999633283234   0.0222437145331189   0.0228039770974683   0
0.183810192052228   0.458318793839447   -0.0101401495387209   0.0753191605562132   0
0.199886379363663   0.443898619215519   0.0160761873114342   -0.014420174623928   0
0.33080810827944   0.536295715307707   0.130921728915778   0.0923970960921876   0
0.396929465294761   0.574773776910564   0.0661213570153208   0.0384780616028574   0
0.333787874377928   0.564793084852582   -0.0631415909168329   -0.00998069205798235   0
0.300161565588089   0.56275092507175   -0.0336263087898389   -0.00204215978083222   0
0.225296518580857   0.519764890449344   -0.0748650470072328   -0.0429860346224054   0
0.233712243992493   0.518475751406136   0.00841572541163613   -0.00128913904320838   0
0.318666279257267   0.572986127837224   0.0849540352647743   0.0545103764310877   0
0.351097206866218   0.609171065390778   0.0324309276089508   0.0361849375535542   0
0.349309491655911   0.624978157911477   -0.00178771521030635   0.0158070925206991   0
0.331001777738665   0.589494485357173   -0.0183077139172466   -0.0354836725543038   0
0.304446263286046   0.558344922903254   -0.0265555144526192   -0.0311495624539186   0
0.338130529064494   0.563560987959324   0.0336842657784485   0.00521606505606953   0
0.34029288771749   0.571206541322445   0.00216235865299569   0.007645553363121   0
0.361754177716592   0.66092383604912   0.0214612899991021   0.0897172947266748   0
0.32595049440448   0.673415221370056   -0.0358036833121119   0.0124913853209359   0
0.314648669442466   0.648307510401202   -0.0113018249620137   -0.0251077109688533   0
0.343624591422588   0.633246688336465   0.0289759219801217   -0.0150608220647368   0
0.323683200855227   0.640378002027006   -0.0199413905673607   0.00713131369054054   0
0.346181643021175   0.658593830422622   0.0224984421659481   0.0182158283956162   0
0.368344700304294   0.699168605325098   0.0221630572831186   0.0405747749024754   0
0.34798084467288   0.730793921936115   -0.0203638556314145   0.0316253166110171   0
0.338100145797468   0.711215551972894   -0.00988069887541115   -0.0195783699632208   0
0.311838500523355   0.726187424152206   -0.0262616452741133   0.0149718721793117   0
0.316431660837227   0.726644194291647   0.00459316031387236   0.000456770139441565   0
0.429160292398951   0.819130249506467   0.112728631561723   0.0924860552148199   0
0.483276708772532   0.812971221261508   0.0541164163735814   -0.00615902824495917   0
0.433925232174249   0.758587930456646   -0.049351476598283   -0.0543832908048619   0
0.291973177070825   0.680359541896025   -0.141952055103424   -0.0782283885606213   0
0.293502041377543   0.685840360520112   0.001528864306718   0.005480818624087   0
0.307078003694205   0.689017023706178   0.0135759623166618   0.0031766631860668   0
0.327621616338636   0.730060359146773   0.0205436126444314   0.0410433354405941   0
0.310890183470215   0.724390800748869   -0.0167314328684209   -0.00566955839790317   0
0.290335814546738   0.698536542684096   -0.0205543689234775   -0.0258542580647736   0
0.245667627051337   0.694101798915614   -0.0446681874954012   -0.00443474376848174   0
0.242569816395834   0.686178963050292   -0.00309781065550307   -0.00792283586532228   0
0.284007907742867   0.705990072424516   0.0414380913470335   0.0198111093742244   0
0.266448744081639   0.633323356961293   -0.017559163661228   -0.0726667154632229   0
0.272174484267547   0.641502130187225   0.00572574018590805   0.00817877322593163   0
0.301118768237399   0.671390463352532   0.0289442839698517   0.029888333165307   0
0.295018171772069   0.684290428132354   -0.00610059646532995   0.012899964779822   0
0.294354893976206   0.690086852182733   -0.000663277795862893   0.00579642405037895   0
0.285508114233738   0.659612646297489   -0.00884677974246767   -0.0304742058852443   0
0.295670043459137   0.648013712080819   0.0101619292253991   -0.0115989342166691   0
0.299545835627087   0.637978096266777   0.00387579216795009   -0.0100356158140426   0
0.304916062582285   0.632351960419806   0.00537022695519762   -0.00562613584697125   0
0.297620486451678   0.618346922217402   -0.00729557613060666   -0.0140050382024038   0
0.271896704452559   0.653379996583654   -0.0257237819991192   0.035033074366252   0
0.260669051936769   0.6621740519128   -0.0112276525157899   0.00879405532914657   0
0.290299656824055   0.658084639620203   0.0296306048872858   -0.00408941229259763   0
0.301082043927133   0.577791103699727   0.010782387103078   -0.0802935359204761   0
0.324185940617011   0.598298805222066   0.023103896689878   0.0205077015223393   0
0.328045056006744   0.594782953002698   0.00385911538973321   -0.00351585221936812   0
0.285969998379506   0.647770838022476   -0.042075057627238   0.052987885019778   0
0.296245027310983   0.629667829593232   0.0102750289314765   -0.0181030084292444   0
0.319399305434988   0.6176673111473   0.0231542781240048   -0.012000518445932   0
0.355664727055189   0.633093650310149   0.0362654216202014   0.0154263391628495   0
0.310569674277295   0.653124010252389   -0.0450950527778939   0.0200303599422402   0
0.318779428973075   0.644159682216156   0.00820975469578034   -0.00896432803623282   0
0.306220413741059   0.613284422288655   -0.0125590152320164   -0.0308752599275018   0
0.300399606153692   0.61002181088503   -0.00582080758736664   -0.00326261140362449   0
0.323113437181691   0.626074010340344   0.0227138310279986   0.0160521994553139   0
0.348319574218315   0.62367977468774   0.0252061370366244   -0.0023942356526041   0
0.340746744112895   0.611658163585557   -0.00757283010541993   -0.0120216111021828   0
0.336847285634961   0.664420744809841   -0.00389945847793444   0.0527625812242841   0
0.314211928239161   0.695545217087196   -0.0226353573958002   0.0311244722773547   0
0.317045165435076   0.653962614675361   0.00283323719591572   -0.0415826024118346   0
0.31727035359403   0.599262286069368   0.000225188158953782   -0.0547003286059935   0
0.291466827752983   0.61812937084758   -0.0258035258410473   0.0188670847782118   0
0.344685723582802   0.619902313388398   0.053218895829819   0.0017729425408185   0
0.328305822365467   0.640832686522643   -0.0163799012173346   0.020930373134245   0
0.334238724287031   0.662030441222867   0.00593290192156348   0.0211977547002237   0
0.347577215950825   0.684712509504746   0.0133384916637937   0.0226820682818796   0
0.357143959988794   0.664837243503255   0.00956674403796964   -0.0198752660014913   0
0.382136567834289   0.656418614147463   0.0249926078454945   -0.00841862935579207   0
0.343883281204501   0.635419240897923   -0.0382532866297878   -0.0209993732495395   0
0.34165377401174   0.619212337253128   -0.0022295071927611   -0.0162069036447959   0
0.376283133732366   0.606861832079025   0.034629359720626   -0.0123505051741022   0
0.353655302723253   0.590335774588816   -0.0226278310091124   -0.0165260574902095   0
0.392393103173374   0.608825964036666   0.0387378004501205   0.0184901894478501   0
0.368738240863604   0.623827598404415   -0.0236548623097703   0.0150016343677487   0
0.354492345755544   0.628454301750493   -0.0142458951080598   0.00462670334607862   0
0.411270740091977   0.627140388726737   0.0567783943364333   -0.00131391302375616   0
0.419502468014989   0.520646099704165   0.00823172792301197   -0.106494289022572   0
0.417497083360386   0.522419766661269   -0.00200538465460331   0.00177366695710401   0
0.457620606699998   0.53837987232465   0.0401235233396122   0.0159601056633811   0
0.451564290254546   0.522922593151797   -0.00605631644545163   -0.0154572791728532   0
0.419539234352396   0.529853093111715   -0.0320250559021499   0.00693049995991846   0
0.485541260189597   0.644066949882595   0.0660020258372006   0.11421385677088   0
0.469488663437836   0.561875873059466   -0.0160525967517605   -0.0821910768231289   0
0.548228769840199   0.584553273043265   0.0787401064023621   0.0226773999837994   0
0.527248223645642   0.54512109951149   -0.0209805461945564   -0.0394321735317755   0
0.503349238541324   0.517633270515659   -0.0238989851043186   -0.0274878289958307   0
0.513603943888744   0.550246623287213   0.01025470534742   0.0326133527715542   0
0.549326303189293   0.553544002647986   0.0357223593005495   0.00329737936077235   0
0.541340569782399   0.56766337228542   -0.00798573340689357   0.0141193696374344   0
0.539869476716956   0.589384578130212   -0.0014710930654438   0.0217212058447923   0
0.493388406978601   0.57733737695276   -0.0464810697383549   -0.0120472011774524   0
0.537119371577443   0.618384359324826   0.0437309645988418   0.0410469823720656   0
0.590746154440808   0.629182099930945   0.0536267828633652   0.0107977406061194   0
0.500437873815211   0.581392299094573   -0.0903082806255969   -0.0477898008363724   0
0.541060641270679   0.559620178068275   0.0406227674554678   -0.0217721210262974   0
0.547054409037903   0.579291643224021   0.00599376776722449   0.0196714651557461   0
0.572356605136832   0.592529772698468   0.0253021960989286   0.0132381294744464   0
0.563922526230456   0.623873274699379   -0.00843407890637538   0.0313435020009114   0
0.533025292217279   0.578593076609988   -0.0308972340131776   -0.0452801980893913   0
0.553164000154884   0.595462414314241   0.0201387079376055   0.0168693377042529   0
0.543084852604159   0.525650201782096   -0.0100791475507257   -0.0698122125321448   0
0.521915718351422   0.526194477956798   -0.021169134252737   0.000544276174702318   0
0.539537086092655   0.522778123503092   0.0176213677412331   -0.00341635445370614   0
0.530760709398012   0.536083161523951   -0.00877637669464293   0.0133050380208591   0
0.554526567666237   0.542424917621735   0.0237658582682247   0.00634175609778376   0
0.595883466600808   0.590318175460109   0.0413568989345713   0.0478932578383736   0
0.533592782416672   0.535017797257439   -0.0622906841841361   -0.0553003782026692   0
0.594984024034027   0.538908256337871   0.0613912416173557   0.00389045908043106   0
0.657015091987818   0.522703418890772   0.0620310679537902   -0.0162048374470981   0
0.541284578887215   0.410553107352235   -0.115730513100603   -0.112150311538537   0
0.593387907463549   0.382464882847122   0.0521033285763337   -0.0280882245051135   0
0.631277117093311   0.419047395370064   0.0378892096297624   0.0365825125229424   0
0.624419183747508   0.412083546147297   -0.00685793334580287   -0.00696384922276677   0
0.522703064443722   0.323850754263047   -0.101716119303786   -0.0882327918842504   0
0.577716938062404   0.416665372991162   0.0550138736186818   0.0928146187281154   0
0.506815288903336   0.368544297086184   -0.0709016491590676   -0.0481210759049781   0
0.6163475070365   0.422633386643673   0.109532218133164   0.0540890895574883   0
0.586015152022214   0.39184424337372   -0.0303323550142862   -0.030789143269953   0
0.604323165135772   0.381102757605879   0.0183080131135573   -0.0107414857678403   0
0.642196758128486   0.381271416893823   0.0378735929927142   0.000168659287944017   0
0.624331003108384   0.383834312340179   -0.0178657550201019   0.00256289544635563   0
0.620995203170421   0.400221387565054   -0.00333579993796285   0.0163870752248755   0
0.611896640666586   0.429859447231539   -0.00909856250383501   0.0296380596664841   0
0.652391822815108   0.462485995332823   0.0404951821485222   0.0326265481012845   0
0.656116519948896   0.423536953209409   0.0037246971337882   -0.0389490421234138   0
0.633513681827908   0.375738918777031   -0.0226028381209881   -0.0477980344323783   0
0.67026287709092   0.399401161037998   0.0367491952630115   0.0236622422609666   0
0.669226178700742   0.38002262856726   -0.00103669839017795   -0.0193785324707378   0
0.673167869407892   0.333661690061464   0.00394169070715056   -0.0463609385057963   0
0.739195997220473   0.399449115069605   0.0660281278125803   0.0657874250081411   0
0.736931648288747   0.437188228385895   -0.00226434893172578   0.0377391133162901   0
0.746043565943395   0.441287976187379   0.00911191765464836   0.00409974780148403   0
0.743528595948235   0.410111671687161   -0.00251496999516032   -0.0311763045002181   0
0.715158209855492   0.390773089986766   -0.0283703860927434   -0.0193385817003943   0
0.703193707275238   0.390913621729441   -0.0119645025802537   0.000140531742674921   0
0.734374269307286   0.408601294725671   0.0311805620320486   0.0176876729962297   0
0.727048092763344   0.388195676829548   -0.0073261765439423   -0.0204056178961234   0
0.692890642061312   0.364648672930064   -0.0341574507020322   -0.0235470038994838   0
0.73493185610943   0.439452098593532   0.042041214048118   0.0748034256634678   0
0.737324921280547   0.440351868750626   0.00239306517111715   0.000899770157094748   0
0.693828111533288   0.377476810601159   -0.0434968097472593   -0.0628750581494668   0
0.682839387534071   0.353605261506675   -0.0109887239992164   -0.0238715490944844   0
0.682533559327325   0.333306786564656   -0.000305828206746628   -0.0202984749420191   0
0.707599251218763   0.338959761349246   0.0250656918914384   0.00565297478459015   0
0.728352791851016   0.381507862964768   0.0207535406322533   0.0425481016155222   0
0.737987625159219   0.379755113122174   0.00963483330820314   -0.00175274984259416   0
0.778137376949002   0.490399433125587   0.0401497517897824   0.110644320003413   0
0.798868704692112   0.449393682726611   0.0207313277431097   -0.0410057503989764   0
0.883779210389954   0.47489545810959   0.0849105056978424   0.0255017753829797   0
0.848012855677655   0.429012749402842   -0.0357663547122994   -0.0458827087067482   0
0.820994504274261   0.395138226344123   -0.0270183514033933   -0.0338745230587194   0
0.862294331034554   0.393294201124962   0.0412998267602924   -0.00184402521916055   0
0.89733609304664   0.388865018480735   0.0350417620120864   -0.00442918264422737   0
0.880107944755498   0.384593133997963   -0.0172281482911424   -0.00427188448277194   0
0.85283068604573   0.407543157002769   -0.0272772587097674   0.0229500230048066   0
0.919165383030664   0.356302453889492   0.0663346969849339   -0.0512407031132772   0
0.975483953410755   0.409551440083391   0.0563185703800908   0.0532489861938989   0
0.949781645839568   0.346832272026034   -0.025702307571187   -0.0627191680573574   0
0.957463379844621   0.336212119846606   0.00768173400505334   -0.0106201521794281   0
0.958237784565878   0.366674935178361   0.000774404721256894   0.0304628153317552   0
0.864431728201318   0.331005248463249   -0.0938060563645603   -0.0356696867151116   0
0.852658917784737   0.360545060087898   -0.0117728104165811   0.029539811624649   0
0.786315073663584   0.30623775803226   -0.0663438441211526   -0.0543073020556384   0
0.824764983650019   0.318855259692617   0.038449909986435   0.0126175016603575   0
0.924022166685806   0.362745620742982   0.0992571830357866   0.043890361050365   0
0.880116379584902   0.335988041538621   -0.0439057871009036   -0.0267575792043614   0
0.846676943876758   0.325505169841431   -0.0334394357081449   -0.01048287169719   0
0.854364647552512   0.316288985841928   0.00768770367575489   -0.0092161839995028   0
0.830828317464158   0.308782425290202   -0.0235363300883541   -0.00750656055172622   0
0.79307444681415   0.304618366167364   -0.0377538706500081   -0.00416405912283818   0
0.852193602946848   0.354354993533601   0.0591191561326975   0.0497366273662372   0
0.807357678880044   0.314947292000336   -0.0448359240668036   -0.0394077015332647   0
0.871012621452388   0.346373687181508   0.0636549425723435   0.031426395181172   0
0.928546960597535   0.348408318523866   0.0575343391451474   0.00203463134235821   0
0.943906330293786   0.333080349958129   0.0153593696962512   -0.0153279685657374   0
0.94683239763992   0.320790761266882   0.00292606734613376   -0.012289588691247   0
0.940699560618842   0.317117156831927   -0.00613283702107792   -0.00367360443495468   0
0.928873348214992   0.297817418665845   -0.0118262124038496   -0.0192997381660828   0
0.91340702584071   0.293655007104208   -0.0154663223742821   -0.00416241156163655   0
