1.4210855e-14   9.92601552473424e-33   0   0   0
0.0325526417607124   0.0133172740339599   0.0325526417606981   0.0133172740339599   0
0.169371093057352   0.1240248068505   0.136818451296639   0.11070753281654   0
0.102226646772229   0.145669478359217   -0.0671444462851225   0.021644671508717   0
0.0589799358009028   0.182320342817893   -0.0432467109713264   0.0366508644586764   0
0.0929262654656179   0.242160488688838   0.0339463296647151   0.0598401458709451   0
0.0612952676349652   0.259589411557026   -0.0316309978306527   0.0174289228681877   0
0.0384365624368029   0.225174413483186   -0.0228587051981623   -0.0344149980738396   0
0.0691885748735074   0.238200521466526   0.0307520124367046   0.0130261079833399   0
0.0939246101684486   0.238047987406904   0.0247360352949412   -0.000152534059622483   0
0.0712831922994912   0.203554674174739   -0.0226414178689575   -0.0344933132321646   0
0.0827954221739565   0.20596801925281   0.0115122298744654   0.00241334507807112   0
0.083502093089303   0.280608427039758   0.000706670915346486   0.0746404077869472   0
0.179021050451248   0.318917943070578   0.0955189573619449   0.0383095160308203   0
0.117038596335859   0.295170207792837   -0.0619824541153892   -0.0237477352777413   0
0.0799129188177272   0.278641906947721   -0.0371256775181315   -0.0165283008451152   0
0.0735490363488539   0.296968338529674   -0.00636388246887333   0.0183264315819525   0
0.0435403317629643   0.282660185979973   -0.0300087045858896   -0.0143081525497013   0
0.0423946010504724   0.27929288531361   -0.00114573071249183   -0.00336730066636254   0
0.0602057097246561   0.280532998954666   0.0178111086741836   0.00124011364105586   0
0.101997135044391   0.276244980719431   0.0417914253197344   -0.00428801823523495   0
0.0801682595021521   0.292664980730534   -0.0218288755422384   0.0164200000111036   0
0.0854313633854473   0.301908063771764   0.00526310388329514   0.00924308304122995   0
0.0631740905563017   0.298035764179178   -0.0222572728291455   -0.00387229959258623   0
0.058092677498246   0.32940325631752   -0.0050814130580557   0.0313674921383418   0
0.0855540520860481   0.288166521939801   0.0274613745878021   -0.0412367343777191   0
0.0684041628346403   0.292955051586807   -0.0171498892514078   0.00478852964700599   0
0.0881131649406628   0.307988145791523   0.0197090021060225   0.0150330942047164   0
0.104301548064072   0.30761202889504   0.0161883831234094   -0.000376116896483647   0
0.123640738817423   0.310208317983173   0.0193391907533508   0.00259628908813397   0
0.109463853628287   0.324133206683924   -0.0141768851891363   0.0139248887007502   0
0.107886306070517   0.350540278984015   -0.00157754755776952   0.0264070723000916   0
0.116554906841429   0.322448511969201   0.00866860077091132   -0.0280917670148143   0
0.118693964070525   0.360051450030208   0.00213905722909614   0.037602938061007   0
0.22649020171353   0.434392047752823   0.107796237643006   0.0743405977226147   0
0.230439658803235   0.44605211156252   0.00394945708970471   0.0116600638096971   0
0.122449058140687   0.45389563784582   -0.107990600662549   0.00784352628329993   0
0.10212292066771   0.400867025954573   -0.0203261374729769   -0.053028611891247   0
0.122906763194336   0.411055234458058   0.0207838425266259   0.0101882085034855   0
0.126471022280515   0.384508080964978   0.00356425908617941   -0.0265471534930803   0
0.164631140051097   0.361303816403182   0.0381601177705814   -0.0232042645617961   0
0.099240687234148   0.351853762538775   -0.0653904528169485   -0.00945005386440712   0
0.0884915838096088   0.360025662721908   -0.0107491034245392   0.00817190018313307   0
0.129979428532511   0.359473142994336   0.0414878447229025   -0.000552519727572032   0
0.151782966054303   0.374871626093449   0.0218035375217915   0.0153984830991135   0
0.134184022302807   0.394744126622686   -0.0175989437514959   0.019872500529237   0
0.142438198499204   0.381810893257419   0.00825417619639682   -0.0129332333652675   0
0.160827721323923   0.425684072996464   0.0183895228247195   0.0438731797390449   0
0.155262938404724   0.423581093164157   -0.00556478291919901   -0.00210297983230617   0
0.191425447278246   0.36686427181716   0.0361625088735218   -0.0567168213469977   0
0.16961668703986   0.366681615082008   -0.0218087602383863   -0.000182656735151332   0
0.0851303881145203   0.43010758199804   -0.0844862989253394   0.0634259669160315   0
0.113371901603041   0.426627624734269   0.0282415134885209   -0.00347995726377071   0
0.136414524056401   0.39573831285868   0.0230426224533597   -0.030889311875589   0
0.106266808168351   0.399970911761572   -0.0301477158880496   0.00423259890289229   0
0.0833815444312639   0.403713842808475   -0.0228852637370873   0.00374293104690304   0
0.087312277557809   0.392234466875519   0.00393073312654516   -0.0114793759329568   0
0.0701641028928513   0.384080966871368   -0.0171481746649577   -0.00815350000415088   0
0.0732342506068265   0.416274504972919   0.00307014771397517   0.0321935381015511   0
0.1777791437097   0.456916704236867   0.104544893102874   0.0406421992639478   0
0.0435410519005807   0.460459267086169   -0.13423809180912   0.00354256284930254   0
0.0821061952402892   0.516039386480202   0.0385651433397085   0.0555801193940326   0
0.0701237358929329   0.511169684999525   -0.0119824593473563   -0.00486970148067667   0
0.108143282809798   0.47094788694663   0.0380195469168649   -0.0402217980528949   0
0.147615499942824   0.473931939879267   0.0394722171330261   0.0029840529326372   0
0.152293068642983   0.462269984143148   0.00467756870015934   -0.0116619557361196   0
0.201025498593594   0.437749513192647   0.0487324299506108   -0.0245204709505008   0
0.24165819990776   0.441168562878242   0.0406327013141655   0.0034190496855947   0
0.273263704161885   0.50833220413487   0.0316055042541256   0.0671636412566285   0
0.281880981255731   0.524852663145673   0.00861727709384547   0.0165204590108027   0
0.202038997290135   0.591135615378823   -0.0798419839655957   0.0662829522331504   0
0.22596132493955   0.567070186208826   0.0239223276494152   -0.0240654291699978   0
0.246827546989089   0.563877059616433   0.0208662220495393   -0.00319312659239279   0
0.24133029731655   0.572814602794721   -0.00549724967253964   0.00893754317828777   0
0.105569612007809   0.677395318107891   -0.135760685308741   0.104580715313171   0
0.460003519906319   0.883663389811824   0.35443390789851   0.206268071703933   0
0.160857066369075   0.684277508570415   -0.299146453537244   -0.199385881241409   0
0.164684791940421   0.686639702082662   0.00382772557134572   0.0023621935122472   0
0.189387695865885   0.641553675314815   0.0247029039254642   -0.0450860267678473   0
0.233398597109779   0.625766001065466   0.0440109012438942   -0.0157876742493495   0
0.230329840580145   0.635314184056008   -0.00306875652963401   0.00954818299054283   0
0.221531845541182   0.602780988003515   -0.00879799503896297   -0.0325331960524936   0
0.26077891936662   0.592270699993331   0.0392470738254385   -0.0105102880101835   0
0.315895018129198   0.528670527589751   0.0551160987625771   -0.0636001724035804   0
0.300134156354849   0.575141906718084   -0.0157608617743483   0.0464713791283328   0
0.294749967361575   0.603874317233361   -0.00538418899327442   0.0287324105152779   0
0.321451289920666   0.609274567023246   0.0267013225590911   0.00540024978988451   0
0.309770371405596   0.604309860216107   -0.0116809185150697   -0.0049647068071389   0
0.304094807405528   0.607613117253299   -0.00567556400006841   0.00330325703719225   0
0.307363403327895   0.585313536749915   0.00326859592236717   -0.022299580503384   0
0.294007704576375   0.597361485782401   -0.0133556987515204   0.0120479490324858   0
0.308713548548526   0.618039363890599   0.0147058439721513   0.0206778781081981   0
0.281156154484792   0.636736433494839   -0.0275573940637336   0.0186970696042398   0
0.347309854953292   0.625402891122915   0.0661537004684997   -0.0113335423719241   0
0.337276877551249   0.671788303974457   -0.0100329774020426   0.0463854128515421   0
0.319125298212943   0.66495676745348   -0.0181515793383064   -0.00683153652097757   0
0.331391432225367   0.655677390380621   0.0122661340124244   -0.00927937707285897   0
0.322670975559452   0.619918097773276   -0.00872045666591581   -0.035759292607345   0
0.333882552124619   0.634722296161004   0.0112115765651677   0.0148041983877283   0
0.278882834295069   0.633168109736045   -0.05499971782955   -0.00155418642495897   0
0.164843278181611   0.660594095116982   -0.114039556113458   0.027425985380937   0
0.290204396924516   0.613293711111969   0.125361118742905   -0.0473003840050128   0
0.47308881590794   0.549776880068393   0.182884418983424   -0.0635168310435756   0
0.450086270355362   0.602306879370351   -0.0230025455525784   0.052529999301958   0
0.469479643869463   0.600662810717102   0.019393373514101   -0.00164406865324973   0
0.522005140623652   0.550054337554481   0.0525254967541888   -0.0506084731626204   0
0.481197360491995   0.54455989594282   -0.0408077801316566   -0.00549444161166113   0
0.379762259272363   0.587867115014592   -0.101435101219632   0.0433072190717718   0
0.417640970997359   0.593092384374573   0.037878711724996   0.00522526935998058   0
0.539913348984764   0.539013252848884   0.122272377987406   -0.0540791315256889   0
0.533061992933481   0.572618066859481   -0.00685135605128362   0.0336048140105977   0
0.497506624676943   0.557534297226665   -0.0355553682565373   -0.0150837696328162   0
0.516341495390968   0.587655540449147   0.0188348707140242   0.0301212432224817   0
0.545898705441076   0.564160359802652   0.0295572100501088   -0.0234951806464948   0
0.593251385099691   0.569005885267196   0.0473526796586144   0.00484552546454353   0
0.522489896885806   0.592596479664945   -0.0707614882138844   0.023590594397749   0
0.58081800070133   0.578606365520109   0.0583281038155236   -0.0139901141448351   0
0.644523978837634   0.647306934877164   0.0637059781363036   0.0687005693570549   0
0.599559750528158   0.675040553704678   -0.0449642283094759   0.0277336188275134   0
0.639397253684646   0.65782904423866   0.0398375031564883   -0.0172115094660182   0
0.720519195611156   0.632349418126157   0.0811219419265098   -0.0254796261125027   0
0.717761068868987   0.631021501860823   -0.00275812674216902   -0.0013279162653338   0
0.756810968206307   0.626271635634119   0.0390498993373206   -0.00474986622670437   0
0.761320416707977   0.568842178140225   0.00450944850166912   -0.0574294574938934   0
0.684673543040304   0.590157473814358   -0.0766468736676726   0.0213152956741328   0
0.719256417623769   0.627510267214678   0.0345828745834647   0.0373527934003199   0
0.708601400226719   0.666638031332794   -0.0106550173970495   0.0391277641181157   0
0.735375792619304   0.628653439906991   0.0267743923925848   -0.037984591425803   0
0.787288229789144   0.613715474429759   0.0519124371698402   -0.0149379654772313   0
0.816141548363893   0.614483616386601   0.0288533185747487   0.000768141956841051   0
0.808136304683465   0.639744017683686   -0.00800524368042788   0.0252604012970856   0
0.752111400891785   0.623596431755993   -0.0560249037916796   -0.0161475859276933   0
0.293236231234153   0.943661769647049   -0.458875169657632   0.320065337891056   0
0.256638990847129   0.786090237921931   -0.0365972403870245   -0.157571531725117   0
0.429856257881891   0.74251426096117   0.173217267034762   -0.0435759769607613   0
0.514747821602097   0.714839666163924   0.0848915637202062   -0.0276745947972464   0
0.595878326496399   0.681350013917655   0.0811305048943022   -0.0334896522462687   0
0.628908585127058   0.669289767710388   0.0330302586306586   -0.0120602462072674   0
0.634403570589859   0.628368852238763   0.00549498546280114   -0.0409209154716245   0
0.667870279046908   0.658320600879801   0.0334667084570487   0.0299517486410383   0
0.805536745231871   0.655494289007609   0.137666466184964   -0.00282631187219207   0
0.871196900886161   0.65380229406273   0.0656601556542895   -0.00169199494487926   0
0.86400500269739   0.681453471287443   -0.00719189818877075   0.0276511772247127   0
0.93015737387157   0.609852732712416   0.0661523711741799   -0.0716007385750272   0
0.963381102332116   0.60870181128057   0.0332237284605454   -0.0011509214318457   0
0.95728937434504   0.610186725630061   -0.00609172798707558   0.00148491434949116   0
1.00556138828022   0.62175025262198   0.0482720139351794   0.0115635269919189   0
1.09175821248795   0.57790129159453   0.0861968242077329   -0.0438489610274496   0
1.05265616884954   0.591323167612455   -0.0391020436384151   0.0134218760179243   0
1.00514315355224   0.605591605505923   -0.047513015297298   0.0142684378934687   0
1.04805745874367   0.595885447625293   0.0429143051914282   -0.00970615788063067   0
1.00530339353524   0.588263444350296   -0.0427540652084324   -0.0076220032749964   0
0.992919463096962   0.604024973091484   -0.0123839304382736   0.0157615287411875   0
0.981831543861669   0.587266752780507   -0.0110879192352925   -0.0167582203109771   0
1.00757912659183   0.591272825509434   0.0257475827301622   0.0040060727289275   0
0.818687706564452   0.605908582771617   -0.188891420027379   0.0146357572621831   0
0.849639632378448   0.759761817177252   0.0309519258139958   0.153853234405634   0
0.946403609368935   0.75201093151465   0.0967639769904868   -0.00775088566260218   0
0.98329517888461   0.689499961995481   0.0368915695156753   -0.0625109695191685   0
0.705452360760454   0.799750907540273   -0.277842818124156   0.110250945544792   0
0.476061932690412   0.741262389726693   -0.229390428070042   -0.0584885178135803   0
0.635882754351809   0.680901077260499   0.159820821661396   -0.0603613124661939   0
0.704208809689765   0.614223498594852   0.0683260553379561   -0.0666775786656463   0
0.755873783369421   0.60153237814707   0.0516649736796562   -0.0126911204477826   0
0.900983320893272   0.62495152825676   0.145109537523851   0.0234191501096899   0
0.925751299582907   0.64511729259403   0.0247679786896352   0.0201657643372706   0
0.893452056055425   0.632404310436872   -0.0322992435274823   -0.0127129821571578   0
0.922625088972989   0.603048211936462   0.0291730329175645   -0.0293560985004103   0
0.988176538464959   0.568840401868565   0.0655514494919698   -0.0342078100678973   0
1.04440918292313   0.547195902981253   0.0562326444581678   -0.021644498887312   0
1.02347429793732   0.550090861364523   -0.0209348849858086   0.0028949583832707   0
0.791170472294301   0.523587319299655   -0.232303825643017   -0.0265035420648689   0
0.548260108620379   0.723889577569352   -0.242910363673922   0.200302258269698   0
0.763514683573221   0.714950938860174   0.215254574952842   -0.0089386387091781   0
0.669696909544934   0.801085936949632   -0.0938177740282875   0.0861349980894578   0
0.758248255566366   0.736459273837068   0.0885513460214322   -0.0646266631125638   0
0.847275948688452   0.707789993402703   0.0890276931220862   -0.0286692804343653   0
0.846876701946663   0.683270378332631   -0.000399246741789705   -0.0245196150700721   0
0.946701379636238   0.684777897466688   0.0998246776895751   0.00150751913405711   0
0.940047209839925   0.689115679630466   -0.00665416979631239   0.00433778216377823   0
0.89792756319136   0.742297162273836   -0.0421196466485657   0.0531814826433696   0
0.927032294420617   0.707017552657536   0.0291047312292574   -0.0352796096163002   0
0.939114499891697   0.69976479734237   0.0120822054710797   -0.007252755315166   0
0.920565773120634   0.706087495724224   -0.0185487267710631   0.00632269838185406   0
0.914808157877821   0.73636802896435   -0.00575761524281249   0.0302805332401259   0
0.93734904392632   0.713025429493677   0.0225408860484986   -0.0233425994706724   0
0.94544044484031   0.70456305613926   0.00809140091399052   -0.00846237335441713   0
0.927550704724082   0.740504504455619   -0.017889740116228   0.0359414483163584   0
0.905544413939006   0.777145473094711   -0.0220062907850761   0.0366409686390923   0
0.978875825096087   0.766069100134999   0.0733314111570808   -0.0110763729597122   0
1.03996654104048   0.764197128301132   0.0610907159443944   -0.001871971833867   0
1.02197728820039   0.747467362195783   -0.0179892528400867   -0.0167297661053487   0
1.05527535673025   0.739923795016289   0.0332980685298578   -0.00754356717949389   0
1.05822729657837   0.713578858889759   0.00295193984811681   -0.0263449361265304   0
1.02386110075671   0.728116265131607   -0.0343661958216599   0.0145374062418482   0
1.04997300222782   0.771150542420576   0.0261119014711089   0.0430342772889689   0
1.06167624117157   0.748197400379662   0.0117032389437488   -0.0229531420409137   0
1.07265163472542   0.736214705420125   0.0109753935538552   -0.0119826949595371   0
1.04773331714327   0.744475054363707   -0.024918317582157   0.00826034894358174   0
0.984553269354938   0.751108143277827   -0.063180047788327   0.00663308891412018   0
0.857506318593702   0.881960750693254   -0.127046950761236   0.130852607415428   0
0.974212215414821   0.821352153872547   0.116705896821119   -0.060608596820707   0
1.0611185968063   0.768045174794352   0.0869063813914772   -0.0533069790781958   0
1.09844095997181   0.761045933400568   0.0373223631655082   -0.00699924139378361   0
1.05650366741932   0.623289156028431   -0.0419372925524879   -0.137756777372137   0
1.0064775786675   0.582861473796658   -0.0500260887518225   -0.0404276822317731   0
1.15085488074762   0.588094247891169   0.144377302080121   0.00523277409451084   0
1.18569469317665   0.623270964237903   0.0348398124290326   0.035176716346734   0
1.1839954048132   0.639536543480849   -0.00169928836344546   0.0162655792429452   0
1.19334968833161   0.630172664526592   0.0093542835184024   -0.0093638789542565   0
1.16285748347315   0.62811020925826   -0.0304922048584519   -0.00206245526833215   0
1.12954602371007   0.601441379153509   -0.0333114597630879   -0.026668830104751   0
1.09380224010673   0.57586592077411   -0.0357437836033354   -0.0255754583793988   0
1.17450542417912   0.614291158081956   0.0807031840723842   0.0384252373078457   0
1.09562130287482   0.633525858527791   -0.0788841213042906   0.019234700445835   0
1.14472313309571   0.668144563136603   0.0491018302208801   0.034618704608812   0
1.12005616386392   0.685604152634152   -0.0246669692317898   0.0174595894975488   0
1.13709916113284   0.704406167242017   0.0170429972689248   0.0188020146078656   0
1.12101087119081   0.711519928905667   -0.0160882899420347   0.00711376166364941   0
1.06346743253271   0.706968972680539   -0.0575434386580944   -0.00455095622512791   0
1.16122363979687   0.726193006152829   0.097756207264164   0.0192240334722905   0
1.24093225353362   0.715660994545171   0.079708613736742   -0.0105320116076582   0
1.25749696299974   0.720316262176071   0.0165647094661221   0.00465526763090041   0
1.18001095596317   0.708135996271109   -0.0774860070365646   -0.0121802659049621   0
1.17412333980052   0.710735161910017   -0.00588761616265665   0.00259916563890772   0
1.22991441687914   0.693159228019668   0.0557910770786225   -0.0175759338903494   0
1.23163694511855   0.699889707608104   0.00172252823941221   0.0067304795884362   0
1.24476381660544   0.695762491970536   0.013126871486884   -0.00412721563756746   0
1.28548559842302   0.670896803531441   0.0407217818175818   -0.0248656884390953   0
1.3122362093731   0.645496176926628   0.026750610950083   -0.0254006266048136   0
1.27071049499494   0.673510954597657   -0.0415257143781571   0.0280147776710292   0
