1.4210855e-14   2.16840435e-17   0   0   0
0.0379628505213471   0.0284149347932997   0.0379628505213329   0.0284149347932996   0
0.0825137185798597   0.0554040800013976   0.0445508680585126   0.0269891452080979   0
0.070041385408553   0.0451290865122671   -0.0124723331713067   -0.0102749934891304   0
0.0656230042499981   0.0341605288948239   -0.0044183811585549   -0.0109685576174432   0
0.138049291569083   0.0314811173391861   0.0724262873190848   -0.00267941155563785   0
0.148570460110978   0.0278098728217496   0.0105211685418954   -0.00367124451743641   0
0.158213123245067   0.0529223358838005   0.00964266313408818   0.0251124630620508   0
0.150921628631666   0.0708451675404123   -0.00729149461340034   0.0179228316566119   0
0.153820293726864   0.0746028767499599   0.00289866509519826   0.00375770920954757   0
0.184595317803401   0.0652701244951139   0.0307750240765366   -0.00933275225484601   0
0.173981573679844   0.0537389593133798   -0.0106137441235573   -0.0115311651817341   0
0.162981426935322   0.0565439455162735   -0.0110001467445217   0.0028049862028937   0
0.182448585061863   0.0771334601622476   0.0194671581265406   0.0205895146459741   0
0.198061022730785   0.0689944647916683   0.0156124376689226   -0.00813899537057934   0
0.202536102271555   0.0707015812065687   0.00447507954077003   0.00170711641490044   0
0.195951625367001   0.0624642159995489   -0.00658447690455394   -0.00823736520701979   0
0.202263056323886   0.0792830122302283   0.00631143095688463   0.0168187962306794   0
0.203381481047562   0.0738595593515053   0.00111842472367607   -0.00542345287872299   0
0.180914385306737   0.0769550603911544   -0.0224670957408246   0.0030955010396491   0
0.194918981329663   0.0698171725480957   0.0140045960229261   -0.00713788784305867   0
0.211594889568237   0.0890089180181119   0.0166759082385737   0.0191917454700162   0
0.226960323190195   0.0907954710637167   0.0153654336219578   0.00178655304560481   0
0.227286998115329   0.103136177225738   0.000326674925134135   0.0123407061620212   0
0.232116742273735   0.0994386977335649   0.00482974415840567   -0.00369747949217303   0
0.21977505626538   0.123785054611389   -0.0123416860083549   0.0243463568778238   0
0.220943261932533   0.0996353597133654   0.00116820566715334   -0.0241496948980234   0
0.200146903162114   0.114004438683203   -0.020796358770419   0.0143690789698379   0
0.193905670536083   0.120931093277381   -0.00624123262603091   0.00692665459417804   0
0.236427642285036   0.139669959354584   0.0425219717489523   0.0187388660772022   0
0.265425824195077   0.120585154385116   0.0289981819100414   -0.0190848049694678   0
0.278486745041456   0.124948313600582   0.0130609208463788   0.00436315921546572   0
0.293129314175795   0.128534170436932   0.0146425691343391   0.0035858568363506   0
0.319657072599404   0.119466044611528   0.0265277584236093   -0.00906812582540412   0
0.321717954812681   0.106698287292527   0.0020608822132766   -0.0127677573190008   0
0.326795976669572   0.129652190043894   0.00507802185689116   0.0229539027513663   0
0.322347735892891   0.114381273153917   -0.0044482407766806   -0.0152709168899761   0
0.339065297932525   0.119156288444565   0.0167175620396335   0.00477501529064758   0
0.330045306503874   0.113344542593539   -0.00901999142865073   -0.00581174585102565   0
0.327721841132001   0.11898423842704   -0.00232346537187295   0.0056396958335008   0
0.300815361976527   0.0983208623031098   -0.0269064791554743   -0.0206633761239304   0
0.357390395821983   0.107273784009006   0.0565750338454559   0.00895292170589636   0
0.335313320698766   0.114602428757668   -0.0220770751232171   0.00732864474866141   0
0.305326834045323   0.098411224547786   -0.0299864866534431   -0.0161912042098815   0
0.378581656231213   0.109887812310705   0.0732548221858902   0.0114765877629186   0
0.367974918495954   0.111737592048577   -0.0106067377352586   0.00184977973787206   0
0.429766639395011   0.110177812646177   0.061791720899057   -0.00155977940239975   0
0.461098855798855   0.11467720797421   0.0313322164038436   0.00449939532803356   0
0.455102154693895   0.113008036614525   -0.00599670110496031   -0.00166917135968514   0
0.43273111680529   0.100780827209632   -0.0223710378886041   -0.0122272094048931   0
0.45040713682652   0.0996594189486639   0.0176760200212294   -0.00112140826096838   0
0.438820830387201   0.099349314622146   -0.0115863064393189   -0.000310104326517874   0
0.428872631062641   0.0940042420431931   -0.00994819932455981   -0.00534507257895296   0
0.453199293118141   0.0884063399660455   0.0243266620555002   -0.00559790207714757   0
0.475293398760805   0.0856280975782498   0.0220941056426637   -0.00277824238779574   0
0.497964596716506   0.0976784740570999   0.0226711979557015   0.0120503764788501   0
0.486525463056273   0.0929372664564434   -0.0114391336602333   -0.00474120760065647   0
0.484381777085695   0.0889905053881043   -0.00214368597057862   -0.00394676106833911   0
0.469247430401706   0.0778533821308596   -0.0151343466839884   -0.0111371232572447   0
0.515014472703217   0.0733189602290004   0.0457670423015107   -0.00453442190185922   0
0.519013141845074   0.0752812095514633   0.00399866914185698   0.00196224932246294   0
0.534531164413776   0.0876403696097706   0.0155180225687019   0.0123591600583073   0
0.528465750800237   0.061111644266821   -0.00606541361353885   -0.0265287253429496   0
0.553204625049726   0.0695861378959485   0.0247388742494888   0.00847449362912752   0
0.532796165310556   0.0610335824398446   -0.0204084597391698   -0.00855255545610395   0
0.537929032393752   0.0570056022111617   0.0051328670831956   -0.00402798022868285   0
0.529404224963459   0.0544326912083621   -0.00852480743029249   -0.00257291100279959   0
0.555916755977014   0.0331098652373011   0.0265125310135553   -0.021322825971061   0
0.593086630180944   0.0484238450125925   0.0371698742039291   0.0153139797752914   0
0.583064932960247   0.0550295732360977   -0.0100216972206966   0.00660572822350521   0
0.577812661283429   0.0437999210995334   -0.00525227167681774   -0.0112296521365643   0
0.615489827760455   0.0742680045181438   0.0376771664770257   0.0304680834186104   0
0.604044578037354   0.0759713818128754   -0.0114452497231005   0.00170337729473162   0
0.615543661720438   0.0574535878964447   0.0114990836830831   -0.0185177939164307   0
0.597931851766778   0.0745117296572077   -0.0176118099536595   0.017058141760763   0
0.66308155858355   0.065944133448334   0.0651497068167721   -0.00856759620887368   0
0.659803315941292   0.0392125438439959   -0.00327824264225807   -0.0267315896043381   0
0.628716374688424   0.0405517485572598   -0.0310869412528679   0.00133920471326387   0
0.595545065295911   0.0432859319585658   -0.0331713093925132   0.00273418340130607   0
0.627631087936833   0.035098034786379   0.032086022640922   -0.00818789717218684   0
0.57791361192418   0.0486533873359157   -0.0497174760126532   0.0135553525495367   0
0.558163722156084   0.0524979532933039   -0.0197498897680956   0.00384456595738825   0
0.541777042344884   0.0529678765555967   -0.0163866798112002   0.000469923262292768   0
0.526392640130752   0.0499555482460034   -0.0153844022141316   -0.00301232830959332   0
0.562654169384216   0.0619768630429723   0.0362615292534642   0.0120213147969689   0
0.595190071154166   0.0597619314272584   0.0325359017699491   -0.00221493161571384   0
0.605786980652526   0.0651214557130357   0.01059690949836   0.00535952428577732   0
0.615174744426694   0.0503391466553469   0.00938776377416883   -0.0147823090576889   0
0.617836777459826   0.0473087183448197   0.00266203303313173   -0.00303042831052722   0
0.575381455812147   0.0339386207709688   -0.0424553216476788   -0.0133700975738509   0
0.588563829959806   0.0523133910783527   0.0131823741476591   0.0183747703073839   0
0.571448049365284   0.0630988515360415   -0.0171157805945228   0.0107854604576888   0
0.604342382594021   0.0548942071785679   0.0328943332287369   -0.00820464435747363   0
0.568463717523254   0.0502386753427211   -0.0358786650707664   -0.00465553183584672   0
0.58968173221648   0.0584433621260575   0.0212180146932257   0.00820468678333634   0
0.609741585693125   0.0585004770680383   0.0200598534766449   5.71149419808584e-05   0
0.621864818067873   0.0762848426024356   0.0121232323747488   0.0177843655343972   0
0.621957156450639   0.0726510930805127   9.23383827660107e-05   -0.00363374952192283   0
0.584168083379343   0.0702631633402938   -0.0377890730712964   -0.0023879297402189   0
0.582960355710862   0.0634204904501503   -0.00120772766848098   -0.00684267289014349   0
0.613221015982171   0.0701276926034218   0.030260660271309   0.00670720215327146   0
0.621319823935393   0.0762628401534529   0.00809880795322193   0.00613514755003106   0
0.594078245560241   0.0508759708378597   -0.0272415783751523   -0.0253868693155932   0
0.610554062543319   0.041450656060877   0.0164758169830782   -0.0094253147769827   0
0.598475105240047   0.04342166639547   -0.0120789573032724   0.00197101033459301   0
0.600756545397432   0.0380164633124721   0.00228144015738496   -0.00540520308299788   0
0.565052087809773   0.0549123949607753   -0.0357044575876581   0.0168959316483032   0
0.603140232459855   0.0568551695540528   0.0380881446500817   0.00194277459327753   0
0.60828030736959   0.040076382227554   0.005140074909735   -0.0167787873264988   0
0.592913440456621   0.053561668106857   -0.0153668669129695   0.013485285879303   0
0.59202097575423   0.0504322276675183   -0.00089246470239035   -0.00312944043933861   0
0.59773568073746   0.0536528706814266   0.00571470498322935   0.00322064301390822   0
0.591314119560372   0.0485151294774576   -0.00642156117708736   -0.00513774120396895   0
0.605204473013884   0.0553051400808563   0.0138903534535114   0.00679001060339871   0
0.613531730047121   0.0477943632926158   0.00832725703323756   -0.00751077678824056   0
0.621371231437743   0.0175448668783316   0.00783950139062173   -0.0302494964142842   0
0.681970681379568   0.0300368556864047   0.0605994499418245   0.0124919888080731   0
0.684704073807665   0.00802646579256987   0.00273339242809767   -0.0220103898938349   0
0.65929246009905   0.0324211935402097   -0.0254116137086157   0.0243947277476398   0
0.657522936323337   0.0436035016189013   -0.00176952377571227   0.0111823080786917   0
0.668659229835074   0.0267533668241142   0.0111362935117371   -0.0168501347947871   0
0.680979352877631   0.0963086349780812   0.0123201230425569   0.069555268153967   0
0.670969948268191   0.0590686715531555   -0.0100094046094402   -0.0372399634249257   0
0.646445406942516   0.0718200157364055   -0.0245245413256749   0.01275134418325   0
0.664708941826095   0.0861013664019946   0.0182635348835793   0.0142813506655891   0
0.690809151780338   0.0898059279335476   0.0261002099542427   0.00370456153155296   0
0.643650891272649   0.0924038792044209   -0.0471582605076887   0.00259795127087331   0
0.628141656742691   0.10511589473769   -0.0155092345299586   0.012712015533269   0
0.678998816566811   0.0947897683346139   0.0508571598241204   -0.010326126403076   0
0.667863389015837   0.0860120406770746   -0.0111354275509742   -0.00877772765753931   0
0.636531707206411   0.0889081882498847   -0.0313316818094261   0.00289614757281015   0
0.636264701179954   0.0863278811952043   -0.000267006026456906   -0.00258030705468046   0
0.695557499162231   0.0822344952166745   0.0592927979822773   -0.00409338597852979   0
0.648048755595863   0.075760670815812   -0.0475087435663686   -0.00647382440086246   0
0.673550597313892   0.081717739098427   0.0255018417180294   0.005957068282615   0
0.680529779796687   0.0875821915777532   0.00697918248279494   0.00586445247932614   0
0.655070651220826   0.0715400114595324   -0.0254591285758609   -0.0160421801182208   0
0.670559531757059   0.0773832287993697   0.0154888805362331   0.00584321733983731   0
0.61772972556405   0.0695622474742526   -0.0528298061930091   -0.00782098132511702   0
0.627198185826442   0.0854659493755576   0.00946846026239145   0.0159037019013049   0
0.627408581283007   0.0804991258996775   0.000210395456565871   -0.00496682347588001   0
0.537118793612918   0.0602536343144938   -0.0902897876700891   -0.0202454915851837   0
0.520891194261322   0.0785801221774048   -0.0162275993515966   0.018326487862911   0
0.625717547858258   0.0729146696909461   0.104826353596936   -0.00566545248645869   0
0.66151431690752   0.0668836331940181   0.035796769049262   -0.00603103649692807   0
0.64717802230164   0.0643862019893373   -0.0143362946058798   -0.00249743120468074   0
0.623013588775673   0.0754759618074239   -0.0241644335259669   0.0110897598180866   0
0.626147782919409   0.0828498275175888   0.00313419414373584   0.00737386571016486   0
0.500557474955167   0.0813304729897088   -0.125590307964242   -0.00151935452787996   0
0.460543013166866   0.0969069648200881   -0.0400144617883001   0.0155764918303792   0
0.531096468202771   0.0880438637665011   0.0705534550359045   -0.00886310105358692   0
0.547596777286687   0.0948361111880522   0.0165003090839158   0.00679224742155109   0
0.565860311124746   0.0992870505161031   0.0182635338380589   0.00445093932805088   0
0.576211442771897   0.0926724062874541   0.0103511316471512   -0.00661464422864903   0
0.581651025891289   0.100289399425408   0.00543958311939263   0.00761699313795364   0
0.552526590657647   0.0919357369179024   -0.0291244352336421   -0.0083536625075053   0
0.553110261465172   0.0531462304964067   0.000583670807524972   -0.0387895064214957   0
0.539593930390704   0.0743437962713292   -0.0135163310744684   0.0211975657749225   0
0.573556571797583   0.051575004744062   0.0339626414068789   -0.0227687915272672   0
0.576008439056536   0.053107619271263   0.00245186725895286   0.00153261452720103   0
0.571050758039587   0.037260595582569   -0.00495768101694871   -0.015847023688694   0
0.550674673872325   0.0691530718539021   -0.0203760841672622   0.0318924762713331   0
0.551197756412673   0.0635761944590647   0.000523082540348607   -0.00557687739483741   0
0.592786984912118   0.0385235392083469   0.0415892284994449   -0.0250526552507178   0
0.612096441642061   0.0680606325444561   0.0193094567299431   0.0295370933361092   0
0.604933577152375   0.0812531971570051   -0.00716286448968662   0.013192564612549   0
0.601310943981086   0.0749491510813126   -0.00362263317128853   -0.00630404607569246   0
0.612322524890567   0.105774635211599   0.0110115809094805   0.0308254841302868   0
0.62278477222831   0.0961950871024644   0.010462247337743   -0.00957954810913503   0
0.601880756741301   0.0827374913095915   -0.0209040154870092   -0.0134575957928728   0
0.599378721051311   0.0712471803939618   -0.00250203568999008   -0.0114903109156298   0
0.587750601457861   0.0728709608000905   -0.0116281195934499   0.00162378040612873   0
0.57983657188661   0.0891765160446513   -0.0079140295712512   0.0163055552445609   0
0.572514589812492   0.088941072360612   -0.00732198207411738   -0.000235443684039327   0
0.584969188041379   0.0871056605648182   0.0124545982288871   -0.00183541179579386   0
0.600150186548119   0.0967222687587098   0.0151809985067395   0.00961660819389162   0
0.59223669053835   0.0822838947713924   -0.00791349600976821   -0.0144383739873174   0
0.590960359353187   0.0659807254210334   -0.00127633118516302   -0.0163031693503591   0
0.556146283868777   0.0592050257775076   -0.0348140754844106   -0.00677569964352576   0
0.510255552064663   0.0546305028361723   -0.0458907318041141   -0.00457452294133537   0
0.434306799914325   0.0694114918201901   -0.0759487521503374   0.0147809889840178   0
0.483016001876213   0.0397618358523158   0.0487092019618878   -0.0296496559678743   0
0.495399019325417   0.0663323326730781   0.0123830174492041   0.0265704968207623   0
0.488111894766216   0.0795368137575573   -0.00728712455920166   0.0132044810844792   0
0.507581322913459   0.0677735434915269   0.0194694281472429   -0.0117632702660303   0
0.510480546965008   0.0725572749623356   0.00289922405154919   0.00478373147080871   0
0.515231456611711   0.0601109521790821   0.00475090964670344   -0.0124463227832536   0
0.498554892604622   0.0578890762962158   -0.0166765640070892   -0.00222187588286628   0
0.502274059127424   0.0827676793921576   0.00371916652280219   0.0248786030959418   0
0.53806976596485   0.0715299591424124   0.0357957068374254   -0.0112377202497452   0
0.567526529095094   0.0936164532958027   0.0294567631302441   0.0220864941533903   0
0.611067085071944   0.112142701820825   0.0435405559768502   0.0185262485250223   0
0.612771602976098   0.11813618126213   0.0017045179041536   0.00599347944130535   0
0.612704147320161   0.121168671276994   -6.74556559367989e-05   0.00303249001486328   0
0.594406973406626   0.100184427385522   -0.0182971739135352   -0.0209842438914716   0
0.580651701181271   0.0910053047481899   -0.0137552722253546   -0.00917912263733205   0
0.606623406852892   0.0880462209676818   0.0259717056716205   -0.00295908378050817   0
0.625714254236555   0.0977613523214895   0.0190908473836638   0.00971513135380773   0
0.623897847600947   0.0957611379345693   -0.00181640663560811   -0.00200021438692022   0
0.609403587646224   0.101369783000531   -0.0144942599547236   0.00560864506596213   0
0.629057083853526   0.0885082364867231   0.0196534962073019   -0.0128615465138083   0
0.638347740282419   0.0745371317374379   0.00929065642889371   -0.0139711047492853   0
0.636508375647461   0.065663302884043   -0.00183936463495782   -0.00887382885339486   0
0.546128762685774   0.0699919500845355   -0.0903796129616875   0.00432864720049247   0
0.491807823454998   0.0900262667352171   -0.0543209392307761   0.0200343166506816   0
0.508931267406892   0.116702089362698   0.0171234439518945   0.0266758226274812   0
0.484080432542919   0.119674052296172   -0.0248508348639733   0.00297196293347413   0
0.480942487241057   0.115881764475575   -0.0031379453018619   -0.003792287820597   0
0.507446277358291   0.10421900602104   0.026503790117234   -0.0116627584545358   0
0.511455026387369   0.110387436644005   0.00400874902907766   0.00616843062296528   0
0.458255227320485   0.104309866524103   -0.0531997990668837   -0.00607757011990151   0
0.42523553599019   0.121116686754607   -0.0330196913302948   0.0168068202305034   0
0.423827569774928   0.0935600173595884   -0.00140796621526257   -0.0275566693950183   0
0.436811535121985   0.0987332886484422   0.0129839653470571   0.00517327128885382   0
0.451993797057149   0.127465681867697   0.0151822619351642   0.0287323932192544   0
0.532515014004943   0.145013263143898   0.0805212169477937   0.0175475812762016   0
0.488488200723113   0.155358109455251   -0.0440268132818299   0.0103448463113528   0
0.524351273452565   0.154683613323004   0.0358630727294519   -0.000674496132247487   0
0.50495241352493   0.158980837668693   -0.0193988599276341   0.00429722434568922   0
0.51964116674433   0.152468782531069   0.0146887532193993   -0.00651205513762329   0
0.594534836768452   0.166270264337642   0.0748936700241222   0.0138014818065722   0
0.560028979462741   0.172752780846265   -0.0345058573057114   0.00648251650862314   0
0.541472610014737   0.177791548266771   -0.0185563694480031   0.00503876742050638   0
0.569256473950474   0.200647334219258   0.0277838639357366   0.0228557859524866   0
0.558302889555208   0.206845104522796   -0.0109535843952665   0.0061977703035378   0
0.560771822167486   0.228387676299007   0.00246893261227832   0.0215425717762116   0
0.54485266575282   0.205103670698759   -0.0159191564146655   -0.0232840056002478   0
0.570985504165049   0.177842002825001   0.0261328384122285   -0.0272616678737585   0
0.586657047218437   0.169055654955311   0.0156715430533878   -0.00878634786969001   0
0.552643139829519   0.144131570149393   -0.0340139073889182   -0.0249240848059176   0
0.566478821032934   0.118815337683776   0.0138356812034158   -0.0253162324656176   0
