1.4210855e-14   4.3368087e-17   0   0   0
0.060603972432561   0.0250312447620775   0.0606039724325468   0.0250312447620774   0
0.0875312409350081   0.0417520788484715   0.0269272685024471   0.016720834086394   0
0.0749950059021208   0.0593833731519251   -0.0125362350328873   0.0176312943034536   0
0.0971537863608709   0.0529347935616807   0.0221587804587501   -0.00644857959024444   0
0.0896047708025914   0.0551681029713466   -0.0075490155582795   0.00223330940966596   0
0.0452763909021985   0.0644508536506486   -0.0443283799003929   0.00928275067930204   0
0.125173457657839   0.165935868052797   0.07989706675564   0.101485014402148   0
0.134776615292083   0.222306728397562   0.00960315763424407   0.0563708603447649   0
0.101845999439609   0.292671108314979   -0.0329306158524736   0.0703643799174172   0
0.139729674936764   0.262721410840996   0.0378836754971546   -0.0299496974739833   0
0.114705519617122   0.249444786969414   -0.0250241553196417   -0.013276623871582   0
0.112236920309443   0.252644731149715   -0.00246859930767861   0.00319994418030117   0
0.126427512244675   0.229507621430966   0.0141905919352316   -0.0231371097187487   0
0.116963907566245   0.211022260528441   -0.00946360467842933   -0.0184853609025255   0
0.105794340631508   0.223130524198427   -0.0111695669347373   0.0121082636699862   0
0.0857594307272982   0.213786181168077   -0.0200349099042099   -0.00934434303034953   0
0.0939357953391615   0.234732807233434   0.00817636461186327   0.0209466260653567   0
0.0981549704790016   0.256779234932823   0.00421917513984005   0.0220464276993894   0
0.111467600192937   0.267918694537316   0.0133126297139356   0.0111394596044929   0
0.151871735560065   0.277263160797843   0.0404041353671275   0.00934446626052704   0
0.133824299959196   0.289648776144481   -0.0180474356008682   0.0123856153466382   0
0.141776920172609   0.254970770893474   0.00795262021341231   -0.0346780052510075   0
0.106180272811333   0.13393468923589   -0.0355966473612762   -0.121036081657584   0
0.192799203100479   0.181062169942165   0.0866189302891466   0.047127480706275   0
0.173543416698582   0.30507083206808   -0.019255786401897   0.124008662125915   0
0.202051492655462   0.294707453222031   0.0285080759568795   -0.0103633788460492   0
0.223410884263384   0.341156325604225   0.0213593916079226   0.0464488723821945   0
0.193747990321022   0.34683306478943   -0.0296628939423627   0.00567673918520412   0
0.168483876935792   0.172895041622365   -0.0252641133852299   -0.173938023167065   0
0.938400049171796   0.441132532450012   0.769916172236004   0.268237490827647   0
0.377847792107642   0.0983099565674963   -0.560552257064153   -0.342822575882516   0
0.489716639093682   0.0755291019984744   0.11186884698604   -0.0227808545690219   0
0.351488466328844   0.10397563634656   -0.138228172764838   0.0284465343480855   0
0.322554842375231   0.125566781904207   -0.0289336239536125   0.0215911455576469   0
0.32417292804816   0.114965616149472   0.00161808567292832   -0.0106011657547351   0
0.272748443220713   0.15514750874746   -0.0514244848274468   0.0401818925979879   0
0.247363145185648   0.16291296425146   -0.0253852980350653   0.00776545550400071   0
0.274714807833321   0.184768023497569   0.0273516626476736   0.0218550592461091   0
0.242594111693181   0.19765705975954   -0.0321206961401406   0.0128890362619706   0
0.193332530935878   0.158771723885387   -0.0492615807573025   -0.0388853358741531   0
0.274022109885801   0.132166245083606   0.0806895789499225   -0.0266054788017806   0
0.126411195676468   0.196396608386407   -0.147610914209332   0.0642303633028004   0
0.126833821412655   0.274986327716652   0.000422625736186288   0.0785897193302449   0
0.176155353460632   0.297548142629098   0.0493215320479774   0.0225618149124466   0
0.197838321610279   0.298370474825825   0.0216829681496467   0.00082233219672645   0
0.212384655544533   0.295824603393653   0.0145463339342547   -0.00254587143217155   0
0.323009953835257   0.269106795312543   0.110625298290723   -0.0267178080811105   0
0.228461401711495   0.395360982613401   -0.0945485521237611   0.126254187300858   0
0.304683056527849   0.358458436260972   0.0762216548163535   -0.036902546352429   0
0.352589913986   0.367466534598936   0.0479068574581508   0.00900809833796418   0
0.283018729867739   0.377511865798255   -0.0695711841182604   0.0100453311993191   0
0.194124055002013   0.363894940750707   -0.0888946748657263   -0.0136169250475477   0
0.219069792826268   0.384776723276874   0.0249457378242547   0.020881782526167   0
0.254695555072087   0.399895116139532   0.0356257622458191   0.0151183928626575   0
0.230225732751925   0.430331235590563   -0.0244698223201618   0.0304361194510313   0
0.225844393776734   0.417563834550788   -0.00438133897519072   -0.0127674010397754   0
0.225811015578313   0.436785944100575   -3.3378198421502e-05   0.0192221095497877   0
0.301462692426018   0.4701913133389   0.075651676847705   0.0334053692383249   0
0.249250132181771   0.461447545665046   -0.0522125602442469   -0.00874376767385421   0
0.220157859208155   0.415553444850392   -0.0290922729736162   -0.0458941008146541   0
0.264143225786991   0.43788369253954   0.0439853665788362   0.0223302476891482   0
0.242948143739911   0.444527781634561   -0.0211950820470795   0.00664408909502134   0
0.246458955684822   0.460745498750316   0.00351081194491057   0.0162177171157545   0
0.329360087556634   0.497052423280549   0.0829011318718123   0.0363069245302334   0
0.347402691014595   0.511185078794658   0.0180426034579613   0.0141326555141088   0
0.314009007188388   0.488574075821017   -0.0333936838262078   -0.0226110029736409   0
0.360158794602982   0.529772947959778   0.0461497874145942   0.0411988721387609   0
0.360112360723179   0.539616894360366   -4.64338798028541e-05   0.00984394640058806   0
0.350105648693479   0.544259402181424   -0.0100067120296999   0.00464250782105813   0
0.400501269956426   0.560614508352251   0.0503956212629466   0.0163551061708261   0
0.326995403623127   0.531503740420125   -0.0735058663332984   -0.0291107679321255   0
0.336583156396479   0.531507226313871   0.00958775277335111   3.48589374576935e-06   0
0.355229772109106   0.532522642192922   0.0186466157126279   0.00101541587905096   0
0.395953362640281   0.588257831327289   0.0407235905311747   0.0557351891343675   0
0.375997821639958   0.590497721505052   -0.0199555410003227   0.00223989017776272   0
0.432023494353834   0.629085671470599   0.0560256727138754   0.0385879499655472   0
0.449463509943377   0.633493997509218   0.0174400155895426   0.00440832603861863   0
0.412463896651831   0.623934530668295   -0.0369996132915459   -0.00955946684092324   0
0.397932121104769   0.633691933648958   -0.014531775547062   0.00975740298066397   0
0.471542991631199   0.648189808688328   0.0736108705264308   0.0144978750393695   0
0.403282215007798   0.602394243275672   -0.068260776623401   -0.0457955654126561   0
0.390861061167076   0.611365081607605   -0.0124211538407221   0.00897083833193335   0
0.284913690636162   0.560415329875767   -0.105947370530914   -0.0509497517318385   0
0.327822411242956   0.568169729561444   0.0429087206067939   0.00775439968567715   0
0.384363138387096   0.584881598074902   0.0565407271441403   0.0167118685134577   0
0.400360275061953   0.595000668225591   0.0159971366748565   0.010119070150689   0
0.370015340950142   0.596200776672024   -0.0303449341118103   0.00120010844643281   0
0.400309421146429   0.583819156601422   0.0302940801962868   -0.0123816200706017   0
0.425701062889492   0.635765471378788   0.0253916417430625   0.0519463147773667   0
0.473073328617592   0.656198314387308   0.0473722657281   0.0204328430085193   0
0.515995707236428   0.667015885272518   0.0429223786188362   0.0108175708852097   0
0.492366376933946   0.676666673053746   -0.0236293303024818   0.00965078778122874   0
0.498603936060246   0.679028213149385   0.00623755912629964   0.00236154009563827   0
0.51480024646859   0.696835512854358   0.0161963104083438   0.0178072997049739   0
0.511551241569536   0.713701550472567   -0.00324900489905411   0.016866037618209   0
0.376811912548165   0.681549777524566   -0.134739329021371   -0.0321517729480011   0
0.508040849298849   0.716212787115497   0.131228936750685   0.0346630095909304   0
0.427474996119813   0.724154630554747   -0.0805658531790368   0.00794184343925031   0
0.511727549822286   0.734245629441519   0.0842525537024735   0.0100909988867725   0
0.514394925923238   0.73553229929978   0.00266737610095169   0.00128666985826009   0
0.524349110739443   0.739591892829652   0.00995418481620547   0.00405959352987229   0
0.46582218963554   0.709880834563424   -0.0585269211039031   -0.0297110582662281   0
0.478298627096959   0.6954891259329   0.0124764374614188   -0.0143917086305241   0
0.493099542765757   0.720330659776812   0.0148009156687979   0.0248415338439125   0
0.5132364072593   0.735590887371754   0.0201368644935432   0.0152602275949419   0
0.486247430105939   0.77560322640497   -0.026988977153361   0.0400123390332154   0
0.565331340138506   0.73685584457021   0.0790839100325664   -0.0387473818347597   0
0.555513847085972   0.733843695682181   -0.00981749305253321   -0.00301214888802859   0
0.547619143286107   0.746814810798771   -0.00789470379986557   0.0129711151165894   0
0.596819103806121   0.771920656828011   0.0491999605200143   0.02510584602924   0
0.575450086805223   0.760083009347168   -0.0213690170008978   -0.0118376474808428   0
0.500045816620696   0.742559640340416   -0.075404270184527   -0.0175233690067521   0
0.562002564478552   0.77516402787563   0.0619567478578553   0.0326043875352144   0
0.493508120615937   0.735490173885128   -0.0684944438626141   -0.0396738539905018   0
0.357475972417602   0.668024683692309   -0.136032148198336   -0.0674654901928191   0
0.48470289703625   0.739093097288502   0.127226924618648   0.0710684135961923   0
0.514167622606616   0.732317827670024   0.0294647255703659   -0.00677526961847763   0
0.510162179065572   0.707313197851824   -0.00400544354104382   -0.0250046298182   0
0.529810468240316   0.759738649134611   0.0196482891747447   0.0524254512827869   0
0.566569426991151   0.766225484502355   0.0367589587508345   0.00648683536774397   0
0.541263937044678   0.766942885788198   -0.0253054899464726   0.000717401285843411   0
0.580069448324266   0.780886656733828   0.0388055112795873   0.01394377094563   0
0.59207098570585   0.790780299611794   0.0120015373815845   0.00989364287796513   0
0.616185797910427   0.776730390106882   0.0241148122045775   -0.0140499095049116   0
0.507385771346028   0.727011020344319   -0.108800026564399   -0.0497193697625625   0
0.659842734986011   0.136897378542517   0.152456963639983   -0.590113641801803   0
0.51149620246204   0.259786353528046   -0.148346532523971   0.122888974985529   0
0.352133799805968   0.385660839602973   -0.159362402656072   0.125874486074927   0
0.251023586230472   0.466137655296147   -0.101110213575496   0.0804768156931737   0
0.249117903648717   0.532479023871136   -0.00190568258175544   0.0663413685749891   0
0.237224803635201   0.565748364736912   -0.011893100013516   0.0332693408657759   0
0.219995440071127   0.306328965568036   -0.0172293635640733   -0.259419399168875   0
2.05444907950936   1.63069296222516   1.83445363943823   1.32436399665712   1
2.36836037736479   1.6989259749824   0.313911297855431   0.0682330127572406   0
2.2621518815621   1.51189027826258   -0.106208495802694   -0.187035696719821   0
2.17210821294148   1.42706109656135   -0.0900436686206163   -0.0848291817012246   0
2.11074680169033   1.37817178448082   -0.0613614112511507   -0.0488893120805376   0
2.16408773368981   1.3679719138335   0.0533409319994775   -0.0101998706473145   0
0.538470642354009   0.38267281534607   -1.6256170913358   -0.985299098487431   1
1.29034538976209   0.976947652321304   0.75187474740808   0.594274836975234   0
0.866983560230332   0.891072399957613   -0.423361829531758   -0.0858752523636915   0
0.831204397360338   0.84778151015495   -0.0357791628699932   -0.043290889802663   0
0.837891322983556   0.841082354968019   0.00668692562321793   -0.00669915518693076   0
0.785621292995661   0.826942475859863   -0.0522700299878955   -0.0141398791081562   0
0.831922710712163   0.828290137852621   0.0463014177165023   0.00134766199275815   0
0.805388104260282   0.847572265272589   -0.0265346064518813   0.0192821274199685   0
0.869783076902898   0.892388609162268   0.0643949726426165   0.0448163438896783   0
0.8572353533592   0.909867947946441   -0.0125477235436987   0.0174793387841737   0
0.873610210228743   0.934843190643313   0.0163748568695434   0.0249752426968711   0
0.91734402292456   0.962647264395058   0.0437338126958173   0.0278040737517459   0
0.903613649247424   0.926930111923374   -0.0137303736771365   -0.0357171524716844   0
0.823266424066157   0.875817045019085   -0.0803472251812665   -0.0511130669042893   0
0.907599127267481   0.907456284616144   0.0843327032013241   0.0316392395970597   0
0.860648021666231   0.894018348230566   -0.0469511056012507   -0.0134379363855788   0
0.908183736857169   0.938094302917939   0.0475357151909384   0.044075954687373   0
0.618136639943297   0.716411301028476   -0.290047096913872   -0.221683001889462   0
0.22066303884613   0.539943424711055   -0.397473601097167   -0.176467876317421   0
0.407926513203213   0.618044912025517   0.187263474357083   0.0781014873144614   0
0.431418516244537   0.648587885355435   0.0234920030413235   0.0305429733299186   0
0.405970317990372   0.658213577687476   -0.0254481982541646   0.00962569233204058   0
0.658866111189859   0.791041715558795   0.252895793199487   0.132828137871319   0
0.56027136074419   0.761448938215782   -0.0985947504456686   -0.0295927773430129   0
0.62182519523339   0.793455546917243   0.0615538344891997   0.0320066087014612   0
0.628059146998778   0.79906532555433   0.00623395176538832   0.00560977863708745   0
0.570712739716028   0.748103708483511   -0.0573464072827506   -0.0509616170708193   0
0.572430969653767   0.762402432834092   0.00171822993773962   0.014298724350581   0
0.604103694093448   0.765469379293416   0.0316727244396808   0.00306694645932393   0
0.645529758382744   0.799238014591826   0.0414260642892958   0.0337686352984096   0
0.627836700037047   0.78797019467696   -0.0176930583456967   -0.011267819914866   0
0.617751752978572   0.794012270672346   -0.0100849470584755   0.00604207599538675   0
0.637286806657005   0.798349517183051   0.019535053678433   0.00433724651070488   0
0.658922988521916   0.802754363246355   0.0216361818649111   0.00440484606330338   0
0.640149793040305   0.816668142824432   -0.0187731954816113   0.0139137795780776   0
0.623367743159178   0.806778799313636   -0.0167820498811272   -0.00988934351079584   0
0.68546154566268   0.814737943789672   0.062093802503502   0.00795914447603541   0
0.65111611632147   0.811707706589956   -0.03434542934121   -0.00303023719971574   0
0.659579804735076   0.813661086537119   0.00846368841360612   0.00195337994716305   0
0.689404642999725   0.837387661429585   0.0298248382646489   0.0237265748924655   0
0.682163501444185   0.843502823065931   -0.00724114155553923   0.00611516163634618   0
0.678563614311884   0.863740227753409   -0.00359988713230175   0.0202374046874786   0
0.722401066803863   0.881438642005925   0.0438374524919796   0.0176984142525155   0
0.711682836680626   0.864851453036382   -0.0107182301232371   -0.0165871889695434   0
0.668039326883623   0.854863099412342   -0.0436435097970028   -0.0099883536240396   0
0.445609512436477   0.710941709925638   -0.222429814447146   -0.143921389486704   0
1.03957119436615   0.746744763030726   0.593961681929672   0.0358030531050881   0
0.531890050212815   0.728641712367622   -0.507681144153334   -0.0181030506631044   0
0.815654357397061   0.81575450200776   0.283764307184246   0.0871127896401379   0
0.916401328303923   0.860595787199346   0.100746970906862   0.0448412851915869   0
0.964523927804312   0.88871620702218   0.0481225995003891   0.0281204198228338   0
0.953007131143289   0.876645116019666   -0.0115167966610233   -0.0120710910025146   0
1.03206721760668   0.918095148362897   0.0790600864633881   0.0414500323432309   0
0.998386606408576   0.914888887367635   -0.0336806111981008   -0.00320626099526111   0
0.875708777578051   0.797872988117547   -0.122677828830525   -0.117015899250089   0
0.525855190725201   0.658918789282913   -0.349853586852851   -0.138954198834634   0
0.707661041762836   0.715327086280466   0.181805851037635   0.056408296997553   0
0.723226458840062   0.761870344544914   0.0155654170772256   0.0465432582644485   0
0.663554102033856   0.732677313720417   -0.0596723568062054   -0.0291930308244973   0
0.679632740563517   0.735848132299863   0.0160786385296612   0.0031708185794459   0
0.783952808832168   0.75821964050951   0.10432006826865   0.0223715082096466   0
0.750554557471533   0.785900759329862   -0.0333982513606347   0.0276811188203522   0
0.735440050109457   0.778059418843344   -0.0151145073620761   -0.00784134048651752   0
0.806310926599028   0.823154194228973   0.0708708764895708   0.0450947753856289   0
0.821708311782074   0.874918482054363   0.0153973851830465   0.0517642878253899   0
0.931450163518394   0.914402598614194   0.10974185173632   0.0394841165598314   0
0.903389493191211   0.908891638302224   -0.028060670327183   -0.00551096031197074   0
0.929170504513013   0.917860458403903   0.0257810113218011   0.00896882010167888   0
0.932354476684914   0.930045596974598   0.00318397217190147   0.0121851385706956   0
0.904412311078284   0.907191238794594   -0.0279421656066304   -0.0228543581800038   0
0.871972051902468   0.88739264164284   -0.0324402591758152   -0.0197985971517544   0
0.947399785575889   0.810475814385444   0.0754277336734207   -0.0769168272573965   0
0.680278808223428   0.831329932411408   -0.267120977352461   0.020854118025964   0
0.857447073582432   0.888334725356812   0.177168265359004   0.0570047929454043   0
0.911362371283359   0.918063708695479   0.0539152977009271   0.0297289833386669   0
0.883802977058685   0.910856284258005   -0.0275593942246739   -0.00720742443747402   0
0.970532656492565   0.946882592977967   0.0867296794338803   0.0360263087199624   0
0.984631660116953   0.973743145631101   0.0140990036243878   0.0268605526531334   0
0.938810382796273   0.94941797834849   -0.0458212773206798   -0.024325167282611   0
0.983628233388111   0.939972145120497   0.0448178505918375   -0.00944583322799264   0
0.933703033855964   0.889858609209216   -0.0499251995321474   -0.0501135359112813   0
0.940555797326441   0.928954532173297   0.00685276347047759   0.0390959229640818   0
0.654080054760586   0.616182470216428   -0.286475742565855   -0.312772061956869   0
0.846232954469679   0.774429910237029   0.192152899709093   0.158247440020601   0
0.746871311743525   0.654346191180789   -0.0993616427261542   -0.12008371905624   0
0.639857752305503   0.591062001360628   -0.107013559438021   -0.0632841898201609   0
0.624168199535332   0.553363116533815   -0.0156895527701711   -0.0376988848268134   0
0.486126004788565   0.489627893772715   -0.138042194746767   -0.0637352227611001   0
0.442246778532221   0.493916624365614   -0.0438792262563441   0.00428873059289964   0
0.364601866998412   0.470101820288784   -0.0776449115338085   -0.0238148040768303   0
0.21167697464357   0.435721752067228   -0.152924892354843   -0.0343800682215558   0
0.237307797950506   0.414933970522558   0.025630823306936   -0.0207877815446702   0
0.196743064202419   0.441777216048436   -0.0405647337480867   0.0268432455258777   0
0.173897620009892   0.443181389297528   -0.0228454441925274   0.00140417324909198   0
0.153440725428142   0.433853723574668   -0.0204568945817494   -0.00932766572285937   0
