0   0   0   0   0
0.142391453529644   0.0601798206819882   0.142391453529644   0.0601798206819882   0
0.0830041190112188   0.0346561117332161   -0.0593873345184249   -0.0255237089487721   0
0.10071358724883   0.0543143951387842   0.0177094682376116   0.0196582834055682   0
0.149744421936402   0.119621501033024   0.0490308346875717   0.0653071058942398   0
0.180397636410536   0.124501511674768   0.0306532144741339   0.00488001064174433   0
0.193566193408211   0.179550301936711   0.0131685569976748   0.0550487902619422   0
0.191572662964609   0.146747288733526   -0.00199353044360229   -0.0328030132031846   0
0.14817555761755   0.163527239385207   -0.0433971053470581   0.0167799506516813   0
0.184973215462155   0.156689548044877   0.0367976578446048   -0.00683769134033052   0
0.10380813197632   0.16109757730031   -0.0811650834858354   0.00440802925543349   0
0.109446499522222   0.140068630996563   0.00563836754590159   -0.0210289463037473   0
0.0946344490944213   0.138946512330156   -0.0148120504278002   -0.00112211866640671   0
0.118977188954612   0.13647064320036   0.0243427398601908   -0.0024758691297965   0
0.140933132319754   0.154398417051308   0.0219559433651417   0.0179277738509486   0
0.187611845070833   0.16158777638335   0.0466787127510793   0.00718935933204204   0
0.129828236419176   0.175558846597795   -0.0577836086516575   0.0139710702144447   0
0.173262578342346   0.171268453404129   0.0434343419231705   -0.00429039319366586   0
0.0571125051385321   0.166814618376627   -0.116150073203814   -0.00445383502750191   0
0.0998649491441807   0.191283012007925   0.0427524440056486   0.0244683936312983   0
0.132517156740629   0.166203686271563   0.0326522075964485   -0.0250793257363622   0
0.126610987505364   0.189710251602007   -0.00590616923526513   0.023506565330444   0
0.134020541390012   0.153795683949568   0.00740955388464781   -0.0359145676524389   0
0.13768865048659   0.187866794889215   0.00366810909657794   0.0340711109396465   0
0.0871537763907543   0.165130809089843   -0.0505348740958355   -0.0227359857993719   0
0.103201526796925   0.159912855670726   0.0160477504061707   -0.00521795341911677   0
0.098053990232717   0.157026631419893   -0.00514753656420808   -0.00288622425083279   0
0.182696894130689   0.209141116467309   0.0846429038979718   0.0521144850474156   0
0.0899721703725177   0.192993394635708   -0.0927247237581712   -0.0161477218316013   0
0.0964168315378434   0.234484507467806   0.00644466116532572   0.0414911128320987   0
0.112721764822763   0.223951543578455   0.0163049332849201   -0.0105329638893517   0
0.111805095427401   0.21139814007697   -0.000916669395362849   -0.0125534035014843   0
0.112616900086941   0.199230063381161   0.000811804659540449   -0.0121680766958089   0
0.142994155614754   0.17620016411498   0.030377255527813   -0.0230298992661811   0
0.126212036289745   0.190502694590924   -0.0167821193250086   0.0143025304759438   0
0.133310168934453   0.19082982925353   0.00709813264470713   0.000327134662605977   0
0.224819044713375   0.228036149082214   0.0915088757789226   0.0372063198286839   0
0.180731697288948   0.232383366866944   -0.0440873474244273   0.00434721778472991   0
0.135245865812407   0.255766078879143   -0.0454858314765406   0.0233827120121992   0
0.155681708487473   0.235146196015437   0.0204358426750653   -0.0206198828637064   0
0.216068129832305   0.254863997699867   0.0603864213448321   0.0197178016844302   0
0.180585441132019   0.227177475499998   -0.0354826887002861   -0.0276865221998689   0
0.0646050423253777   0.226648968806316   -0.115980398806641   -0.000528506693681485   0
0.0806600201673449   0.214319909895749   0.0160549778419672   -0.0123290589105677   0
0.157084090669735   0.259599820008167   0.0764240705023902   0.0452799101124186   0
0.0559607145706339   0.262928171728582   -0.101123376099101   0.00332835172041518   0
0.169764868496317   0.284273499733072   0.113804153925683   0.0213453280044891   0
0.0449904056394986   0.295602384280569   -0.124774462856818   0.0113288845474974   0
0.0696048620420123   0.292187373759881   0.0246144564025137   -0.00341501052068793   0
0.0719470372733409   0.276757327289991   0.0023421752313286   -0.0154300464698903   0
0.0404025263487968   0.274932239543492   -0.0315445109245441   -0.00182508774649909   0
0.0507749989487119   0.26795429388034   0.0103724725999152   -0.00697794566315185   0
0.0512430528714269   0.267148171272931   0.000468053922715005   -0.000806122607409088   0
0.0459198334326979   0.268470560928562   -0.00532321943872906   0.00132238965563186   0
0.0482688009814154   0.277627595787762   0.00234896754871749   0.00915703485919944   0
0.165913519184331   0.303384687675277   0.117644718202916   0.0257570918875152   0
0.0722364161785358   0.272490472323269   -0.0936771030057956   -0.0308942153520085   0
0.142364775206664   0.297728359647373   0.0701283590281284   0.025237887324104   0
0.16130312565705   0.271828667647703   0.0189383504503855   -0.02589969199967   0
0.0882036997299783   0.280999552543377   -0.0730994259270714   0.00917088489567425   0
0.119590784193124   0.261846124680986   0.0313870844631462   -0.0191534278623909   0
0.137101194751245   0.297396362767312   0.0175104105581202   0.0355502380863266   0
0.063058247537922   0.271803837556427   -0.0740429472133226   -0.0255925252108859   0
0.197753039122468   0.323917736812716   0.134694791584546   0.052113899256289   0
0.117612109459421   0.285836411732927   -0.0801409296630466   -0.038081325079789   0
0.124840544103936   0.279930859430447   0.00722843464451516   -0.00590555230247969   0
0.0872040875254646   0.274174819515469   -0.0376364565784718   -0.00575603991497797   0
0.0869236937137316   0.272491853801661   -0.000280393811733018   -0.00168296571380783   0
0.101384769889165   0.291097009849202   0.0144610761754331   0.0186051560475412   0
0.0810169212773333   0.329225863276692   -0.0203678486118314   0.0381288534274897   0
0.0720527171236783   0.315331032164527   -0.00896420415365501   -0.0138948311121652   0
0.107316387164165   0.29153519126755   0.0352636700404864   -0.0237958408969765   0
0.0819622467098737   0.289465596138914   -0.025354140454291   -0.00206959512863597   0
0.22209457359789   0.303321045882463   0.140132326888016   0.0138554497435486   0
0.138116531617428   0.307515705167818   -0.0839780419804619   0.00419465928535501   0
0.117702065483658   0.307121317057378   -0.0204144661337701   -0.000394388110440236   0
0.114859519283464   0.275150936258533   -0.0028425462001937   -0.0319703807988451   0
0.149107725802804   0.330824585603885   0.0342482065193398   0.0556736493453528   0
0.110458922562956   0.309243975834225   -0.0386488032398482   -0.0215806097696603   0
0.154593059799428   0.321141977465927   0.0441341372364718   0.0118980016317018   0
0.0781032533721663   0.312486092642126   -0.0764898064272613   -0.00865588482380092   0
0.0820162288067753   0.30705048625101   0.00391297543460901   -0.00543560639111595   0
0.116671774594173   0.320619766501049   0.0346555457873973   0.0135692802500392   0
0.0811733105116576   0.318993368273352   -0.035498464082515   -0.00162639822769733   0
0.11609719777091   0.306415237374445   0.034923887259252   -0.0125781308989074   0
0.0834900075993705   0.32437258296759   -0.032607190171539   0.0179573455931457   0
0.063839639757107   0.335540295477483   -0.0196503678422635   0.0111677125098926   0
0.226252294329964   0.343910217818545   0.162412654572857   0.00836992234106221   0
0.133683779370769   0.348145361267963   -0.092568514959195   0.00423514344941811   0
0.109508764355253   0.338482175512294   -0.0241750150155155   -0.00966318575566905   0
0.152337890469425   0.336337287384917   0.0428291261141715   -0.00214488812737751   0
0.108681064649166   0.346289819761793   -0.043656825820259   0.00995253237687643   0
0.205942516598483   0.349942946038831   0.0972614519493171   0.00365312627703768   0
0.126560192589226   0.329172091845078   -0.0793823240092571   -0.0207708541937527   0
0.196164853867323   0.348635844893931   0.0696046612780975   0.019463753048853   0
0.125946886448944   0.339231946392168   -0.0702179674183789   -0.00940389850176321   0
0.156754133718193   0.334022887907347   0.030807247269249   -0.00520905848482073   0
0.114965529866569   0.337671616871292   -0.0417886038516242   0.00364872896394464   0
0.172506395545612   0.35539822025665   0.0575408656790427   0.0177266033853585   0
0.164064435264651   0.349581561822804   -0.00844196028096092   -0.00581665843384599   0
0.183096646750317   0.354327400089036   0.0190322114856661   0.00474583826623154   0
0.111814582290173   0.345133825244513   -0.0712820644601437   -0.00919357484452304   0
0.171223419416016   0.355280256569711   0.0594088371258432   0.0101464313251983   0
0.131120377698382   0.34790656696925   -0.0401030417176348   -0.00737368960046053   0
0.194806519294431   0.354944855162285   0.0636861415960499   0.00703828819303404   0
0.160458312013021   0.333303632351991   -0.0343482072814106   -0.0216412228102938   0
0.157869624751956   0.347187109791456   -0.0025886872610649   0.0138834774394656   0
0.107236038475178   0.345011830986731   -0.0506335862767777   -0.00217527880472507   0
0.263267671051988   0.406215324103632   0.15603163257681   0.0612034931169012   0
0.169527869119774   0.375884545542468   -0.0937398019322142   -0.0303307785611645   0
0.219885231648569   0.368392265766899   0.0503573625287955   -0.00749227977556888   0
0.131340544027208   0.356718768558294   -0.0885446876213611   -0.0116734972086052   0
0.205429001563268   0.35755208091907   0.0740884575360596   0.000833312360775884   0
0.109834777929749   0.349928977288738   -0.0955942236335183   -0.0076231036303317   0
0.227084232562419   0.360961797408014   0.11724945463267   0.0110328201192763   0
0.137566374808564   0.352754132622315   -0.0895178577538552   -0.00820766478569929   0
0.173944313225111   0.363129167762345   0.0363779384165472   0.0103750351400296   0
0.157468435036939   0.334700166279512   -0.0164758781881719   -0.0284290014828327   0
0.178048121847166   0.343360597637646   0.0205796868102262   0.0086604313581341   0
0.127321935582855   0.324569471074569   -0.0507261862643106   -0.0187911265630776   0
0.193388731222157   0.359056964203506   0.0660667956393018   0.0344874931289374   0
0.115360268253434   0.319508774158635   -0.0780284629687224   -0.0395481900448706   0
0.249394610503485   0.346693958832693   0.13403434225005   0.0271851846740572   0
0.117984829911381   0.320255596335736   -0.131409780592104   -0.026438362496957   0
0.204817953137456   0.344582190487817   0.0868331232260755   0.024326594152081   0
0.149472048986881   0.316764774000678   -0.055345904150575   -0.027817416487139   0
0.282390201114632   0.358389527890464   0.132918152127751   0.0416247538897865   0
0.173556591419929   0.34593210360777   -0.108833609694703   -0.0124574242826943   0
0.247224272651499   0.375879821116362   0.0736676812315697   0.0299477175085925   0
0.138396113658939   0.341060407689984   -0.108828158992559   -0.034819413426378   0
0.211625347908505   0.349613887432997   0.0732292342495658   0.00855347974301274   0
0.13358234628121   0.325923477289117   -0.0780430016272949   -0.0236904101438802   0
0.198181973242836   0.352505663699406   0.0645996269616256   0.0265821864102894   0
0.129535679953389   0.334024381455728   -0.0686462932894469   -0.0184812822436781   0
0.20070193987954   0.341892418163849   0.0711662599261508   0.00786803670812092   0
0.104532511628737   0.350731168486028   -0.0961694282508027   0.00883875032217862   0
0.0833267806355868   0.364382157466665   -0.0212057309931501   0.0136509889806373   0
0.19075456275218   0.361307382281849   0.107427782116593   -0.00307477518481569   0
0.104790877495328   0.343829267739409   -0.0859636852568516   -0.0174781145424405   0
0.17231446564509   0.346185459705125   0.0675235881497621   0.00235619196571607   0
0.0967822425153005   0.330750422305229   -0.0755322231297896   -0.0154350373998962   0
0.204764357440235   0.353987525796761   0.107982114924935   0.0232371034915327   0
0.0961933768837673   0.331229803347398   -0.108570980556468   -0.0227577224493637   0
0.32589820536645   0.357731025728819   0.229704828482683   0.0265012223814218   0
0.149465570069632   0.333944547699204   -0.176432635296818   -0.0237864780296159   0
0.121597170754114   0.351207611628869   -0.0278683993155183   0.0172630639296651   0
0.11127691918039   0.348729324021922   -0.0103202515737238   -0.00247828760694646   0
0.111745283061926   0.345946048865614   0.00046836388153626   -0.00278327515630811   0
0.0889116088134276   0.350221073939704   -0.0228336742484987   0.00427502507408978   0
0.111812522074006   0.342916054430056   0.0229009132605785   -0.00730501950964768   0
0.339567469393186   0.378150882083018   0.227754947319179   0.0352348276529614   0
0.215688532311991   0.354753358412593   -0.123878937081194   -0.0233975236704241   0
0.159856314210952   0.357901646018598   -0.055832218101039   0.00314828760600472   0
0.11090872978094   0.34780274750344   -0.0489475844300122   -0.010098898515158   0
0.144461249726738   0.350232441914285   0.0335525199457978   0.00242969441084451   0
0.104132669298545   0.337755532956494   -0.0403285804281927   -0.0124769089577908   0
0.0943324665739686   0.344954584069944   -0.00980020272457677   0.00719905111345004   0
0.116221513787894   0.336980286823903   0.021889047213925   -0.00797429724604098   0
0.0785379700811659   0.306008267047856   -0.0376835437067277   -0.0309720197760466   0
0.200829489109467   0.317141165182879   0.122291519028301   0.0111328981350226   0
0.0980043112904537   0.316523969468303   -0.102825177819013   -0.00061719571457558   0
0.189347589584747   0.330930650891271   0.0913432782942931   0.0144066814229676   0
0.078552105889451   0.327477110653393   -0.110795483695296   -0.00345354023787853   0
0.162218560226084   0.347167902600661   0.083666454336633   0.0196907919472687   0
0.0631170544302929   0.340687267391635   -0.0991015057957911   -0.00648063520902603   0
0.129642836466174   0.338183601189947   0.0665257820358812   -0.00250366620168846   0
0.203135643272275   0.382091175976681   0.0734928068061005   0.0439075747867342   0
0.160879714712754   0.363602475552305   -0.0422559285595206   -0.0184887004243761   0
0.210272863282822   0.392542263131565   0.049393148570068   0.0289397875792607   0
0.0956725118016679   0.350613355720371   -0.114600351481154   -0.0419289074111941   0
0.247061589366975   0.36747648269851   0.151389077565308   0.0168631269781389   0
0.0731275809380428   0.327886490140775   -0.173934008428933   -0.0395899925577352   0
0.28319738682195   0.374949716956546   0.210069805883907   0.0470632268157706   0
0.0714007431530276   0.352441822635247   -0.211796643668923   -0.0225078943212985   0
0.0842733646670516   0.344284654932949   0.012872621514024   -0.00815716770229846   0
0.108483942059548   0.353432415249259   0.0242105773924966   0.00914776031631059   0
0.0719582480260515   0.34512563948592   -0.0365256940334967   -0.00830677576333971   0
0.116791706843592   0.358056355833342   0.0448334588175401   0.0129307163474227   0
0.0825782587538075   0.3473159497329   -0.0342134480897841   -0.0107404061004425   0
0.226657415573676   0.372651064844951   0.144079156819868   0.0253351151120516   0
0.123538435033904   0.35481764929882   -0.103118980539771   -0.0178334155461317   0
0.28141464861592   0.378681460268549   0.157876213582016   0.0238638109697291   0
0.135300196808122   0.371944562216034   -0.146114451807798   -0.00673689805251465   0
0.191034275760846   0.377768784480296   0.0557340789527243   0.00582422226426194   0
0.108585138774253   0.3590771755045   -0.0824491369865932   -0.0186916089757957   0
0.222402658876339   0.367171713603238   0.113817520102086   0.00809453809873711   0
0.128883097804873   0.363873332893775   -0.0935195610714659   -0.00329838070946303   0
0.20830671911017   0.379553242064804   0.079423621305297   0.0156799091710299   0
0.0996039845745175   0.367720807888868   -0.108702734535653   -0.0118324341759367   0
0.17204225815707   0.382319527970803   0.072438273582553   0.0145987200819352   0
0.105070879546559   0.409176878099557   -0.0669713786105112   0.0268573501287544   0
0.105317197381077   0.404353934531018   0.000246317834518187   -0.00482294356853957   0
0.130546286400049   0.397998926417168   0.0252290890189711   -0.00635500811384926   0
0.152772297160329   0.384556659632844   0.0222260107602804   -0.0134422667843249   0
0.090342014617376   0.3795649883003   -0.062430282542953   -0.00499167133254375   0
0.0797588497835925   0.368887179349425   -0.0105831648337835   -0.0106778089508748   0
0.194607353360485   0.386072720993945   0.114848503576892   0.0171855416445196   0
0.133171515557721   0.371837631945741   -0.0614358378027642   -0.0142350890482036   0
0.313364004486195   0.398702892558825   0.180192488928474   0.0268652606130841   0
0.146760381346102   0.380987819625807   -0.166603623140093   -0.0177150729330186   0
0.242344918088236   0.34655839163977   0.0955845367421339   -0.0344294279860366   0
0.272977736989202   0.353852633820595   0.0306328189009666   0.00729424218082536   0
0.118050652325064   0.364761386302495   -0.154927084664139   0.0109087524818998   0
0.105242269690486   0.362832650396081   -0.0128083826345771   -0.0019287359064139   0
0.116947689119424   0.344078519322702   0.0117054194289373   -0.0187541310733795   0
0.14511092903192   0.352131296181069   0.0281632399124964   0.00805277685836714   0
0.31406675227291   0.392878284564651   0.168955823240989   0.0407469883835818   0
0.144931703609088   0.329931327538452   -0.169135048663821   -0.062946957026199   0
0.261666924087815   0.35284768303291   0.116735220478727   0.0229163554944578   0
0.132517940490769   0.346252385374381   -0.129148983597047   -0.00659529765852868   0
0.233934733738473   0.372042527752326   0.101416793247705   0.0257901423779448   0
0.157648863998003   0.35608316360478   -0.0762858697404707   -0.0159593641475456   0
0.178846229599875   0.361925037914575   0.0211973656018724   0.00584187430979538   0
0.199620944972176   0.333220713308858   0.0207747153723005   -0.0287043246057171   0
0.237494998399593   0.346923655452581   0.0378740534274171   0.0137029421437225   0
0.105439902161928   0.329000228604768   -0.132055096237665   -0.017923426847813   0
0.23712591488751   0.360707104421102   0.131686012725582   0.0317068758163339   0
0.123488464085145   0.364443185936626   -0.113637450802364   0.00373608151552435   0
0.234402971905975   0.375931127237246   0.110914507820829   0.0114879413006204   0
0.128361574536718   0.373885391591192   -0.106041397369256   -0.00204573564605454   0
0.160303031032879   0.391729232638359   0.0319414564961607   0.0178438410471668   0
0.167094920701312   0.355383339990815   0.0067918896684325   -0.0363458926475441   0
0.137368889821737   0.38996970687884   -0.0297260308795744   0.0345863668880256   0
0.142480384122131   0.338465654767089   0.00511149430039418   -0.0515040521117507   0
0.19230880198971   0.350585979965945   0.0498284178675788   0.0121203251988553   0
0.0883261351015493   0.346564857453064   -0.103982666888161   -0.0040211225128805   0
0.360547435835267   0.40558519878271   0.272221300733718   0.0590203413296456   0
0.102209605010417   0.359936107101431   -0.25833783082485   -0.0456490916812787   0
0.304994836006638   0.411475055069293   0.202785230996221   0.0515389479678614   0
0.183883417576152   0.392962734926295   -0.121111418430485   -0.0185123201429978   0
0.13065269058977   0.412690394977615   -0.0532307269863826   0.0197276600513206   0
0.0835721144422059   0.375869449428968   -0.0470805761475639   -0.0368209455486476   0
0.200042735515865   0.384314440759155   0.116470621073659   0.00844499133018695   0
0.111930340034011   0.372514240000362   -0.0881123954818538   -0.0118002007587926   0
