1.4210855e-14   6.99289398951529e-16   0   0   0
0.0426230050845845   0.0165516643613067   0.0426230050845703   0.016551664361306   0
0.0744822449272573   0.0145690674209917   0.0318592398426728   -0.00198259694031504   0
0.0948683504305333   0.0276790089022337   0.020386105503276   0.013109941481242   0
0.0727015369124972   0.0531716584562826   -0.0221668135180361   0.0254926495540489   0
0.143996695340496   0.0247429040866101   0.0712951584279993   -0.0284287543696725   0
0.0649765071332644   0.0525598607230524   -0.0790201882072321   0.0278169566364423   0
0.10511462581242   0.0440780207406533   0.0401381186791555   -0.00848183998239913   0
0.0594394027033855   0.0478008042257937   -0.0456752231090344   0.00372278348514044   0
0.0825772888622889   0.0693528540287677   0.0231378861589034   0.021552049802974   0
0.12698339250204   0.0779161500233677   0.0444061036397514   0.00856329599460001   0
0.0618679008811008   0.0802783949977919   -0.0651154916209394   0.00236224497442412   0
0.0611365231873507   0.0727173672563704   -0.000731377693750104   -0.00756102774142148   0
0.130723540574619   0.0929654428666989   0.0695870173872683   0.0202480756103285   0
0.039890799007804   0.0960971948174308   -0.090832741566815   0.00313175195073188   0
0.0667302362607048   0.126845835910205   0.0268394372529008   0.0307486410927741   0
0.144207413827448   0.106860181429829   0.0774771775667429   -0.0199856544803757   0
0.148295357033365   0.100127356294344   0.00408794320591738   -0.00673282513548534   0
0.0859906305711378   0.099798378685028   -0.0623047264622273   -0.000328977609315897   0
0.126519560721504   0.101275850952507   0.0405289301503664   0.00147747226747932   0
0.0644761331550874   0.0855322460661474   -0.0620434275664168   -0.01574360488636   0
0.149088914792127   0.127922691615491   0.0846127816370393   0.0423904455493434   0
0.0596725682989806   0.100890320207577   -0.0894163464931461   -0.0270323714079138   0
0.155857466047505   0.0441773006182564   0.0961848977485246   -0.0567130195893205   0
0.0454456557814272   0.0363704091298457   -0.110411810266078   -0.00780689148841069   0
0.126579830380743   0.0670607357240893   0.0811341745993157   0.0306903265942436   0
0.135282694991441   0.064893021328759   0.00870286461069855   -0.00216771439533034   0
0.0920504770383714   0.0618635747616825   -0.04323221795307   -0.00302944656707652   0
0.0951525144778819   0.0461236653633565   0.00310203743951051   -0.015739909398326   0
0.0841291465600291   0.0571129612256763   -0.0110233679178528   0.0109892958623199   0
0.100685284657115   0.0774091870638024   0.0165561380970862   0.0202962258381261   0
0.178890147098642   0.126400556610697   0.0782048624415267   0.0489913695468942   0
0.186937825929272   0.0741725437217098   0.00804767883063048   -0.0522280128889867   0
0.108875925051523   0.0835492804941121   -0.0780619008777499   0.00937673677240232   0
0.0965124818146556   0.0884935521241082   -0.012363443236867   0.00494427162999606   0
0.124407819336226   0.0689380176383158   0.0278953375215706   -0.0195555344857924   0
0.134471427198918   0.0794360586565538   0.0100636078626921   0.010498041018238   0
0.131355339373518   0.0694073537717482   -0.00311608782540063   -0.0100287048848056   0
0.120934412239721   0.0720943228754577   -0.0104209271337966   0.0026869691037095   0
0.142613518568239   0.0970865789012942   0.0216791063285185   0.0249922560258365   0
0.225893615121059   0.0999278113272157   0.0832800965528195   0.00284123242592155   0
0.11699233805228   0.0908247224638602   -0.108901277068779   -0.00910308886335556   0
0.113476997086216   0.0922080356038642   -0.00351534096606418   0.00138331314000406   0
0.185293788253392   0.0797368043384044   0.0718167911671762   -0.0124712312654598   0
0.146138104029729   0.0907583095483664   -0.0391556842236623   0.011021505209962   0
0.258706147236003   0.0913857553223719   0.112568043206273   0.000627445774005572   0
0.131836166099256   0.104594601443271   -0.126869981136747   0.013208846120899   0
0.185427149037623   0.127041881471701   0.0535909829383676   0.0224472800284302   0
0.165810406503677   0.121874350113928   -0.0196167425339459   -0.00516753135777362   0
0.139967362574758   0.128573784451917   -0.0258430439289195   0.00669943433798972   0
0.149834893274107   0.122844654553155   0.00986753069934929   -0.00572912989876259   0
0.19694408035011   0.121038349974498   0.047109187076003   -0.00180630457865659   0
0.122714281718034   0.131147096513007   -0.0742297986320765   0.0101087465385091   0
0.200353266629645   0.124611565053623   0.0776389849116118   -0.00653553145938392   0
0.0816655041662037   0.129473122044181   -0.118687762463442   0.00486155699055736   0
0.193648236653864   0.145951263400235   0.11198273248766   0.0164781413560545   0
0.103861230102769   0.147194221413446   -0.089787006551095   0.00124295801321112   0
0.159034421438826   0.146976863210824   0.055173191336057   -0.000217358202622336   0
0.216372712156401   0.172891385833936   0.057338290717575   0.0259145226231119   0
0.137845089219643   0.137262489737125   -0.0785276229367581   -0.0356288960968105   0
0.186876316833485   0.13705449267324   0.0490312276138425   -0.000207997063884996   0
0.140193138047489   0.143242501481105   -0.0466831787859968   0.00618800880786441   0
0.181897142630573   0.14873773597283   0.0417040045830844   0.00549523449172487   0
0.170972096498751   0.148986167124476   -0.0109250461318221   0.000248431151646356   0
0.153304534085577   0.142216208395657   -0.0176675624131742   -0.00676995872881869   0
0.232621519881764   0.183479468953988   0.0793169857961875   0.0412632605583305   0
0.122872903627523   0.169295311095289   -0.109748616254242   -0.0141841578586991   0
0.115949916184006   0.143351498368982   -0.00692298744351659   -0.0259438127263069   0
0.122103222043881   0.152313194980632   0.00615330585987535   0.00896169661164983   0
0.0689945575928774   0.141529953288306   -0.0531086644510039   -0.0107832416923259   0
0.2521728982623   0.152450316596397   0.183178340669423   0.0109203633080912   0
0.16820163710488   0.15307634177425   -0.0839712611574203   0.000626025177853123   0
0.197441413275083   0.1615850081121   0.0292397761702027   0.00850866633785022   0
0.225777887604655   0.18367532256415   0.0283364743295723   0.0220903144520496   0
0.0745874620136545   0.150531691875062   -0.151190425591   -0.0331436306890878   0
0.177588535195231   0.205105856324508   0.103001073181576   0.0545741644494454   0
0.149336221693998   0.154395224290215   -0.0282523135012323   -0.050710632034292   0
0.127180746377199   0.178334083976499   -0.0221554753167993   0.0239388596862837   0
0.197247157892275   0.194468803258035   0.0700664115150765   0.0161347192815356   0
0.183802122810448   0.168742696771784   -0.0134450350818271   -0.0257261064862512   0
0.205369153871145   0.181654519795175   0.0215670310606971   0.0129118230233911   0
0.324064686393477   0.245132998596727   0.118695532522332   0.0634784788015523   0
0.0708389808665109   0.182807594566783   -0.253225705526966   -0.0623254040299443   0
0.130330617413154   0.178757391254433   0.0594916365466428   -0.00405020331234968   0
0.143299579816911   0.186287352204193   0.0129689624037577   0.00752996094975997   0
0.0790245552683538   0.207404256070377   -0.0642750245485575   0.0211169038661841   0
0.243116790515227   0.230746074282928   0.164092235246873   0.0233418182125504   0
0.112617925515303   0.179894323749682   -0.130498864999924   -0.0508517505332456   0
0.171705016688683   0.205934623914624   0.0590870911733802   0.0260403001649425   0
0.233618436260676   0.249865422408623   0.0619134195719933   0.0439307984939986   0
0.125732488929885   0.21426870727258   -0.107885947330791   -0.0355967151360435   0
0.233531035261969   0.226184602222491   0.107798546332083   0.0119158949499118   0
0.118273019625741   0.186299167122396   -0.115258015636228   -0.0398854351000952   0
0.275481037715802   0.231481491720737   0.157208018090061   0.0451823245983404   0
0.112538757045159   0.196288416322507   -0.162942280670643   -0.0351930753982296   0
0.274924009067224   0.246743081094542   0.162385252022065   0.0504546647720348   0
0.0864812006819668   0.203557253755676   -0.188442808385257   -0.0431858273388654   0
0.167556705716863   0.22229789195794   0.0810755050348966   0.0187406382022637   0
0.145981494882364   0.19990777679423   -0.021575210834499   -0.0223901151637103   0
0.0962900168635228   0.140907657127618   -0.0496914780188417   -0.0590001196666115   0
0.165159467520432   0.149210777436861   0.0688694506569092   0.00830312030924288   0
0.244105690090856   0.174884210069713   0.0789462225704237   0.0256734326328522   0
0.111426841947394   0.146026560573274   -0.132678848143461   -0.0288576494964399   0
0.24323172391339   0.219180641085698   0.131804881965996   0.0731540805124246   0
0.178902423073465   0.224057221801725   -0.0643293008399259   0.00487658071602676   0
0.168933095382226   0.21914771459435   -0.00996932769123823   -0.00490950720737504   0
0.168332255728563   0.242181057073526   -0.000600839653663782   0.0230333424791764   0
0.148465040745614   0.228696776398363   -0.0198672149829484   -0.0134842806751637   0
0.0838852233271907   0.191511013881151   -0.0645798174184234   -0.0371857625172118   0
0.238240020245493   0.220131389911181   0.154354796918303   0.0286203760300301   0
0.118011593195876   0.160125898948753   -0.120228427049618   -0.0600054909624276   0
0.170378118490035   0.158522806558928   0.052366525294159   -0.00160309238982537   0
0.298816266332226   0.255035526650022   0.128438147842192   0.0965127200910939   0
0.154111427233968   0.211461031769936   -0.144704839098258   -0.0435744948800856   0
0.213115970774773   0.200245129752235   0.0590045435408055   -0.0112159020177015   0
0.307592827667963   0.258296798489868   0.0944768568931894   0.0580516687376328   0
0.100918186221383   0.188112436343097   -0.20667464144658   -0.070184362146771   0
0.233040722523951   0.216068902467098   0.132122536302568   0.0279564661240015   0
0.126362871315624   0.186878635491065   -0.106677851208327   -0.029190266976033   0
0.20796098046572   0.204958051214064   0.081598109150096   0.018079415722999   0
0.247820687509651   0.257562983209728   0.0398597070439316   0.0526049319956633   0
0.205510901116163   0.255839182618138   -0.0423097863934885   -0.00172380059158944   0
0.159617904892515   0.240077602469222   -0.045892996223648   -0.015761580148916   0
0.209279728145024   0.256163163377689   0.0496618232525095   0.0160855609084666   0
0.168149898770522   0.240267582165181   -0.041129829374502   -0.0158955812125073   0
0.14726133778124   0.218831473108661   -0.0208885609892828   -0.0214361090565209   0
0.244141869144291   0.233934339456639   0.0968805313630517   0.0151028663479783   0
0.204392406572977   0.251675745029605   -0.0397494625713143   0.017741405572966   0
0.253277516982534   0.273040478644518   0.0488851104095572   0.0213647336149132   0
0.197615655768821   0.248984630785497   -0.0556618612137129   -0.0240558478590212   0
0.168120927667809   0.237652910040981   -0.0294947281010126   -0.0113317207445156   0
0.204727572880724   0.274803698572645   0.0366066452129154   0.0371507885316634   0
0.0964417752636847   0.224998733135095   -0.108285797617039   -0.0498049654375493   0
0.213904728323067   0.251085062340783   0.117462953059383   0.0260863292056874   0
0.183808196713899   0.245014114563046   -0.0300965316091684   -0.00607094777773698   0
0.143914076329917   0.200725077714663   -0.0398941203839818   -0.0442890368483829   0
0.238129217954657   0.282189367938341   0.0942151416247399   0.0814642902236778   0
0.190728814332842   0.299925382771171   -0.0474004036218154   0.0177360148328305   0
0.0906092758312421   0.240652192078023   -0.1001195385016   -0.0592731906931481   0
0.20452590390807   0.23469717562485   0.113916628076828   -0.00595501645317328   0
0.0911495742370564   0.199884041710525   -0.113376329671014   -0.0348131339143243   0
0.173085142573698   0.216810766083322   0.081935568336642   0.0169267243727964   0
0.213435239661631   0.248856066777028   0.0403500970879322   0.0320453006937066   0
0.170891486319904   0.24346897442449   -0.0425437533417268   -0.0053870923525379   0
0.29269027137792   0.314090326585873   0.121798785058016   0.0706213521613828   0
0.142704335540979   0.289463785945771   -0.149985935836942   -0.0246265406401018   0
0.136412626901482   0.276900815329403   -0.00629170863949693   -0.0125629706163688   0
0.198219844349695   0.300993348105532   0.0618072174482133   0.0240925327761299   0
0.163871740521128   0.281588363840471   -0.0343481038285669   -0.0194049842650615   0
0.147121041415452   0.283255043020564   -0.0167506991056756   0.00166667918009322   0
0.203398563392435   0.275479346337322   0.056277521976983   -0.00777569668324213   0
0.0671277999064205   0.190188406415852   -0.136270763486015   -0.0852909399214704   0
0.246199146311146   0.246419084508752   0.179071346404725   0.0562306780929003   0
0.172922137235063   0.220229343213176   -0.0732770090760829   -0.0261897412955754   0
0.23306076610305   0.25437717506583   0.0601386288679874   0.0341478318526536   0
0.22487378363661   0.261500395675071   -0.00818698246644001   0.0071232206092412   0
0.128015271826746   0.242225142258934   -0.0968585118098641   -0.0192752534161378   0
0.131425151887918   0.225113222064507   0.0034098800611716   -0.0171119201944268   0
0.200102880403355   0.234492864461506   0.0686777285154373   0.00937964239699943   0
0.256886443402019   0.284678317473899   0.0567835629986636   0.0501854530123929   0
0.219568464523144   0.320979810739963   -0.0373179788788748   0.0363014932660638   0
0.0796119887542735   0.262545520293077   -0.13995647576887   -0.058434290446886   0
0.150574570658277   0.267119372970116   0.0709625819040038   0.00457385267703952   0
0.168750096765484   0.27363188003185   0.0181755261072067   0.00651250706173345   0
0.182872392666572   0.268164666537882   0.014122295901088   -0.00546721349396784   0
0.089451097900958   0.210976730938245   -0.0934212947656139   -0.0571879355996371   0
0.265955863152066   0.247618970225236   0.176504765251108   0.036642239286991   0
0.239227049984239   0.276743203693958   -0.0267288131678276   0.0291242334687224   0
0.280039153366373   0.310834321190263   0.0408121033821344   0.0340911174963051   0
0.247391665619177   0.297020524264831   -0.0326474877471963   -0.0138137969254327   0
0.117522886469878   0.235243726106699   -0.129868779149299   -0.0617767981581318   0
0.343456202425859   0.34186255350011   0.225933315955981   0.106618827393411   0
0.0304061605070713   0.246464860682476   -0.313050041918787   -0.0953976928176343   0
0.218137300658763   0.306100060129794   0.187731140151691   0.0596351994473179   0
0.0835165967066229   0.245028998445513   -0.13462070395214   -0.0610710616842804   0
0.269620230585754   0.315969328034796   0.186103633879131   0.0709403295892822   0
0.15472177680541   0.283091281296364   -0.114898453780344   -0.0328780467384318   0
0.304315937409876   0.343286583617427   0.149594160604465   0.0601953023210632   0
0.206861738832361   0.311130896749927   -0.0974541985775142   -0.0321556868675003   0
0.19112130654144   0.297963733007884   -0.0157404322909215   -0.0131671637420427   0
0.23939000933037   0.321826465563787   0.0482687027889297   0.0238627325559028   0
0.150462585379426   0.295364741186942   -0.0889274239509435   -0.0264617243768443   0
0.276697111311559   0.334489676504986   0.126234525932133   0.0391249353180434   0
0.0877621519962588   0.272772203534311   -0.1889349593153   -0.0617174729706745   0
0.251043450252185   0.341222168126647   0.163281298255926   0.0684499645923354   0
0.17627033736414   0.324417304596314   -0.0747731128880445   -0.0168048635303326   0
0.0930185825353177   0.278847667901974   -0.0832517548288224   -0.0455696366943399   0
0.246800894161497   0.31592906384747   0.153782311626179   0.0370813959454961   0
0.124500754390022   0.253662876410048   -0.122300139771475   -0.0622661874374222   0
0.254253550610996   0.298691305901933   0.129752796220973   0.0450284294918848   0
0.166347368118817   0.267017037037412   -0.087906182492179   -0.0316742688645211   0
0.34421168039932   0.371942568982226   0.177864312280503   0.104925531944814   0
0.104962037088639   0.286414131464678   -0.23924964331068   -0.0855284375175483   0
0.296689309706573   0.344720466773946   0.191727272617934   0.0583063353092677   0
0.0869575420819488   0.2849516297421   -0.209731767624624   -0.0597688370318461   0
0.216117946808418   0.324450643225324   0.129160404726469   0.0394990134832241   0
0.151075496205505   0.298193107681693   -0.0650424506029127   -0.0262575355436306   0
0.131275222490764   0.274912109886444   -0.0198002737147407   -0.0232809977952486   0
0.261857516379045   0.318618691830634   0.130582293888281   0.0437065819441891   0
0.162652253160216   0.309252777656326   -0.0992052632188286   -0.00936591417430704   0
0.26279380241232   0.348398362564939   0.100141549252104   0.0391455849086123   0
0.154346679098937   0.308944063713117   -0.108447123313383   -0.0394542988518216   0
0.258548206817033   0.324634033311238   0.104201527718096   0.0156899695981205   0
0.109545340881602   0.261287090724068   -0.149002865935431   -0.06334694258717   0
0.261624030956987   0.309716315362425   0.152078690075385   0.0484292246383575   0
0.206981525753526   0.307135450956746   -0.0546425052034606   -0.00258086440567923   0
0.125882448388539   0.264752471691947   -0.0810990773649868   -0.0423829792647987   0
0.221937964385308   0.295733749859711   0.0960555159967683   0.030981278167764   0
0.182471576987424   0.312675694580937   -0.0394663873978842   0.0169419447212262   0
0.14080601340185   0.297322554839904   -0.0416655635855736   -0.0153531397410335   0
0.206909993905336   0.314821335396639   0.0661039805034858   0.0174987805567351   0
0.277001882693723   0.346172966293272   0.0700918887883872   0.031351630896633   0
0.0765673888370861   0.269476113247238   -0.200434493856637   -0.0766968530460337   0
0.292222211396059   0.340299058437706   0.215654822558973   0.0708229451904677   0
0.124464804462335   0.279519764034958   -0.167757406933723   -0.0607792944027484   0
0.265892913487973   0.336479278923045   0.141428109025638   0.0569595148880877   0
0.153613102852824   0.297175274706469   -0.112279810635149   -0.0393040042165767   0
0.323658257779181   0.37803073530626   0.170045154926357   0.0808554605997913   0
0.115249105461402   0.322920528349993   -0.208409152317779   -0.0551102069562674   0
0.212248457572848   0.352146959555556   0.0969993521114463   0.0292264312055637   0
0.189918176089333   0.340036223565979   -0.022330281483515   -0.0121107359895776   0
0.107518549841504   0.293549744348789   -0.0823996262478297   -0.0464864792171892   0
0.350868094175748   0.389953460950742   0.243349544334244   0.0964037166019523   0
0.146109703788253   0.335003623323783   -0.204758390387494   -0.0549498376269593   0
0.283244791848661   0.384066005047678   0.137135088060408   0.0490623817238953   0
0.177172510464737   0.331638880437661   -0.106072281383924   -0.0524271246100173   0
0.169323726914132   0.294111838527943   -0.00784878355060473   -0.0375270419097177   0
0.260013177213116   0.325791358295511   0.090689450298984   0.0316795197675686   0
0.180740186502608   0.296425325992653   -0.0792729907105086   -0.0293660323028579   0
0.19423742311852   0.29036282469215   0.013497236615912   -0.0060625013005034   0
0.212399731323237   0.306287040340815   0.0181623082047169   0.0159242156486645   0
