1.5888218854475e-14   1.7347235e-16   0   0   0
0.142088986301418   0.0720455744587931   0.142088986301402   0.0720455744587929   0
0.121711850236948   0.114258020818458   -0.0203771360644696   0.0422124463596645   0
0.0914273586969845   0.0872011289815087   -0.030284491539964   -0.0270568918369489   0
0.104873611003927   0.117856613064464   0.0134462523069423   0.030655484082955   0
0.0953585787902025   0.120818016832338   -0.00951503221372431   0.00296140376787381   0
0.19160542131258   0.200747450390223   0.0962468425223774   0.0799294335578858   0
0.275152708323778   0.145158636681403   0.0835472870111977   -0.0555888137088204   0
0.144603368394332   0.187889027537816   -0.130549339929446   0.0427303908564126   0
0.168918826158166   0.209110423819835   0.0243154577638339   0.0212213962820193   0
0.0924997866789625   0.140161061483424   -0.0764190394792033   -0.0689493623364105   0
0.16678769044028   0.166718427585162   0.0742879037613176   0.0265573661017373   0
0.0991314540174703   0.174773910273071   -0.0676562364228098   0.00805548268790984   0
0.0832400561040598   0.163379236100478   -0.0158913979134104   -0.0113946741725933   0
0.0841153438373323   0.195971891945799   0.000875287733272445   0.0325926558453212   0
0.0831523146034846   0.171567664387695   -0.000963029233847654   -0.0244042275581046   0
0.0899025953316524   0.202903324457466   0.00675028072816776   0.0313356600697711   0
0.0851682510310329   0.187286652835199   -0.0047343443006195   -0.0156166716222666   0
0.0896964057375491   0.172566396823586   0.00452815470651619   -0.0147202560116132   0
0.106680090707079   0.175609748095197   0.0169836849695295   0.00304335127161051   0
0.126897921781532   0.152777447773328   0.0202178310744531   -0.0228323003218684   0
0.136387980873421   0.161599216290018   0.0094900590918891   0.00882176851668948   0
0.135448875144838   0.192455759625393   -0.000939105728582579   0.0308565433353752   0
0.135577268105642   0.212283430926177   0.000128392960804108   0.0198276713007845   0
0.127122259225245   0.250191985389099   -0.00845500888039732   0.0379085544629221   0
0.118728528809608   0.256826959583249   -0.00839373041563685   0.0066349741941491   0
0.0952861487504495   0.130261391537594   -0.0234423800591587   -0.126565568045654   0
0.112517726210258   0.0694672626650253   0.0172315774598081   -0.0607941288725689   0
0.303359317597555   0.0484062536258746   0.190841591387298   -0.0210610090391508   0
0.191417340860938   0.0609968062830031   -0.111941976736617   0.0125905526571285   0
0.117035605179441   0.116394889469249   -0.0743817356814967   0.0553980831862464   0
0.155436283557297   0.165738903225631   0.0384006783778562   0.0493440137563818   0
0.191999467530013   0.206762575476646   0.0365631839727158   0.0410236722510144   0
0.13347998878094   0.197635412403827   -0.0585194787490726   -0.00912716307281872   0
0.14161893756894   0.141558256037845   0.00813894878799956   -0.0560771563659818   0
0.18756586164419   0.226625541367473   0.0459469240752503   0.0850672853296275   0
0.320328104572875   0.254364829217062   0.132762242928685   0.0277392878495893   0
0.232108609299435   0.297072245482533   -0.0882194952734402   0.042707416265471   0
0.153633448022756   0.340124890451245   -0.0784751612766787   0.0430526449687119   0
0.110681576971494   0.0535781778201624   -0.042951871051262   -0.286546712631082   0
0.200577528683026   0.15794651867493   0.0898959517115318   0.104368340854768   0
0.161219386743922   0.189208945667618   -0.0393581419391036   0.0312624269926878   0
0.175827339980622   0.189491155674439   0.0146079532366997   0.000282210006820882   0
0.093353737186837   0.179231803092418   -0.0824736027937847   -0.0102593525820207   0
0.107986507272651   0.206046949630516   0.0146327700858139   0.0268151465380973   0
0.110195901263841   0.218764222561452   0.00220939399119051   0.0127172729309363   0
0.111407171474487   0.235417561158431   0.00121127021064521   0.016653338596979   0
0.0856718227316006   0.233918619272379   -0.025735348742886   -0.00149894188605171   0
0.111848516556956   0.199245757299443   0.0261766938253553   -0.0346728619729366   0
0.26451521263084   0.0946228568486959   0.152666696073884   -0.104622900450747   0
0.314536715995108   0.167842442803436   0.0500215033642681   0.0732195859547406   0
0.277989709778083   0.197069706663463   -0.0365470062170257   0.0292272638600269   0
0.255850112661391   0.196874461166452   -0.0221395971166922   -0.000195245497011748   0
0.2898876375228   0.185428729836721   0.034037524861409   -0.0114457313297307   0
0.373839836683346   0.238846150938785   0.0839521991605466   0.0534174211020642   0
0.287287551163486   0.219517714892477   -0.0865522855198597   -0.0193284360463081   0
0.247027758417093   0.216954843682961   -0.0402597927463931   -0.00256287120951637   0
0.272322732708233   0.213641793781   0.0252949742911401   -0.00331304990196088   0
0.100372529822423   0.166870207997959   -0.171950202885811   -0.0467715857830404   0
0.121195191071091   0.135439549771244   0.0208226612486685   -0.0314306582267152   0
0.0927739192099765   0.137886583599852   -0.0284212718611147   0.00244703382860767   0
0.0720366942298033   0.178919877233727   -0.0207372249801732   0.041033293633875   0
0.128249225914632   0.187604126722253   0.0562125316848284   0.008684249488526   0
0.250929218765048   0.252875552230155   0.122679992850416   0.0652714255079022   0
0.301754221135502   0.0757153300429611   0.0508250023704539   -0.177160222187194   0
0.191991145501758   0.0678433691713088   -0.109763075633744   -0.00787196087165229   0
0.225848462528145   0.119925448411054   0.0338573170263871   0.0520820792397457   0
0.255766917720222   0.145324467211435   0.0299184551920773   0.0253990188003806   0
0.236457122110319   0.186338411186826   -0.0193097956099031   0.0410139439753905   0
0.207224624645542   0.207168110053213   -0.0292324974647774   0.0208296988663871   0
0.198443980768908   0.197633809443648   -0.00878064387663413   -0.00953430060956514   0
0.174585848350746   0.219615584647906   -0.0238581324181616   0.0219817752042589   0
0.163450530746556   0.222971212591743   -0.0111353176041904   0.0033556279438364   0
0.161444563322205   0.263415243827991   -0.00200596742435111   0.0404440312362478   0
0.145294281252298   0.150820268256271   -0.0161502820699068   -0.11259497557172   0
0.32091097339503   0.404841596119184   0.175616692142733   0.254021327862913   0
0.288508820492956   0.242756120385281   -0.0324021529020748   -0.162085475733903   0
0.16886858098057   0.112913546171274   -0.119640239512386   -0.129842574214007   0
0.163169983204643   0.0806918071729564   -0.00569859777592707   -0.032221738998318   0
0.141291549116447   0.128932911076076   -0.0218784340881961   0.0482411039031198   0
0.19191870140903   0.0634704096012629   0.050627152292583   -0.0654625014748133   0
0.16459261825641   0.0873506184676192   -0.0273260831526198   0.0238802088663563   0
0.174376512347992   0.0878632583647219   0.00978389409158192   0.000512639897102693   0
0.126139343446181   0.106000336938935   -0.0482371689018109   0.0181370785742135   0
0.0888335547980751   0.170083612292435   -0.037305788648106   0.0640832753534991   0
0.0765299361748482   0.198265753603552   -0.0123036186232268   0.028182141311117   0
0.067825642122098   0.135056786035554   -0.00870429405275028   -0.0632089675679973   0
0.135491392225963   0.184080026695436   0.067665750103865   0.0490232406598818   0
0.16112797051443   0.184381262471491   0.025636578288467   0.000301235776055397   0
0.16880576986095   0.188029355224843   0.00767779934651983   0.00364809275335129   0
0.151476055773075   0.199505151393027   -0.0173297140878748   0.011475796168184   0
0.195250703454649   0.100363049787765   0.0437746476815744   -0.0991421016052618   0
0.113518112359034   0.161117215315449   -0.081732591095615   0.0607541655276845   0
0.277581318474421   0.125268598941846   0.164063206115387   -0.0358486163736036   0
0.144965484087784   0.215218602162593   -0.132615834386637   0.0899500032207475   0
0.147425471590985   0.135644034079643   0.00245998750320167   -0.0795745680829501   0
0.152386539058099   0.141404982972556   0.00496106746711397   0.00576094889291273   0
0.145444372759854   0.151475623923249   -0.00694216629824568   0.0100706409506925   0
0.163813379516379   0.141970414871203   0.0183690067565251   -0.00950520905204519   0
0.138802599930818   0.143776284289112   -0.0250107795855602   0.00180586941790878   0
0.145250128157508   0.141590810296562   0.00644752822668981   -0.00218547399255045   0
0.176591293145457   0.146947443402512   0.0313411649879488   0.00535663310595041   0
0.582158671727342   0.0847218814488137   0.405567378581885   -0.0622255619536983   0
0.483539818080792   0.118685972870064   -0.0986188536465493   0.0339640914212505   0
0.507624307593043   0.0994670143680872   0.0240844895122503   -0.019218958501977   0
0.405234522584284   0.13779926006481   -0.102389785008758   0.0383322456967229   0
0.27214716648722   0.130613015597532   -0.133087356097065   -0.0071862444672782   0
0.125385406152651   0.100303333767076   -0.146761760334569   -0.0303096818304557   0
0.323858970994002   0.141401239018478   0.198473564841351   0.0410979052514014   0
0.358708906990511   0.09243465972208   0.0348499359965094   -0.0489665792963976   0
0.234087489573949   0.0979542068806947   -0.124621417416562   0.0055195471586147   0
0.283256465375406   0.11039012443837   0.0491689758014566   0.0124359175576753   0
0.294972059724781   0.107307231538232   0.0117155943493755   -0.003082892900138   0
0.27635658484768   0.123324533883711   -0.0186154748771007   0.0160173023454791   0
0.27417057130497   0.131099211880539   -0.00218601354271025   0.0077746779968282   0
0.329623062609524   0.109628524524621   0.0554524913045535   -0.0214706873559185   0
0.348789954966126   0.101678930583063   0.019166892356602   -0.00794959394155756   0
0.291911781773639   0.151016115869502   -0.0568781731924871   0.0493371852864389   0
0.305890680107535   0.162511462515257   0.013978898333896   0.0114953466457544   0
0.389309604894085   0.137629666737058   0.0834189247865499   -0.0248817957781987   0
0.352496704271666   0.185939317796025   -0.0368129006224184   0.0483096510589671   0
0.238836765767011   0.170730925200433   -0.113659938504655   -0.0152083925955918   0
0.271874929536665   0.149800331869633   0.0330381637696538   -0.0209305933307999   0
0.363228640829626   0.120409166647292   0.0913537112929608   -0.0293911652223417   0
0.371996281706916   0.0863029718822251   0.00876764087729037   -0.0341061947650665   0
0.376357213963714   0.0933934317443218   0.00436093225679773   0.00709045986209669   0
0.413144857981168   0.125238838734789   0.0367876440174538   0.031845406990467   0
0.342127759304232   0.177723293928992   -0.0710170986769361   0.0524844551942034   0
0.195333289688158   0.2193645240827   -0.146794469616074   0.0416412301537076   0
0.228265087502111   0.10158802526973   0.0329317978139533   -0.117776498812969   0
0.352739481613345   0.0955553191750007   0.124474394111234   -0.00603270609472971   0
0.297162427603767   0.128261519316677   -0.055577054009578   0.0327062001416762   0
0.200159377510993   0.213037379292665   -0.0970030500927743   0.0847758599759882   0
0.228923882482354   0.187736170678684   0.0287645049713608   -0.0253012086139811   0
0.220007949976562   0.148001782378001   -0.00891593250579228   -0.0397343883006831   0
0.0478111680146569   0.174762485543591   -0.172196781961905   0.0267607031655902   0
0.104678454602968   0.170327727198471   0.0568672865883114   -0.00443475834512008   0
0.230091323489575   0.199986755049624   0.125412868886607   0.0296590278511529   0
1.57422840719957   0.351938329267552   1.34413708371   0.151951574217928   1
0.641064634187348   0.358630608683957   -0.933163773012225   0.00669227941640438   0
0.679812830706036   0.303636005685945   0.038748196518688   -0.0549946029980117   0
0.736878806201725   0.252115525010952   0.0570659754956889   -0.0515204806749933   0
0.665330989352168   0.229008178318938   -0.0715478168495575   -0.0231073466920133   0
0.679563729904368   0.220475160410088   0.0142327405521998   -0.00853301790885028   0
0.659744960977416   0.211833486342079   -0.0198187689269512   -0.0086416740680085   0
0.475290030924203   0.225419277789527   -0.184454930053214   0.013585791447448   0
0.636263447182404   0.218788758779465   0.160973416258201   -0.00663051901006281   0
0.645021688966838   0.233017620014183   0.00875824178443463   0.0142288612347183   0
0.653298381289595   0.218906713021523   0.00827669232275663   -0.0141109069926603   0
0.614157099020237   0.228046258567534   -0.0391412822693578   0.00913954554601173   0
0.605398744682357   0.249140308602752   -0.00875835433788053   0.021094050035218   0
0.640766360226678   0.282581994902789   0.0353676155443219   0.0334416863000372   0
0.687008434376349   0.268389524708047   0.0462420741496702   -0.0141924701947428   0
0.671539975670925   0.240658191413634   -0.0154684587054235   -0.0277313332944124   0
0.71115741375496   0.187933616175129   0.0396174380840353   -0.0527245752385054   0
0.709822706445304   0.153827160989956   -0.00133470730965668   -0.0341064551851726   0
0.643693647481274   0.203813313394213   -0.0661290589640295   0.0499861524042569   0
0.292128029597879   0.214682450232944   -0.351565617883395   0.0108691368387304   0
0.403075345506574   0.187106598029343   0.110947315908695   -0.0275758522036006   0
0.569476887995534   0.175265526843989   0.16640154248896   -0.0118410711853541   0
0.58995154971741   0.165741410155419   0.0204746617218758   -0.00952411668857012   0
0.64771415768872   0.159039823295131   0.0577626079713097   -0.0067015868602881   0
0.670221525774245   0.158578407083301   0.0225073680855249   -0.00046141621182999   0
0.559622673184829   0.173588509718981   -0.110598852589416   0.0150101026356805   0
0.479571787888851   0.184877995018832   -0.0800508852959779   0.0112894852998503   0
0.546607808659405   0.204866062230001   0.0670360207705541   0.0199880672111696   0
0.674578684150737   0.204857155148311   0.127970875491332   -8.90708168985177e-06   0
0.603614148349105   0.209149335298453   -0.0709645358016323   0.00429218015014149   0
0.62055073395605   0.219404710049701   0.0169365856069456   0.0102553747512485   0
0.650462189884705   0.221646370082275   0.0299114559286544   0.00224166003257337   0
0.658974763358584   0.187884986024806   0.00851257347387946   -0.0337613840574686   0
0.596137870050703   0.202346493142968   -0.0628368933078807   0.0144615071181622   0
1.87892224186611   1.58805734071279   1.28278437181541   1.38571084756982   1
1.85173070100181   1.59356973079076   -0.0271915408643031   0.00551239007796434   0
1.67139076444685   1.37432954992488   -0.180339936554963   -0.219240180865873   0
1.57334349413852   1.30713003401641   -0.0980472703083271   -0.0671995159084711   0
1.508087011323   1.1884122293506   -0.0652564828155242   -0.118717804665812   0
1.39860991189364   1.07363110436207   -0.109477099429355   -0.114781124988534   0
1.13702777182916   0.919260409091657   -0.261582140064485   -0.15437069527041   0
1.06695208136766   0.814429657906599   -0.0700756904614943   -0.104830751185058   0
0.923516880733832   0.760187997586752   -0.143435200633831   -0.0542416603198475   0
0.787790376799486   0.693874118170101   -0.135726503934346   -0.0663138794166507   0
0.880104552518649   0.68382834457701   0.0923141757191625   -0.0100457735930918   0
0.948446908576233   0.583460565250279   0.0683423560575845   -0.100367779326731   0
0.979419001300499   0.551878524321828   0.0309720927242653   -0.0315820409284501   0
0.964050613562868   0.55069766582743   -0.0153683877376308   -0.00118085849439875   0
0.961939310085778   0.566674291891408   -0.00211130347709021   0.0159766260639778   0
0.954019153300387   0.525761941940223   -0.0079201567853906   -0.0409123499511844   0
0.888934341973196   0.484044387333645   -0.0650848113271909   -0.0417175546065777   0
0.894795490707518   0.461505114804952   0.00586114873432209   -0.0225392725286932   0
0.860005409318973   0.435939796680396   -0.0347900813885451   -0.0255653181245561   0
0.67850166516838   0.420716230360645   -0.181503744150593   -0.0152235663197507   0
1.05254317339909   0.673253782624631   0.374041508230711   0.252537552263985   0
1.03407121668512   0.626192766752815   -0.0184719567139717   -0.0470610158718161   0
1.04641515559122   0.613990008032027   0.0123439389060989   -0.0122027587207872   0
1.06349298084526   0.587694750674227   0.0170778252540376   -0.0262952573578004   0
0.920403285399348   0.537156789880031   -0.143089695445908   -0.0505379607941963   0
0.983399576930328   0.575791221032827   0.0629962915309803   0.0386344311527964   0
1.00362075175457   0.561339507487846   0.0202211748242416   -0.0144517135449816   0
0.96827294004333   0.500035112518609   -0.0353478117112395   -0.061304394969237   0
0.963012328546682   0.487695105557761   -0.0052606114966478   -0.0123400069608472   0
0.96135267269621   0.456041320084524   -0.00165965585047223   -0.0316537854732373   0
0.95858250239036   0.451203245163491   -0.00277017030584981   -0.00483807492103289   0
0.979893542009338   0.40176380227884   0.0213110396189772   -0.049439442884651   0
1.02758437324561   0.455503895482544   0.0476908312362749   0.0537400932037038   0
0.82116314419898   0.479904499661764   -0.206421229046633   0.0244006041792202   0
0.889326448433049   0.500654697797791   0.0681633042340686   0.020750198136027   0
0.977340291813268   0.468856898019909   0.0880138433802196   -0.0317977997778823   0
1.00354654450662   0.540444142720572   0.0262062526933506   0.0715872447006632   0
1.04654558390056   0.540272888998613   0.0429990393939426   -0.000171253721959252   0
1.06192092172631   0.475801358456342   0.015375337825752   -0.0644715305422706   0
1.30769181972053   0.477744969093023   0.245770897994218   0.00194361063668086   0
2.48201754761872   0.302847040538926   1.17432572789819   -0.174897928554097   1
2.19481994564308   0.287225653767475   -0.287197601975649   -0.0156213867714514   0
2.06622189647681   0.295309656212756   -0.128598049166265   0.00808400244528051   0
1.8910319135453   0.261728805616982   -0.175189982931515   -0.0335808505957734   0
1.80977913428205   0.257057752769148   -0.0812527792632429   -0.00467105284783387   0
1.82052174424694   0.26692628185583   0.0107426099648911   0.00986852908668212   0
1.84525881388082   0.281427302691257   0.0247370696338804   0.0145010208354265   0
1.56038975296718   0.30341223005338   -0.284869060913644   0.0219849273621227   0
1.23329886713527   0.418313984826986   -0.327090885831915   0.114901754773607   0
0.789841531763398   0.353339574978046   -0.443457335371868   -0.0649744098489406   0
0.791999114989397   0.345016682771599   0.0021575832259989   -0.00832289220644644   0
0.816958815586363   0.338070858727488   0.024959700596966   -0.00694582404411143   0
0.902255511959765   0.306688900201086   0.0852966963734021   -0.0313819585264019   0
0.961636531978023   0.343590026768406   0.0593810200182582   0.0369011265673204   0
0.973570055346504   0.374671993830985   0.0119335233684814   0.0310819670625786   0
1.03380341801791   0.395209931736133   0.0602333626714051   0.0205379379051484   0
1.05127380348428   0.399795031339497   0.0174703854663667   0.00458509960336356   0
1.04035801444457   0.374735190438378   -0.0109157890397094   -0.0250598409011187   0
1.07777190006858   0.363814124492156   0.0374138856240083   -0.0109210659462221   0
