1.4210855e-14   3.878959623445e-16   0   0   0
0.0176379111135505   0.0162386456743159   0.0176379111135363   0.0162386456743155   0
0.0230922991807012   0.0138495355149861   0.00545438806715066   -0.00238911015932977   0
0.0703558412029101   0.0438000542058256   0.0472635420222089   0.0299505186908395   0
0.0721553597010269   0.0458567181718641   0.00179951849811676   0.00205666396603848   0
0.0838089770292273   0.0880743954195332   0.0116536173282004   0.0422176772476691   0
0.0912399053296445   0.105531598996928   0.00743092830041718   0.0174572035773946   0
0.088016842609219   0.0938173368396521   -0.00322306272042554   -0.0117142621572756   0
0.084305529558453   0.0927835263401106   -0.00371131305076591   -0.00103381049954154   0
0.140129476656235   0.127404805193682   0.055823947097782   0.0346212788535716   0
0.151489570645408   0.143047631730826   0.0113600939891729   0.0156428265371443   0
0.121963934077634   0.136638712291405   -0.029525636567774   -0.00640891943942173   0
0.12331449874899   0.152128607266967   0.00135056467135647   0.0154898949755626   0
0.10274046489919   0.150983274088251   -0.0205740338498002   -0.00114533317871679   0
0.0887907030494718   0.157139181545739   -0.0139497618497183   0.00615590745748812   0
0.104703237665166   0.159469479610001   0.0159125346156945   0.0023302980642626   0
0.10904676398478   0.156579828163705   0.00434352631961345   -0.0028896514462963   0
0.129257936372033   0.161248427288062   0.0202111723872531   0.00466859912435724   0
0.118162266347897   0.155576085668112   -0.0110956700241361   -0.00567234161995034   0
0.0896100632834397   0.159341782179809   -0.0285522030644571   0.00376569651169703   0
0.0964307891528219   0.171166725337889   0.00682072586938219   0.0118249431580797   0
0.0967118265311667   0.191898872962164   0.000281037378344867   0.0207321476242758   0
0.0861621937235033   0.178992550994543   -0.0105496328076635   -0.0129063219676215   0
0.066986917869096   0.174010380567553   -0.0191752758544072   -0.00498217042699026   0
0.100432526376476   0.19519429400872   0.0334456085073801   0.0211839134411674   0
0.109762921701059   0.191414979268137   0.00933039532458318   -0.00377931474058252   0
0.122829644096759   0.202033526401672   0.0130667223956999   0.0106185471335344   0
0.0887043718847251   0.188286890319858   -0.034125272212034   -0.0137466360818137   0
0.0992618334606967   0.181240944027111   0.0105574615759716   -0.0070459462927468   0
0.0412635679227418   0.148418470843145   -0.0579982655379549   -0.0328224731839661   0
0.0796283714315536   0.175966600053037   0.0383648035088118   0.0275481292098918   0
0.0897224515165603   0.204518332408794   0.0100940800850067   0.028551732355757   0
0.115547065854626   0.215311799648229   0.0258246143380654   0.0107934672394352   0
0.112856410108289   0.211119719332938   -0.00269065574633684   -0.00419208031529172   0
0.11117146831844   0.218931462368021   -0.00168494178984892   0.00781174303508342   0
0.135506122781039   0.223682012807438   0.024334654462599   0.00475055043941691   0
0.0677256784054199   0.190020698641876   -0.067780444375619   -0.0336613141655623   0
0.0159043114347433   0.169803690991945   -0.0518213669706765   -0.0202170076499304   0
0.0206619530698876   0.185224714405081   0.0047576416351443   0.0154210234131356   0
0.0518503844345287   0.179455748659151   0.031188431364641   -0.00576896574592947   0
0.0542213389406834   0.191185303627802   0.00237095450615473   0.0117295549686509   0
0.0827816299756788   0.200882645058432   0.0285602910349954   0.00969734143062967   0
0.154503023898176   0.176602919332144   0.0717213939224972   -0.0242797257262881   0
0.117153831691325   0.153554627963899   -0.0373491922068514   -0.0230482913682443   0
0.038026313093862   0.137669699754114   -0.0791275185974626   -0.0158849282097855   0
0.0485613635024163   0.141766645314679   0.0105350504085544   0.00409694556056514   0
0.0626055200762791   0.119067010532736   0.0140441565738627   -0.0226996347819428   0
0.0696075555774921   0.124573480570601   0.00700203550121307   0.00550647003786481   0
0.0584352207426067   0.117140728217324   -0.0111723348348854   -0.00743275235327721   0
0.0321355773958292   0.144496148263846   -0.0262996433467775   0.0273554200465217   0
0.0364867816133157   0.150801636389236   0.00435120421748645   0.00630548812539028   0
0.0522064909103151   0.152227021615539   0.0157197092969995   0.00142538522630342   0
0.0615058078706156   0.16125478874057   0.00929931696030045   0.00902776712503081   0
0.0692386354500277   0.167087017697708   0.0077328275794121   0.00583222895713748   0
0.0534660594860337   0.175567518833075   -0.015772575963994   0.00848050113536705   0
0.0551818277652724   0.182706134128999   0.00171576827923869   0.00713861529592491   0
0.0656597404258913   0.176262956840907   0.0104779126606189   -0.00644317728809254   0
0.0755433456076286   0.211219163970379   0.00988360518173727   0.0349562071294725   0
0.0855896200231967   0.240842990217807   0.0100462744155682   0.0296238262474275   0
0.0910529421346353   0.2306236834425   0.0054633221114386   -0.0102193067753068   0
0.0782284167461669   0.248376618666819   -0.0128245253884684   0.0177529352243192   0
0.0646679590802395   0.249890062112112   -0.0135604576659275   0.00151344344529306   0
0.0602312942080414   0.251236523846109   -0.00443666487219809   0.00134646173399705   0
0.0839323974028573   0.252963450657437   0.0237011031948159   0.00172692681132769   0
0.0865880704519393   0.26021977157543   0.00265567304908201   0.007256320917993   0
0.078254988261362   0.257653478992718   -0.00833308219057736   -0.00256629258271179   0
0.0731892203334171   0.24224122825401   -0.0050657679279449   -0.0154122507387083   0
0.0784238320871556   0.239290715682391   0.00523461175373856   -0.00295051257161888   0
0.0675650920487629   0.236208722380711   -0.0108587400383927   -0.0030819933016803   0
0.0573860253084816   0.240286167133278   -0.0101790667402813   0.00407744475256763   0
0.0941916584225167   0.24781267464048   0.036805633114035   0.00752650750720182   0
0.0760742983614896   0.259773888924867   -0.0181173600610271   0.0119612142843867   0
0.0842371483768878   0.266269128636708   0.00816285001539817   0.00649523971184063   0
0.0937117188134441   0.266804322853584   0.00947457043655631   0.000535194216876478   0
0.0823954910629297   0.266528803052607   -0.0113162277505144   -0.000275519800977286   0
0.11241651879606   0.259607734045023   0.03002102773313   -0.00692106900758377   0
0.163080370640415   0.252271912810093   0.0506638518443551   -0.0073358212349301   0
0.178882229496973   0.278890377801036   0.0158018588565579   0.0266184649909428   0
0.206916667814319   0.270902315730096   0.0280344383173459   -0.00798806207093961   0
0.192956591618982   0.284012893487804   -0.0139600761953366   0.0131105777577083   0
0.199268756172205   0.283287866281412   0.00631216455322306   -0.000725027206392281   0
0.187561101921328   0.278473525624721   -0.0117076542508776   -0.0048143406566909   0
0.197816073003216   0.283139143185631   0.0102549710818883   0.00466561756090972   0
0.224588069019813   0.294837358831867   0.0267719960165973   0.0116982156462364   0
0.218191856962851   0.309000514894469   -0.00639621205696198   0.0141631560626018   0
0.244725234064305   0.302577018372272   0.0265333771014534   -0.00642349652219731   0
0.230776625483671   0.320356188322725   -0.0139486085806335   0.017779169950453   0
0.213633769393132   0.28758172123129   -0.0171428560905385   -0.0327744670914347   0
0.234284107179402   0.310141977275532   0.0206503377862698   0.0225602560442416   0
0.2405616670177   0.293037964651632   0.00627755983829781   -0.0171040126238999   0
0.247307648125208   0.290856171454299   0.0067459811075084   -0.0021817931973323   0
0.266021853370407   0.261166582194854   0.0187142052451985   -0.0296895892594458   0
0.297677985112632   0.243984404465134   0.0316561317422249   -0.0171821777297193   0
0.273409947567829   0.238639967112816   -0.0242680375448028   -0.00534443735231868   0
0.307295313713684   0.211931937586227   0.0338853661458551   -0.0267080295265884   0
0.249455231858277   0.229904367008963   -0.0578400818554077   0.017972429422736   0
0.267063025907341   0.261354815677187   0.0176077940490649   0.0314504486682234   0
0.210245238799264   0.280185591951791   -0.0568177871080774   0.0188307762746044   0
0.273694342780261   0.281975183354179   0.0634491039809969   0.00178959140238766   0
0.285077710338014   0.269170761674797   0.0113833675577533   -0.0128044216793821   0
0.327892287329939   0.294040411858277   0.0428145769919248   0.0248696501834804   0
0.386172803316073   0.272405330139668   0.0582805159861337   -0.021635081718609   0
0.405447341633693   0.238362370258909   0.0192745383176203   -0.0340429598807593   0
0.411186013198754   0.247167552189252   0.00573867156506147   0.00880518193034313   0
0.395612522154493   0.236899968749583   -0.015573491044261   -0.0102675834396692   0
0.414466452766659   0.26731020383622   0.0188539306121659   0.0304102350866371   0
0.465552061543532   0.260628892539167   0.0510856087768726   -0.00668131129705235   0
0.450878560753814   0.243724154572969   -0.0146735007897181   -0.0169047379661987   0
0.469078583553803   0.261645996959738   0.0182000227999897   0.017921842386769   0
0.516164561234838   0.21332889680006   0.0470859776810343   -0.0483171001596774   0
0.513722473322751   0.211100188689565   -0.00244208791208655   -0.00222870811049569   0
0.557310797829604   0.221858457451384   0.0435883245068525   0.0107582687618192   0
0.538745417202708   0.211951865813022   -0.0185653806268958   -0.00990659163836158   0
0.536995981480645   0.264587772443284   -0.00174943572206299   0.0526359066302614   0
0.579910972371858   0.269389427179041   0.0429149908912128   0.00480165473575744   0
0.505545873288792   0.246146283637073   -0.0743650990830655   -0.023243143541968   0
0.541435056363012   0.227316764045819   0.0358891830742196   -0.018829519591254   0
0.557451136925517   0.192275935240438   0.0160160805625051   -0.0350408288053813   0
0.566476780878775   0.180839543245733   0.00902564395325844   -0.0114363919947043   0
0.613135678966041   0.208000178058519   0.0466588980872653   0.0271606348127857   0
0.615781778462258   0.222869998973698   0.00264609949621775   0.0148698209151792   0
0.624713216398737   0.22626078204328   0.0089314379364791   0.00339078306958204   0
0.558287119283684   0.242130131708476   -0.0664260971150539   0.0158693496651959   0
0.572643738821094   0.262058357683378   0.0143566195374101   0.0199282259749012   0
0.483854936806973   0.246067142920518   -0.0887888020141208   -0.0159912147628599   0
0.560609735031237   0.244287229389891   0.0767547982242641   -0.00177991353062698   0
0.507693778318154   0.267528023972375   -0.0529159567130835   0.0232407945824841   0
0.52547053998269   0.272082267372681   0.0177767616645362   0.00455424340030619   0
0.492724026090917   0.278077808850578   -0.0327465138917732   0.0059955414778966   0
0.467531088755951   0.279677365626402   -0.0251929373349653   0.00159955677582418   0
0.467599194192732   0.272360505094817   6.81054367807632e-05   -0.00731686053158453   0
0.484593184044542   0.266442849371342   0.0169939898518102   -0.00591765572347552   0
0.484335256136458   0.208725442853025   -0.000257927908083877   -0.0577174065183166   0
0.494233704091124   0.200644163003457   0.00989844795466521   -0.00808127984956827   0
0.534286867587629   0.167549670719751   0.040053163496505   -0.0330944922837058   0
0.59188103141007   0.164859062966239   0.0575941638224418   -0.00269060775351215   0
0.575522877774952   0.188820473857889   -0.0163581536351187   0.0239614108916497   0
0.627263997012765   0.208310064497977   0.0517411192378131   0.0194895906400887   0
0.664555826831443   0.20039546991543   0.0372918298186783   -0.00791459458254748   0
0.551432416987593   0.201960501568511   -0.11312340984385   0.00156503165308158   0
0.552875976741217   0.225661790514016   0.00144355975362487   0.0237012889455046   0
0.618774859656058   0.219199391485381   0.0658988829148405   -0.00646239902863513   0
0.611652247114991   0.242916147718248   -0.0071226125410665   0.0237167562328668   0
0.629477173241104   0.202450054764149   0.0178249261261126   -0.0404660929540986   0
0.628969217354656   0.217613134486957   -0.000507955886448475   0.0151630797228084   0
0.655794525682328   0.19739726746248   0.0268253083276728   -0.0202158670244772   0
0.673658478593548   0.217539016002845   0.0178639529112198   0.0201417485403645   0
0.62658680408912   0.236450269929884   -0.0470716745044286   0.0189112539270394   0
0.662836706160686   0.230130028307212   0.0362499020715663   -0.0063202416226725   0
0.701831341635163   0.24084022782655   0.0389946354744772   0.0107101995193386   0
0.690157016692121   0.25312404001706   -0.011674324943042   0.0122838121905096   0
0.737990984397207   0.285156724797248   0.0478339677050857   0.0320326847801878   0
0.723085569956611   0.256637279028911   -0.0149054144405955   -0.0285194457683363   0
0.713070145242446   0.262038756916654   -0.0100154247141652   0.00540147788774309   0
0.735104739972049   0.258682017455944   0.022034594729603   -0.0033567394607108   0
0.752595895765259   0.237599412922161   0.0174911557932101   -0.0210826045337824   0
0.766309049613122   0.214850299740464   0.0137131538478629   -0.0227491131816973   0
0.783223519766957   0.210140271999699   0.0169144701538348   -0.00471002774076534   0
0.816556067071158   0.231907943418072   0.0333325473042007   0.0217676714183734   0
0.737094562001444   0.233151165382051   -0.0794615050697139   0.0012432219639795   0
0.746220807679329   0.249049086414451   0.00912624567788467   0.0158979210323996   0
0.772277702114861   0.237133273207195   0.0260568944355322   -0.0119158132072556   0
0.801343716855047   0.226488337320771   0.029066014740186   -0.0106449358864241   0
0.786676345828188   0.233418859924086   -0.0146673710268583   0.00693052260331439   0
0.804327122388872   0.230643619091338   0.0176507765606834   -0.00277524083274772   0
0.806387047937223   0.234896836802809   0.00205992554835099   0.00425321771147075   0
0.819866580797984   0.225076549551481   0.013479532860761   -0.00982028725132794   0
0.80603760344463   0.241282766508676   -0.0138289773533533   0.0162062169571951   0
0.800548850668152   0.260210167236816   -0.00548875277647887   0.0189274007281404   0
0.823470812415282   0.241266147393369   0.0229219617471308   -0.0189440198434476   0
0.851555216933559   0.244500110698522   0.0280844045182768   0.00323396330515283   0
0.82500717445862   0.248027240273149   -0.0265480424749388   0.00352712957462761   0
0.802075630696915   0.257187378293302   -0.0229315437617048   0.00916013802015264   0
0.809438916082978   0.283710261939292   0.00736328538606279   0.0265228836459905   0
0.814706523279695   0.268237207134061   0.00526760719671648   -0.0154730548052313   0
0.858535244007689   0.287929469665483   0.0438287207279947   0.0196922625314223   0
0.850479787710955   0.291963734230577   -0.0080554562967341   0.00403426456509337   0
0.881501535296713   0.276256265499491   0.0310217475857578   -0.0157074687310855   0
0.870858227648153   0.269281980325015   -0.0106433076485603   -0.00697428517447635   0
0.868985994140187   0.262043059883038   -0.00187223350796573   -0.0072389204419771   0
0.780585084304108   0.273791643810341   -0.0884009098360792   0.0117485839273031   0
0.790128026396643   0.291082224721334   0.00954294209253492   0.0172905809109933   0
0.818226874360166   0.313059944403569   0.0280988479635226   0.0219777196822349   0
0.895862191654744   0.297769502882407   0.0776353172945782   -0.0152904415211618   0
0.870978671220374   0.303037644232333   -0.0248835204343697   0.0052681413499262   0
0.866850586614459   0.304824010347311   -0.00412808460591485   0.00178636611497812   0
0.829960583700106   0.309594021565273   -0.0368900029143533   0.00477001121796145   0
0.851838462605933   0.305412710440957   0.0218778789058274   -0.0041813111243158   0
0.800623803271072   0.356461239037133   -0.0512146593348615   0.0510485285961755   0
0.859064576462349   0.306580122669204   0.0584407731912772   -0.0498811163679285   0
0.849358762229873   0.318461306695914   -0.00970581423247607   0.0118811840267095   0
0.849681825473958   0.338575683418667   0.000323063244085486   0.020114376722753   0
0.850320416666699   0.34439253354682   0.000638591192741123   0.00581685012815353   0
0.870112465468524   0.335751502813913   0.0197920488018246   -0.00864103073290756   0
0.849181115677559   0.337769947480179   -0.0209313497909647   0.00201844466626688   0
0.837787773111228   0.335940022507879   -0.0113933425663313   -0.00182992497230039   0
0.763594738301541   0.354477685949331   -0.0741930348096875   0.0185376634414518   0
0.76349831375052   0.358200753818403   -9.64245510203243e-05   0.00372306786907256   0
0.751840964078998   0.387724083041901   -0.0116573496715223   0.0295233292234978   0
0.667417166012897   0.375698611805931   -0.0844237980661009   -0.0120254712359704   0
0.712152286232061   0.362277693694182   0.044735120219164   -0.0134209181117487   0
0.759819548821394   0.359330506660677   0.0476672625893334   -0.00294718703350544   0
0.794165199856483   0.346711222805313   0.0343456510350884   -0.0126192838553632   0
0.775421084397918   0.353177783060527   -0.0187441154585646   0.00646656025521353   0
0.772543670878587   0.384890504451138   -0.00287741351933168   0.0317127213906115   0
0.807401264233363   0.367517570929278   0.0348575933547763   -0.0173729335218606   0
0.813829993163137   0.361214769132682   0.00642872892977375   -0.00630280179659592   0
0.814020612526829   0.362190038283103   0.000190619363691913   0.000975269150420843   0
0.801166383880754   0.377658518037151   -0.0128542286460742   0.0154684797540486   0
0.822003490567638   0.402845915006685   0.0208371066868833   0.0251873969695334   0
0.837822893650884   0.403956476618605   0.0158194030832464   0.00111056161191991   0
0.864294150731608   0.393532342491627   0.0264712570807244   -0.0104241341269775   0
0.856769779010546   0.415827992379067   -0.00752437172106202   0.0222956498874401   0
0.799195997545504   0.423693153956549   -0.0575737814650429   0.00786516157748196   0
0.848036669931246   0.384646281010878   0.0488406723857425   -0.0390468729456711   0
0.896125155649342   0.402022976548464   0.0480884857180959   0.0173766955375859   0
0.909812399744065   0.393689443387472   0.0136872440947231   -0.00833353316099195   0
0.954698345062796   0.388650421653739   0.0448859453187306   -0.00503902173373277   0
0.951629388074645   0.394738485788791   -0.00306895698815091   0.00608806413505147   0
0.968340025424905   0.396435005258682   0.0167106373502603   0.00169651946989091   0
0.961441983412416   0.380131564240534   -0.00689804201248934   -0.0163034410181483   0
0.897340802624643   0.399552814818209   -0.0641011807877724   0.0194212505776756   0
0.877612912283702   0.401207258403367   -0.0197278903409409   0.00165444358515793   0
0.843246974450204   0.441357311084637   -0.0343659378334986   0.0401500526812701   0
0.887951164951841   0.432350488091068   0.0447041905016368   -0.00900682299356909   0
0.910169358532248   0.427941214897462   0.0222181935804071   -0.00440927319360634   0
0.898265778444482   0.426946427383094   -0.0119035800877656   -0.000994787514367323   0
0.8486708863217   0.429391474033454   -0.0495948921227822   0.00244504665035949   0
0.790664149127801   0.45950446892493   -0.0580067371938991   0.0301129948914757   0
0.756830094196465   0.468300320108938   -0.0338340549313358   0.00879585118400811   0
0.703811005798174   0.458326353988097   -0.0530190883982908   -0.00997396612084023   0
0.738622798387635   0.464113211712127   0.0348117925894608   0.00578685772402926   0
0.750699543052481   0.473253664818903   0.0120767446648467   0.00914045310677597   0
0.763890058097623   0.470861696740316   0.0131905150451417   -0.00239196807858671   0
