1.4210855e-14   1.92592995e-32   0   0   0
0.0202432291898526   0.0312071283391867   0.0202432291898384   0.0312071283391867   0
0.0271214351619234   0.0164334315555708   0.0068782059720708   -0.0147736967836159   0
0.0431180378700134   0.0237108343973825   0.0159966027080901   0.00727740284181165   0
0.0242850166865377   0.0217629797490417   -0.0188330211834757   -0.00194785464834078   0
0.0373836391373421   0.0328001551913785   0.0130986224508044   0.0110371754423368   0
0.0373439038026582   0.0326255920143372   -3.97353346838908e-05   -0.000174563177041308   0
0.0537271677222993   0.0388620161128289   0.0163832639196411   0.00623642409849175   0
0.0563176265961713   0.0518392759988905   0.00259045887387204   0.0129772598860615   0
0.0356435033988838   0.068915644799946   -0.0206741231972875   0.0170763688010555   0
0.0221929982478073   0.0588178726542878   -0.0134505051510765   -0.0100977721456582   0
0.0496945546753641   0.0485470353386748   0.0275015564275568   -0.0102708373156129   0
0.0529255565309065   0.0621371174911547   0.00323100185554239   0.0135900821524799   0
0.0437922627947695   0.0448324757930113   -0.00913329373613697   -0.0173046416981434   0
0.0182599443572385   0.0595688571703899   -0.0255323184375311   0.0147363813773786   0
0.0274473929377336   0.0717297707375335   0.00918744858049509   0.0121609135671436   0
0.0517348798310534   0.073553049409706   0.0242874868933198   0.00182327867217248   0
0.0390891630254957   0.0645808475410983   -0.0126457168055577   -0.0089722018686077   0
0.0570142434436448   0.0919364857037186   0.0179250804181492   0.0273556381626203   0
0.0449241739102099   0.0742062247141156   -0.0120900695334349   -0.0177302609896029   0
0.0468190487966717   0.0982025783234335   0.00189487488646178   0.0239963536093179   0
0.0305788748152096   0.0952416814976648   -0.016240173981462   -0.00296089682576875   0
0.052826683937658   0.102518512022338   0.0222478091224484   0.00727683052467355   0
0.0572876315594697   0.123534374735691   0.00446094762181163   0.0210158627133531   0
0.0663933195259358   0.116221645485513   0.0091056879664661   -0.00731272925017809   0
0.0590673919218859   0.124957065096647   -0.00732592760404991   0.00873541961113322   0
0.0546212883021373   0.160393268536206   -0.00444610361974856   0.0354362034395599   0
0.0389834064763312   0.12646678296038   -0.0156378818258061   -0.0339264855758267   0
0.0515073198482784   0.14984602461847   0.0125239133719472   0.0233792416580907   0
0.0410271469809863   0.120347154820677   -0.0104801728672922   -0.0294988697977935   0
0.0410259504739613   0.110841606654966   -1.19650702492397e-06   -0.00950554816571124   0
0.0377108240449158   0.114701553460693   -0.00331512642904556   0.00385994680572682   0
0.06386429553415   0.111800727379258   0.0261534714892342   -0.00290082608143402   0
0.0572238020159963   0.126632400149172   -0.00664049351815371   0.0148316727699137   0
0.0436129903071465   0.113033551931638   -0.0136108117088499   -0.0135988482175346   0
0.0484707806673238   0.113930155075649   0.00485779036017732   0.000896603144011146   0
0.0575559668571906   0.140008134614493   0.00908518618986685   0.0260779795388442   0
0.0400421121185667   0.116855101673489   -0.017513854738624   -0.0231530329410038   0
0.0610162404893914   0.11598172251242   0.0209741283708248   -0.000873379161069124   0
0.0488857740007104   0.143412303737738   -0.012130466488681   0.0274305812253181   0
0.0495790755609351   0.128480230084443   0.000693301560224693   -0.014932073653295   0
0.0390322621246861   0.136129617780535   -0.010546813436249   0.00764938769609194   0
0.0495055541375409   0.166889654146856   0.0104732920128548   0.0307600363663208   0
0.0317007525631972   0.116908251088   -0.0178048015743437   -0.049981403058856   0
0.0592751236873527   0.131212700457925   0.0275743711241555   0.0143044493699252   0
0.0421943033928413   0.105618458886474   -0.0170808202945114   -0.0255942415714509   0
0.063615960741142   0.127444353110164   0.0214216573483008   0.0218258942236901   0
0.0757681867128563   0.126491472913943   0.0121522259717143   -0.000952880196220862   0
0.0764907611401997   0.114335653436375   0.000722574427343317   -0.0121558194775686   0
0.0687930013155   0.139243747013953   -0.0076977598246997   0.0249080935775786   0
0.0320733901460934   0.126284010258078   -0.0367196111694065   -0.0129597367558751   0
0.0361597269956322   0.141622692463041   0.00408633684953877   0.015338682204963   0
0.0383916887797317   0.131699371517353   0.00223196178409945   -0.0099233209456881   0
0.0426328956961811   0.124699823875624   0.00424120691644939   -0.00699954764172959   0
0.0403361955198414   0.145267140747969   -0.00229670017633969   0.020567316872345   0
0.051353983417347   0.130351155035134   0.0110177878975057   -0.0149159857128343   0
0.0638924136564145   0.117936068917149   0.0125384302390674   -0.0124150861179857   0
0.0580412564665988   0.147775803490998   -0.00585115718981569   0.0298397345738493   0
0.026803936997859   0.144692528952029   -0.0312373194687398   -0.00308327453896898   0
0.0495274358636925   0.131983087923369   0.0227234988658335   -0.0127094410286598   0
0.085156371286184   0.119285922132765   0.0356289354224915   -0.0126971657906044   0
0.083336163047741   0.132650502362316   -0.00182020823844299   0.0133645802295515   0
0.0971075702604543   0.125390345619042   0.0137714072127133   -0.00726015674327424   0
0.103215055929175   0.109883551037253   0.00610748566872031   -0.0155067945817886   0
0.111265518867887   0.112637256875089   0.00805046293871252   0.0027537058378353   0
0.069225027924681   0.120004386498052   -0.0420404909432062   0.0073671296229635   0
0.0762139376493063   0.132805435995619   0.00698890972462529   0.0128010494975667   0
0.0733683352941623   0.134863960301854   -0.00284560235514394   0.00205852430623477   0
0.0684360206807942   0.119659944958449   -0.00493231461336814   -0.0152040153434048   0
0.0741679735270814   0.123993211190369   0.00573195284628722   0.00433326623192014   0
0.102064131963131   0.108774217973367   0.0278961584360493   -0.0152189932170021   0
0.126513810805635   0.114114106389222   0.0244496788425041   0.00533988841585527   0
0.111950331177686   0.109192538238484   -0.0145634796279486   -0.00492156815073855   0
0.08563097512235   0.118384226512481   -0.0263193560553363   0.00919168827399729   0
0.103578056145866   0.129227166538406   0.017947081023516   0.0108429400259253   0
0.088145606789193   0.118296213286485   -0.015432449356673   -0.0109309532519212   0
0.1086114317843   0.133801418118889   0.0204658249951069   0.0155052048324037   0
0.0927850329962945   0.123580140325722   -0.0158263987880054   -0.0102212777931664   0
0.136043270434419   0.131667363880371   0.0432582374381241   0.00808722355464835   0
0.119769372376363   0.120512936109067   -0.0162738980580557   -0.0111544277713039   0
0.156080207310287   0.147066378124041   0.0363108349339242   0.0265534420149746   0
0.15217226047735   0.169965998021869   -0.0039079468329371   0.0228996198978277   0
0.101720311077346   0.125957100033425   -0.0504519494000043   -0.0440088979884443   0
0.0745988195664547   0.121827046088703   -0.027121491510891   -0.00413005394472196   0
0.0565153109297252   0.14664575789667   -0.0180835086367295   0.024818711807967   0
0.0427235043614132   0.137442896671989   -0.013791806568312   -0.00920286122468061   0
0.0748388660881459   0.133577500433144   0.0321153617267327   -0.0038653962388456   0
0.0919780317827689   0.147099548969258   0.017139165694623   0.0135220485361148   0
0.094341374170364   0.138960714416488   0.00236334238759507   -0.00813883455276987   0
0.0793825014664349   0.142009737636724   -0.014958872703929   0.00304902322023543   0
0.0821338129925741   0.159288879948289   0.00275131152613915   0.0172791423115656   0
0.0720384558374695   0.184718408960367   -0.0100953571551046   0.0254295290120779   0
0.0434139645712353   0.175278455380205   -0.0286244912662342   -0.00943995358016264   0
0.0685033951654857   0.191535198908562   0.0250894305942504   0.0162567435283571   0
0.057513717682043   0.185252487697775   -0.0109896774834427   -0.00628271121078644   0
0.0583443367161488   0.17018557854188   0.00083061903410582   -0.0150669091558951   0
0.0782102773768839   0.196394346162949   0.019865940660735   0.0262087676210688   0
0.0496016568430937   0.191799673412817   -0.0286086205337901   -0.00459467275013223   0
0.0417491133733871   0.207814904996412   -0.00785254346970664   0.0160152315835952   0
0.0491468828837581   0.231522675578721   0.00739776951037104   0.0237077705823094   0
0.0430612733919667   0.233495366332012   -0.00608560949179142   0.00197269075329068   0
0.0603333541340004   0.251079865472034   0.0172720807420337   0.017584499140022   0
0.0740074761658836   0.263474247514553   0.0136741220318832   0.012394382042519   0
0.0393972558381793   0.259661190394899   -0.0346102203277042   -0.00381305711965446   0
0.0606973593535588   0.240087006315163   0.0213001035153795   -0.0195741840797353   0
0.101112044776028   0.288858005748864   0.0404146854224692   0.0487709994337006   0
0.0682935857155136   0.254956205737085   -0.0328184590605143   -0.0339018000117788   0
0.104116744093779   0.273106976084071   0.0358231583782655   0.0181507703469859   0
0.0187510670670329   0.198495553122906   -0.0853656770267463   -0.0746114229611652   0
0.088620308284012   0.219346337417607   0.0698692412169792   0.0208507842947008   0
0.0292510739946489   0.189621125609751   -0.0593692342893631   -0.0297252118078555   0
0.0361784732581118   0.203657382701084   0.00692739926346292   0.0140362570913328   0
0.0715195837221318   0.19971027885257   0.0353411104640199   -0.00394710384851416   0
0.0277696926355396   0.179112976079681   -0.0437498910865922   -0.0205973027728886   0
0.0730520906542155   0.218728611915842   0.0452823980186759   0.0396156358361608   0
0.0251633344211031   0.169175690165135   -0.0478887562331125   -0.0495529217507067   0
0.0758937901771921   0.204231813958025   0.050730455756089   0.0350561237928899   0
0.0297737353306257   0.183486220067084   -0.0461200548465664   -0.0207455938909414   0
0.0554270905819766   0.187826651985456   0.0256533552513509   0.00434043191837225   0
0.0617600847778382   0.220228792057028   0.00633299419586165   0.032402140071572   0
0.0320866686512473   0.192310188752245   -0.0296734161265909   -0.0279186033047833   0
0.0923668137811285   0.239920027094663   0.0602801451298812   0.0476098383424187   0
0.0276341431909523   0.190015131594774   -0.0647326705901762   -0.0499048954998894   0
0.0489476723749137   0.209783461890674   0.0213135291839615   0.0197683302958998   0
0.04120207544694   0.196868071475063   -0.00774559692797375   -0.0129153904156104   0
0.0407752457247116   0.178778517098404   -0.000426829722228406   -0.0180895543766597   0
0.0689642911449063   0.194623960417803   0.0281890454201947   0.0158454433193989   0
0.0381583393693498   0.197867661167379   -0.0308059517755565   0.00324370074957692   0
0.0579481924263687   0.196707981704571   0.019789853057019   -0.00115967946280893   0
0.077343285955314   0.22862644121909   0.0193950935289453   0.0319184595145194   0
0.0326675870775507   0.214158444957182   -0.0446756988777633   -0.0144679962619075   0
0.0423961416426177   0.234052342622596   0.00972855456506702   0.0198938976654141   0
0.0902206651342678   0.262904756839281   0.0478245234916501   0.0288524142166847   0
0.0355383578244325   0.220764883576218   -0.0546823073098354   -0.042139873263063   0
0.0766442211252696   0.24776245766958   0.0411058633008371   0.0269975740933619   0
0.0693266833951803   0.271965975990859   -0.00731753773008931   0.0242035183212788   0
0.0436197050102953   0.259316192896588   -0.0257069783848849   -0.0126497830942709   0
0.0512794257362802   0.262217977584458   0.00765972072598483   0.00290178468787017   0
0.0829501611734501   0.295095767846254   0.0316707354371699   0.032877790261796   0
0.0532877891133845   0.273037974763876   -0.0296623720600656   -0.0220577930823782   0
0.0817545079337486   0.295043304943446   0.0284667188203641   0.0220053301795703   0
0.084678148390657   0.30300144297176   0.00292364045690836   0.00795813802831385   0
0.0426480671478163   0.275799589566697   -0.0420300812428407   -0.0272018534050626   0
0.0764008839317741   0.295133702980266   0.0337528167839578   0.0193341134135688   0
0.0703080331204397   0.289168531676534   -0.00609285081133437   -0.00596517130373186   0
0.0352810238708114   0.288933413007425   -0.0350270092496283   -0.000235118669109524   0
0.144525312394971   0.354685923792376   0.109244288524159   0.0657525107849511   0
0.0345495138797436   0.275811441918967   -0.109975798515227   -0.0788744818734095   0
0.0911118876650622   0.3114444902919   0.0565623737853186   0.0356330483729333   0
0.0371788198995113   0.255155867018054   -0.0539330677655509   -0.0562886232738461   0
0.0875622464296648   0.287153967509049   0.0503834265301535   0.0319981004909948   0
0.0831661435148486   0.29828534407807   -0.00439610291481621   0.0111313765690214   0
0.0609662667240631   0.2650938916495   -0.0221998767907854   -0.03319145242857   0
0.116638192006626   0.305779822044131   0.0556719252825624   0.0406859303946311   0
0.0503965919664986   0.255614260864501   -0.066241600040127   -0.0501655611796298   0
0.077373257651029   0.286535983458603   0.0269766656845304   0.0309217225941019   0
0.0487741844969941   0.250217926485955   -0.0285990731540348   -0.0363180569726478   0
0.0601706911138358   0.259844896618652   0.0113965066168416   0.00962697013269653   0
0.0663704581229598   0.275212597268939   0.00619976700912409   0.0153677006502868   0
0.0480849234207671   0.275205869335377   -0.0182855347021927   -6.72793356187862e-06   0
0.0606474657574131   0.260153931255863   0.012562542336646   -0.0150519380795135   0
0.0705310304168262   0.272966577665863   0.00988356465941302   0.01281264641   0
0.077455316851152   0.276865782237318   0.0069242864343259   0.00389920457145504   0
0.100741226052839   0.294983062866829   0.0232859092016871   0.0181172806295102   0
0.0826562046435565   0.272792442202876   -0.0180850214092826   -0.0221906206639526   0
0.0682220935817557   0.242811621476032   -0.0144341110618008   -0.0299808207268445   0
0.0983710005983059   0.286373461199649   0.0301489070165502   0.0435618397236169   0
0.0727016849158733   0.301651436894527   -0.0256693156824326   0.0152779756948785   0
0.0931755935419709   0.275783022860002   0.0204739086260976   -0.0258684140345254   0
0.118282227149905   0.311935581140943   0.025106633607934   0.0361525582809415   0
0.0803277051511641   0.291963987696226   -0.0379545219987408   -0.0199715934447172   0
0.0658991375633195   0.28963509310489   -0.0144285675878447   -0.00232889459133612   0
0.107338448443967   0.328562467661141   0.0414393108806471   0.0389273745562516   0
0.0834718531419585   0.301696594590005   -0.0238665953020081   -0.026865873071136   0
0.117460535621964   0.316677626659684   0.0339886824800058   0.014981032069679   0
0.09710755735609   0.331060686952393   -0.0203529782658743   0.0143830602927091   0
0.083615181387382   0.331668061858296   -0.013492375968708   0.000607374905902902   0
0.0867095385572559   0.334190038116756   0.0030943571698739   0.00252197625845985   0
0.106739909951221   0.357847428859134   0.0200303713939654   0.0236573907423781   0
0.0618087430454206   0.322664636515062   -0.0449311669058007   -0.0351827923440722   0
0.101109030772654   0.366540732318022   0.039300287727233   0.0438760958029601   0
0.0896878528177383   0.37378525053553   -0.0114211779549153   0.00724451821750804   0
0.08148837547848   0.351845700221778   -0.00819947733925828   -0.0219395503137525   0
0.123664265684729   0.376658801750869   0.0421758902062487   0.0248131015290907   0
0.0690055492391405   0.329054487897493   -0.0546587164455882   -0.0476043138533758   0
0.123673221586744   0.378970167302694   0.0546676723476035   0.0499156794052013   0
0.0655852705755776   0.333887679009697   -0.0580879510111664   -0.0450824882929973   0
0.103110407560649   0.365338542158472   0.037525136985071   0.0314508631487748   0
0.0742970067766294   0.314141830404486   -0.0288134007840192   -0.0511967117539851   0
0.0979445394756876   0.349120509222744   0.0236475326990582   0.0349786788182571   0
0.088315771635988   0.322147804203369   -0.00962876783969967   -0.0269727050193747   0
0.0823721850738338   0.335531290972372   -0.00594358656215416   0.0133834867690028   0
0.107830991966993   0.348429017013876   0.0254588068931596   0.0128977260415041   0
0.0790863977756681   0.353944919527192   -0.0287445941913253   0.00551590251331663   0
0.0955453067351294   0.376860926206873   0.0164589089594613   0.0229160066796809   0
0.10731518210657   0.356809561739705   0.0117698753714408   -0.0200513644671679   0
0.0822280470585273   0.29728089380701   -0.0250871350480429   -0.0595286679326952   0
0.127556937960737   0.33901041536438   0.04532889090221   0.0417295215573695   0
0.0793006664203562   0.314624061904251   -0.0482562715403812   -0.0243863534601284   0
0.0988129738576395   0.350736450949409   0.0195123074372833   0.0361123890451583   0
0.107132094348427   0.346558861788181   0.00831912049078709   -0.00417758916122879   0
0.0911588098001474   0.337582032254375   -0.0159732845482791   -0.00897682953380569   0
0.0947473643081719   0.36137459561613   0.00358855450802444   0.0237925633617547   0
0.112549781932526   0.37868748534904   0.0178024176243545   0.0173128897329102   0
0.0837834597779584   0.362729391887175   -0.028766322154568   -0.0159580934618653   0
0.101710003425788   0.407151631484988   0.0179265436478298   0.0444222395978136   0
0.117955553775092   0.395602558166912   0.0162455503493033   -0.0115490733180764   0
0.0630660094581408   0.34923123911835   -0.0548895443169507   -0.0463713190485614   0
0.111218668469692   0.391210569294615   0.0481526590115513   0.0419793301762644   0
0.123264535222172   0.41456360505111   0.0120458667524801   0.0233530357564952   0
0.0727260373830056   0.381887731889769   -0.0505384978391666   -0.0326758731613414   0
0.118244678520474   0.415351202834691   0.045518641137468   0.0334634709449227   0
0.0766847039347329   0.388278264663608   -0.0415599745857407   -0.027072938171083   0
0.124203344031974   0.427578210319928   0.0475186400972409   0.0392999456563195   0
0.0869748673485111   0.388101961526651   -0.0372284766834626   -0.0394762487932767   0
0.090909515524861   0.398109955773425   0.00393464817634993   0.0100079942467737   0
0.120225845696363   0.440114417146232   0.0293163301715022   0.0420044613728074   0
0.0811211519937181   0.401903009273631   -0.0391046937026451   -0.0382114078726014   0
0.110177119712067   0.406623298375949   0.029055967718349   0.00472028910231842   0
0.145443777519093   0.45401512814077   0.0352666578070263   0.0473918297648206   0
0.0792243442651049   0.392526169453943   -0.0662194332539885   -0.061488958686827   0
0.137563626255491   0.394302831303948   0.0583392819903857   0.00177666185000458   0
0.0972868318005198   0.375451880738267   -0.0402767944549708   -0.018850950565681   0
0.15624975446369   0.431147759704592   0.0589629226631706   0.0556958789663251   0
0.0901474588576947   0.377009653974184   -0.0661022956059957   -0.0541381057304076   0
0.152706651660388   0.417947672628391   0.0625591928026935   0.0409380186542071   0
0.102276916694986   0.379300458465148   -0.0504297349654026   -0.0386472141632428   0
0.12184277945394   0.393837376422279   0.0195658627589541   0.0145369179571308   0
0.138207360689778   0.409866939447624   0.0163645812358386   0.0160295630253452   0
0.0926664841594359   0.365846569042979   -0.0455408765303423   -0.0440203704046452   0
0.136894534953492   0.401935687559482   0.0442280507940563   0.0360891185165028   0
