0   0   0   0   0
0.0810782037254291   0.0187085342114408   0.0810782037254291   0.0187085342114408   0
0.0757705802205065   0.0408520944585008   -0.00530762350492268   0.0221435602470599   0
0.00625932208369325   0.0310890190108771   -0.0695112581368132   -0.00976307544762361   0
0.0320721727584311   0.0277660016824189   0.0258128506747378   -0.00332301732845827   0
0.0304474260763043   0.0190493920508861   -0.00162474668212679   -0.00871660963153279   0
0.0481317835513131   0.0751151817180416   0.0176843574750088   0.0560657896671555   0
0.0610174937519311   0.0686524488172869   0.012885710200618   -0.00646273290075469   0
0.0585782334302293   0.113912046460841   -0.00243926032170187   0.045259597643554   0
0.0768888961893043   0.100392709133943   0.018310662759075   -0.0135193373268978   0
0.0741959059182172   0.0906422773766073   -0.00269299027108703   -0.00975043175733585   0
0.076837011729157   0.0973767247450804   0.00264110581093974   0.00673444736847309   0
0.0328832836010268   0.0970337255990286   -0.0439537281281302   -0.000342999146051778   0
0.0629354870774781   0.119719048607641   0.0300522034764513   0.0226853230086127   0
0.0537543467607796   0.103616698233382   -0.00918114031669845   -0.0161023503742596   0
0.0448553063931165   0.0972817293013783   -0.00889904036766307   -0.00633496893200339   0
0.0970293137224571   0.147028979334946   0.0521740073293406   0.0497472500335681   0
0.0940150357104574   0.148766920415391   -0.00301427801199966   0.001737941080445   0
0.0762454166605248   0.159003532041457   -0.0177696190499327   0.0102366116260657   0
0.148094608531778   0.184404056587824   0.071849191871253   0.025400524546367   0
0.0636771745080564   0.185245231668948   -0.0844174340237213   0.000841175081124246   0
0.159317091839412   0.189781305565708   0.0956399173313559   0.00453607389675922   0
0.119222198530829   0.22426826130086   -0.0400948933085834   0.0344869557351521   0
0.216348026204535   0.243948671616529   0.097125827673706   0.0196804103156696   0
0.10570725885164   0.218750191591349   -0.110640767352895   -0.0251984800251799   0
0.153355870844538   0.198059072474002   0.0476486119928986   -0.0206911191173473   0
0.0985555155668887   0.183317158860819   -0.0548003552776495   -0.0147419136131827   0
0.167412371031457   0.202053358137759   0.0688568554645681   0.0187361992769395   0
0.1073612491722   0.208871814657413   -0.0600511218592567   0.00681845651965432   0
0.169547070213175   0.221837812370624   0.0621858210409753   0.0129659977132105   0
0.144927928650058   0.221174448429421   -0.0246191415631174   -0.000663363941202783   0
0.107842895802692   0.222342067570213   -0.0370850328473658   0.00116761914079178   0
0.0834934408867532   0.13546018810698   -0.0243494549159391   -0.0868818794632322   0
0.193128078401908   0.197179842061104   0.109634637515155   0.0617196539541237   0
0.103108690786964   0.173593382347809   -0.0900193876149437   -0.0235864597132951   0
0.107216644834515   0.205437505515786   0.00410795404755095   0.0318441231679767   0
0.13285800919747   0.19544928366394   0.0256413643629544   -0.00998822185184606   0
0.105229441266231   0.165615533324675   -0.0276285679312385   -0.0298337503392642   0
0.134452944414135   0.177192462892279   0.0292235031479035   0.0115769295676038   0
0.20274816711715   0.194952839302395   0.0682952227030152   0.0177603764101156   0
0.108708983564995   0.187111997433529   -0.0940391835521548   -0.00784084186886611   0
0.156349617992244   0.225853874482884   0.0476406344272492   0.0387418770493551   0
0.197677620175094   0.197709889773022   0.0413280021828497   -0.0281439847098624   0
0.10056077258014   0.186992635252551   -0.0971168475949544   -0.0107172545204705   0
0.18357997005911   0.211890178827999   0.0830191974789698   0.0248975435754483   0
0.172852624868717   0.242093575916138   -0.0107273451903925   0.030203397088139   0
0.145863686814269   0.222314746759847   -0.0269889380544479   -0.019778829156291   0
0.244105324944028   0.284524229453522   0.0982416381297592   0.0622094826936744   0
0.195356438800078   0.283077902211367   -0.04874888614395   -0.00144632724215421   0
0.264851190351657   0.293797368585877   0.0694947515515787   0.0107194663745091   0
0.193413455011652   0.27275910762476   -0.0714377353400052   -0.0210382609611162   0
0.289127259365462   0.288926160254852   0.09571380435381   0.0161670526300912   0
0.211624511647511   0.284152101181098   -0.0775027477179513   -0.00477405907375328   0
0.314549285053346   0.287985041897958   0.102924773405836   0.00383294071685969   0
0.249288349815498   0.332224019231801   -0.0652609352378481   0.044238977333843   0
0.352568109259771   0.359446954371332   0.103279759444273   0.0272229351395311   0
0.250980078574203   0.406257370750563   -0.101588030685568   0.0468104163792309   0
0.356176177707917   0.44864621361328   0.105196099133715   0.0423888428627167   0
0.284990681188619   0.39542631442923   -0.0711854965192982   -0.0532198991840498   0
0.305189818893641   0.398886155296877   0.0201991377050216   0.00345984086764711   0
0.322876970286173   0.414935267201199   0.017687151392532   0.0160491119043221   0
0.367542640030482   0.423743157535194   0.044665669744309   0.00880789033399554   0
0.309743303619372   0.42155357837986   -0.0577993364111097   -0.00218957915533446   0
0.35981875508999   0.405448220878046   0.0500754514706176   -0.0161053575018145   0
0.299115548103445   0.431563323279203   -0.0607032069865448   0.0261151024011579   0
0.39492002041493   0.420850151129174   0.0958044723114853   -0.0107131721500292   0
0.291014206299744   0.431015150187539   -0.103905814115187   0.0101649990583644   0
0.376320312494168   0.436065781511333   0.0853061061944239   0.00505063132379469   0
0.325862721303586   0.446527585522801   -0.0504575911905816   0.0104618040114678   0
0.354515752333327   0.430295215868724   0.0286530310297415   -0.0162323696540774   0
0.323664504958012   0.429467435465473   -0.0308512473753154   -0.00082778040325121   0
0.420393572303098   0.469879184413732   0.0967290673450864   0.0404117489482591   0
0.397044639376038   0.460228743502692   -0.0233489329270602   -0.00965044091104006   0
0.427405640509821   0.494021459930313   0.0303610011337828   0.0337927164276217   0
0.423256298513511   0.494825592817208   -0.00414934199631051   0.00080413288689446   0
0.379322720151004   0.453664217684349   -0.0439335783625061   -0.0411613751328583   0
0.378162472293069   0.465157258114155   -0.001160247857935   0.0114930404298055   0
0.377236692724211   0.440201731454102   -0.000925779568858698   -0.0249555266600526   0
0.367363070791491   0.45688028048488   -0.0098736219327199   0.0166785490307776   0
0.355005481134067   0.460339915044832   -0.0123575896574243   0.00345963455995191   0
0.445119113869714   0.494548310190603   0.0901136327356475   0.0342083951457707   0
0.339566747681738   0.483974076560041   -0.105552366187976   -0.0105742336305618   0
0.383468972662289   0.447407508803308   0.0439022249805505   -0.0365665677567324   0
0.18722263047241   0.334059505243081   -0.196246342189878   -0.113348003560227   0
0.347748579879148   0.400433771348514   0.160525949406737   0.0663742661054329   0
0.254314867399412   0.411793007516616   -0.0934337124797358   0.0113592361681018   0
0.380895062693444   0.448544610030553   0.126580195294032   0.0367516025139371   0
0.300314940717235   0.43975594622764   -0.0805801219762092   -0.00878866380291282   0
0.433367924527128   0.483635195794488   0.133052983809893   0.0438792495668478   0
0.341363823661855   0.476581735717484   -0.0920041008652737   -0.00705346007700458   0
0.410168822813425   0.503815685165161   0.0688049991515707   0.0272339494476772   0
0.259802076261845   0.383820094674043   -0.15036674655158   -0.119995590491118   0
0.300856289929206   0.389734153058784   0.041054213667361   0.00591405838474185   0
0.292081808216399   0.400736085873179   -0.00877448171280665   0.0110019328143943   0
0.386967022168214   0.407716303632607   0.0948852139518142   0.00698021775942831   0
0.315214083829428   0.449624704671498   -0.0717529383387861   0.0419084010388914   0
0.41820856547101   0.528266380904185   0.102994481641582   0.0786416762326869   0
0.422444454455665   0.551716421165477   0.00423588898465549   0.0234500402612919   0
0.388510565928469   0.553385549036312   -0.0339338885271965   0.00166912787083451   0
0.437911732971243   0.519210692210898   0.0494011670427743   -0.034174856825414   0
0.382144577546147   0.509514022875585   -0.0557671554250956   -0.00969666933531244   0
0.434096965828223   0.515584329266717   0.051952388282076   0.00607030639113193   0
0.435907219436393   0.512524808969106   0.00181025360817016   -0.00305952029761081   0
0.37169902221263   0.515038864637447   -0.0642081972237639   0.00251405566834095   0
0.459007489245232   0.546729972729315   0.0873084670326023   0.0316911080918675   0
0.357748745893432   0.534215041257728   -0.1012587433518   -0.012514931471587   0
0.466988226692256   0.563249433838063   0.109239480798824   0.0290343925803354   0
0.360581539744472   0.522681385268137   -0.106406686947784   -0.0405680485699258   0
0.412040128606448   0.512854344927056   0.0514585888619757   -0.00982704034108173   0
0.323355253924355   0.500102835272133   -0.0886848746820921   -0.012751509654923   0
0.419595426441381   0.51613642889648   0.0962401725170256   0.0160335936243471   0
0.334377642106093   0.50381754090425   -0.0852177843352884   -0.0123188879922301   0
0.472091195686238   0.545899547551102   0.137713553580146   0.0420820066468528   0
0.386808950385166   0.54813139714457   -0.0852822453010727   0.00223184959346712   0
0.480462462343788   0.560962830256827   0.093653511958622   0.0128314331122575   0
0.423655808149052   0.544080472936857   -0.0568066541947359   -0.0168823573199697   0
0.393939953423521   0.533996128243446   -0.0297158547255307   -0.0100843446934116   0
0.416310541960591   0.51352200690899   0.0223705885370706   -0.0204741213344555   0
0.399504571415371   0.521871842888375   -0.0168059705452204   0.00834983597938488   0
0.459288415650847   0.499832270270155   0.0597838442354764   -0.0220395726182201   0
0.390208894319947   0.531125177938166   -0.0690795213309006   0.031292907668011   0
0.460367830620574   0.532306353510199   0.0701589363006275   0.00118117557203268   0
0.356132110403988   0.487796413461176   -0.104235720216587   -0.0445099400490225   0
0.414213856147119   0.48576915185147   0.058081745743131   -0.00202726160970629   0
0.359624014413074   0.464679591982738   -0.0545898417340445   -0.0210895598687316   0
0.394642789762256   0.494096353767891   0.0350187753491816   0.0294167617851525   0
0.371427474683538   0.489551970571723   -0.023215315078718   -0.00454438319616818   0
0.441401300624223   0.525399904458662   0.0699738259406858   0.0358479338869397   0
0.388306288895535   0.521382527311131   -0.0530950117286886   -0.00401737714753114   0
0.422818832215666   0.538570853263954   0.0345125433201316   0.0171883259528227   0
0.435708113217448   0.557403325157414   0.0128892810017811   0.0188324718934597   0
0.428025401556126   0.560456592242409   -0.0076827116613214   0.00305326708499565   0
0.481744829682891   0.560952333387749   0.0537194281267647   0.00049574114533979   0
0.395406304732406   0.527950558652369   -0.0863385249504844   -0.03300177473538   0
0.462375922231318   0.555725778688913   0.0669696174989117   0.0277752200365434   0
0.416848039492194   0.548908850692473   -0.0455278827391236   -0.0068169279964394   0
0.419729478042095   0.570346209742034   0.00288143854990047   0.0214373590495612   0
0.33107573853771   0.497349523825498   -0.0886537395043844   -0.0729966859165367   0
0.443433727871904   0.545653988503503   0.112357989334194   0.0483044646780056   0
0.383245460264622   0.501842968022408   -0.0601882676072828   -0.0438110204810953   0
0.392174325074584   0.513441639246668   0.00892886480996219   0.0115986712242596   0
0.467845496513337   0.54046202356459   0.0756711714387528   0.0270203843179221   0
0.377929754907241   0.519418868648764   -0.0899157416060955   -0.0210431549158253   0
0.492288624961306   0.554611907200923   0.114358870054065   0.0351930385521589   0
0.45388600565392   0.579533622769818   -0.0384026193073858   0.0249217155688951   0
0.509415894823014   0.587653299484638   0.0555298891690936   0.0081196767148195   0
0.501848849729919   0.611484387172881   -0.00756704509309469   0.0238310876882428   0
0.509015975491314   0.593410130271662   0.00716712576139467   -0.0180742569012192   0
0.501745667638362   0.568765847869427   -0.00727030785295213   -0.0246442824022343   0
0.458189734405834   0.57646547503717   -0.0435559332325279   0.00769962716774319   0
0.568841524894316   0.590982310034958   0.110651790488482   0.0145168349977879   0
0.457623411327208   0.564548841451591   -0.111218113567107   -0.0264334685833676   0
0.533300413311785   0.593372390258378   0.0756770019845769   0.0288235488067867   0
0.461675636568096   0.559634732376852   -0.0716247767436894   -0.0337376578815251   0
0.55460398951143   0.591640838444903   0.0929283529433336   0.0320061060680501   0
0.472263490883337   0.565610840139842   -0.0823404986280928   -0.0260299983050609   0
0.499888774022072   0.555831429699655   0.0276252831387352   -0.00977941044018638   0
0.453031370688321   0.554550676979137   -0.0468574033337514   -0.00128075272051797   0
0.414725393908968   0.533702520666199   -0.0383059767793524   -0.0208481563129386   0
0.486447575662145   0.541696418308761   0.0717221817531772   0.00799389764256209   0
0.461063842010226   0.578650252965165   -0.0253837336519196   0.0369538346564044   0
0.452381217230815   0.575001537206889   -0.00868262477941029   -0.00364871575827641   0
0.497146477595582   0.581355096765841   0.0447652603647669   0.00635355955895234   0
0.461827947969426   0.581918766247978   -0.0353185296261567   0.000563669482137263   0
0.490814139207069   0.566599018819097   0.0289861912376439   -0.0153197474288816   0
0.494503840294299   0.570695851919682   0.0036897010872296   0.00409683310058473   0
0.528069618901484   0.592771570902762   0.0335657786071854   0.0220757189830801   0
0.550365687757287   0.565892741653132   0.0222960688558024   -0.0268788292496299   0
0.521297082738161   0.588743111005757   -0.0290686050191254   0.0228503693526252   0
0.563514405312125   0.578218539140415   0.0422173225739638   -0.0105245718653422   0
0.473037537730998   0.583200592365533   -0.0904768675811269   0.0049820532251178   0
0.529789506028241   0.590506166838571   0.0567519682972428   0.00730557447303848   0
0.483792021862818   0.544413171168319   -0.0459974841654235   -0.0460929956702516   0
0.55235478487447   0.560293255487203   0.0685627630116522   0.0158800843188837   0
0.498202900334581   0.552597021171857   -0.054151884539889   -0.00769623431534572   0
0.564567665527942   0.565950161551269   0.0663647651933609   0.0133531403794112   0
0.534566334210462   0.530023198458835   -0.0300013313174795   -0.0359269630924335   0
0.414602362179059   0.474245284607262   -0.119963972031403   -0.0557779138515728   0
0.382417195608696   0.465508257572721   -0.0321851665703635   -0.00873702703454116   0
0.428497271885792   0.455866521675882   0.0460800762770965   -0.00964173589683953   0
0.340894577048281   0.477586888031276   -0.0876026948375109   0.0217203663553949   0
0.428149632289028   0.482110359885032   0.0872550552407466   0.00452347185375562   0
0.353668980906918   0.477573389538318   -0.0744806513821098   -0.00453697034671452   0
0.451260677431086   0.502304429546775   0.0975916965241675   0.0247310400084578   0
0.384007350226825   0.502802167681814   -0.0672533272042602   0.000497738135038839   0
0.45486115891999   0.53070252144889   0.0708538086931642   0.0279003537670754   0
0.426918883654224   0.517417155237946   -0.0279422752657653   -0.0132853662109433   0
0.379249961552717   0.519187634279852   -0.0476689221015069   0.0017704790419053   0
0.462245023921365   0.527788529333635   0.0829950623686479   0.0086008950537837   0
0.337609127726086   0.488466249586862   -0.124635896195279   -0.0393222797467733   0
0.468368353536478   0.528191573605676   0.130759225810392   0.0397253240188136   0
0.44679502450784   0.478016130708922   -0.0215733290286381   -0.0501754428967541   0
0.539796542323267   0.512315449665601   0.0930015178154268   0.03429931895668   0
0.410036551870299   0.52092850927917   -0.129759990452968   0.00861305961356884   0
0.487260954938816   0.49856691831495   0.0772244030685167   -0.02236159096422   0
0.45433234887395   0.52461932952189   -0.032928606064866   0.0260524112069392   0
0.483906539412449   0.501120587244052   0.0295741905384996   -0.0234987422778372   0
0.44821437480819   0.529094436661486   -0.0356921646042593   0.0279738494174341   0
0.553909526422406   0.546367604952871   0.105695151614217   0.0172731682913849   0
0.471217839397799   0.549575747796201   -0.0826916870246079   0.00320814284332938   0
0.544455354672176   0.569743129918396   0.0732375152743774   0.0201673821221953   0
0.443519078071394   0.566014155351934   -0.100936276600782   -0.00372897456646237   0
0.477009055941596   0.569791170763904   0.033489977870202   0.00377701541196995   0
0.442807516590498   0.56696768667104   -0.0342015393510979   -0.00282348409286337   0
0.506925160608528   0.567470067563719   0.0641176440180301   0.000502380892678955   0
0.422809246005957   0.551081220588509   -0.0841159146025712   -0.0163888469752101   0
0.447058919479778   0.527142594361507   0.0242496734738212   -0.0239386262270024   0
0.39552144433807   0.516828412957056   -0.0515374751417078   -0.0103141814044512   0
0.459151033104387   0.500548649705004   0.0636295887663166   -0.0162797632520519   0
0.409363005791442   0.537986161839603   -0.0497880273129446   0.0374375121345991   0
0.439635178361716   0.52433186817697   0.0302721725702738   -0.0136542936626332   0
0.438850468590396   0.563503647985477   -0.000784709771320447   0.0391717798085073   0
0.449215781400691   0.550613069040866   0.0103653128102958   -0.0128905789446109   0
0.452253292275159   0.545201162322325   0.00303751087446763   -0.00541190671854119   0
0.361829187547817   0.505232238685903   -0.0904241047273418   -0.0399689236364218   0
0.401699412630647   0.47549264640442   0.0398702250828297   -0.0297395922814825   0
0.336986750951083   0.490079169409108   -0.0647126616795638   0.0145865230046872   0
0.430060341111068   0.504776731519904   0.0930735901599845   0.0146975621107967   0
0.370316420295766   0.505748586857785   -0.0597439208153016   0.000971855337880911   0
0.441702734223911   0.547217721350408   0.0713863139281447   0.0414691344926232   0
0.493737358060573   0.571221132216272   0.052034623836662   0.024003410865864   0
0.409725105689733   0.541438811890034   -0.0840122523708401   -0.0297823203262388   0
0.449556300855526   0.54870649419186   0.039831195165793   0.00726768230182595   0
0.396104289126774   0.547535285582562   -0.0534520117287515   -0.00117120860929776   0
0.49746593922759   0.564382677036507   0.101361650100816   0.0168473914539456   0
0.426342778602207   0.561777526776278   -0.0711231606253825   -0.00260515026022923   0
0.487139976105757   0.573848011455666   0.0607971975035497   0.0120704846793881   0
0.444792747182252   0.572903359861896   -0.0423472289235051   -0.000944651593770551   0
0.500578175519283   0.592223941335919   0.0557854283370313   0.0193205814740229   0
0.412465173155752   0.57092349945336   -0.0881130023635316   -0.0213004418825591   0
0.482144938916887   0.579479055873649   0.0696797657611354   0.00855555642028949   0
0.413665829800857   0.554591623364828   -0.0684791091160298   -0.0248874325088215   0
0.438397817560464   0.558515053491301   0.0247319877596063   0.00392343012647312   0
0.422381985134056   0.541158821724091   -0.016015832426408   -0.0173562317672092   0
