2.46139228789942e-14   7.16558404191118e-16   0   0   0
0.014516406977715   0.00785021988077127   0.0145164069776904   0.00785021988077055   0
0.0247244221571467   0.0170925669629434   0.0102080151794317   0.00924234708217217   0
0.0798448646807972   0.0303326914636335   0.0551204425236505   0.01324012450069   0
0.0980113517470708   0.0304467583092345   0.0181664870662736   0.000114066845601012   0
0.118081233970019   0.0115567181766873   0.0200698822229483   -0.0188900401325472   0
0.197556373429569   0.0520001746866116   0.0794751394595503   0.0404434565099243   0
0.163923419571411   0.132406338394901   -0.0336329538581584   0.0804061637082895   0
0.186949803727851   0.13770146233303   0.02302638415644   0.00529512393812845   0
0.211086846275599   0.133748507610842   0.024137042547748   -0.00395295472218798   0
0.26649604214272   0.111895058793226   0.0554091958671211   -0.021853448817616   0
0.238933100770337   0.236986682851154   -0.0275629413723832   0.125091624057929   0
0.130780171788988   0.21430955683171   -0.108152928981349   -0.0226771260194443   0
0.135587484535768   0.213189276625245   0.00480731274678053   -0.00112028020646487   0
0.129603364021773   0.225817339842922   -0.00598412051399588   0.0126280632176772   0
0.17518298384699   0.227117192194104   0.0455796198252176   0.00129985235118171   0
0.165115819842947   0.218518178857682   -0.0100671640040429   -0.00859901333642166   0
0.205238339684413   0.21158943638   0.0401225198414659   -0.00692874247768219   0
0.147891961748982   0.183990216335796   -0.0573463779354315   -0.0275992200442039   0
0.25146685434614   0.257070447491457   0.103574892597158   0.0730802311556611   0
0.259510851780039   0.250500320563307   0.00804399743389939   -0.00657012692815051   0
0.21538102815791   0.209220845593263   -0.044129823622129   -0.0412794749700439   0
0.266403606617925   0.225536482967646   0.0510225784600146   0.0163156373743834   0
0.272168709336653   0.246963244050914   0.00576510271872799   0.0214267610832675   0
0.282993369124688   0.260529765609139   0.0108246597880352   0.013566521558225   0
0.2749792195249   0.270653329133428   -0.00801414959978775   0.0101235635242894   0
0.264143649930955   0.26042470423424   -0.010835569593945   -0.0102286248991879   0
0.332539316069655   0.229414564381575   0.0683956661386997   -0.0310101398526657   0
0.336636077590484   0.265495790476066   0.00409676152082866   0.036081226094491   0
0.283304954521331   0.281129890175251   -0.0533311230691527   0.0156340996991858   0
0.25480929682652   0.246173241023726   -0.028495657694811   -0.0349566491515257   0
0.299677853392773   0.270149119061377   0.0448685565662534   0.0239758780376509   0
0.330681102802656   0.272138941317401   0.0310032494098824   0.00198982225602429   0
0.225101854389006   0.26491085452918   -0.10557924841365   -0.00722808678822073   0
0.205344291109059   0.295769441538891   -0.019757563279947   0.030858587009711   0
0.221406997715111   0.335068818765693   0.0160627066060527   0.0392993772268021   0
0.301703850400142   0.268619954413671   0.0802968526850303   -0.0664488643520219   0
0.285513665232841   0.284295589472201   -0.0161901851673006   0.0156756350585296   0
0.38523506913007   0.314955941547861   0.0997214038972291   0.03066035207566   0
0.293413145989724   0.351337668896222   -0.0918219231403461   0.0363817273483608   0
0.302417362545364   0.37959301226363   0.00900421655564043   0.0282553433674087   0
0.329242389857184   0.340596552754576   0.0268250273118195   -0.0389964595090545   0
0.262160785831407   0.363187102890356   -0.0670816040257766   0.0225905501357799   0
0.195179100180732   0.381915866525445   -0.0669816856506755   0.0187287636350896   0
0.212111869629406   0.424418379196678   0.0169327694486745   0.0425025126712322   0
0.227386847912535   0.418232979091125   0.0152749782831281   -0.00618540010555291   0
0.22970461830147   0.414803207918624   0.00231777038893499   -0.00342977117250037   0
0.236119221398968   0.404316264915102   0.00641460309749875   -0.0104869430035225   0
0.233880192971765   0.394081159556442   -0.00223902842720292   -0.0102351053586603   0
0.232134846018925   0.405158729421209   -0.00174534695284059   0.0110775698647677   0
0.268464892005469   0.406947079499897   0.036330045986544   0.00178835007868733   0
0.344682308484537   0.57408613774618   0.076217416479068   0.167139058246283   0
0.327052772585664   0.684675608984581   -0.017629535898873   0.110589471238401   0
0.315753371587276   0.691744190733698   -0.0112994009983875   0.00706858174911773   0
0.371713931990379   0.698616161201087   0.0559605604031028   0.00687197046738885   0
0.372779631612802   0.671627952872884   0.00106569962242276   -0.0269882083282034   0
0.336299656347477   0.669481719848786   -0.0364799752653245   -0.00214623302409833   0
0.31094512246688   0.634445139917965   -0.0253545338805977   -0.0350365799308205   0
0.281410960293789   0.485748370611718   -0.0295341621730906   -0.148696769306247   0
0.318323079224861   0.564148051786205   0.0369121189310723   0.0783996811744865   0
0.251313259158817   0.585866793384689   -0.0670098200660439   0.0217187415984836   0
0.277196250299283   0.606521027603626   0.0258829911404651   0.0206542342189374   0
0.284157031928347   0.658109572058809   0.00696078162906472   0.0515885444551826   0
0.272794317933182   0.649410378001562   -0.0113627139951652   -0.00869919405724628   0
0.288739434599261   0.652456396771631   0.0159451166660791   0.00304601877006905   0
0.318079607180656   0.653013727800603   0.029340172581395   0.000557331028971153   0
0.290855583314139   0.639019259154954   -0.0272240238665167   -0.0139944686456481   0
0.281041324777025   0.644803199699995   -0.00981425853711471   0.00578394054504061   0
0.290550372300388   0.64131689091149   0.00950904752336296   -0.00348630878850498   0
0.288779696794628   0.641869829860028   -0.00177067550575999   0.000552938948538029   0
0.274357940351257   0.577088040928098   -0.0144217564433703   -0.0647817889319304   0
0.264091017317616   0.543811728683555   -0.0102669230336409   -0.0332763122445422   0
0.29190360468274   0.565369192965562   0.0278125873651239   0.021557464282007   0
0.226812249274227   0.543995434232293   -0.0650913554085135   -0.0213737587332695   0
0.251264783309461   0.513332553152638   0.0244525340352345   -0.0306628810796544   0
0.257990433826231   0.451163596504456   0.00672565051676949   -0.0621689566481827   0
0.179454359445491   0.612863843955203   -0.07853607438074   0.161700247450747   0
0.343580452976275   0.613395069251048   0.164126093530784   0.000531225295845483   0
0.333650600830729   0.653781304683281   -0.00992985214554537   0.0403862354322324   0
0.315307335774815   0.650959752411773   -0.0183432650559142   -0.00282155227150738   0
0.301050621759761   0.63049805307895   -0.0142567140150546   -0.020461699332823   0
0.307694876169323   0.636661332824177   0.00664425440956229   0.00616327974522657   0
0.303366512851505   0.646360351245853   -0.00432836331781744   0.00969901842167642   0
0.306200890540245   0.67341488449309   0.00283437768874006   0.0270545332472364   0
0.349374125579124   0.658423260297486   0.0431732350388788   -0.0149916241956041   0
0.409634986814809   0.633041318266758   0.0602608612356845   -0.0253819420307273   0
0.458763640975897   0.605137687098722   0.0491286541610877   -0.0279036311680364   0
0.466162432204554   0.55564101622811   0.007398791228657   -0.0494966708706114   0
0.432374039622165   0.599572354736712   -0.0337883925823882   0.0439313385086015   0
0.494407671876424   0.634517789732991   0.062033632254259   0.0349454349962793   0
0.48499314419777   0.603342947794321   -0.00941452767865453   -0.0311748419386702   0
0.420883943346362   0.570134855514842   -0.064109200851408   -0.0332080922794795   0
0.413321142160186   0.583264392470478   -0.00756280118617575   0.0131295369556363   0
0.503045472837325   0.636649112014073   0.0897243306771392   0.0533847195435948   0
0.435451635642938   0.640297955058511   -0.0675938371943871   0.00364884304443858   0
0.473030352135461   0.622247364519803   0.0375787164925225   -0.0180505905387081   0
0.411459805920797   0.616837497685557   -0.0615705462146641   -0.00540986683424594   0
0.414169336324518   0.618229349576702   0.00270953040372163   0.00139185189114488   0
0.516397542491385   0.601503808725241   0.102228206166867   -0.0167255408514617   0
0.450671518660103   0.560265389663388   -0.0657260238312823   -0.0412384190618528   0
0.419497168208684   0.604822166785624   -0.0311743504514189   0.0445567771222358   0
0.529913548484696   0.609401735967293   0.110416380276012   0.0045795691816698   0
0.558068939264287   0.60599824325276   0.0281553907795907   -0.00340349271453355   0
0.469786224940043   0.579338712498586   -0.0882827143242434   -0.0266595307541738   0
0.448919842762089   0.602161336430909   -0.0208663821779539   0.0228226239323231   0
0.464381615497556   0.638910759776487   0.0154617727354669   0.0367494233455781   0
0.521252548276835   0.65910595628551   0.0568709327792787   0.020195196509023   0
0.495843222005166   0.700547416951234   -0.0254093262716696   0.0414414606657233   0
0.479500301885466   0.684294955133062   -0.0163429201196997   -0.0162524618181713   0
0.489423407501765   0.682449986835536   0.00992310561629905   -0.00184496829752656   0
0.48703355399583   0.688972537109163   -0.00238985350593485   0.00652255027362725   0
0.49888675497305   0.695522789468192   0.01185320097722   0.00655025235902873   0
0.46200574189596   0.679062390854929   -0.0368810130770902   -0.0164603986132623   0
0.42535274487777   0.704124901644117   -0.0366529970181903   0.025062510789188   0
0.459225669381888   0.725265787358398   0.033872924504118   0.0211408857142806   0
0.43179804801376   0.699892129961838   -0.0274276213681279   -0.0253736573965602   0
0.527104034160604   0.697690966768857   0.0953059861468445   -0.00220116319298092   0
0.457478982827609   0.710414436904102   -0.0696250513329953   0.012723470135245   0
0.40834105266802   0.741793067074303   -0.0491379301595885   0.0313786301702016   0
0.428685682093454   0.77194103184327   0.0203446294254339   0.0301479647689663   0
0.349686669313842   0.76307731438377   -0.0789990127796124   -0.0088637174595001   0
0.398881008272731   0.752224522611896   0.0491943389588895   -0.010852791771874   0
0.414625249083008   0.727126256806052   0.0157442408102761   -0.0250982658058438   0
0.399355516780827   0.711005010928593   -0.0152697323021805   -0.0161212458774591   0
0.387207484477241   0.710533374326252   -0.0121480323035865   -0.000471636602340619   0
0.392666020070673   0.709638868780906   0.0054585355934329   -0.000894505545345647   0
0.416973774516411   0.702906147100493   0.0243077544457374   -0.00673272168041372   0
0.422702598998047   0.670182709376163   0.00572882448163664   -0.0327234377243298   0
0.43583232466624   0.675206921052276   0.0131297256681923   0.00502421167611267   0
0.435114864802157   0.722347909817641   -0.000717459864082892   0.0471409887653654   0
0.411970279735727   0.696321368819753   -0.0231445850664298   -0.0260265409978883   0
0.403073717525106   0.702849997639774   -0.00889656221062141   0.00652862882002081   0
0.393719359522276   0.701297662400676   -0.00935435800282919   -0.00155233523909704   0
0.431294432088205   0.701112308643768   0.0375750725659286   -0.000185353756908868   0
0.444072805238549   0.678058635851784   0.0127783731503443   -0.0230536727919836   0
0.480180640194098   0.650680385293029   0.0361078349555489   -0.0273782505587546   0
0.474060432597319   0.639946343155994   -0.00612020759677956   -0.0107340421370358   0
0.509842795441454   0.694465843653389   0.0357823628441352   0.0545195004973957   0
0.522937096620112   0.712324974180416   0.0130943011786581   0.017859130527027   0
0.494378295800682   0.724191339958637   -0.02855880081943   0.0118663657782203   0
0.53378023743419   0.717357157238652   0.0394019416335085   -0.00683418271998504   0
0.56645688849648   0.768725759887786   0.0326766510622892   0.0513686026491346   0
0.606989371580497   0.820825517528791   0.040532483084017   0.0520997576410045   0
0.608718969463891   0.78421899615477   0.00172959788339466   -0.0366065213740209   0
0.609917662102875   0.764632014085091   0.00119869263898387   -0.0195869820696787   0
0.578910071983628   0.792985397988047   -0.0310075901192467   0.0283533839029558   0
0.622136603287675   0.796818344691347   0.0432265313040467   0.00383294670330026   0
0.577553664961594   0.728295017308714   -0.0445829383260813   -0.0685233273826332   0
0.606046576299881   0.738101961650349   0.0284929113382869   0.00980694434163532   0
0.621375765028475   0.733020229100612   0.0153291887285938   -0.00508173254973709   0
0.567734893837817   0.756131229137448   -0.053640871190658   0.023111000036836   0
0.567784956448998   0.799788691692805   5.00626111817892e-05   0.0436574625553569   0
0.653692451202595   0.825708439281772   0.0859074947535963   0.0259197475889669   0
0.730585661838964   0.951693469759363   0.0768932106363689   0.125985030477591   0
0.692105603629062   0.922778600754875   -0.0384800582099013   -0.028914869004488   0
0.749420875250089   0.950218321641446   0.0573152716210271   0.027439720886571   0
0.772573026862053   0.948393252613691   0.023152151611964   -0.00182506902775503   0
0.77564254939226   0.948288696192738   0.00306952253020698   -0.000104556420952417   0
0.640040859352514   0.934578241565654   -0.135601690039746   -0.013710454627085   0
0.664731720014637   0.955002804155762   0.0246908606621224   0.0204245625901083   0
0.665799839124718   0.936062316335907   0.00106811911008153   -0.0189404878198552   0
0.665936164310435   0.947822726804749   0.000136325185716379   0.0117604104688427   0
0.612774696055233   0.934075762732318   -0.0531614682552021   -0.0137469640724314   0
0.643365397322678   0.937898628459808   0.0305907012674456   0.00382286572748969   0
0.55448042428783   0.84243022862872   -0.0888849730348484   -0.0954683998310876   0
0.581927221614574   0.879711191365742   0.0274467973267444   0.0372809627370222   0
0.447089043556486   0.844913740347201   -0.134838178058088   -0.0347974510185414   0
0.409391232951888   0.843852810685879   -0.0376978106045985   -0.00106092966132199   0
0.427591317064149   0.847462515184135   0.0182000841122613   0.00360970449825571   0
0.399818899892759   0.849630975084908   -0.0277724171713902   0.00216845990077308   0
0.442222133542257   0.864644624427773   0.0424032336494979   0.0150136493428652   0
0.406569609557043   0.842991852265823   -0.0356525239852143   -0.0216527721619495   0
0.398732828923049   0.85142652126654   -0.00783678063399329   0.00843466900071621   0
0.431329411858408   0.889747944280157   0.0325965829353582   0.0383214230136179   0
0.393330917940573   0.867365863794403   -0.0379984939178348   -0.022382080485754   0
0.367286480461305   0.852077430341094   -0.0260444374792674   -0.0152884334533091   0
0.399903952021651   0.876802403349808   0.0326174715603457   0.0247249730087133   0
0.400351749408949   0.906905956349764   0.000447797387298499   0.0301035529999563   0
0.434148420635985   0.917014129145334   0.0337966712270354   0.01010817279557   0
0.405126846936129   0.91671850118761   -0.0290215736998557   -0.000295627957723643   0
0.388076642334869   0.877631792366911   -0.0170502046012598   -0.0390867088206993   0
0.439056470696192   0.907630547106602   0.0509798283613228   0.0299987547396914   0
0.474390813125679   0.929580135164011   0.0353343424294874   0.021949588057409   0
0.573120618902433   0.969419934460105   0.0987298057767534   0.0398397992960935   0
0.533471159280582   0.949938412740059   -0.0396494596218506   -0.0194815217200458   0
0.477185399374934   0.941730478905735   -0.0562857599056487   -0.00820793383432383   0
0.49800831507737   0.954226330063507   0.0208229157024367   0.012495851157772   0
0.531470491809752   0.955181245657028   0.0334621767323814   0.000954915593520678   0
0.503803913969966   0.924294523495768   -0.0276665778397855   -0.0308867221612593   0
0.587702335594116   0.878811526222933   0.0838984216241497   -0.0454829972728358   0
0.770944731935507   0.999502584079241   0.183242396341392   0.120691057856309   0
0.791229957833257   0.975262690763971   0.0202852258977499   -0.0242398933152703   0
0.662360557372772   1.00266415068035   -0.128869400460485   0.0274014599163778   0
0.607563937137053   1.01034752742159   -0.0547966202357199   0.00768337674124009   0
0.540950744843684   1.02151908965203   -0.0666131922933682   0.0111715622304416   0
0.527701696694092   1.00497606046244   -0.0132490481495926   -0.0165430291895921   0
0.526413288423198   1.01859833833554   -0.00128840827089383   0.0136222778731034   0
0.542505731413542   1.0075605426006   0.0160924429903436   -0.0110377957349421   0
0.538703163577568   1.02001081913451   -0.00380256783597388   0.0124502765339121   0
0.586630188777431   1.05118013857338   0.0479270251998631   0.0311693194388645   0
0.685096307113949   1.0630745706208   0.0984661183365183   0.0118944320474197   0
0.63052622949505   1.05752068706173   -0.0545700776188988   -0.00555388355906139   0
0.707437831472497   1.08761385630691   0.0769116019774463   0.0300931692451758   0
0.611820793518567   1.04857695756787   -0.0956170379539298   -0.039036898739043   0
0.608517173833629   1.05766307008978   -0.00330361968493798   0.00908611252191394   0
0.579709296305   1.03275669335099   -0.0288078775286291   -0.0249063767387927   0
0.539582049631734   0.999402635902515   -0.0401272466732654   -0.0333540574484735   0
0.608669963322256   1.04684305901375   0.0690879136905214   0.0474404231112312   0
0.637886324793755   1.05211157513347   0.0292163614714991   0.00526851611972634   0
0.666375583081259   1.04715569173402   0.0284892582875037   -0.00495588339945208   0
0.627196090160325   1.04340726137507   -0.0391794929209335   -0.003748430358951   0
0.702520529139983   1.08059617812472   0.0753244389796575   0.0371889167496509   0
0.643160598680553   1.05061662449003   -0.0593599304594292   -0.0299795536346876   0
0.581060066882441   1.02858570302036   -0.0621005317981126   -0.0220309214696732   0
0.639841250808849   1.05002785138753   0.0587811839264079   0.0214421483671665   0
0.626906932553444   1.0201526647482   -0.0129343182554041   -0.0298751866393305   0
0.745146364255913   1.05684506072498   0.118239431702469   0.0366923959767838   0
0.602182056090682   1.0262350729676   -0.142964308165231   -0.0306099877573753   0
0.604117545856078   1.03544466138806   0.00193548976539615   0.0092095884204566   0
0.616931999829069   1.02079402236954   0.0128144539729907   -0.0146506390185164   0
0.593241812444736   1.00383374063688   -0.0236901873843335   -0.0169602817326642   0
0.515596208117442   0.987809946132224   -0.0776456043272933   -0.0160237945046554   0
0.624282797913617   1.04672395985122   0.108686589796175   0.0589140137189922   0
0.7100544955607   0.972141959214507   0.0857716976470825   -0.0745820006367095   0
0.709997192226882   1.00938884600926   -5.73033338174822e-05   0.0372468867947515   0
0.697551844691775   1.02253515084011   -0.0124453475351072   0.0131463048308473   0
0.672581604376947   1.07312488288064   -0.0249702403148285   0.0505897320405342   0
0.706249606328338   1.11762406674893   0.0336680019513916   0.0444991838682938   0
0.686973005872912   1.09883846103471   -0.0192766004554259   -0.0187856057142251   0
0.69869761073932   1.07831386417899   0.0117246048664071   -0.0205245968557173   0
0.651977102626423   1.02516292788602   -0.046720508112897   -0.0531509362929703   0
0.6481333039567   1.05709555298971   -0.00384379866972229   0.0319326251036909   0
0.644354095112371   1.05889918219842   -0.00377920884432925   0.00180362920870447   0
0.641465040957893   1.04411586529028   -0.00288905415447804   -0.0147833169081404   0
