2.00971838739175e-14   1.39048666364804e-15   0   0   0
0.163511034878147   0.0930066551134702   0.163511034878127   0.0930066551134688   0
0.0684666644833031   0.0590549924467844   -0.0950443703948444   -0.0339516626666858   0
0.0941497575056153   0.0547086166991262   0.0256830930223122   -0.00434637574765817   0
0.072689237024639   0.0353387905531609   -0.0214605204809762   -0.0193698261459654   0
0.0700665384834942   0.051786146265931   -0.00262269854114479   0.0164473557127701   0
0.071184924026521   0.0323752907555829   0.00111838554302679   -0.0194108555103481   0
0.0801378226560019   0.041610974290967   0.00895289862948086   0.00923568353538405   0
0.128464806035528   0.0432665934233775   0.0483269833795265   0.00165561913241053   0
0.366839963060227   0.218453784282901   0.238375157024698   0.175187190859523   0
0.15822769234287   0.0941885406848579   -0.208612270717357   -0.124265243598043   0
0.113672055508276   0.0670752432718408   -0.0445556368345933   -0.0271132974130171   0
0.067693318560143   0.0442342424448782   -0.0459787369481333   -0.0228410008269627   0
0.0873457933194833   0.0591805281963885   0.0196524747593403   0.0149462857515103   0
0.0594559229307669   0.0453613690035076   -0.0278898703887164   -0.0138191591928808   0
0.0554881907316886   0.0415673095130042   -0.00396773219907832   -0.00379405949050343   0
0.0548895625147952   0.024982619108886   -0.000598628216893368   -0.0165846904041182   0
0.061521862061241   0.0492971171502053   0.00663229954644578   0.0243144980413193   0
0.0626024156953824   0.0575307443156195   0.0010805536341414   0.00823362716541419   0
0.0965784649298775   0.0781722817885594   0.0339760492344951   0.0206415374729399   0
0.0716912018534327   0.0472155659172009   -0.0248872630764448   -0.0309567158713585   0
0.103865550967848   0.0779532133452909   0.0321743491144154   0.03073764742809   0
0.0513910626530937   0.0307671574465618   -0.0524744883147544   -0.0471860558987291   0
0.10052811289277   0.100463677096255   0.0491370502396766   0.0696965196496934   0
0.0625246086412718   0.0416702227032156   -0.0380035042514986   -0.0587934543930397   0
0.111870245748288   0.0959003296419244   0.0493456371070158   0.0542301069387088   0
0.0711742700502471   0.0414916349843664   -0.0406959756980406   -0.0544086946575579   0
0.146859308442309   0.137035619688837   0.0756850383920621   0.0955439847044702   0
0.084053831619758   0.0650428552081674   -0.0628054768225513   -0.0719927644806693   0
0.122525132825833   0.106748933137026   0.0384713012060754   0.0417060779288589   0
0.106806978439881   0.0712218462153333   -0.0157181543859529   -0.035527086921693   0
0.100090041000553   0.0727887164884043   -0.00671693743932791   0.00156687027307099   0
0.124153142469724   0.097712457782724   0.0240631014691716   0.0249237412943198   0
0.0858962182415262   0.0694516934575399   -0.038256924228198   -0.0282607643251842   0
0.111055588405494   0.124302417975637   0.0251593701639679   0.0548507245180974   0
0.303599938816412   0.230725831868492   0.192544350410918   0.106423413892855   0
0.151236585343292   0.24367501091923   -0.15236335347312   0.0129491790507378   0
0.216326118036012   0.312973776878426   0.0650895326927197   0.0692987659591956   0
0.221114295468585   0.321664174598166   0.00478817743257293   0.00869039771974034   0
0.166959236997578   0.280552196499922   -0.0541550584710067   -0.0411119780982437   0
0.181671421167942   0.294517619304986   0.0147121841703646   0.0139654228050639   0
0.15899061102865   0.273872829057019   -0.0226808101392927   -0.0206447902479671   0
0.164062813428363   0.26965936038083   0.0050722023997134   -0.00421346867618894   0
0.162429397371057   0.258941008255581   -0.00163341605730646   -0.0107183521252492   0
0.152697256738368   0.263760557894287   -0.00973214063268865   0.00481954963870618   0
0.167352291331739   0.264080747533615   0.0146550345933709   0.000320189639327451   0
0.150825511464422   0.26876646955768   -0.0165267798673172   0.00468572202406536   0
0.148334871008617   0.261120617660429   -0.00249064045580483   -0.0076458518972507   0
0.164016104437116   0.275606772369595   0.0156812334284991   0.014486154709166   0
0.168250490297903   0.25896151512074   0.00423438586078734   -0.0166452572488553   0
0.159047157777204   0.272370014131881   -0.0092033325206996   0.0134084990111408   0
0.17552969336069   0.237582579939158   0.0164825355834866   -0.0347874341927225   0
0.162056474512599   0.262476521641133   -0.0134732188480909   0.0248939417019743   0
0.185540217663777   0.264367645049329   0.0234837431511778   0.0018911234081963   0
0.182686379057095   0.297352433796354   -0.00285383860668242   0.032984788747025   0
0.191463629744891   0.273216391025636   0.0087772506877962   -0.0241360427707182   0
0.215559706939905   0.214018925678781   0.024096077195014   -0.0591974653468545   0
0.198925780360419   0.194646250426108   -0.0166339265794856   -0.0193726752526731   0
0.175942203365746   0.220064024872584   -0.0229835769946737   0.0254177744464759   0
0.187973076476526   0.260913905063677   0.0120308731107801   0.0408498801910933   0
0.168998570152999   0.254592209219094   -0.0189745063235273   -0.00632169584458336   0
0.186027738345834   0.247917799287968   0.0170291681928352   -0.00667440993112611   0
0.166679658251342   0.254811597906896   -0.0193480800944921   0.00689379861892864   0
0.183130932662797   0.24892733085538   0.0164512744114553   -0.00588426705151679   0
0.190902895856121   0.247884495942624   0.00777196319332404   -0.00104283491275561   0
0.175808708786435   0.26196123748258   -0.015094187069686   0.0140767415399565   0
0.17502175943716   0.256658023649758   -0.000786949349275368   -0.00530321383282251   0
0.168067879020747   0.262804489442244   -0.00695388041641271   0.00614646579248657   0
0.187048390970958   0.275587524938837   0.0189805119502106   0.0127830354965924   0
0.182481876658927   0.303707925987806   -0.00456651431203062   0.0281204010489688   0
0.189422697933994   0.302673049509437   0.00694082127506726   -0.00103487647836908   0
0.186116171443037   0.325172095056056   -0.00330652649095758   0.0224990455466194   0
0.189790275579455   0.307673937193216   0.0036741041364183   -0.0174981578628399   0
0.194709215174698   0.318049334434431   0.00491893959524292   0.0103753972412152   0
0.194362619695231   0.305579810125738   -0.000346595479466444   -0.0124695243086931   0
0.179819260929972   0.312822968574314   -0.0145433587652597   0.00724315844857626   0
0.207052342949069   0.317603779221767   0.027233082019097   0.00478081064745262   0
0.17636846692799   0.313428426714583   -0.0306838760210784   -0.00417535250718359   0
0.198092704923681   0.308351089551946   0.021724237995691   -0.00507733716263736   0
0.180521889514601   0.319203611347611   -0.0175708154090802   0.0108525217956649   0
0.188832367502171   0.316590915033858   0.00831047798756998   -0.00261269631375333   0
0.2260077754731   0.324842569045519   0.0371754079709286   0.00825165401166117   0
0.207246146564512   0.34852720696561   -0.0187616289085873   0.0236846379200913   0
0.215498927164275   0.363750697185669   0.00825278059976239   0.0152234902200589   0
0.259418939522701   0.434903220845013   0.0439200123584258   0.0711525236593439   0
0.286278182132269   0.479588775039437   0.0268592426095685   0.0446855541944236   0
0.264844091032233   0.46223159029135   -0.0214340911000362   -0.0173571847480861   0
0.264131856036098   0.508585250884218   -0.000712234996135208   0.0463536605928678   0
0.257837904520822   0.45456513806022   -0.00629395151527595   -0.0540201128239986   0
0.253300945671231   0.457873420370423   -0.00453695884959116   0.00330828231020297   0
0.24186731158069   0.43108532793842   -0.0114336340905403   -0.0267880924320023   0
0.250745240153078   0.447451536790307   0.00887792857238728   0.0163662088518862   0
0.249181237105224   0.426828297335953   -0.00156400304785323   -0.0206232394543537   0
0.247576767420291   0.429602526152573   -0.00160446968493375   0.00277422881662004   0
0.243822966704471   0.432680742160811   -0.00375380071581943   0.00307821600823793   0
0.235876907048322   0.441144890522102   -0.00794605965614878   0.00846414836129145   0
0.245247391221741   0.452384437203639   0.00937048417341857   0.0112395466815367   0
0.236910945569725   0.45292755478251   -0.00833644565201616   0.000543117578870544   0
0.248532962198988   0.446694518439797   0.0116220166292628   -0.00623303634271277   0
0.247981203200687   0.44896990550029   -0.000551758998300622   0.00227538706049357   0
0.23989329360113   0.459846587598781   -0.00808790959955699   0.0108766820984907   0
0.248117764275647   0.452799284214467   0.00822447067451709   -0.00704730338431436   0
0.246433500296346   0.460239382874634   -0.0016842639793013   0.00744009866016748   0
0.247550779420172   0.445843152319195   0.00111727912382661   -0.014396230555439   0
0.253365285084999   0.453694182104513   0.00581450566482611   0.00785102978531749   0
0.251437645967321   0.441732733428881   -0.00192763911767724   -0.0119614486756313   0
0.245770272331382   0.456819650059098   -0.00566737363593903   0.0150869166302166   0
0.24428724396453   0.452171847850607   -0.00148302836685218   -0.0046478022084912   0
0.24049798483584   0.466015502959754   -0.00378925912869041   0.0138436551091467   0
0.251361405335404   0.47770842839569   0.0108634204995642   0.0116929254359363   0
0.230780033640974   0.488165871156141   -0.0205813716944294   0.0104574427604512   0
0.237143243294849   0.477716089350914   0.00636320965387469   -0.010449781805227   0
0.240283499284668   0.483759817207482   0.00314025598981865   0.00604372785656776   0
0.238983344340897   0.477376585800002   -0.00130015494377075   -0.00638323140747976   0
0.248099204174001   0.473180273237695   0.00911585983310381   -0.00419631256230729   0
0.274935494140704   0.45835332275595   0.0268362899667034   -0.0148269504817444   0
0.227414373794859   0.454551831941067   -0.0475211203458454   -0.00380149081488351   0
0.251731317476147   0.463713134911637   0.0243169436812879   0.00916130297057022   0
0.275306583962184   0.482036912271661   0.023575266486037   0.0183237773600241   0
0.265907200948618   0.489345927237046   -0.00939938301356613   0.00730901496538522   0
0.262144985701907   0.46673581471187   -0.00376221524671061   -0.0226101125251764   0
0.254396578006532   0.459157998738762   -0.00774840769537483   -0.00757781597310803   0
0.261047605992813   0.458245008379826   0.00665102798628048   -0.000912990358935939   0
0.256992609742636   0.463072468742174   -0.00405499625017669   0.00482746036234771   0
0.257488289112822   0.471112631603967   0.000495679370185964   0.00804016286179299   0
0.255788593522196   0.470419114594016   -0.00169969559062577   -0.000693517009950906   0
0.25308761483016   0.477051522124507   -0.00270097869203634   0.00663240753049166   0
0.256709699053463   0.475962243292164   0.00362208422330274   -0.00108927883234367   0
0.258436967952103   0.4770338979658   0.00172726889864072   0.00107165467363607   0
0.261952599341048   0.467541336543258   0.00351563138894428   -0.00949256142254168   0
0.259845778847821   0.475581484431976   -0.00210682049322669   0.00804014788871754   0
0.250563850183805   0.476671875375198   -0.0092819286640155   0.00109039094322211   0
0.256514330373199   0.475541055001047   0.00595048018939359   -0.00113082037415069   0
0.27277923235859   0.488742355077124   0.0162649019853908   0.0132013000760773   0
0.259628766168176   0.506015701076956   -0.0131504661904137   0.0172733459998317   0
0.276856324874722   0.490245833139552   0.0172275587065455   -0.0157698679374041   0
0.273789284055019   0.483661693036431   -0.00306704081970283   -0.00658414010312047   0
0.256079641110389   0.492016195011781   -0.0177096429446293   0.00835450197534909   0
0.27025446372188   0.496164483589091   0.0141748226114904   0.00414828857731042   0
0.266424555349647   0.503850524340578   -0.00382990837223302   0.00768604075148732   0
0.289406940180447   0.50100972101647   0.0229823848308   -0.00284080332410863   0
0.29546264825811   0.489801159260511   0.00605570807766354   -0.011208561755959   0
0.290169787304375   0.499454323713631   -0.00529286095373505   0.00965316445312059   0
0.28495891018762   0.496227413703109   -0.00521087711675494   -0.00322691001052239   0
0.297590647468078   0.502794240827694   0.0126317372804576   0.00656682712458462   0
0.293192974319574   0.48351383113732   -0.00439767314850409   -0.0192804096903733   0
0.294008413056877   0.486719292468952   0.000815438737302832   0.0032054613316313   0
0.281942249225153   0.467869075550275   -0.0120661638317236   -0.0188502169186768   0
0.284950367555466   0.493325917711583   0.00300811833031339   0.0254568421613084   0
0.276639884369006   0.486682499402495   -0.00831048318646044   -0.00664341830908777   0
0.281336077545666   0.504729812041294   0.00469619317665998   0.0180473126387987   0
0.275588769353247   0.495536244143982   -0.00574730819241853   -0.00919356789731163   0
0.281241189096539   0.496218324354648   0.00565241974329161   0.000682080210665126   0
0.283003752841879   0.472749165768035   0.00176256374534028   -0.0234691585866126   0
0.299361881176519   0.467019066813963   0.0163581283346399   -0.00573009895407156   0
0.29710414818143   0.475285006743942   -0.00225773299508913   0.00826593992997876   0
0.286825611315925   0.485249622266419   -0.0102785368655048   0.00996461552247729   0
0.271833918611938   0.487878200287163   -0.0149916927039873   0.00262857802074307   0
0.270247167846302   0.488611545350067   -0.00158675076563608   0.000733345062904567   0
0.282561094322181   0.49987667457747   0.0123139264758791   0.0112651292274029   0
0.278820376515248   0.477270423400123   -0.00374071780693275   -0.0226062511773473   0
0.287163911709016   0.503751821485545   0.0083435351937674   0.0264813980854222   0
0.283562540907673   0.490252193054287   -0.00360137080134226   -0.0134996284312575   0
0.301543088481236   0.504114709378461   0.0179805475735625   0.0138625163241735   0
0.283635159647439   0.480005520957726   -0.0179079288337973   -0.0241091884207348   0
0.288914760464152   0.496601303430126   0.00527960081671353   0.0165957824724001   0
0.287639788523882   0.482188716225649   -0.00127497194027015   -0.0144125872044776   0
0.280735995031971   0.497942058726497   -0.00690379349191084   0.0157533425008486   0
0.278287694466641   0.491031294913361   -0.00244830056533041   -0.00691076381313599   0
0.275896384947481   0.492793431577852   -0.00239130951915922   0.00176213666449099   0
0.281930596511612   0.481648374572941   0.0060342115641307   -0.0111450570049112   0
0.297305194787918   0.493869152619755   0.0153745982763061   0.0122207780468138   0
0.297582114012893   0.482325109938626   0.000276919224974637   -0.0115440426811285   0
0.323525512123249   0.512611889235142   0.025943398110356   0.0302867792965163   0
0.35180132288875   0.536573774374781   0.0282758107655012   0.0239618851396385   0
0.321258104453824   0.526572541446852   -0.0305432184349264   -0.0100012329279288   0
0.323239963583141   0.517590135898026   0.00198185912931753   -0.00898240554882634   0
0.326081089935193   0.527441490654494   0.00284112635205142   0.00985135475646814   0
0.330802239700959   0.505508397451428   0.00472114976576654   -0.0219330932030662   0
0.335591153581021   0.548541169127901   0.00478891388006231   0.0430327716764736   0
0.376128663058062   0.544535171667686   0.0405375094770406   -0.00400599746021491   0
0.298323056971769   0.498032065783099   -0.0778056060862927   -0.0465031058845873   0
0.318539728908931   0.515160122002035   0.0202166719371616   0.0171280562189356   0
0.306677793907622   0.508937729926957   -0.0118619350013094   -0.00622239207507724   0
0.301685133490389   0.5258625450342   -0.00499266041723212   0.0169248151072422   0
0.323947957519219   0.523938273093755   0.0222628240288295   -0.00192427194044509   0
0.318868683577635   0.523303722139629   -0.00507927394158381   -0.00063455095412579   0
0.337650939222858   0.514732030696209   0.0187822556452226   -0.00857169144342018   0
0.33533611107782   0.516110297116816   -0.0023148281450377   0.0013782664206079   0
0.316259975191508   0.504986036874735   -0.0190761358863123   -0.0111242602420812   0
0.310624668475984   0.501029991645771   -0.0056353067155242   -0.00395604522896453   0
0.319020557040128   0.512316098613674   0.00839588856414486   0.0112861069679031   0
0.315972451860058   0.516153278752895   -0.00304810518007004   0.00383718013922152   0
0.323044293783125   0.53854278980565   0.00707184192306637   0.0223895110527549   0
0.311706527619462   0.524259959133804   -0.0113377661636623   -0.0142828306718458   0
0.314504853753034   0.549708354545011   0.00279832613357134   0.025448395411207   0
0.312314583034869   0.521011251492635   -0.00219027071816519   -0.028697103052376   0
0.306131742706049   0.536854414174481   -0.00618284032881933   0.0158431626818456   0
0.317197079888876   0.533752220205725   0.0110653371828268   -0.00310219396875566   0
0.303799381263349   0.535840842932375   -0.013397698625527   0.00208862272664934   0
0.298487256028773   0.526137776829727   -0.0053121252345763   -0.00970306610264771   0
0.298878595860827   0.548637511926587   0.000391339832053916   0.0224997350968602   0
0.303502986531578   0.511296355237208   0.00462439067075171   -0.0373411566893797   0
0.370553174656673   0.489709797225984   0.0670501881250945   -0.0215865580112232   0
0.295736987728839   0.488038818634636   -0.0748161869278334   -0.00167097859134824   0
0.286726552311027   0.495365689638762   -0.00901043541781238   0.00732687100412605   0
0.290565020018899   0.496217235461745   0.00383846770787161   0.000851545822982802   0
0.300989398503439   0.528749711113038   0.0104243784845403   0.0325324756512932   0
0.320012017326243   0.521973389473395   0.0190226188228038   -0.00677632163964337   0
0.319059779775652   0.528525261193818   -0.00095223755059054   0.00655187172042326   0
0.319920770764162   0.521353111058733   0.000860990988509946   -0.00717215013508543   0
0.317153418308183   0.514127270828187   -0.00276735245597859   -0.00722584023054518   0
0.321338539686012   0.49503370028478   0.00418512137782895   -0.0190935705434071   0
0.31137353197726   0.510784812855383   -0.00996500770875292   0.0157511125706022   0
0.309380642731968   0.504641343895441   -0.00199288924529112   -0.00614346895994122   0
0.308553711062034   0.514369286050472   -0.000826931669934639   0.00972794215503026   0
0.319439815712546   0.508169553319403   0.0108861046505121   -0.006199732731069   0
0.319557857234172   0.50889667248413   0.000118041521626588   0.000727119164727785   0
0.321307028264402   0.497009082675626   0.00174917103022926   -0.0118875898085041   0
0.321641070535951   0.501898357090917   0.000334042271549762   0.00488927441529075   0
0.318068497151237   0.49961951350891   -0.00357257338471451   -0.00227884358200708   0
0.310053272620311   0.439134898384632   -0.00801522453092579   -0.0604846151242777   0
0.304842079129753   0.452869443312956   -0.00521119349055776   0.0137345449283239   0
0.297798523445536   0.445481513440442   -0.00704355568421744   -0.00738792987251424   0
0.292793357439205   0.431223619929394   -0.00500516600633105   -0.0142578935110482   0
0.287403875369498   0.436067720984008   -0.00538948206970669   0.00484410105461441   0
0.289026674150895   0.41948797700867   0.00162279878139659   -0.0165797439753383   0
0.28424570596027   0.417529330455078   -0.00478096819062457   -0.00195864655359135   0
0.272665834992518   0.422863319830074   -0.0115798709677521   0.0053339893749958   0
0.28190461617261   0.42511963618168   0.00923878118009219   0.00225631635160584   0
0.291278753084524   0.429168583226011   0.00937413691191386   0.00404894704433056   0
0.27925181771503   0.426630958796576   -0.0120269353694945   -0.00253762442943495   0
0.287065131355579   0.417943445843589   0.00781331364054888   -0.00868751295298642   0
0.280911352426376   0.426286576638999   -0.00615377892920232   0.00834313079540933   0
