0   0   0   0   0
0.0908606988028397   0.0502426129325983   0.0908606988028397   0.0502426129325983   0
0.119861003107012   0.0898577701450768   0.0290003043041726   0.0396151572124785   0
0.0783832006785145   0.0830378324012556   -0.0414778024284977   -0.00681993774382122   0
0.0207546882175306   0.0434875738673413   -0.0576285124609839   -0.0395502585339143   0
0.0533502365152621   0.0317282660832007   0.0325955482977315   -0.0117593077841406   0
0.126680290905164   0.0193645068147292   0.0733300543899018   -0.0123637592684715   0
0.0251007856195458   0.0481338937284539   -0.101579505285618   0.0287693869137248   0
0.0409810956701713   0.0333707529184032   0.0158803100506255   -0.0147631408100507   0
0.0354304517878685   0.0552754294257208   -0.00555064388230277   0.0219046765073176   0
0.0921202155451442   0.0535014231164121   0.0566897637572757   -0.0017740063093087   0
0.140239904665308   0.0818580326941434   0.0481196891201634   0.0283566095777313   0
0.0480932819050193   0.0105135366549518   -0.0921466227602883   -0.0713444960391916   0
0.103468808365015   0.094502656578339   0.0553755264599954   0.0839891199233872   0
0.122166326724098   0.134014347502133   0.0186975183590828   0.0395116909237941   0
0.106066245992216   0.128838588992485   -0.0161000807318814   -0.00517575850964788   0
0.0961540046906039   0.0971845236555701   -0.00991224130161228   -0.0316540653369152   0
0.14249534069677   0.0983069867511974   0.0463413360061658   0.00112246309562723   0
0.141008933718554   0.107858319635952   -0.00148640697821548   0.00955133288475439   0
0.146675702768357   0.122839812372509   0.00566676904980257   0.0149814927365577   0
0.187035918144996   0.135220567057291   0.0403602153766395   0.0123807546847816   0
0.199231548908545   0.131461982969687   0.0121956307635489   -0.00375858408760457   0
0.148696579918381   0.130926379124233   -0.0505349689901641   -0.000535603845453203   0
0.145703145836486   0.085349954903287   -0.00299343408189462   -0.0455764242209463   0
0.105411287202624   0.0835759917638459   -0.0402918586338628   -0.00177396313944109   0
0.111055205389784   0.0734469760426111   0.00564391818716042   -0.0101290157212348   0
0.112341298167916   0.0989256508446628   0.00128609277813149   0.0254786748020516   0
0.157008503208119   0.0913287988737621   0.0446672050402038   -0.00759685197090071   0
0.185179763121717   0.128030857416696   0.028171259913598   0.0367020585429336   0
0.221342929668264   0.171939703330175   0.0361631665465469   0.0439088459134795   0
0.294517705693321   0.275861640508353   0.0731747760250572   0.103921937178178   0
0.215059006635078   0.220249548380425   -0.0794586990582429   -0.0556120921279275   0
0.267869530747346   0.228399214622623   0.052810524112268   0.00814966624219754   0
0.254711041855757   0.19622157194086   -0.0131584888915893   -0.0321776426817629   0
0.287019625378195   0.209050992571697   0.032308583522438   0.0128294206308373   0
0.286889872733857   0.215642987661513   -0.00012975264433851   0.00659199508981553   0
0.331128856029112   0.25477933377757   0.0442389832952556   0.0391363461160577   0
0.40672110227369   0.358380272543699   0.0755922462445774   0.103600938766128   0
0.354335478351493   0.305614557789234   -0.0523856239221964   -0.0527657147544644   0
0.337006530287039   0.283639969731251   -0.017328948064454   -0.0219745880579834   0
0.320816574302487   0.27227834405923   -0.0161899559845523   -0.0113616256720204   0
0.304097653723069   0.256131501206913   -0.0167189205794177   -0.016146842852317   0
0.328112458972192   0.246072907938066   0.0240148052491231   -0.0100585932688472   0
0.34436116272691   0.260578491842455   0.0162487037547176   0.0145055839043891   0
0.279378015098048   0.304098669973491   -0.0649831476288623   0.0435201781310355   0
0.27003839511747   0.306419920162126   -0.00933961998057814   0.00232125018863555   0
0.28326501421371   0.268364686341962   0.0132266190962407   -0.0380552338201647   0
0.302909242033615   0.261853880461917   0.0196442278199051   -0.00651080588004416   0
0.277090467161685   0.238028164244427   -0.0258187748719305   -0.0238257162174908   0
0.305706706579269   0.235297273661591   0.028616239417584   -0.00273089058283543   0
0.298521689777959   0.242043060948683   -0.00718501680130978   0.0067457872870918   0
0.311059605328383   0.249114808785749   0.012537915550424   0.00707174783706621   0
0.279108647999184   0.234126280792076   -0.0319509573291987   -0.014988527993673   0
0.269303793763182   0.242219147123088   -0.00980485423600264   0.00809286633101133   0
0.257042993424574   0.21689484768862   -0.0122608003386075   -0.0253242994344678   0
0.221462891796671   0.211207792646723   -0.0355801016279031   -0.00568705504189687   0
0.250485866189036   0.20718433354302   0.0290229743923651   -0.00402345910370325   0
0.273934677761694   0.216183380214478   0.0234488115726574   0.00899904667145804   0
0.288849907719633   0.221314775304923   0.014915229957939   0.00513139509044533   0
0.281610041409976   0.284964304763126   -0.00723986630965678   0.063649529458203   0
0.269247919396891   0.287791113748411   -0.012362122013085   0.00282680898528509   0
0.28348880684105   0.262229549774335   0.0142408874441593   -0.0255615639740756   0
0.380257245624265   0.18973508483273   0.0967684387832144   -0.0724944649416054   0
0.316142323881793   0.14936638872439   -0.064114921742472   -0.0403686961083403   0
0.408455205479276   0.205964132044616   0.0923128815974839   0.0565977433202265   0
0.431076475890839   0.180384806200329   0.0226212704115628   -0.025579325844287   0
0.429936945066962   0.16063559833715   -0.00113953082387747   -0.0197492078631789   0
0.413168575870606   0.163736052274626   -0.0167683691963563   0.00310045393747535   0
0.41330970445942   0.179940979719998   0.000141128588814821   0.0162049274453719   0
0.449557245372804   0.212253546655493   0.036247540913384   0.0323125669354957   0
0.424686329760799   0.173225787276809   -0.0248709156120053   -0.0390277593786846   0
0.378560260722548   0.15885708481204   -0.0461260690382513   -0.014368702464769   0
0.424271913001105   0.177404578908669   0.0457116522785568   0.0185474940966298   0
0.432240488542827   0.185849954957852   0.00796857554172281   0.00844537604918283   0
0.41898281946051   0.182142832612437   -0.0132576690823172   -0.00370712234541504   0
0.396142203422938   0.178164008959083   -0.0228406160375721   -0.00397882365335386   0
0.382572978616498   0.165416889369475   -0.0135692248064405   -0.0127471195896084   0
0.394744911539393   0.170039896104874   0.0121719329228953   0.00462300673539887   0
0.455006868204638   0.194119708485643   0.0602619566652448   0.0240798123807693   0
0.462661537719322   0.203025307519898   0.00765466951468446   0.00890559903425486   0
0.40439223583414   0.179888580050682   -0.0582693018851816   -0.0231367274692159   0
0.366690066211234   0.165101258748049   -0.0377021696229069   -0.0147873213026334   0
0.42758323313015   0.163504221009805   0.0608931669189167   -0.00159703773824355   0
0.411434067249154   0.159751062006969   -0.0161491658809959   -0.00375315900283574   0
0.375545617703907   0.172164834391674   -0.035888449545247   0.0124137723847047   0
0.359252072282889   0.17069993290047   -0.0162935454210184   -0.00146490149120362   0
0.331578397903806   0.155488105393145   -0.0276736743790833   -0.0152118275073259   0
0.338732029633947   0.14717950488433   0.00715363173014111   -0.00830860050881496   0
0.380365883322325   0.163405661022064   0.0416338536883777   0.0162261561377342   0
0.381437287894273   0.162900576285854   0.00107140457194799   -0.000505084736210082   0
0.345919845754057   0.174876503639739   -0.0355174421402156   0.0119759273538856   0
0.353642201483875   0.183703533711666   0.00772235572981778   0.00882703007192617   0
0.327086669064486   0.246426785589269   -0.0265555324193888   0.0627232518776031   0
0.346264410047539   0.221406101262654   0.0191777409830527   -0.0250206843266148   0
0.383424788958977   0.176697227676893   0.0371603789114389   -0.0447088735857612   0
0.376779839038787   0.171596789901769   -0.00664494992019066   -0.00510043777512312   0
0.407999768698395   0.181835322997699   0.0312199296596079   0.0102385330959294   0
0.399823104287874   0.166243527368195   -0.00817666441052062   -0.015591795629504   0
0.384162727513844   0.167947382281115   -0.0156603767740299   0.00170385491292022   0
0.375596819192566   0.165651438182254   -0.00856590832127796   -0.00229594409886066   0
0.39223738912424   0.153146502407527   0.0166405699316741   -0.0125049357747278   0
0.357440417009003   0.194969932967421   -0.0347969721152375   0.041823430559894   0
0.369633520389229   0.196312867244492   0.0121931033802262   0.00134293427707144   0
0.333174593515052   0.209018957897059   -0.0364589268741776   0.0127060906525673   0
0.340683699679283   0.187790508260545   0.00750910616423156   -0.0212284496365142   0
0.364473855842178   0.175663988692915   0.023790156162895   -0.0121265195676301   0
0.372690892075906   0.18503069741909   0.00821703623372749   0.00936670872617476   0
0.398957596817319   0.19448131843217   0.026266704741413   0.00945062101307981   0
0.388733882211502   0.180999234719594   -0.0102237146058164   -0.0134820837125759   0
0.357988809869078   0.225722923337263   -0.0307450723424244   0.0447236886176698   0
0.344387933751383   0.257056571229853   -0.0136008761176948   0.0313336478925896   0
0.348843021761575   0.250505268338609   0.00445508801019184   -0.00655130289124434   0
0.336000896428068   0.252547431283796   -0.0128421253335071   0.00204216294518761   0
0.332495708049338   0.259447348057383   -0.00350518837872976   0.00689991677358653   0
0.31900639995155   0.244526235289789   -0.0134893080977874   -0.0149211127675934   0
0.324031640879801   0.208029985765871   0.00502524092825096   -0.0364962495239188   0
0.363643353227752   0.298266159545402   0.0396117123479501   0.0902361737795309   0
0.364037880317032   0.269595779822016   0.000394527089280949   -0.0286703797233854   0
0.356398772779998   0.210433688876254   -0.00763910753703451   -0.0591620909457618   0
0.366494680375051   0.231652864643385   0.010095907595053   0.0212191757671306   0
0.362684654057522   0.229312181576677   -0.00381002631752919   -0.0023406830667077   0
0.366972268529871   0.239972948637501   0.0042876144723491   0.010660767060824   0
0.364658761461609   0.278553601211604   -0.00231350706826194   0.0385806525741025   0
0.368386788127177   0.295525832427389   0.00372802666556832   0.0169722312157852   0
0.361594171131204   0.328463019818708   -0.00679261699597306   0.0329371873913192   0
0.396601214694021   0.291560628515173   0.035007043562817   -0.0369023913035352   0
0.474696433063316   0.28314524350338   0.0780952183692949   -0.00841538501179279   0
0.376633443509783   0.291467066273174   -0.0980629895535331   0.00832182276979421   0
0.378459608399343   0.296784147256539   0.00182616488955945   0.00531708098336464   0
0.382755136116287   0.278978663914699   0.00429552771694441   -0.0178054833418396   0
0.368576902465377   0.308988344243745   -0.0141782336509096   0.0300096803290458   0
0.382686580265147   0.313690918252095   0.01410967779977   0.00470257400834923   0
0.374611934197631   0.297967860304168   -0.0080746460675164   -0.0157230579479261   0
0.36728412516256   0.240626858188728   -0.00732780903507046   -0.0573410021154407   0
0.425246388185788   0.217862657584518   0.0579622630232273   -0.0227642006042099   0
0.534655661643204   0.213062789557349   0.109409273457417   -0.00479986802716859   0
0.54849804921508   0.223872321387723   0.0138423875718761   0.0108095318303733   0
0.55852824853593   0.214400280369565   0.0100301993208493   -0.00947204101815788   0
0.526328319230371   0.233712258907879   -0.032199929305559   0.0193119785383145   0
0.524026516695439   0.240021409679546   -0.00230180253493151   0.0063091507716668   0
0.544757064888888   0.2355330525049   0.0207305481934484   -0.00448835717464632   0
0.543870008791857   0.248987078993722   -0.000887056097030992   0.0134540264888226   0
0.572180812256631   0.278394158438051   0.0283108034647747   0.0294070794443289   0
0.578180279237126   0.285637093721579   0.00599946698049425   0.00724293528352771   0
0.573680682076639   0.274301735799992   -0.00449959716048631   -0.0113353579215865   0
0.540534286226941   0.256129612322487   -0.0331463958496987   -0.0181721234775054   0
0.539262565733558   0.273675330320417   -0.00127172049338287   0.0175457179979298   0
0.586693143839681   0.296133726794224   0.0474305781061235   0.0224583964738074   0
0.601186058271593   0.314524872025585   0.0144929144319115   0.018391145231361   0
0.557301351189437   0.323774434166487   -0.0438847070821561   0.00924956214090178   0
0.579388031514218   0.270265583519943   0.0220866803247813   -0.0535088506465441   0
0.636864498344284   0.280167379275171   0.0574764668300657   0.00990179575522815   0
0.648763942330661   0.28471986766421   0.0118994439863773   0.00455248838903882   0
0.596455029769287   0.364341720400929   -0.0523089125613737   0.0796218527367197   0
0.5747906322407   0.385808077106192   -0.0216643975285871   0.0214663567052623   0
0.617208543774241   0.345953675114762   0.0424179115335406   -0.0398544019914293   0
0.665334268989637   0.260141981909733   0.0481257252153966   -0.0858116932050297   0
0.66843928575913   0.246680986381314   0.00310501676949304   -0.0134609955284183   0
0.697772906272884   0.226984717715586   0.0293336205137538   -0.019696268665728   0
0.68242268260568   0.224759813719203   -0.0153502236672044   -0.00222490399638389   0
0.767280576643693   0.214022036028375   0.084857894038013   -0.0107377776908278   0
0.763790864840831   0.218945229124648   -0.00348971180286162   0.00492319309627343   0
0.718754317589282   0.24841135029851   -0.045036547251549   0.0294661211738622   0
0.691451741754233   0.331070826501524   -0.0273025758350489   0.0826594762030138   0
0.702182053779838   0.340340212877258   0.0107303120256051   0.00926938637573382   0
0.723037227978967   0.4412425194708   0.0208551741991285   0.100902306593542   0
0.8378917122496   0.373977546475508   0.114854484270633   -0.0672649729952924   0
0.842392497030987   0.302170153171855   0.00450078478138705   -0.0718073933036533   0
0.759683345150214   0.333860101742665   -0.0827091518807724   0.0316899485708108   0
0.824392441871697   0.309987533037862   0.0647090967214825   -0.0238725687048036   0
0.82709571524474   0.309641555924892   0.00270327337304321   -0.000345977112970075   0
0.800623966754721   0.306798906089118   -0.026471748490019   -0.00284264983577365   0
0.755775244694112   0.298978693011587   -0.0448487220606093   -0.00782021307753156   0
0.740931611307079   0.303368035308592   -0.0148436333870325   0.00438934229700505   0
0.798890282628126   0.285381843624988   0.0579586713210467   -0.017986191683604   0
0.83185770152302   0.269134242286753   0.0329674188948939   -0.0162476013382344   0
0.826293921930466   0.269895471295459   -0.00556377959255372   0.000761229008706066   0
0.795105102621815   0.270750801823443   -0.0311888193086506   0.000855330527983644   0
0.778804460180236   0.276529922148978   -0.0163006424415796   0.00577912032553501   0
0.821147123849044   0.273819575260646   0.0423426636688085   -0.00271034688833216   0
0.816646536989494   0.295313469654512   -0.00450058685955024   0.021493894393866   0
0.794698752035361   0.293105930252471   -0.0219477849541326   -0.00220753940204066   0
0.729976495562451   0.286209560537819   -0.0647222564729107   -0.00689636971465196   0
0.866609505761402   0.319313073627133   0.136633010198952   0.0331035130893136   0
0.841200012278709   0.315604897620571   -0.0254094934826938   -0.00370817600656159   0
0.774295650990687   0.313846024926425   -0.0669043612880221   -0.00175887269414615   0
0.736401081881815   0.286515145403316   -0.0378945691088711   -0.0273308795231086   0
0.748357595273019   0.305959558513827   0.0119565133912035   0.0194444131105106   0
0.746162453562952   0.305101138545166   -0.00219514171006718   -0.000858419968661095   0
0.791601056927061   0.306985050551385   0.0454386033641091   0.00188391200621879   0
0.80294330000223   0.298055472465273   0.0113422430751687   -0.00892957808611211   0
0.784112643631949   0.311317542590332   -0.0188306563702803   0.0132620701250592   0
0.781558060003614   0.314476318677606   -0.00255458362833483   0.00315877608727416   0
0.808343597364978   0.289863590840147   0.0267855373613639   -0.0246127278374592   0
0.784681746466621   0.296076985469288   -0.0236618508983572   0.00621339462914167   0
0.825405541156634   0.246778515249779   0.0407237946900123   -0.0492984702195096   0
0.80303807021509   0.237136409914062   -0.0223674709415437   -0.0096421053357173   0
0.763383983445174   0.278041526080598   -0.0396540867699157   0.0409051161665363   0
0.833863071521349   0.259294013072633   0.0704790880761743   -0.0187475130079653   0
0.8371443153298   0.25510784814807   0.00328124380845152   -0.00418616492456231   0
0.877345675837532   0.261849228308655   0.0402013605077323   0.00674138016058501   0
0.84639653880393   0.259162001492213   -0.0309491370336024   -0.00268722681644196   0
0.82056559457853   0.261321175348489   -0.0258309442253998   0.0021591738562754   0
0.828671816148002   0.266586666972089   0.00810622156947205   0.00526549162360079   0
0.837587519033322   0.261091393573572   0.00891570288532018   -0.00549527339851719   0
0.834936316926101   0.278086671581428   -0.00265120210722092   0.0169952780078553   0
0.860610390034881   0.288696787119943   0.0256740731087794   0.0106101155385152   0
0.732032749293111   0.342714185720542   -0.12857764074177   0.0540173986005994   0
0.777336447494678   0.343464067169197   0.045303698201567   0.000749881448654899   0
0.791284065797853   0.298431990330585   0.0139476183031753   -0.0450320768386118   0
0.763907691253147   0.309002388346609   -0.0273763745447061   0.0105703980160237   0
0.757080990389574   0.314988789528287   -0.00682670086357273   0.00598640118167765   0
0.757742078166206   0.319681918761271   0.000661087776631542   0.00469312923298426   0
0.770349463402559   0.307722047503348   0.0126073852363533   -0.0119598712579225   0
0.751861660473541   0.284443200214652   -0.0184878029290179   -0.0232788472886967   0
0.807588085490105   0.270759834917972   0.055726425016564   -0.0136833652966802   0
0.838157519557134   0.2781199710996   0.0305694340670287   0.00736013618162801   0
0.843628124224564   0.290404151430295   0.00547060466743021   0.0122841803306953   0
0.825452629240352   0.309665619167804   -0.0181754949842119   0.0192614677375092   0
0.80179848955565   0.316005523195607   -0.0236541396847021   0.00633990402780271   0
0.823842558943048   0.316056708757872   0.0220440693873983   5.11855622649104e-05   0
0.814164339106212   0.312130159732955   -0.00967821983683625   -0.00392654902491713   0
0.788843114546679   0.347335421532538   -0.025321224559533   0.0352052617995837   0
0.91962039001957   0.401052532527488   0.130777275472891   0.0537171109949501   0
0.953059889293082   0.389605038065831   0.0334394992735122   -0.0114474944616574   0
0.932960421813978   0.373558991402658   -0.020099467479104   -0.0160460466631731   0
0.916135938960589   0.359412018558258   -0.0168244828533891   -0.0141469728444003   0
0.821726932435828   0.171981769037009   -0.0944090065247614   -0.187430249521248   0
0.960730387603165   0.212868505602371   0.139003455167337   0.0408867365653621   0
0.305897561231944   0.474687067566639   -0.654832826371221   0.261818561964268   0
0.370688599459894   0.363453675082124   0.0647910382279495   -0.111233392484515   0
