0   0   0   0   0
0.0795870281002282   0.0441482876627781   0.0795870281002282   0.0441482876627781   0
0.0777793727216146   0.0303503634232509   -0.00180765537861363   -0.0137979242395272   0
0.141331428308721   0.0533392582865612   0.0635520555871065   0.0229888948633104   0
0.10150970656452   0.0400337244786163   -0.0398217217442009   -0.0133055338079449   0
0.171759751965514   0.08287348689078   0.0702500454009943   0.0428397624121637   0
0.0858521633355555   0.0529972940444786   -0.085907588629959   -0.0298761928463014   0
0.16441667291383   0.0769240338099757   0.0785645095782748   0.0239267397654972   0
0.0782617688211619   0.0462777375256516   -0.0861549040926683   -0.0306462962843241   0
0.210416870713963   0.0903190515623354   0.132155101892801   0.0440413140366837   0
0.0675800394014573   0.0506150601601654   -0.142836831312506   -0.03970399140217   0
0.20110459704919   0.108441955185098   0.133524557647733   0.0578268950249323   0
0.0860571428514017   0.0546000298134882   -0.115047454197789   -0.0538419253716095   0
0.190119160069927   0.0972993764580106   0.104062017218525   0.0426993466445224   0
0.109068536949184   0.038662352758417   -0.0810506231207421   -0.0586370236995936   0
0.172969975422898   0.0788870844210688   0.0639014384737136   0.0402247316626518   0
0.145073781774096   0.0938640429954536   -0.0278961936488021   0.0149769585743848   0
0.219774642702359   0.109662304970951   0.0747008609282633   0.0157982619754969   0
0.165058163984914   0.113501921427936   -0.0547164787174457   0.00383961645698573   0
0.284819301469319   0.137300618191551   0.119761137484406   0.0237986967636148   0
0.203067414118062   0.129870691695859   -0.0817518873512574   -0.00742992649569221   0
0.307428321624337   0.159976719616237   0.104360907506275   0.0301060279203784   0
0.234609327754544   0.146908610993047   -0.072818993869793   -0.0130681086231904   0
0.321430301508459   0.170195731250396   0.086820973753915   0.023287120257349   0
0.258039555742608   0.156972607194563   -0.063390745765852   -0.0132231240558326   0
0.343794648177243   0.170689517988451   0.0857550924346354   0.0137169107938882   0
0.255567858500923   0.165463506675842   -0.0882267896763202   -0.00522601131260902   0
0.398581322658678   0.16836751339389   0.143013464157755   0.00290400671804755   0
0.279838484516781   0.153693912420717   -0.118742838141897   -0.0146736009731733   0
0.370135000642272   0.166234229769119   0.0902965161254908   0.0125403173484028   0
0.299006933993473   0.15526777599386   -0.0711280666487981   -0.0109664537752591   0
0.331170068077733   0.16672389485166   0.03216313408426   0.0114561188577992   0
0.321248761493857   0.167870451055906   -0.00992130658387652   0.00114655620424622   0
0.321286571961483   0.170747832119458   3.78104676266311e-05   0.00287738106355254   0
0.339233465051913   0.173806845037074   0.0179468930904296   0.00305901291761534   0
0.342578167084859   0.18091230516003   0.00334470203294551   0.00710546012295646   0
0.328288724491456   0.181276736597823   -0.0142894425934021   0.000364431437792717   0
0.317830067708463   0.184859006756865   -0.010458656782993   0.00358227015904208   0
0.345123661265706   0.186655901986334   0.0272935935572421   0.00179689522946883   0
0.33907214547262   0.192507013327471   -0.00605151579308527   0.00585111134113739   0
0.347437240646052   0.188877961317033   0.00836509517343165   -0.00362905201043803   0
0.33636645307657   0.192963376089996   -0.0110707875694817   0.00408541477296254   0
0.324572688814491   0.194356748989272   -0.0117937642620794   0.00139337289927646   0
0.372221132457008   0.20922927766381   0.0476484436425167   0.0148725286745379   0
0.294769654531441   0.194891269579523   -0.0774514779255667   -0.0143380080842872   0
0.377323943879579   0.202157554084351   0.0825542893481377   0.00726628450482797   0
0.305567579576883   0.19648948371354   -0.0717563643026957   -0.00566807037081102   0
0.438391372773829   0.189345922583933   0.132823793196946   -0.00714356112960648   0
0.454564404915119   0.186000966568166   0.0161730321412902   -0.00334495601576687   0
0.313279087885341   0.208482491939636   -0.141285317029778   0.0224815253714692   0
0.335043709583833   0.193765072663365   0.0217646216984915   -0.0147174192762705   0
0.299056031936615   0.208614234758393   -0.0359876776472174   0.014849162095028   0
0.378943618270533   0.185517426461445   0.0798875863339171   -0.0230968082969484   0
0.30339513049776   0.197598226070188   -0.0755484877727726   0.0120807996087436   0
0.37795201796773   0.200769011282804   0.0745568874699699   0.00317078521261621   0
0.307607346280523   0.197755583725813   -0.0703446716872067   -0.00301342755699116   0
0.402259220298216   0.193541034181924   0.0946518740176933   -0.00421454954388883   0
0.318869362774892   0.195363831442926   -0.0833898575233248   0.00182279726100168   0
0.411661178801236   0.197153935748303   0.0927918160263445   0.00179010430537666   0
0.326880770228286   0.194354539612133   -0.0847804085729498   -0.00279939613616931   0
0.417510759245492   0.196839079501838   0.0906299890172061   0.00248453988970435   0
0.40820305201052   0.199355955724019   -0.00930770723497282   0.00251687622218116   0
0.330806689029559   0.198489547655217   -0.0773963629809604   -0.000866408068802282   0
0.395582299808428   0.199058525446296   0.0647756107788689   0.000568977791079422   0
0.360620012996339   0.204652057243005   -0.0349622868120888   0.00559353179670885   0
0.363756547635588   0.21457387460683   0.00313653463924873   0.00992181736382483   0
0.377658274433895   0.205505332114265   0.0139017267983069   -0.00906854249256517   0
0.361489459214909   0.206821673239644   -0.0161688152189858   0.00131634112537915   0
0.369944171655288   0.199040520961787   0.00845471244037871   -0.00778115227785631   0
0.361360116769095   0.199812651709661   -0.00858405488619313   0.000772130747873634   0
0.358091912007992   0.193642229894085   -0.0032682047611029   -0.0061704218155757   0
0.360278146422991   0.186067468486319   0.0021862344149996   -0.00757476140776597   0
0.363825435843069   0.199723723611976   0.00354728942007781   0.013656255125657   0
0.358761008900611   0.196108334877396   -0.00506442694245796   -0.00361538873458037   0
0.363835307918508   0.202983873804217   0.00507429901789636   0.00687553892682055   0
0.378430784314797   0.194480128637118   0.0145954763962892   -0.00850374516709887   0
0.346092467376662   0.19034706421199   -0.0323383169381351   -0.00413306442512792   0
0.387331245357406   0.186671568222846   0.0412387779807441   -0.00367549598914427   0
0.353708197094432   0.188200250145053   -0.0336230482629743   0.00152868192220701   0
0.424395561893934   0.194302539232152   0.0706873647995027   0.0061022890870997   0
0.353333185535745   0.185556930699617   -0.0710623763581889   -0.0087456085325355   0
0.402229179154704   0.19186621065776   0.0488959936189582   0.00630927995814279   0
0.384191828222254   0.194017270475451   -0.0180373509324495   0.0021510598176914   0
0.374391708519651   0.188703386561158   -0.00980011970260314   -0.00531388391429261   0
0.416670258608939   0.198534101766931   0.0422785500892879   0.00983071520577244   0
0.381040326381575   0.191124893724172   -0.0356299322273635   -0.00740920804275874   0
0.449761191462705   0.196336103515578   0.0687208650811294   0.00521120979140588   0
0.355397801801068   0.187823941153913   -0.0943633896616364   -0.00851216236166502   0
0.445297566215501   0.195977354840429   0.0898997644144324   0.00815341368651593   0
0.344739601955757   0.19093268930595   -0.100557964259744   -0.0050446655344791   0
0.447759963384644   0.192933345816427   0.103020361428887   0.00200065651047759   0
0.364587493824352   0.184310751535269   -0.0831724695602917   -0.00862259428115866   0
0.480892341612543   0.201419986466053   0.116304847788191   0.0171092349307848   0
0.369429277312239   0.183825527071577   -0.111463064300303   -0.0175944593944768   0
0.448463991604608   0.199045010364598   0.079034714292369   0.0152194832930218   0
0.373316729548778   0.193527515447239   -0.0751472620558306   -0.00551749491735984   0
0.402414137885874   0.198996380365744   0.0290974083370962   0.00546886491850523   0
0.422078904641081   0.203368648773459   0.0196647667552074   0.00437226840771512   0
0.379187980733419   0.194879357603321   -0.0428909239076625   -0.00848929117013811   0
0.440596581541354   0.196803621416528   0.0614086008079352   0.00192426381320676   0
0.361963291392682   0.193386393044051   -0.0786332901486725   -0.00341722837247704   0
0.446612783706181   0.199680467822881   0.0846494923134996   0.00629407477883018   0
0.384942241798719   0.1969787901418   -0.0616705419074621   -0.0027016776810809   0
0.458676194930924   0.205956293645662   0.0737339531322048   0.00897750350386178   0
0.388381941408496   0.197744403870447   -0.0702942535224279   -0.00821188977521423   0
0.497511123742471   0.218918464082065   0.109129182333975   0.0211740602116172   0
0.377769596606774   0.197680251103072   -0.119741527135697   -0.0212382129789928   0
0.475153975966481   0.209872255132978   0.097384379359707   0.0121920040299059   0
0.391376186318457   0.196925489763381   -0.083777789648024   -0.0129467653695963   0
0.465702116391157   0.188347504005388   0.0743259300727003   -0.00857798575799343   0
0.418185076528955   0.187197949072661   -0.0475170398622022   -0.00114955493272645   0
0.453693918613555   0.188663542487543   0.0355088420846004   0.0014655934148812   0
0.377453478230939   0.185015355554648   -0.0762404403826165   -0.00364818693289473   0
0.455987048428671   0.191134771620239   0.0785335701977328   0.00611941606559085   0
0.386949807856684   0.195911160230954   -0.0690372405719879   0.004776388610715   0
0.465589710449087   0.199981230171021   0.0786399025924038   0.0040700699400672   0
0.399957847867493   0.203459570667257   -0.0656318625815942   0.00347834049623555   0
0.448583043658303   0.213483286022037   0.0486251957908094   0.0100237153547805   0
0.433695412520867   0.223537707518768   -0.0148876311374355   0.0100544214967306   0
0.418410038968956   0.218190076728692   -0.0152853735519115   -0.00534763079007566   0
0.429913403278565   0.214355144775915   0.0115033643096094   -0.00383493195277709   0
0.446037290514007   0.217967747605053   0.0161238872354416   0.00361260282913836   0
0.40317760062723   0.219600236613235   -0.0428596898867761   0.00163248900818175   0
0.468312025793348   0.219893857796751   0.0651344251661175   0.000293621183516113   0
0.530228944171339   0.27717396428562   0.0619169183779912   0.0572801064888688   0
0.988974813488245   0.568457081115908   0.458745869316906   0.291283116830288   0
0.894975193756656   0.585528537059334   -0.0939996197315892   0.0170714559434261   0
0.874781611765481   0.491693880215676   -0.0201935819911746   -0.0938346568436585   0
0.806249418723801   0.490382668571301   -0.0685321930416801   -0.00131121164437487   0
1.01600430394766   0.593710397489592   0.209754885223864   0.103327728918291   0
0.861601764604073   0.562610274781777   -0.154402539343591   -0.0311001227078144   0
1.03472170972663   0.626059664257626   0.173119945122554   0.0634493894758483   0
1.09095427475462   1.1369821239184   0.0562325650279947   0.510922459660776   0
1.11093789543192   1.12328296692496   0.0199836206772941   -0.013699156993437   0
1.11054834423736   1.08215060342625   -0.00038955119455486   -0.0411323634987177   0
1.0128083253047   0.968641787100824   -0.0977400189326636   -0.113508816325423   0
1.03781653386878   0.989335169773014   0.0250082085640857   0.02069338267219   0
1.04229067407983   0.973209751097406   0.00447414021105019   -0.0161254186756083   0
1.02316676843943   0.998002604839641   -0.0191239056404022   0.0247928537422356   0
0.979602803540157   0.974222066795629   -0.0435639648992748   -0.023780538044012   0
1.04380455213324   1.00669054080975   0.0642017485930827   0.0324684740141252   0
0.935350557441391   0.936694028443278   -0.108453994691849   -0.0699965123664769   0
0.959710881022016   0.950807266771975   0.0243603235806247   0.0141132383286974   0
0.912242974712418   0.887142249178313   -0.047467906309598   -0.0636650175936621   0
0.947866292947764   0.885955909508973   0.0356233182353463   -0.00118633966933968   0
0.884843550721087   0.827110007127594   -0.0630227422266773   -0.0588459023813789   0
0.958348745352712   0.832858569295496   0.0735051946316256   0.00574856216790176   0
0.819324778873233   0.788137143476204   -0.139023966479479   -0.0447214258192922   0
0.988125030306892   0.826968457663732   0.168800251433659   0.0388313141875284   0
0.84913771443038   0.814586786973969   -0.138987315876512   -0.0123816706897633   0
0.953210182923023   0.84054362552873   0.104072468492643   0.0259568385547612   0
0.83722952586415   0.794388487943186   -0.115980657058873   -0.0461551375855445   0
0.950964461621624   0.806613547074812   0.113734935757474   0.0122250591316264   0
0.913503251085008   0.827808469904486   -0.0374612105366157   0.0211949228296743   0
0.91305348320789   0.804273038688352   -0.000449767877117591   -0.0235354312161348   0
0.923295023566567   0.844771091752065   0.0102415403586763   0.0404980530637133   0
0.894504486611851   0.795861260899653   -0.0287905369547155   -0.0489098308524117   0
0.920721583961038   0.853242886670107   0.0262170973491862   0.0573816257704532   0
0.907151068177128   0.825408247213408   -0.0135705157839098   -0.0278346394566985   0
0.946844222182779   0.854883658008288   0.0396931540056508   0.02947541079488   0
0.929143798933412   0.820025914572073   -0.0177004232493666   -0.0348577434362146   0
0.962112779830793   0.866288721275605   0.0329689808973812   0.0462628067035316   0
0.883974882894063   0.822319303384436   -0.0781378969367302   -0.0439694178911689   0
0.953372616981044   0.854020889586238   0.0693977340869816   0.0317015862018022   0
0.934775489694869   0.799267831445168   -0.0185971272861751   -0.05475305814107   0
0.951600276782658   0.848953396113922   0.0168247870877882   0.0496855646687541   0
0.919154869960211   0.82563683475932   -0.0324454068224462   -0.0233165613546019   0
0.95609250259507   0.851549606761397   0.0369376326348582   0.0259127720020765   0
0.915136607283139   0.803120134938701   -0.0409558953119302   -0.0484294718226955   0
0.942491442502535   0.855291546861228   0.0273548352193953   0.0521714119225268   0
0.903362459555466   0.816476400684422   -0.0391289829470687   -0.0388151461768058   0
0.977709493059307   0.871822612272332   0.074347033503841   0.0553462115879094   0
0.855698395967507   0.810824539595738   -0.1220110970918   -0.0609980726765937   0
0.994811139693869   0.873947186649605   0.139112743726363   0.0631226470538669   0
0.913786844619695   0.863540736460622   -0.0810242950741749   -0.0104064501889831   0
0.929599972577955   0.824205408146754   0.0158131279582605   -0.0393353283138677   0
0.943260674331659   0.861484255128155   0.0136607017537038   0.0372788469814008   0
0.890238657323625   0.833015389264582   -0.0530220170080343   -0.0284688658635731   0
0.998535748171415   0.896253077405288   0.10829709084779   0.0632376881407064   0
0.883192824049456   0.855608436003983   -0.115342924121959   -0.0406446414013055   0
0.977461800858823   0.869518604665918   0.094268976809367   0.0139101686619353   0
0.892400908938806   0.866712142087425   -0.0850608919200164   -0.00280646257849293   0
0.94829738267926   0.865188628161623   0.0558964737404533   -0.00152351392580186   0
0.897387685445035   0.85383546001661   -0.0509096972342242   -0.0113531681450136   0
0.968404453792907   0.877528726914626   0.0710167683478717   0.0236932668980168   0
0.935711581674884   0.88259659103265   -0.0326928721180232   0.00506786411802329   0
0.95656130942516   0.872280082033728   0.0208497277502762   -0.0103165089989218   0
0.945284561648844   0.880575566572018   -0.0112767477763157   0.00829548453828988   0
0.9616602489055   0.857150033212731   0.0163756872566556   -0.0234255333592868   0
1.02197441292147   0.948718385995457   0.0603141640159699   0.0915683527827263   0
0.987857126032357   0.904912605349103   -0.034117286889113   -0.0438057806463542   0
1.02959682287268   0.952641982666985   0.0417396968403209   0.0477293773178813   0
0.984585110009699   0.915548965594749   -0.0450117128629783   -0.0370930170722358   0
1.0201648355368   0.951630419695723   0.0355797255271051   0.0360814541009746   0
0.982254981393762   0.904470316885183   -0.0379098541430428   -0.0471601028105403   0
1.02390281275393   0.955083869148942   0.041647831360167   0.0506135522637585   0
1.03645262632344   0.942552986047543   0.0125498135695095   -0.0125308831013983   0
1.02733862804598   0.977621084018809   -0.00911399827745774   0.0350680979712653   0
1.07257806008484   0.986109057765146   0.0452394320388592   0.00848797374633725   0
1.03213374922537   0.982809606632036   -0.0404443108594699   -0.00329945113311003   0
1.10530005992132   0.998310294140919   0.0731663106959461   0.0155006875088836   0
1.02201255147831   0.994201243581661   -0.083287508443008   -0.00410905055925825   0
1.10666247417666   1.01431043068231   0.0846499226983484   0.0201091871006474   0
1.00814326341944   0.988489829018679   -0.0985192107572199   -0.0258206016636291   0
1.04989767613101   0.9752846401354   0.041754412711577   -0.0132051888832793   0
1.0485193864257   1.00795270182684   -0.00137828970531717   0.0326680616914404   0
1.03512291953755   0.983508931208545   -0.0133964668881421   -0.0244437706182952   0
1.08350582358264   1.02671982106975   0.0483829040450836   0.0432108898612009   0
1.0512859909257   0.968095299287613   -0.0322198326569356   -0.0586245217821336   0
1.10731911243229   1.00847062510057   0.0560331215065861   0.0403753258129532   0
1.08473769307601   0.99627031256062   -0.0225814193562803   -0.0122003125399461   0
1.07175932103729   1.02239033531598   -0.0129783720387142   0.0261200227553644   0
1.0839450080892   1.00152861117419   0.0121856870519101   -0.0208617241417908   0
1.04949388450537   1.01403617138695   -0.034451123583833   0.0125075602127558   0
1.05074119484845   1.00286243507549   0.0012473103430759   -0.0111737363114635   0
1.04732237366285   1.00639970323384   -0.003418821185593   0.00353726815835165   0
1.06278770478193   0.988511402384636   0.015465331119074   -0.0178883008492017   0
1.06353978702569   1.00524008574928   0.000752082243766994   0.0167286833646476   0
1.05589281305199   0.979560821586564   -0.00764697397370862   -0.0256792641627193   0
1.04535357832031   0.989843119779382   -0.0105392347316782   0.0102822981928176   0
1.06488542187948   0.97100150981866   0.0195318435591676   -0.0188416099607219   0
1.07825980397036   1.02701098144863   0.0133743820908843   0.056009471629975   0
1.03164961123929   0.973748032864847   -0.0466101927310683   -0.0532629485837878   0
1.07837291572361   1.0040077657344   0.0467233044843232   0.0302597328695525   0
0.982117348174009   0.936949503135193   -0.0962555675496056   -0.0670582625992062   0
1.12072794245193   1.0172737550986   0.138610594277918   0.0803242519634046   0
1.07633274310485   1.02405529093083   -0.0443951993470795   0.00678153583223673   0
1.00100717416111   0.944760044573279   -0.0753255689437398   -0.0792952463575561   0
1.12029163636081   1.00645754097926   0.119284462199704   0.0616974964059803   0
1.0063927144715   0.974933201017629   -0.113898921889309   -0.0315243399616296   0
1.0572084549766   0.989572080966438   0.0508157405050955   0.0146388799488085   0
