0   0   0   0   0
0.0852533544215213   0.0382907513437475   0.0852533544215213   0.0382907513437475   0
0.0277932803101922   0.0322159617026715   -0.0574600741113291   -0.00607478964107604   0
0.0647689616100575   0.0360883616323378   0.0369756812998654   0.00387239992966627   0
0.0018200513035841   0.0134001183263188   -0.0629489103064734   -0.022688243306019   0
0.0290248255387582   0.0240037929137469   0.0272047742351741   0.0106036745874281   0
0.0731452835648993   0.0168762414331764   0.0441204580261412   -0.00712755148057045   0
0.0405448794733217   0.0271693370975322   -0.0326004040915776   0.0102930956643557   0
0.0927530997870885   0.0236973591000525   0.0522082203137668   -0.00347197799747962   0
0.0882567894322012   0.0702328180504088   -0.00449631035488737   0.0465354589503563   0
0.0834723510040105   0.0878055341379873   -0.00478443842819071   0.0175727160875785   0
0.0927891963136986   0.121525104635037   0.00931684530968815   0.0337195704970499   0
0.131457899047179   0.140736631713431   0.0386687027334807   0.0192115270783935   0
0.151713802720666   0.157847082397771   0.0202559036734867   0.0171104506843404   0
0.111829101799152   0.178162757900544   -0.0398847009215137   0.0203156755027732   0
0.108453401883273   0.175802458793185   -0.00337569991587951   -0.00236029910735971   0
0.172151507400613   0.204416534709619   0.0636981055173401   0.0286140759164348   0
0.129336261138993   0.184809527733612   -0.0428152462616196   -0.0196070069760073   0
0.154713765584312   0.198673684691785   0.0253775044453189   0.0138641569581725   0
0.150444722943386   0.201615929950429   -0.00426904264092595   0.00294224525864489   0
0.147076237141369   0.206917088255427   -0.00336848580201757   0.0053011583049975   0
0.203218795368267   0.217475696426817   0.0561425582268978   0.0105586081713896   0
0.0599171541746205   0.141182904352691   -0.143301641193646   -0.0762927920741261   0
0.143822881568656   0.196688171299374   0.0839057273940352   0.0555052669466838   0
0.142832214010672   0.221498397239098   -0.000990667557984076   0.024810225939724   0
0.183518665192168   0.232108901422108   0.0406864511814962   0.0106105041830097   0
0.170715939617787   0.217989653780278   -0.0128027255743807   -0.0141192476418305   0
0.204969448405422   0.238681055801591   0.0342535087876346   0.0206914020213136   0
0.218473227399515   0.246160879831294   0.0135037789940935   0.00747982402970268   0
0.186082832229417   0.217639566237484   -0.0323903951700982   -0.0285213135938099   0
0.246465148972217   0.255700078763368   0.0603823167428003   0.038060512525884   0
0.226710850367492   0.245497230251679   -0.0197542986047252   -0.0102028485116893   0
0.12796506435838   0.204059931981926   -0.0987457860091117   -0.0414372982697526   0
0.193893884863997   0.231590118105904   0.0659288205056163   0.0275301861239783   0
0.229019583530698   0.26073205055914   0.0351256986667019   0.0291419324532358   0
0.190244424677315   0.246861480566201   -0.0387751588533838   -0.013870569992939   0
0.234016754827176   0.256046647512556   0.0437723301498614   0.00918516694635468   0
0.228519700121156   0.24568474938079   -0.00549705470602027   -0.010361898131766   0
0.205608294861002   0.242919597664871   -0.0229114052601538   -0.0027651517159191   0
0.236927771770668   0.252958196680005   0.031319476909666   0.0100385990151337   0
0.217296270824406   0.241039053736415   -0.0196315009462618   -0.0119191429435891   0
0.235361177014567   0.260374051880373   0.0180649061901607   0.0193349981439573   0
0.162457106052447   0.211174958787084   -0.0729040709621204   -0.0491990930932889   0
0.165218015637913   0.203371317704557   0.00276090958546682   -0.00780364108252654   0
0.160334049025856   0.190433730125021   -0.00488396661205695   -0.0129375875795363   0
0.152580437189227   0.14755253777279   -0.00775361183662937   -0.0428811923522306   0
0.16969526976592   0.189757657135716   0.0171148325766933   0.0422051193629253   0
0.173297352448574   0.193879286857662   0.00360208268265336   0.00412162972194582   0
0.215533410217097   0.263010964888747   0.0422360577685236   0.0691316780310855   0
0.251277516464897   0.267794591503178   0.0357441062477996   0.0047836266144311   0
0.264562170949532   0.300484096036235   0.013284654484635   0.0326895045330564   0
0.301825061046825   0.326437629341524   0.0372628900972932   0.0259535333052894   0
0.22972553542409   0.291026469059986   -0.0720995256227347   -0.0354111602815385   0
0.251616996988613   0.347880633086444   0.0218914615645231   0.056854164026458   0
0.258006844043718   0.310448676356234   0.00638984705510454   -0.0374319567302092   0
0.282574057985371   0.286933544203151   0.0245672139416532   -0.023515132153083   0
0.307885812161775   0.327155735926654   0.025311754176404   0.0402221917235028   0
0.299894821580221   0.309386411174709   -0.00799099058155445   -0.0177693247519456   0
0.269827356803001   0.296292205579937   -0.0300674647772197   -0.0130942055947713   0
0.27889884335561   0.283354567988232   0.00907148655260936   -0.0129376375917051   0
0.259782396582063   0.277711032529553   -0.019116446773547   -0.00564353545867913   0
0.287230010553846   0.331412641272609   0.0274476139717824   0.0537016087430565   0
0.304390167331728   0.302735564370294   0.0171601567778821   -0.0286770769023158   0
0.289805884670297   0.215064811069107   -0.014584282661431   -0.0876707533011864   0
0.315195209340425   0.22986029847632   0.0253893246701284   0.0147954874072122   0
0.300828770924524   0.253212841393146   -0.0143664384159015   0.0233525429168265   0
0.320585345942919   0.227783584637221   0.0197565750183955   -0.0254292567559249   0
0.361785959673994   0.244593141976065   0.0412006137310746   0.0168095573388441   0
0.347046826589421   0.213686812218708   -0.014739133084573   -0.0309063297573576   0
0.371951736973132   0.234798418120151   0.024904910383711   0.0211116059014434   0
0.375047725153333   0.244215924851623   0.00309598818020124   0.00941750673147218   0
0.362188071236903   0.262610986094876   -0.0128596539164303   0.018395061243253   0
0.375848118356959   0.302649192393937   0.0136600471200561   0.0400382062990607   0
0.358483138914799   0.296088863128528   -0.0173649794421599   -0.00656032926540845   0
0.376753694653402   0.312797583598629   0.0182705557386032   0.0167087204701005   0
0.380757886465683   0.304873382037512   0.00400419181228118   -0.00792420156111667   0
0.384283297138419   0.32883694052972   0.00352541067273504   0.0239635584922078   0
0.385256876623445   0.315043558096066   0.000973579485026799   -0.0137933824336544   0
0.40557543780042   0.29216754943297   0.0203185611769742   -0.0228760086630957   0
0.401846424832243   0.31422647906742   -0.00372901296817618   0.0220589296344496   0
0.417855663947521   0.331968216327637   0.016009239115278   0.0177417372602172   0
0.423278602610717   0.352537786327941   0.00542293866319588   0.0205695700003042   0
0.435450547540398   0.359557333617637   0.0121719449296803   0.00701954728969606   0
0.433981910856553   0.365923884144716   -0.00146863668384473   0.00636655052707952   0
0.436991678955549   0.343820567003583   0.00300976809899578   -0.0221033171411337   0
0.441160768989092   0.394505281057666   0.00416909003354327   0.0506847140540834   0
0.44496663667414   0.406752267372945   0.00380586768504809   0.0122469863152788   0
0.468638010887081   0.367704004640753   0.0236713742129406   -0.039048262732192   0
0.450320036420021   0.418906911542094   -0.0183179744670597   0.0512029069013408   0
0.444860822624338   0.406285169218163   -0.00545921379568304   -0.0126217423239307   0
0.415870523333669   0.382453059702192   -0.0289902992906687   -0.0238321095159713   0
0.36982964892483   0.345394051660769   -0.0460408744088393   -0.0370590080414225   0
0.429103334964006   0.332319335921026   0.0592736860391758   -0.0130747157397434   0
0.428500491663277   0.380920201620169   -0.000602843300728406   0.0486008656991426   0
0.450809211783372   0.419777723156684   0.0223087201200948   0.0388575215365159   0
0.477635006361313   0.404839755559784   0.0268257945779409   -0.0149379675969008   0
0.500502407937897   0.401067910318124   0.0228674015765842   -0.00377184524165936   0
0.486783581406765   0.395745287398142   -0.0137188265311318   -0.00532262291998276   0
0.485005945177851   0.421245085163787   -0.00177763622891419   0.025499797765645   0
0.467449044382601   0.425122497154335   -0.0175569007952497   0.00387741199054809   0
0.48499882386129   0.442726017746191   0.0175497794786888   0.0176035205918567   0
0.496454225693698   0.446812604699225   0.0114554018324077   0.00408658695303382   0
0.496451574013119   0.443203022898359   -2.65168057883569e-06   -0.00360958180086612   0
0.484600983784663   0.460865691022386   -0.0118505902284556   0.0176626681240274   0
0.494647790860829   0.498594205977481   0.0100468070761657   0.0377285149550943   0
0.473696553990594   0.500405316571529   -0.0209512368702356   0.00181111059404782   0
0.468992895426195   0.502058833642267   -0.00470365856439853   0.0016535170707388   0
0.468073578230793   0.501174852033813   -0.000919317195402169   -0.000883981608454709   0
0.490092830620799   0.497866777086476   0.0220192523900063   -0.00330807494733643   0
0.489879842862229   0.505482214726336   -0.000212987758570093   0.00761543763985939   0
0.517829247440126   0.485996775423004   0.0279494045778972   -0.0194854393033312   0
0.54859098748229   0.49504406446158   0.030761740042164   0.00904728903857538   0
0.496877821352147   0.452264529128402   -0.0517131661301433   -0.0427795353331778   0
0.487856812899831   0.464762216970877   -0.00902100845231613   0.012497687842475   0
0.481981711436665   0.457535736872764   -0.00587510146316628   -0.00722648009811244   0
0.517276211427169   0.468170940380003   0.0352944999905041   0.0106352035072384   0
0.502192196720311   0.478127104109866   -0.0150840147068575   0.00995616372986324   0
0.537648050141945   0.465768094342252   0.0354558534216333   -0.0123590097676142   0
0.629886779993447   0.480408929230899   0.0922387298515022   0.0146408348886468   0
0.538021759095323   0.471376135216272   -0.0918650208981233   -0.00903279401462637   0
0.550753967358945   0.45968164979787   0.0127322082636211   -0.0116944854184028   0
0.578564557730352   0.485807301476104   0.027810590371407   0.0261256516782348   0
0.642815032331211   0.490169529422523   0.0642504746008593   0.00436222794641866   0
0.587447737356142   0.529197525125666   -0.0553672949750692   0.0390279957031434   0
0.55452742479717   0.535785583247237   -0.0329203125589714   0.00658805812157104   0
0.539091148580122   0.532647786686114   -0.0154362762170478   -0.0031377965611239   0
0.5240765704979   0.561493485375111   -0.0150145780822222   0.028845698688997   0
0.529643555857265   0.56639566766783   0.0055669853593644   0.00490218229271921   0
0.536205540975144   0.563492906297472   0.00656198511787898   -0.00290276137035739   0
0.537533762032332   0.573678909723043   0.00132822105718844   0.0101860034255705   0
0.526983437632914   0.587695917164362   -0.0105503243994183   0.0140170074413195   0
0.500820107265496   0.568391745904517   -0.0261633303674177   -0.0193041712598456   0
0.50043682208284   0.598423277422881   -0.000383285182655846   0.0300315315183639   0
0.515015052441407   0.618586502859082   0.0145782303585672   0.0201632254362014   0
0.522561640512234   0.619927911020608   0.00754658807082653   0.00134140816152606   0
0.518614483587569   0.571855952324846   -0.00394715692466452   -0.048071958695762   0
0.492498424298409   0.618802803246123   -0.0261160592891607   0.0469468509212773   0
0.487827070742204   0.607348825024228   -0.00467135355620479   -0.0114539782218958   0
0.491840246586569   0.61390643935478   0.00401317584436478   0.00655761433055224   0
0.491104610825436   0.635516017079779   -0.00073563576113278   0.0216095777249995   0
0.480372072599726   0.650505579666404   -0.0107325382257099   0.0149895625866245   0
0.477830058966271   0.677069237466245   -0.00254201363345496   0.0265636577998413   0
0.496116884423705   0.688448085686479   0.0182868254574342   0.0113788482202337   0
0.496792734504773   0.702674585376043   0.00067585008106763   0.014226499689564   0
0.480982296000647   0.701149186903263   -0.0158104385041263   -0.00152539847277977   0
0.474953444513924   0.702354196204443   -0.00602885148672228   0.00120500930117962   0
0.473911893652514   0.69983293614809   -0.00104155086141028   -0.00252126005635289   0
0.465159838004706   0.712877700695474   -0.00875205564780834   0.0130447645473842   0
0.473322092489663   0.722009895958068   0.00816225448495744   0.00913219526259335   0
0.468743908872751   0.708680109272218   -0.00457818361691215   -0.0133297866858491   0
0.469018312922152   0.729730609869526   0.000274404049400434   0.0210505005973072   0
0.478879747840977   0.726348850385237   0.00986143491882541   -0.00338175948428898   0
0.474246950369294   0.734524380429362   -0.0046327974716831   0.00817553004412486   0
0.483866393370802   0.74229144278005   0.00961944300150841   0.00776706235068814   0
0.48994823998579   0.73476047713748   0.0060818466149874   -0.00753096564256983   0
0.476685188441659   0.717053005575914   -0.0132630515441309   -0.017707471561566   0
0.467114142366077   0.713665910269231   -0.00957104607558196   -0.00338709530668257   0
0.487117667215372   0.721090088665032   0.0200035248492952   0.00742417839580112   0
0.495454651769081   0.737905006225636   0.0083369845537094   0.0168149175606039   0
0.487326863020347   0.726399668378014   -0.00812778874873454   -0.0115053378476223   0
0.482567390766705   0.728059608629868   -0.00475947225364221   0.00165994025185368   0
0.481820896617316   0.720429517479241   -0.000746494149389043   -0.00763009115062629   0
0.496418949958014   0.71406491432918   0.014598053340698   -0.00636460315006093   0
0.478093570566097   0.736293837853923   -0.0183253793919163   0.0222289235247422   0
0.477837652591916   0.732190251990383   -0.000255917974181397   -0.00410358586353932   0
0.4869651212733   0.748379351076264   0.00912746868138409   0.0161890990858804   0
0.475594910397205   0.746470337664343   -0.0113702108760954   -0.0019090134119204   0
0.470858351382195   0.752981502263077   -0.00473655901500969   0.00651116459873402   0
0.470552087438757   0.755667829792127   -0.000306263943438356   0.00268632752904974   0
0.461955399273039   0.763014569238158   -0.0085966881657174   0.00734673944603081   0
0.460791740271542   0.763598259207366   -0.00116365900149751   0.000583689969208212   0
0.47363133793687   0.778943020071313   0.0128395976653281   0.015344760863947   0
0.473224992902371   0.78176028589689   -0.000406345034498545   0.00281726582557673   0
0.470456338893403   0.789070616921425   -0.00276865400896825   0.00731033102453538   0
0.468409282243432   0.79094079857659   -0.00204705664997057   0.00187018165516539   0
0.487831139494067   0.71611217652615   0.0194218572506346   -0.0748286220504402   0
0.454367655482652   0.798255305727379   -0.0334634840114149   0.0821431292012288   0
0.46258042742532   0.768602510082084   0.00821277194266745   -0.0296527956452951   0
0.480461717709921   0.795760452199315   0.0178812902846015   0.0271579421172308   0
0.485210398926714   0.779030835196347   0.00474868121679289   -0.0167296170029679   0
0.503183340253145   0.806049631476201   0.0179729413264314   0.0270187962798546   0
0.498397485697073   0.761403399483606   -0.00478585455607189   -0.0446462319925958   0
0.517656224398095   0.804400156189944   0.019258738701022   0.042996756706338   0
0.563081366275219   0.764785832218088   0.0454251418771237   -0.0396143239718557   0
0.525597079997868   0.783968971636324   -0.0374842862773516   0.0191831394182356   0
0.516410472015399   0.775214760224394   -0.0091866079824684   -0.00875421141192922   0
0.551807230316305   0.786726759308142   0.0353967583009059   0.011511999083748   0
0.52192455869979   0.802948624428008   -0.0298826716165151   0.0162218651198658   0
0.59950011579983   0.789251568359203   0.07757555710004   -0.0136970560688049   0
0.591876127274955   0.824892643646348   -0.00762398852487489   0.0356410752871449   0
0.594510472189172   0.836464447146486   0.00263434491421688   0.0115718035001384   0
0.618730751201519   0.790863967180925   0.0242202790123471   -0.0456004799655613   0
0.62532129808706   0.832810247078844   0.00659054688554117   0.0419462798979191   0
0.588911076943573   0.838170943646498   -0.0364102211434876   0.00536069656765348   0
0.570182754580048   0.843008435934376   -0.0187283223635251   0.00483749228787811   0
0.585143146068008   0.838483105157511   0.0149603914879601   -0.00452533077686457   0
0.563603336981903   0.860727708440567   -0.0215398090861052   0.0222446032830552   0
0.575903765492392   0.847736258433235   0.0123004285104894   -0.0129914500073319   0
0.616455411716429   0.873072573795691   0.040551646224037   0.025336315362456   0
0.609772397673141   0.91364624430405   -0.00668301404328842   0.0405736705083591   0
0.610029347189284   0.93130262335856   0.000256949516143745   0.0176563790545107   0
0.57824166051692   0.926025117235107   -0.0317876866723638   -0.0052775061234529   0
0.565833192104932   0.940157517850795   -0.0124084684119881   0.0141324006156871   0
0.584989601669864   0.933079647675171   0.0191564095649318   -0.00707787017562367   0
0.581574844085072   0.947017770057249   -0.00341475758479215   0.0139381223820784   0
0.581103845966183   0.918871285621244   -0.000470998118889066   -0.0281464844360054   0
0.567712696382251   0.86983125509079   -0.0133911495839321   -0.0490400305304535   0
0.565359033165905   0.887686599705298   -0.00235366321634611   0.017855344614508   0
0.570085571125261   0.94385053769102   0.00472653795935585   0.0561639379857212   0
0.585576405697991   0.929242818601685   0.0154908345727307   -0.0146077190893349   0
0.60145373741804   0.95608350360055   0.0158773317200483   0.0268406849988653   0
0.618390013902605   0.950954219675481   0.0169362764845647   -0.00512928392506917   0
0.629553570035254   0.979133762596819   0.0111635561326496   0.028179542921338   0
0.633962264572067   0.986406789257702   0.00440869453681259   0.00727302666088325   0
0.637601117700632   0.976451103282471   0.00363885312856482   -0.00995568597523067   0
0.615509376189123   0.959300084231925   -0.0220917415115081   -0.0171510190505464   0
0.625351032886919   0.967880444956684   0.00984165669779535   0.0085803607247591   0
0.588926314077935   0.953458652022853   -0.0364247188089838   -0.0144217929338312   0
0.619672563350374   0.953994746403914   0.0307462492724394   0.000536094381061503   0
0.642723169389533   0.981508610749036   0.0230506060391588   0.0275138643451219   0
0.649149603939528   0.994999437255991   0.00642643454999525   0.0134908265069552   0
0.66623585153077   1.01937583989641   0.0170862475912416   0.0243764026404195   0
0.67784886094019   1.02813873469944   0.0116130094094196   0.00876289480303272   0
0.676518684883248   1.0114403655103   -0.00133017605694163   -0.0166983691891389   0
0.668431596652591   1.00787137936764   -0.00808708823065685   -0.00356898614266066   0
0.654001675185718   1.00530503196777   -0.0144299214668731   -0.00256634739987738   0
0.641787032837998   1.0024671949335   -0.0122146423477203   -0.00283783703426743   0
0.635586407684654   0.997118384164893   -0.00620062515334419   -0.00534881076860649   0
0.63751754274268   0.984919591750639   0.00193113505802611   -0.0121987924142541   0
0.634353041796037   0.990738528951033   -0.00316450094664233   0.00581893720039439   0
0.633741908072078   0.989478901435309   -0.000611133723959711   -0.00125962751572439   0
