0   0   0   0   0
0.0327014346738112   0.0278936325709855   0.0327014346738112   0.0278936325709855   0
0.0481603306356046   0.0402208477095528   0.0154588959617935   0.0123272151385673   0
0.0514090259242504   0.0332799482761941   0.00324869528864576   -0.00694089943335869   0
0.0479211702930908   0.0327866200817894   -0.00348785563115954   -0.000493328194404716   0
0.048518790218258   0.0512213905759449   0.000597619925167131   0.0184347704941555   0
0.152647339048455   0.105843110026238   0.104128548830197   0.0546217194502934   0
0.134605144016677   0.103117243445668   -0.0180421950317784   -0.00272586658056991   0
0.232138988391249   0.112594605851914   0.097533844374572   0.0094773624062461   0
0.249974291798609   0.0771067441759511   0.0178353034073602   -0.0354878616759634   0
0.266642010130321   0.0977956866661927   0.0166677183317116   0.0206889424902415   0
0.264154133665352   0.120164227483584   -0.00248787646496823   0.0223685408173916   0
0.178565345349436   0.116115102728229   -0.0855887883159168   -0.00404912475535542   0
0.178930719951898   0.117878451788202   0.000365374602462276   0.00176334905997361   0
0.229369154252404   0.124474233027178   0.0504384343005058   0.00659578123897546   0
0.177705575143152   0.125803314000051   -0.0516635791092521   0.00132908097287299   0
0.236849617265747   0.104212065485567   0.0591440421225957   -0.0215912485144841   0
0.215770999844537   0.086214945988714   -0.0210786174212098   -0.0179971194968528   0
0.226274518315086   0.105500594499075   0.0105035184705485   0.0192856485103606   0
0.217076142221983   0.103315562295888   -0.00919837609310306   -0.00218503220318648   0
0.230388665329924   0.135548129581683   0.0133125231079415   0.0322325672857945   0
0.177370971882084   0.182880825836518   -0.0530176934478406   0.0473326962548358   0
0.261548955485899   0.231379288935001   0.0841779836038151   0.0484984630984827   0
0.292038714375346   0.213426723227459   0.0304897588894472   -0.0179525657075426   0
0.353252902457659   0.213383432891904   0.061214188082313   -4.32903355540581e-05   0
0.420768850799099   0.256100205101878   0.0675159483414402   0.0427167722099739   0
0.350400448946206   0.203130629077976   -0.0703684018528931   -0.0529695760239023   0
0.294504520545255   0.195343157745322   -0.0558959284009509   -0.00778747133265356   0
0.2933983524453   0.215950621437359   -0.00110616809995506   0.0206074636920369   0
0.293005781863603   0.225877884459695   -0.000392570581696783   0.0099272630223361   0
0.27351111486428   0.240036842720661   -0.019494666999323   0.0141589582609651   0
0.291687183754981   0.204215718174115   0.0181760688907006   -0.0358211245465454   0
0.29238736635734   0.184639828022436   0.00070018260235899   -0.0195758901516796   0
0.377217529283538   0.195190196037384   0.0848301629261982   0.0105503680149481   0
0.290653235279844   0.208199192782361   -0.0865642940036939   0.0130089967449772   0
0.286936598504645   0.213177139284897   -0.00371663677519918   0.00497794650253616   0
0.260171205569585   0.229387486089442   -0.0267653929350599   0.0162103468045447   0
0.270609155846696   0.239004749187142   0.0104379502771108   0.00961726309770075   0
0.248179258042624   0.261744898234494   -0.0224298978040717   0.0227401490473519   0
0.319851731272306   0.248372802672179   0.0716724732296821   -0.0133720955623157   0
0.32711321290487   0.252663654838881   0.00726148163256402   0.00429085216670275   0
0.336913530955739   0.276258168004414   0.00980031805086895   0.0235945131655326   0
0.248925055405495   0.249503467862429   -0.0879884755502447   -0.026754700141985   0
0.305180318891607   0.272598376758925   0.0562552634861124   0.0230949088964959   0
0.256194879111142   0.243194728067337   -0.0489854397804654   -0.0294036486915882   0
0.250318315776578   0.261449116791391   -0.00587656333456388   0.0182543887240546   0
0.27446864273306   0.262294120926636   0.0241503269564824   0.000845004135244742   0
0.302787649751538   0.293535181612384   0.0283190070184782   0.031241060685748   0
0.294414665179369   0.27630710320105   -0.00837298457216912   -0.0172280784113336   0
0.269821296915365   0.228073868642853   -0.0245933682640043   -0.0482332345581971   0
0.269224083850728   0.246819251865199   -0.00059721306463717   0.018745383222346   0
0.289055523506349   0.251022145175144   0.0198314396556217   0.00420289330994505   0
0.255663427812123   0.257983378183955   -0.0333920956942269   0.00696123300881035   0
0.26447139376321   0.272918457472356   0.00880796595108729   0.0149350792884008   0
0.24595024991317   0.251209923494757   -0.01852114385004   -0.0217085339775981   0
0.223110749313672   0.222353259183451   -0.0228395005994979   -0.0288566643113067   0
0.233258370976492   0.211744027440494   0.0101476216628205   -0.0106092317429565   0
0.201356772190194   0.217871122016878   -0.031901598786298   0.00612709457638352   0
0.199289990180686   0.208876580121396   -0.00206678200950844   -0.00899454189548127   0
0.207343398817279   0.208005618089014   0.0080534086365934   -0.000870962032382933   0
0.22528272074049   0.211026425125308   0.0179393219232109   0.00302080703629476   0
0.222818956042869   0.229251693033395   -0.0024637646976215   0.018225267908087   0
0.209301868165544   0.22848395526174   -0.013517087877325   -0.00076773777165523   0
0.209018039667444   0.228267669102526   -0.000283828498099575   -0.000216286159214152   0
0.230825198340505   0.22035733486988   0.0218071586730604   -0.0079103342326457   0
0.225195964299358   0.237452550643892   -0.00562923404114682   0.0170952157740113   0
0.20087282522288   0.220946607395385   -0.0243231390764777   -0.0165059432485067   0
0.204034067988726   0.221244378189472   0.00316124276584628   0.000297770794087521   0
0.225151756359362   0.223662145631092   0.0211176883706355   0.0024177674416197   0
0.2241537595054   0.212478237717352   -0.000997996853961569   -0.0111839079137402   0
0.226351860907499   0.209327841101923   0.002198101402099   -0.00315039661542899   0
0.262644815300839   0.210590015213206   0.0362929543933399   0.00126217411128282   0
0.297561878437457   0.244155342002318   0.0349170631366183   0.0335653267891128   0
0.305117044161552   0.244170158996878   0.00755516572409437   1.48169945592691e-05   0
0.256734822010162   0.258040709645676   -0.04838222215139   0.0138705506487979   0
0.28282634755175   0.255881317252508   0.0260915255415885   -0.00215939239316804   0
0.331890252814858   0.259353777225726   0.0490639052631078   0.00347245997321849   0
0.312627536145673   0.260345821739586   -0.0192627166691849   0.000992044513859591   0
0.285204913392414   0.271312535974335   -0.027422622753259   0.010966714234749   0
0.306044034659405   0.269769144079071   0.0208391212669908   -0.0015433918952637   0
0.302116318408836   0.282854687193525   -0.00392771625056854   0.013085543114454   0
0.359560573735587   0.302766384966084   0.0574442553267505   0.0199116977725593   0
0.330998014820132   0.298817322177169   -0.0285625589154549   -0.00394906278891521   0
0.309142391847648   0.290965506940211   -0.0218556229724842   -0.00785181523695822   0
0.297809299998709   0.289524830041602   -0.0113330918489383   -0.0014406768986085   0
0.326163406496246   0.304270558880348   0.0283541064975367   0.014745728838746   0
0.278036439570656   0.333302993169969   -0.0481269669255905   0.0290324342896204   0
0.316934398490369   0.343610618085739   0.0388979589197135   0.01030762491577   0
0.342830599331043   0.346596169503193   0.0258962008406737   0.00298555141745377   0
0.3803790303892   0.323415422232859   0.0375484310581575   -0.0231807472703335   0
0.2924903076806   0.320860906248701   -0.0878887227086002   -0.00255451598415801   0
0.305211936042999   0.319979842388488   0.0127216283623984   -0.000881063860212639   0
0.323974970550313   0.327907377517688   0.018763034507314   0.00792753512919919   0
0.264302525245205   0.329676652424207   -0.0596724453051071   0.00176927490651962   0
0.298097277252888   0.357451809150528   0.0337947520076823   0.027775156726321   0
0.287695812790254   0.356666571338809   -0.0104014644626333   -0.000785237811719408   0
0.211558956579807   0.358503224039424   -0.0761368562104478   0.00183665270061495   0
0.262850033856268   0.363692159244689   0.0512910772764617   0.00518893520526503   0
0.254346865235241   0.377092373239488   -0.0085031686210274   0.013400213994799   0
0.222691542735897   0.372835893646095   -0.0316553224993438   -0.00425647959339298   0
0.289528223572945   0.385788061340891   0.0668366808370474   0.0129521676947959   0
0.213495440747093   0.368876972724656   -0.0760327828258512   -0.0169110886162349   0
0.21044198274443   0.377017460171514   -0.00305345800266313   0.0081404874468578   0
0.236464084737911   0.374738985160373   0.0260221019934804   -0.00227847501114048   0
0.223358152292822   0.342036228975757   -0.0131059324450887   -0.0327027561846164   0
0.182962053724251   0.386043611823953   -0.0403960985685705   0.0440073828481959   0
0.205544842689599   0.362735079572357   0.0225827889653476   -0.0233085322515961   0
0.384575155146455   0.41072657085001   0.179030312456856   0.0479914912776535   0
0.6586515114199   0.508116275891623   0.274076356273446   0.097389705041613   0
0.534499161484398   0.464327181689256   -0.124152349935502   -0.0437890942023674   0
0.455281714111072   0.469468105458411   -0.0792174473733259   0.0051409237691552   0
0.338874440398519   0.485643180545812   -0.116407273712553   0.0161750750874011   0
0.290553769708876   0.456565569292436   -0.0483206706896421   -0.0290776112533761   0
0.250123639380488   0.46333686747572   -0.0404301303283889   0.00677129818328448   0
0.291036807902657   0.441025649176654   0.0409131685221697   -0.0223112182990667   0
0.27604492560406   0.471619851973716   -0.014991882298597   0.0305942027970619   0
0.323193874805462   0.477408757671728   0.0471489492014016   0.00578890569801277   0
0.30392537649616   0.476905786874174   -0.0192684983093016   -0.000502970797554292   0
0.302193896913706   0.46675151577768   -0.00173147958245418   -0.0101542710964942   0
0.253036564560457   0.463868372938213   -0.0491573323532489   -0.00288314283946672   0
0.180435680612264   0.516823408491764   -0.0726008839481929   0.0529550355535513   0
0.185803896785171   0.543794705872629   0.00536821617290684   0.0269712973808643   0
0.299553943010554   0.457611251032357   0.113750046225383   -0.0861834548402713   0
0.159656089313882   0.590303722494952   -0.139897853696672   0.132692471462594   0
0.190141560928372   0.647183793892479   0.0304854716144902   0.0568800713975272   0
0.0883897237387321   0.689505522370107   -0.10175183718964   0.0423217284776276   0
0.109659667237969   0.710763284562041   0.0212699434992369   0.0212577621919343   0
0.0692439109975338   0.727222614703397   -0.0404157562404351   0.0164593301413564   0
0.0499776409553122   0.705224315932658   -0.0192662700422216   -0.0219982987707394   0
0.0712068720500017   0.665856850702584   0.0212292310946895   -0.0393674652300742   0
0.0852952931482325   0.630665645320252   0.0140884210982308   -0.035191205382332   0
0.0959785463643578   0.677261681062873   0.0106832532161253   0.0465960357426209   0
0.148648041313491   0.656432464243096   0.0526694949491331   -0.0208292168197768   0
0.111857941126333   0.661168904564133   -0.036790100187158   0.00473644032103759   0
0.0967353607125106   0.676738175520588   -0.0151225804138223   0.0155692709564542   0
0.168517965649422   0.66975321668218   0.071782604936911   -0.00698495883840733   0
0.18004565570093   0.626968132927424   0.0115276900515086   -0.042785083754756   0
0.170241298161305   0.633777185107589   -0.00980435753962555   0.0068090521801647   0
0.26402162363087   0.596197766410336   0.0937803254695651   -0.0375794186972535   0
0.259738746953906   0.645440654427405   -0.00428287667696409   0.0492428880170697   0
0.181125735048266   0.664197473814633   -0.0786130119056395   0.0187568193872275   0
0.21414270033099   0.681567283199415   0.0330169652827242   0.0173698093847822   0
0.223642803061647   0.694303939849031   0.00950010273065699   0.0127366566496161   0
0.216364487443318   0.694246691436255   -0.00727831561832953   -5.72484127761008e-05   0
0.220104540105712   0.693528577402995   0.00374005266239455   -0.000718114033259498   0
0.0624012232417854   0.769051910621664   -0.157703316863927   0.0755233332186684   0
0.0772485740765115   0.79011144025351   0.0148473508347262   0.0210595296318467   0
0.0881926921843954   0.806601654420922   0.0109441181078839   0.016490214167412   0
0.141513225215793   0.787325802487215   0.053320533031398   -0.0192758519337071   0
0.0951006478302192   0.798193435140066   -0.0464125773855742   0.0108676326528508   0
0.0895032815574313   0.805872698121414   -0.00559736627278795   0.00767926298134813   0
0.134832355920102   0.794312823540717   0.0453290743626705   -0.011559874580697   0
0.0955940236954193   0.773732514260111   -0.0392383322246824   -0.0205803092806059   0
0.137655981477872   0.742736297913429   0.0420619577824526   -0.0309962163466828   0
0.215372720151984   0.759107091884081   0.0777167386741117   0.0163707939706524   0
0.258155080320652   0.766195106238238   0.0427823601686682   0.00708801435415696   0
0.197934845066625   0.765515208639123   -0.0602202352540272   -0.00067989759911502   0
0.209007759775428   0.765238500609548   0.0110729147088039   -0.000276708029575135   0
0.169635475735624   0.783750268342412   -0.0393722840398041   0.0185117677328643   0
0.186248916715393   0.79324618384427   0.0166134409797686   0.00949591550185791   0
0.207395825543135   0.791981476283759   0.0211469088277423   -0.00126470756051067   0
0.178273135971773   0.802761642922314   -0.0291226895713627   0.0107801666385549   0
0.238194273278159   0.769900457351245   0.0599211373063863   -0.0328611855710698   0
0.211873643774838   0.786330517781399   -0.0263206295033206   0.0164300604301543   0
0.226384836243166   0.79544570516703   0.0145111924683279   0.00911518738563077   0
0.194458014531263   0.804878058453693   -0.0319268217119033   0.00943235328666314   0
0.22884854813308   0.783927675480517   0.0343905336018176   -0.0209503829731759   0
0.168881126925664   0.79782773405947   -0.0599674212074167   0.013900058578953   0
0.170238632702463   0.795452913946809   0.00135750577679941   -0.00237482011266099   0
0.065625606585734   0.891342884223605   -0.104613026116729   0.0958899702767956   0
0.114616670120741   0.87385478954382   0.0489910635350072   -0.0174880946797845   0
0.101387483293283   0.859916346092876   -0.0132291868274583   -0.0139384434509439   0
0.120547820981019   0.858377694876493   0.0191603376877365   -0.00153865121638308   0
0.176998040655828   0.848211932792109   0.0564502196748088   -0.0101657620843844   0
0.0917822204422387   0.86656202262501   -0.0852158202135894   0.0183500898329017   0
0.123187112884523   0.859355286490061   0.0314048924422838   -0.00720673613494949   0
0.150111773310669   0.855084755300853   0.0269246604261461   -0.00427053118920806   0
0.0918131700337624   0.866630725357878   -0.0582986032769062   0.0115459700570248   0
0.186690676401607   0.822942022976455   0.0948775063678448   -0.0436887023814229   0
0.606506251542044   0.68443796218502   0.419815575140437   -0.138504060791435   0
0.438220754992608   0.731383689851967   -0.168285496549435   0.046945727666947   0
0.360743609446827   0.741576842397356   -0.0774771455457812   0.0101931525453892   0
0.313816652808205   0.764301019303437   -0.0469269566386225   0.0227241769060805   0
0.223944804977925   0.815071166015346   -0.0898718478302802   0.0507701467119092   0
0.300192684954227   0.810767289767983   0.0762478799763029   -0.00430387624736239   0
0.313964111449793   0.807713445139126   0.0137714264955653   -0.00305384462885772   0
0.23568011515395   0.837949143483008   -0.0782839962958432   0.0302356983438826   0
0.169576167126662   0.867414741887447   -0.0661039480272874   0.0294655984044387   0
0.2776194369513   0.842722148368029   0.108043269824637   -0.0246925935194179   0
0.206414680810606   0.880755147942033   -0.0712047561406933   0.0380329995740037   0
0.257149303705264   0.865550544448568   0.0507346228946575   -0.0152046034934652   0
0.153132997454956   0.894802413713892   -0.104016306250308   0.0292518692653242   0
0.185986853864829   0.889579430562271   0.032853856409873   -0.00522298315162051   0
0.225400700092927   0.875265294740591   0.0394138462280982   -0.0143141358216802   0
0.183583333324861   0.895249782555924   -0.0418173667680664   0.0199844878153329   0
0.240879712285073   0.873291901171663   0.0572963789602118   -0.0219578813842612   0
0.242157231262222   0.881515723443498   0.00127751897714959   0.00822382227183516   0
0.163626519759785   0.89950739612412   -0.0785307115024374   0.0179916726806219   0
0.217804916698062   0.896160760377952   0.0541783969382769   -0.00334663574616734   0
0.19375306725349   0.924120984415098   -0.0240518494445716   0.027960224037146   0
0.132967285370445   0.954748321076673   -0.0607857818830454   0.0306273366615749   0
0.163071741763112   0.942622222735216   0.0301044563926671   -0.0121260983414569   0
0.174690288353988   0.91821548582039   0.0116185465908763   -0.024406736914826   0
0.179950313657615   0.936078349722712   0.00526002530362718   0.0178628639023216   0
0.158651657437069   0.948565855743138   -0.0212986562205459   0.0124875060204264   0
0.192172972068672   0.954105955492903   0.0335213146316027   0.00554009974976433   0
0.120098029742357   0.971199976160661   -0.0720749423263152   0.0170940206677586   0
0.230136546103096   0.934678375032142   0.11003851636074   -0.036521601128519   0
0.196765885975433   0.950274722545289   -0.0333706601276628   0.015596347513147   0
0.162246069930079   0.971323894707117   -0.0345198160453541   0.0210491721618277   0
0.15996385165558   0.977209750192195   -0.00228221827449943   0.00588585548507836   0
0.224002966198179   0.934005334561476   0.0640391145425987   -0.0432044156307193   0
0.163186291486444   0.964338500476269   -0.0608166747117344   0.0303331659147926   0
0.136755406028479   0.994613798608347   -0.026430885457965   0.0302752981320779   0
0.217774573402894   0.983998166638062   0.0810191673744142   -0.0106156319702843   0
0.195748841278342   0.993398801978637   -0.0220257321245517   0.00940063534057467   0
0.135737525072228   1.02284640766514   -0.0600113162061137   0.0294476056865024   0
0.174978724290932   1.01323073919268   0.0392411992187039   -0.00961566847246287   0
0.14981466420093   1.04376209424783   -0.0251640600900021   0.0305313550551531   0
0.171164929897861   1.04362235623881   0.0213502656969312   -0.0001397380090149   0
0.188523401475601   1.05036182130903   0.0173584715777401   0.00673946507021239   0
0.185377959800677   1.06399289646751   -0.00314544167492417   0.0136310751584847   0
0.17506795070084   1.07899159988048   -0.0103100090998375   0.0149987034129693   0
0.164557994712417   1.08517919912412   -0.0105099559884223   0.00618759924363732   0
0.193379620916098   1.06772957857558   0.0288216262036811   -0.017449620548541   0
0.156337106156605   1.06879763569516   -0.0370425147594937   0.00106805711958535   0
0.12401688912191   1.08207273448447   -0.0323202170346949   0.0132750987893084   0
0.168877201754328   1.05273881911332   0.0448603126324182   -0.0293339153711538   0
0.488290170150034   0.878200360717693   0.319412968395706   -0.174538458395625   0
0.246183652852452   0.986796908009265   -0.242106517297582   0.108596547291572   0
0.265010571830957   1.00317129417547   0.0188269189785051   0.0163743861662026   0
0.289813791966598   0.994283275967516   0.0248032201356407   -0.00888801820795115   0
0.254227650970226   0.986777986413036   -0.0355861409963711   -0.0075052895544806   0
0.230680417198351   1.03779771408679   -0.0235472337718752   0.0510197276737526   0
