1.5888218854475e-14   6.938894e-16   0   0   0
0.0223173419289818   0.00712343629147208   0.0223173419289659   0.00712343629147139   0
0.0363726775738469   0.00700889379691359   0.014055335644865   -0.000114542494558491   0
0.0373737292282933   0.0123244412849045   0.00100105165444644   0.00531554748799091   0
0.0123106844507137   0.00684590682793675   -0.0250630447775796   -0.00547853445696775   0
0.0312758042988751   0.0263226335413904   0.0189651198481614   0.0194767267134536   0
0.118211704432777   0.0507822516450303   0.086935900133902   0.0244596181036399   0
0.170684029947141   0.0767270211319921   0.0524723255143641   0.0259447694869619   0
0.107179587965248   0.0444945989243464   -0.0635044419818935   -0.0322324222076457   0
0.0560888926015978   0.0201899770083001   -0.05109069536365   -0.0243046219160463   0
0.0488803347352503   0.0413228172852413   -0.0072085578663475   0.0211328402769412   0
0.0327426529630265   0.0531753796199547   -0.0161376817722238   0.0118525623347134   0
0.0214233890381465   0.0635663263064626   -0.0113192639248799   0.0103909466865079   0
0.0328226286220838   0.0591970710706446   0.0113992395839373   -0.00436925523581808   0
0.0146509722754179   0.0769411375062277   -0.0181716563466659   0.0177440664355832   0
0.0290445342607013   0.0877521046103491   0.0143935619852834   0.0108109671041214   0
0.115582662010512   0.123310449100751   0.0865381277498111   0.0355583444904017   0
0.135885134663929   0.182705195056167   0.020302472653417   0.0593947459554158   0
0.102122050744266   0.187868084452715   -0.0337630839196633   0.00516288939654849   0
0.101123444962607   0.171905268319711   -0.00099860578165864   -0.0159628161330042   0
0.145631433729192   0.156876797673618   0.0445079887665842   -0.0150284706460929   0
0.181372009430044   0.14597223467061   0.0357405757008521   -0.0109045630030078   0
0.167423093936105   0.147004173210114   -0.0139489154939388   0.00103193853950403   0
0.178139490820083   0.129521203375302   0.0107163968839778   -0.0174829698348123   0
0.146064754124453   0.131424846717906   -0.0320747366956302   0.00190364334260382   0
0.272739777032355   0.169911874210908   0.126675022907903   0.0384870274930019   0
0.224317330326413   0.210968511863097   -0.0484224467059424   0.0410566376521889   0
0.199518807838325   0.209514899419315   -0.0247985224880883   -0.001453612443782   0
0.112569358871543   0.241700811335099   -0.0869494489667813   0.0321859119157846   0
0.153583643623641   0.245192520133588   0.0410142847520974   0.00349170879848865   0
0.154242744430365   0.206432781371582   0.000659100806723906   -0.0387597387620058   0
0.207928797775793   0.210285675683368   0.053686053345428   0.00385289431178612   0
0.182282720862846   0.239809336233638   -0.0256460769129464   0.0295236605502701   0
0.159591518098678   0.180948164063093   -0.0226912027641683   -0.0588611721705457   0
0.148374182732936   0.17562863434306   -0.0112173353657416   -0.00531952972003255   0
0.166735870166112   0.169060542664314   0.0183616874331757   -0.00656809167874592   0
0.161881027073226   0.161217705346688   -0.00485484309288611   -0.00784283731762617   0
0.0975898448270201   0.284376718496384   -0.064291182246206   0.123159013149696   0
0.130719728867053   0.249904069574636   0.0331298840400331   -0.0344726489217476   0
0.148852798648785   0.238215809550006   0.0181330697817322   -0.0116882600246303   0
0.106955323529055   0.245813221066367   -0.0418974751197305   0.00759741151636087   0
0.0969209906902993   0.230636069547544   -0.0100343328387556   -0.0151771515188225   0
0.0964654681294099   0.220815898641235   -0.000455522560889488   -0.00982017090630896   0
0.070209125243073   0.218104130111737   -0.0262563428863369   -0.00271176852949817   0
0.0754154503327219   0.211697998050868   0.00520632508964894   -0.00640613206086874   0
0.0887056513054595   0.227913104533642   0.0132902009727376   0.0162151064827733   0
0.0785483912729111   0.201645066784682   -0.0101572600325485   -0.0262680377489595   0
0.0857643102473188   0.201827121659441   0.00721591897440776   0.000182054874758558   0
0.0940932940232052   0.215264380731385   0.00832898377588639   0.0134372590719445   0
0.150164831331712   0.203888966188975   0.0560715373085068   -0.01137541454241   0
0.184714579846507   0.180446110716606   0.0345497485147951   -0.0234428554723687   0
0.194173578960095   0.17825741818102   0.0094589991135875   -0.00218869253558618   0
0.202612638022925   0.183043149187904   0.00843905906283079   0.00478573100688398   0
0.237732345927849   0.185580561798777   0.0351197079049237   0.00253741261087281   0
0.26209997593892   0.177743839211601   0.024367630011071   -0.00783672258717599   0
0.266777572348478   0.150738279720053   0.00467759640955756   -0.0270055594915477   0
0.443478373938562   0.248291231716501   0.176700801590084   0.0975529519964481   0
0.613938791359601   0.346559327882665   0.170460417421039   0.0982680961661635   0
0.574926889685659   0.344622011705845   -0.0390119016739421   -0.00193731617681986   0
0.601333605724458   0.278424772553188   0.0264067160387988   -0.0661972391526568   0
0.630358992382153   0.228058112919364   0.0290253866576949   -0.0503666596338246   0
0.68746731000486   0.218053680732769   0.0571083176227072   -0.010004432186595   0
0.676481393365638   0.193752563400596   -0.0109859166392222   -0.0243011173321729   0
0.712431881511751   0.203848731874455   0.0359504881461126   0.010096168473859   0
0.671578427399629   0.192309196352086   -0.0408534541121215   -0.0115395355223686   0
0.761931074914591   0.212698941645051   0.0903526475149617   0.0203897452929651   0
0.688042048881558   0.205134936134096   -0.0738890260330325   -0.00756400551095532   0
0.698593778937885   0.220779466868157   0.010551730056327   0.0156445307340611   0
0.709918647589654   0.231073589810179   0.0113248686517687   0.010294122942022   0
0.690767194153989   0.235809332512478   -0.0191514534356653   0.0047357427022986   0
0.729401353302544   0.230530089799931   0.0386341591485549   -0.00527924271254648   0
0.716636929818555   0.237319750436916   -0.0127644234839883   0.00678966063698486   0
0.254489254937703   0.311113791379262   -0.462147674880852   0.0737940409423462   0
0.236518998297068   0.449635011751059   -0.017970256640635   0.138521220371796   0
0.206456008771807   0.465445168815631   -0.030062989525261   0.0158101570645725   0
0.180315747538694   0.452916873113485   -0.0261402612331133   -0.0125282957021466   0
0.198179520036178   0.440758903543203   0.0178637724974842   -0.0121579695702819   0
0.179694158758642   0.435929707884945   -0.0184853612775362   -0.00482919565825812   0
0.155213651400334   0.389219777539049   -0.0244805073583081   -0.046709930345896   0
0.165695070323125   0.404664819447003   0.0104814189227916   0.0154450419079541   0
0.181009969766036   0.41798279576537   0.015314899442911   0.0133179763183675   0
0.183042198322232   0.417185949308635   0.00203222855619536   -0.000796846456735389   0
0.214285696954439   0.434595402109243   0.0312434986322074   0.0174094528006078   0
0.184876480249146   0.43531823885277   -0.0294092167052936   0.000722836743527133   0
0.188305084943237   0.428073872691068   0.00342860469409131   -0.00724436616170199   0
0.204619871470989   0.442954307009675   0.0163147865277516   0.0148804343186075   0
0.210218909746809   0.41308330168275   0.00559903827582089   -0.029871005326925   0
0.222048446510768   0.389970191443227   0.0118295367639581   -0.0231131102395233   0
0.196084622586523   0.360332111693774   -0.0259638239242443   -0.0296380797494528   0
0.191678886974421   0.36131205803412   -0.00440573561210197   0.000979946340345483   0
0.267350420218911   0.359135399237151   0.0756715332444899   -0.00217665879696893   0
0.291981893836713   0.405159251129909   0.0246314736178019   0.0460238518927579   0
0.311147028302548   0.339782534285517   0.0191651344658345   -0.0653767168443913   0
0.326828418921853   0.314717090650007   0.0156813906193056   -0.0250654436355107   0
0.389976884175145   0.307685685457871   0.0631484652532916   -0.00703140519213608   0
0.387597359703202   0.254648681726993   -0.00237952447194301   -0.0530370037308778   0
0.348979680434207   0.243619713799718   -0.0386176792689949   -0.0110289679272744   0
0.436051380724542   0.28151013188404   0.0870717002903347   0.037890418084322   0
0.481622167650409   0.336381255638446   0.0455707869258674   0.0548711237544051   0
0.386459995608239   0.316345660719459   -0.09516217204217   -0.020035594918987   0
0.38491279426486   0.305945962331669   -0.00154720134337921   -0.0103996983877895   0
0.400873831838743   0.3064260123342   0.0159610375738836   0.000480050002530763   0
0.391795632917089   0.307005358366391   -0.00907819892165457   0.00057934603219123   0
0.416035839980711   0.246870785083769   0.0242402070636223   -0.0601345732826224   0
0.387963980154238   0.255481372835729   -0.0280718598264734   0.00861058775196052   0
0.539616391268769   0.240109789675489   0.151652411114532   -0.0153715831602406   0
0.548450201956538   0.281803096655215   0.00883381068776856   0.041693306979726   0
0.532506218789791   0.264494098930229   -0.0159439831667472   -0.0173089977249855   0
0.50543499008324   0.288793985492021   -0.0270712287065505   0.0242998865617917   0
0.52628691395638   0.274908803741571   0.0208519238731399   -0.0138851817504494   0
0.573544298940972   0.224387608535451   0.0472573849845918   -0.0505211952061208   0
0.548891225493225   0.218771221046556   -0.0246530734477471   -0.0056163874888947   0
0.589977174758335   0.210307896051558   0.0410859492651106   -0.00846332499499841   0
0.444959195700531   0.250089805543679   -0.145017979057804   0.0397819094921216   0
0.228018022060808   0.370967815471759   -0.216941173639723   0.12087800992808   0
0.326158567922659   0.314162514026804   0.0981405458618512   -0.0568053014449552   0
0.306480687951452   0.309330251428442   -0.019677879971207   -0.00483226259836189   0
0.338531760444091   0.316840467048495   0.0320510724926384   0.00751021562005322   0
0.35378444617808   0.298338619970643   0.0152526857339898   -0.0185018470778515   0
0.295089435146772   0.288312051502851   -0.058695011031308   -0.0100265684677922   0
0.327923684982947   0.296266441932129   0.0328342498361744   0.0079543904292777   0
0.333084597595718   0.266268342887271   0.00516091261277152   -0.0299980990448577   0
0.313961209492586   0.29722530232073   -0.0191233881031321   0.0309569594334583   0
0.384123960989596   0.25221052774987   0.0701627514970097   -0.0450147745708593   0
0.424793568468135   0.217560582715508   0.0406696074785393   -0.0346499450343625   0
0.449211312941886   0.233747997970671   0.0244177444737505   0.0161874152551629   0
0.479498569366343   0.218549952098235   0.0302872564244572   -0.0151980458724353   0
0.225312519796841   0.354694600690915   -0.254186049569502   0.136144648592679   0
0.176205490568727   0.485673266435179   -0.049107029228114   0.130978665744264   0
0.230862114310263   0.465310223874169   0.0546566237415367   -0.0203630425610101   0
0.25042345950912   0.529649059260871   0.0195613451988568   0.0643388353867022   0
0.285502265236569   0.41883987574135   0.0350788057274485   -0.110809183519521   0
0.356580197430302   0.341454535679557   0.071077932193733   -0.0773853400617934   0
0.352947327729162   0.336635894519169   -0.00363286970113957   -0.00481864116038799   0
0.313472119892388   0.356246226171887   -0.0394752078367739   0.0196103316527186   0
0.337045617609668   0.308554533734867   0.02357349771728   -0.0476916924370202   0
0.399589290725248   0.307958399410623   0.0625436731155796   -0.000596134324243658   0
0.424049695800613   0.38926215465229   0.0244604050753648   0.0813037552416663   0
0.426273122626476   0.397018393591887   0.00222342682586374   0.00775623893959732   0
0.454083844331845   0.38901189225989   0.0278107217053686   -0.0080065013319966   0
0.47784002505902   0.405379013608364   0.0237561807271751   0.0163671213484734   0
0.542356351552505   0.364991688307777   0.0645163264934845   -0.0403873253005873   0
0.516737472515402   0.371777626878837   -0.025618879037103   0.0067859385710603   0
0.475762035123642   0.367974290216239   -0.0409754373917602   -0.00380333666259797   0
0.456582773053772   0.344275443181087   -0.0191792620698695   -0.0236988470351515   0
0.484719409355818   0.333374552105377   0.0281366363020459   -0.0109008910757107   0
0.495747547187466   0.334260329676535   0.0110281378316484   0.000885777571157875   0
0.490580736407401   0.340400370284491   -0.00516681078006564   0.00614004060795659   0
0.469457722968052   0.340734866579796   -0.0211230134393485   0.000334496295304576   0
0.483325358703828   0.342661442791132   0.0138676357357754   0.0019265762113358   0
0.418530892819345   0.327732087150105   -0.0647944658844826   -0.0149293556410264   0
0.421407858049497   0.306180893508852   0.00287696523015185   -0.021551193641253   0
0.371753739110954   0.315378345657951   -0.0496541189385432   0.00919745214909878   0
0.193124124003685   0.347136828201348   -0.178629615107269   0.0317584825433967   0
0.282744549358852   0.300039432892648   0.0896204253551671   -0.0470973953087003   0
0.268365281134625   0.310252070302254   -0.0143792682242267   0.010212637409606   0
0.25472091182414   0.333120009423866   -0.0136443693104854   0.0228679391216125   0
0.271944576863661   0.374941630064079   0.0172236650395213   0.0418216206402126   0
0.265132086263122   0.385007877373964   -0.00681249060053918   0.0100662473098852   0
0.261082339597736   0.360301864897311   -0.00404974666538571   -0.0247060124766527   0
0.256309267241894   0.364937553976273   -0.00477307235584223   0.00463568907896222   0
0.246973919028386   0.362599316791032   -0.00933534821350851   -0.00233823718524107   0
0.283195322877546   0.383899084632825   0.0362214038491599   0.0212997678417929   0
0.349820173899347   0.412330635418492   0.066624851021801   0.0284315507856667   0
0.264377567634809   0.34386777852108   -0.0854426062645376   -0.0684628568974117   0
0.279401356920249   0.340961395109007   0.0150237892854403   -0.00290638341207355   0
0.292650868836441   0.351291792101474   0.0132495119161919   0.0103303969924669   0
0.286005608539595   0.3673534283533   -0.00664526029684603   0.0160616362518267   0
0.316750456225523   0.361647171784239   0.0307448476859277   -0.00570625656906093   0
0.338100839951393   0.349704910954844   0.0213503837258697   -0.0119422608293954   0
0.498333479934522   0.358646750151122   0.16023263998313   0.00894183919627822   0
0.473595525021682   0.411168927987894   -0.0247379549128406   0.0525221778367722   0
0.490042448396798   0.397830811037033   0.0164469233751159   -0.0133381169508615   0
0.341408150350948   0.452634383231646   -0.14863429804585   0.0548035721946131   0
0.418568987834402   0.386727470170751   0.0771608374834539   -0.0659069130608947   0
0.43751206164968   0.403087672745069   0.0189430738152785   0.0163602025743184   0
0.433134210820227   0.388577075604881   -0.00437785082945319   -0.0145105971401885   0
0.417461574537525   0.402502264395179   -0.0156726362827016   0.0139251887902981   0
0.482219511033354   0.374206684225075   0.0647579364958288   -0.0282955801701044   0
0.523041413493998   0.37046212303998   0.0408219024606435   -0.00374456118509509   0
0.602441150017734   0.351056509878208   0.0793997365237359   -0.0194056131617714   0
0.609726602462226   0.360466621337103   0.00728545244449263   0.00941011145889475   0
0.629854885159594   0.363263720427605   0.0201282826973679   0.00279709909050224   0
0.607990603600321   0.352215090494134   -0.0218642815592727   -0.0110486299334708   0
0.605877459902964   0.358999371132047   -0.00211314369735771   0.00678428063791259   0
0.595576917971871   0.367140459522082   -0.0103005419310928   0.00814108839003486   0
0.370823337159434   0.421188461162124   -0.224753580812437   0.0540480016400417   0
0.263516361785837   0.481954527797   -0.107306975373597   0.060766066634876   0
0.329938521573668   0.434599283548245   0.0664221597878309   -0.0473552442487549   0
0.360011300029894   0.419109530176968   0.0300727784562264   -0.0154897533712769   0
0.38508141014529   0.409221116656101   0.025070110115396   -0.0098884135208665   0
0.370351826012579   0.381866594181956   -0.0147295841327109   -0.0273545224741451   0
0.36094507484653   0.390962247153138   -0.00940675116604961   0.00909565297118176   0
0.354662496686401   0.387563929993754   -0.00628257816012906   -0.0033983171593841   0
0.401643625923949   0.377876981720005   0.0469811292375484   -0.00968694827374833   0
0.423042661169633   0.378365476248348   0.0213990352456839   0.000488494528342265   0
0.412341828835884   0.390234447820416   -0.0107008323337492   0.0118689715720687   0
0.437222216932006   0.370896581162009   0.0248803880961224   -0.0193378666584076   0
0.408707653211221   0.368515236913011   -0.0285145637207856   -0.00238134424899772   0
0.35925001807845   0.325743329038618   -0.0494576351327706   -0.0427719078743931   0
0.411813341092779   0.328756780825025   0.0525633230143293   0.00301345178640716   0
0.383413095611315   0.336208840897107   -0.0284002454814639   0.00745206007208221   0
0.609310545063921   0.320528606234404   0.225897449452606   -0.0156802346627031   0
0.694636355150083   0.376080604445881   0.0853258100861617   0.0555519982114763   0
0.626320164117323   0.374415888587775   -0.0683161910327605   -0.00166471585810579   0
0.65306775931333   0.353786422616951   0.0267475951960071   -0.0206294659708235   0
0.679183179073759   0.352729099353892   0.0261154197604293   -0.00105732326305946   0
0.249277051308756   0.487837568281492   -0.429906127765003   0.1351084689276   0
0.448131658122873   0.369030951549852   0.198854606814117   -0.11880661673164   0
0.463881652467239   0.378948939864043   0.0157499943443657   0.00991798831419011   0
0.511011607417587   0.359254968421039   0.0471299549503483   -0.0196939714430031   0
0.494924326153564   0.377728574610148   -0.0160872812640236   0.0184736061891086   0
0.50618626969077   0.385229662393411   0.011261943537206   0.00750108778326325   0
0.512439982068709   0.387469510316808   0.0062537123779387   0.00223984792339671   0
0.4990353434982   0.402000302273789   -0.0134046385705089   0.014530791956981   0
0.490374330612914   0.353221155540405   -0.00866101288528587   -0.0487791467333838   0
0.560005086729234   0.417860081682318   0.0696307561163205   0.0646389261419125   0
0.550505061055085   0.442283421607901   -0.0095000256741492   0.0244233399255838   0
0.585333437408598   0.431817821292646   0.034828376353513   -0.0104656003152552   0
0.616214478531042   0.412195295948687   0.0308810411224436   -0.019622525343959   0
0.636527545700227   0.412730248320007   0.0203130671691849   0.000534952371319508   0
0.666964568850834   0.399062029547184   0.0304370231506071   -0.0136682187728225   0
0.644808663918861   0.407244926425635   -0.0221559049319731   0.00818289687845092   0
0.560662621418551   0.427622372998908   -0.0841460425003098   0.0203774465732733   0
0.662356549090164   0.515272910099789   0.101693927671613   0.0876505371008807   0
0.721459483291037   0.524097761347109   0.059102934200874   0.00882485124732013   0
0.654793136219373   0.499038703676705   -0.0666663470716646   -0.0250590576704041   0
0.643345759218748   0.50843481933914   -0.0114473770006244   0.00939611566243537   0
0.679137164560518   0.501099546307097   0.0357914053417698   -0.00733527303204373   0
0.754864744811427   0.50462970503518   0.0757275802509088   0.00353015872808315   0
0.433011770246626   0.61619464845689   -0.321852974564801   0.111564943421711   0
