1.4210855e-14   1.38801766919832e-15   0   0   0
0.0186865795545008   0.00749424028973484   0.0186865795544866   0.00749424028973345   0
0.0485926486369068   0.0102436087260721   0.0299060690824059   0.00274936843633729   0
0.0158696177581241   0.015875871294534   -0.0327230308787826   0.00563226256846187   0
0.0393821644355178   0.0193384470914056   0.0235125466773937   0.00346257579687163   0
0.0483193492302425   0.0199731290204596   0.00893718479472465   0.000634681929053964   0
0.0325824900014035   0.0355292537734398   -0.015736859228839   0.0155561247529802   0
0.0446842911319494   0.04027774663609   0.012101801130546   0.0047484928626502   0
0.0519146433489558   0.0379188938146463   0.00723035221700639   -0.00235885282144366   0
0.0592842737680617   0.0244840915827778   0.00736963041910589   -0.0134348022318685   0
0.0583861303548035   0.0214233936707091   -0.000898143413258203   -0.00306069791206868   0
0.0565382020182561   0.0451763316345428   -0.00184792833654741   0.0237529379638337   0
0.0736775971246431   0.0427935244060486   0.017139395106387   -0.00238280722849418   0
0.0708533764270852   0.0271487168811625   -0.00282422069755793   -0.0156448075248862   0
0.0521493480462297   0.0266143851786507   -0.0187040283808554   -0.000534331702511791   0
0.0568464336490523   0.0250114383747277   0.00469708560282254   -0.00160294680392297   0
0.0883978792664322   0.0375720868776214   0.0315514456173799   0.0125606485028937   0
0.0872625236805018   0.0331326567622002   -0.00113535558593036   -0.00443943011542119   0
0.0821815117020206   0.0122204534259108   -0.00508101197848115   -0.0209122033362894   0
0.0496502453742892   0.0332986623556208   -0.0325312663277314   0.02107820892971   0
0.0352202675031925   0.0488967373142147   -0.0144299778710967   0.0155980749585939   0
0.0779750524287734   0.0347728276040768   0.0427547849255809   -0.0141239097101378   0
0.100765026539942   0.0550613126180769   0.0227899741111687   0.0202884850140001   0
0.0563429444607708   0.0660951193952831   -0.0444220820791713   0.0110338067772062   0
0.0586366487299138   0.0827238336581381   0.00229370426914297   0.0166287142628549   0
0.0497288365681169   0.0931766311456738   -0.00890781216179691   0.0104527974875357   0
0.0326723286638819   0.0820607257781045   -0.0170565079042349   -0.0111159053675693   0
0.0224872664278125   0.0836629713935983   -0.0101850622360694   0.00160224561549382   0
0.0174585338699194   0.0887133959188781   -0.00502873255789311   0.00505042452527985   0
0.0216852431510966   0.0961848385168546   0.00422670928117726   0.0074714425979765   0
0.130377157891769   0.0895449235842643   0.108691914740673   -0.00663991493259035   0
0.161866236062984   0.090465726220811   0.0314890781712145   0.000920802636546744   0
0.407827535837119   0.170362483115958   0.245961299774135   0.0798967568951468   0
0.303689628501237   0.114647851245544   -0.104137907335882   -0.0557146318704135   0
0.297167639731076   0.134103101954143   -0.00652198877016152   0.0194552507085987   0
0.362619450992772   0.139390767245787   0.0654518112616964   0.00528766529164412   0
0.433983298504671   0.127865665749563   0.0713638475118994   -0.0115251014962243   0
0.765674588472015   0.275109599901143   0.331691289967344   0.14724393415158   0
0.604671748591797   0.227758244154845   -0.161002839880219   -0.0473513557462979   0
0.565348639122801   0.190072670894146   -0.0393231094689954   -0.0376855732606991   0
0.512634856131649   0.194468887750868   -0.0527137829911524   0.00439621685672206   0
0.496003727083128   0.187545156680726   -0.0166311290485213   -0.00692373107014255   0
0.46138535183584   0.211767294593153   -0.0346183752472874   0.0242221379124268   0
0.591858243014851   0.260057381780741   0.130472891179011   0.048290087187588   0
0.572195659644769   0.242305912232525   -0.0196625833700825   -0.0177514695482159   0
0.47343436442634   0.221438707344593   -0.0987612952184289   -0.020867204887932   0
0.425155900931965   0.217760158821204   -0.0482784634943751   -0.00367854852338878   0
0.451540384872113   0.211333180487691   0.0263844839401484   -0.00642697833351336   0
0.442685552867999   0.199545456911625   -0.00885483200411463   -0.0117877235760653   0
0.445632950592725   0.21551684147097   0.00294739772472641   0.0159713845593448   0
0.412617365110008   0.227414073678203   -0.0330155854827169   0.0118972322072326   0
0.400395714234181   0.22383499200771   -0.0122216508758267   -0.00357908167049298   0
0.401567034782135   0.228409000684426   0.0011713205479536   0.00457400867671628   0
0.388072421259441   0.235114720980192   -0.0134946135226943   0.0067057202957656   0
0.394490214604429   0.243675333576059   0.00641779334498827   0.00856061259586716   0
0.378048399611491   0.264357787397568   -0.016441814992938   0.0206824538215087   0
0.394111669651372   0.25578717547587   0.0160632700398812   -0.00857061192169756   0
0.416974406596597   0.241425922505082   0.0228627369452243   -0.0143612529707884   0
0.398110806941831   0.255513787970494   -0.0188635996547654   0.0140878654654124   0
0.372793137851914   0.27049439643624   -0.0253176690899173   0.0149806084657457   0
0.361467983135219   0.2686839368446   -0.0113251547166946   -0.00181045959163995   0
0.373426003768196   0.266406928769173   0.0119580206329767   -0.00227700807542669   0
0.377439140838907   0.265049466452724   0.00401313707071083   -0.0013574623164494   0
0.406615293900441   0.285748791774201   0.0291761530615338   0.0206993253214778   0
0.369860998409969   0.268047254773652   -0.0367542954904714   -0.0177015370005496   0
0.427741483076078   0.273950408605546   0.0578804846661085   0.00590315383189405   0
0.414869144588816   0.258770334179368   -0.0128723384872617   -0.0151800744261778   0
0.435953881106957   0.262925872239037   0.0210847365181415   0.00415553805966912   0
0.405322423530792   0.267174721196477   -0.0306314575761652   0.00424884895743932   0
0.3810133069943   0.279730003180218   -0.0243091165364921   0.0125552819837416   0
0.376576908673946   0.271766945905876   -0.00443639832035375   -0.00796305727434188   0
0.394418512361399   0.280301029523015   0.0178416036874525   0.00853408361713831   0
0.406641368503145   0.268100613160159   0.012222856141746   -0.0122004163628555   0
0.41550905287643   0.278731650406416   0.00886768437328506   0.0106310372462572   0
0.398275459935299   0.272600003569318   -0.0172335929411308   -0.00613164683709805   0
0.406222429438335   0.238697332985015   0.00794696950303608   -0.0339026705843029   0
0.403733603096238   0.262596966528645   -0.00248882634209746   0.0238996335436292   0
0.358354171859904   0.268309673674569   -0.0453794312363336   0.0057127071459247   0
0.348623058059682   0.281200028249627   -0.00973111380022207   0.0128903545750581   0
0.371791325202815   0.282637739537012   0.0231682671431329   0.00143771128738485   0
0.374570035499748   0.247043566492083   0.00277871029693322   -0.0355941730449293   0
0.368110638910223   0.268615597434835   -0.00645939658952555   0.0215720309427517   0
0.3599303694199   0.268399239793394   -0.00818026949032313   -0.000216357641440457   0
0.374441629100622   0.250174205261403   0.0145112596807228   -0.0182250345319912   0
0.384537475771763   0.257847323870002   0.0100958466711409   0.00767311860859948   0
0.35859180521699   0.257828113828235   -0.0259456705547733   -1.9210041767137e-05   0
0.349754705702622   0.27833626765997   -0.00883709951436845   0.020508153831735   0
0.364330644894632   0.269609371747703   0.0145759391920108   -0.00872689591226739   0
0.382124433512508   0.246367188296628   0.0177937886178752   -0.0232421834510744   0
0.410858550777958   0.246273262478923   0.0287341172654509   -9.39258177058422e-05   0
0.386781587566734   0.265197523054955   -0.0240769632112246   0.0189242605760327   0
0.379451046987741   0.260273478492637   -0.00733054057899279   -0.00492404456231849   0
0.356549261494179   0.238643780368872   -0.0229017854935618   -0.0216296981237651   0
0.35952339429779   0.237618510844594   0.00297413280361031   -0.00102526952427814   0
0.332636840864678   0.249469499462676   -0.0268865534331114   0.011850988618083   0
0.336540963130157   0.273679768375431   0.00390412226547843   0.0242102689127546   0
0.356123035982413   0.271127042240501   0.0195820728522564   -0.00255272613493002   0
0.390143251367792   0.241543880061346   0.0340202153853794   -0.0295831621791546   0
0.378972436955587   0.271306817289692   -0.0111708144122054   0.0297629372283454   0
0.356884245473997   0.257287572707072   -0.0220881914815897   -0.0140192445826198   0
0.347356390455354   0.255872841212062   -0.00952785501864367   -0.00141473149501037   0
0.358061501028469   0.252268350195785   0.0107051105731152   -0.00360449101627702   0
0.368345404538505   0.277687560688718   0.0102839035100358   0.0254192104929338   0
0.350092421724491   0.281093602548148   -0.0182529828140136   0.0034060418594295   0
0.349826314123351   0.275995261797903   -0.000266107601139876   -0.00509834075024507   0
0.366553661621951   0.245046660326539   0.0167273474985995   -0.0309486014713635   0
0.370791483378075   0.266464896413288   0.00423782175612447   0.0214182360867486   0
0.381469899974499   0.254725146811111   0.0106784165964237   -0.0117397496021774   0
0.358226975703625   0.281867119840844   -0.0232429242708738   0.0271419730297338   0
0.347281799038285   0.265224337072168   -0.0109451766653404   -0.0166427827686768   0
0.383138628921236   0.242117555024658   0.0358568298829514   -0.0231067820475096   0
0.394621887535105   0.271166731183404   0.0114832586138692   0.0290491761587457   0
0.360857343272306   0.256233957804731   -0.0337645442627995   -0.0149327733786721   0
0.374717792831339   0.250229765250362   0.0138604495590338   -0.00600419255436951   0
0.373803477051062   0.243336956718971   -0.000914315780277397   -0.00689280853139126   0
0.393034736995891   0.255280154400862   0.0192312599448294   0.0119431976818911   0
0.374619061771495   0.271755380511134   -0.018415675224396   0.0164752261102722   0
0.367215555381784   0.259116594502041   -0.00740350638971154   -0.0126387860090929   0
0.376608487499907   0.254929663911978   0.00939293211812303   -0.00418693059006314   0
0.381295042851987   0.274366261805017   0.00468655535208029   0.0194365978930386   0
0.381268178212299   0.283019884247718   -2.68646396883176e-05   0.00865362244270129   0
0.39169223365804   0.247165667583276   0.0104240554457415   -0.0358542166644414   0
0.393703003128837   0.240799806384942   0.00201076947079643   -0.00636586119833482   0
0.370384868573948   0.25304876060137   -0.0233181345548886   0.0122489542164285   0
0.347892125042211   0.260250657786239   -0.022492743531737   0.00720189718486869   0
0.353622072603544   0.260892908280119   0.0057299475613331   0.00064225049387967   0
0.378894644722533   0.243372904276152   0.0252725721189892   -0.0175200040039664   0
0.400566402239693   0.248519121782018   0.02167175751716   0.00514621750586602   0
0.389183227190719   0.249387546248453   -0.0113831750489745   0.000868424466434647   0
0.375859093746683   0.257623384733991   -0.0133241334440364   0.0082358384855386   0
0.40459685348637   0.222711550483533   0.028737759739687   -0.0349118342504588   0
0.402902310260191   0.244531685011988   -0.00169454322617862   0.0218201345284557   0
0.370020426386625   0.232026953504435   -0.0328818838735656   -0.0125047315075531   0
0.342264688222553   0.238830922010876   -0.0277557381640722   0.00680396850644113   0
0.332715623319491   0.241274109432332   -0.00954906490306223   0.00244318742145611   0
0.35765639167329   0.243467220449615   0.0249407683537994   0.00219311101728281   0
0.369940958739368   0.252973232426346   0.0122845670660778   0.00950601197673109   0
0.38185877854776   0.267650803451389   0.0119178198083921   0.0146775710250427   0
0.385990862623068   0.253994766027419   0.00413208407530824   -0.0136560374239701   0
0.386446826713194   0.227280845610329   0.000455964090125438   -0.0267139204170898   0
0.377522909510198   0.246718618535327   -0.00892391720299629   0.0194377729249978   0
0.350186959904903   0.232527583760849   -0.0273359496052951   -0.0141910347744783   0
0.367732814232462   0.204101482835406   0.0175458543275597   -0.0284261009254423   0
0.380340432564459   0.248976925516185   0.0126076183319973   0.0448754426807788   0
0.364442498145276   0.262896290363439   -0.0158979344191833   0.013919364847254   0
0.381136844469041   0.253771701644457   0.0166943463237647   -0.00912458871898214   0
0.387358975152316   0.24864088790389   0.00622213068327493   -0.00513081374056679   0
0.42836254954655   0.216224358203579   0.0410035743942344   -0.0324165297003108   0
0.409490622892217   0.241204884190329   -0.018871926654333   0.0249805259867499   0
0.40113067272736   0.216768423243646   -0.00835995016485735   -0.0244364609466838   0
0.429891174093191   0.21105107846843   0.0287605013658307   -0.00571734477521549   0
0.428958152670407   0.227099800165742   -0.000933021422783564   0.0160487216973114   0
0.395356266106547   0.21825392368888   -0.0336018865638604   -0.00884587647686202   0
0.382353660942402   0.204795311574428   -0.013002605164145   -0.0134586121144519   0
0.383408141981331   0.192857909227803   0.00105448103892963   -0.011937402346625   0
0.383732460512194   0.212497849435579   0.000324318530862733   0.0196399402077763   0
0.360981220945554   0.211984023456104   -0.0227512395666399   -0.000513825979475135   0
0.366769292738763   0.182863508353722   0.00578807179320884   -0.0291205151023821   0
0.386186844731567   0.212716653534119   0.0194175519928043   0.0298531451803977   0
0.375062645792574   0.202344432819638   -0.0111241989389936   -0.0103722207144814   0
0.395460743644807   0.18782167233715   0.0203980978522335   -0.0145227604824879   0
0.415368217290208   0.210920493680126   0.019907473645401   0.0230988213429761   0
0.409748872677557   0.218952590601844   -0.00561934461265073   0.00803209692171819   0
0.392788183098586   0.24945323333921   -0.0169606895789708   0.0305006427373661   0
0.394803110301872   0.247937072375886   0.00201492720328517   -0.00151616096332391   0
0.372605610178097   0.239669380745251   -0.0221975001237751   -0.00826769163063501   0
0.343149566317244   0.276400135669807   -0.0294560438608525   0.0367307549245553   0
0.320580004467434   0.264396704304726   -0.0225695618498104   -0.0120034313650812   0
0.323070356834697   0.270317941335208   0.00249035236726292   0.00592123703048275   0
0.330168085417403   0.298080290960023   0.00709772858270635   0.0277623496248146   0
0.306671716738695   0.348610233676691   -0.0234963686787075   0.0505299427166678   0
0.294068151467151   0.38992168745327   -0.0126035652715447   0.0413114537765795   0
0.247651879955468   0.413794888416231   -0.0464162715116824   0.023873200962961   0
0.205154425073167   0.434630832740282   -0.0424974548823012   0.0208359443240509   0
0.183364640937693   0.439109715590812   -0.0217897841354737   0.00447888285052983   0
0.211707739993368   0.414890999396571   0.0283430990556748   -0.0242187161942412   0
0.174605799387489   0.395636104641083   -0.0371019406058796   -0.0192548947554876   0
0.160976877104452   0.423778759395689   -0.0136289222830368   0.0281426547546056   0
0.163779945993855   0.463356548516381   0.00280306888940324   0.0395777891206922   0
0.141697453805828   0.484308017893927   -0.0220824921880273   0.0209514693775462   0
0.141341989998654   0.4996711829188   -0.000355463807174078   0.0153631650248728   0
0.159913769796114   0.516758963361795   0.0185717797974605   0.0170877804429953   0
0.158040012907446   0.511727006657446   -0.00187375688866839   -0.00503195670434864   0
0.163474693889943   0.508556325430046   0.00543468098249747   -0.00317068122740072   0
0.168377126726145   0.546745376075764   0.00490243283620218   0.0381890506457182   0
0.155691762300689   0.537382507585426   -0.0126853644254566   -0.00936286849033785   0
0.144732351484532   0.535361340886729   -0.010959410816157   -0.00202116669869701   0
0.144844806041986   0.599522395556899   0.00011245455745465   0.0641610546701701   0
0.154649948079034   0.52869994941832   0.00980514203704805   -0.0708224461385794   0
0.141977630071132   0.512416778153981   -0.0126723180079024   -0.0162831712643385   0
0.164682575063151   0.556449077657894   0.0227049449920192   0.0440322995039126   0
0.173875738794332   0.544326306267816   0.00919316373118054   -0.0121227713900781   0
0.17323991617459   0.515989550247816   -0.000635822619741655   -0.0283367560199995   0
0.204401874052703   0.526620535399948   0.0311619578781124   0.0106309851521317   0
0.284663091857017   0.580874992005694   0.0802612178043146   0.0542544566057466   0
0.260712549730723   0.550598987954811   -0.0239505421262944   -0.0302760040508832   0
0.255813581884004   0.55856564530792   -0.0048989678467185   0.00796665735310897   0
0.281292957752739   0.562913257674247   0.0254793758687346   0.00434761236632686   0
0.278205033584637   0.581812388814047   -0.00308792416810161   0.0188991311397994   0
0.257988366609543   0.565446773032355   -0.0202166669750943   -0.0163656157816917   0
0.244036495328138   0.572159651051493   -0.0139518712814051   0.00671287801913856   0
0.240323176508711   0.575658706797722   -0.00371331881942649   0.00349905574622877   0
0.234562727546371   0.566033008995685   -0.00576044896233996   -0.00962569780203737   0
0.247780840903013   0.572039800542441   0.0132181133566418   0.00600679154675621   0
0.235591852815438   0.559552861439779   -0.0121889880875754   -0.0124869391026622   0
0.216471457202215   0.538960291755861   -0.0191203956132231   -0.0205925696839173   0
0.214027535336418   0.519806696484075   -0.00244392186579695   -0.0191535952717866   0
0.23293683464529   0.539374894996556   0.0189092993088728   0.019568198512481   0
0.232575472288502   0.528354718047528   -0.000361362356788436   -0.0110201769490277   0
0.244837001029661   0.497270493241225   0.0122615287411593   -0.031084224806303   0
0.231197462783483   0.503381332710936   -0.0136395382461785   0.00611083946971036   0
0.199503803173104   0.547412741432172   -0.0316936596103791   0.0440314087212365   0
0.208368108019522   0.531421511433591   0.00886430484641837   -0.0159912299985807   0
0.224435854272915   0.560646268499022   0.0160677462533934   0.0292247570654307   0
0.185282189326995   0.550272021811771   -0.0391536649459209   -0.0103742466872514   0
0.195028349489315   0.510851805198594   0.00974616016232044   -0.0394202166131762   0
0.188914149302666   0.5651263375192   -0.00611420018664896   0.0542745323206059   0
0.176836753489464   0.568488289018129   -0.012077395813202   0.00336195149892882   0
0.200690872068226   0.554623099983731   0.0238541185787618   -0.0138651890343984   0
0.214788606866173   0.569440570459586   0.014097734797947   0.0148174704758557   0
0.192472186775543   0.597975418760965   -0.02231642009063   0.0285348483013791   0
0.190125094570859   0.592147250705751   -0.00234709220468418   -0.00582816805521424   0
0.200810024510303   0.624357558114167   0.0106849299394441   0.0322103074084154   0
0.197131512473695   0.628468958515371   -0.00367851203660746   0.00411140040120428   0
0.18532289062825   0.602539685635111   -0.0118086218454451   -0.0259292728802598   0
0.201714064997554   0.600686159159008   0.0163911743693039   -0.0018535264761026   0
0.207547281707128   0.60854465576658   0.0058332167095736   0.00785849660757187   0
0.192617106477491   0.613990467242701   -0.0149301752296363   0.00544581147612022   0
0.197727334967369   0.599304280507082   0.00511022848987772   -0.0146861867356191   0
0.187449553101737   0.579868990629048   -0.0102777818656321   -0.0194352898780339   0
0.197236887595161   0.581829098988279   0.0097873344934245   0.00196010835923144   0
