1.4210855e-14   1.7347235e-16   0   0   0
0.022860149815773   0.0141556298807753   0.0228601498157588   0.0141556298807751   0
0.0285060268899951   0.028815918447978   0.00564587707422208   0.0146602885672028   0
0.043324654019304   0.0177802479186597   0.0148186271293089   -0.0110356705293184   0
0.0534180348702486   0.0270847658311983   0.0100933808509447   0.00930451791253866   0
0.0479200581813608   0.032194979950282   -0.00549797668888785   0.00511021411908366   0
0.0356093058831093   0.0323159771050846   -0.0123107522982515   0.000120997154802613   0
0.0312293206418361   0.0152147985929896   -0.00437998524127321   -0.017101178512095   0
0.0327620226385867   0.0139543493010847   0.00153270199675061   -0.00126044929190485   0
0.0340471226878901   0.0222053253558574   0.00128510004930343   0.00825097605477271   0
0.0403534877005061   0.0222416145468757   0.00630636501261599   3.62891910182898e-05   0
0.0454817666610405   0.0154812625990106   0.00512827896053439   -0.00676035194786513   0
0.0425764193938902   0.0157593708362287   -0.00290534726715029   0.000278108237218093   0
0.0553013857940325   0.0438334577359199   0.0127249664001423   0.0280740868996912   0
0.0616570427933332   0.0311929540107379   0.00635565699930062   -0.012640503725182   0
0.0456040860956435   0.0222602893835606   -0.0160529566976897   -0.0089326646271773   0
0.0402126266934267   0.0286211198142554   -0.00539145940221671   0.00636083043069475   0
0.0374181297310822   0.0169917101394101   -0.00279449696234453   -0.0116294096748453   0
0.0520593653036632   0.0265430187448326   0.014641235572581   0.00955130860542256   0
0.0504193719218379   0.0220634240065278   -0.0016399933818253   -0.00447959473830484   0
0.0365075189148429   0.0292135952308734   -0.013911853006995   0.00715017122434557   0
0.0471532420529985   0.0227925477427012   0.0106457231381556   -0.00642104748817214   0
0.0496221589542074   0.0111781695830082   0.00246891690120897   -0.011614378159693   0
0.0464803001985625   0.0146614577792949   -0.00314185875564497   0.00348328819628666   0
0.0457785608723806   0.0334555960384985   -0.000701739326181831   0.0187941382592036   0
0.0492807954952411   0.0167766184839467   0.00350223462286049   -0.0166789775545518   0
0.0496039173621335   0.0300901805509544   0.000323121866892373   0.0133135620670078   0
0.0494924987784604   0.0220789133859109   -0.000111418583673091   -0.00801126716504354   0
0.05457536819399   0.0234693377575185   0.00508286941552963   0.0013904243716076   0
0.0663780755736384   0.020296776659164   0.0118027073796484   -0.00317256109835452   0
0.0631044220381897   0.0126887223878417   -0.00327365353544874   -0.00760805427132227   0
0.0789825085203332   0.0297402899410861   0.0158780864821435   0.0170515675532444   0
0.110765031954702   0.0445665365143345   0.0317825234343691   0.0148262465732484   0
0.0936382589876053   0.0311463366917339   -0.017126772967097   -0.0134201998226005   0
0.0983829410241081   0.0401551264192467   0.00474468203650275   0.00900878972751276   0
0.131351996193375   0.0718664432125444   0.0329690551692665   0.0317113167932977   0
0.158969916485246   0.0698956063011476   0.0276179202918716   -0.00197083691139675   0
0.160299503758735   0.0716587671692333   0.00132958727348839   0.00176316086808564   0
0.190891092796528   0.0843387442097145   0.0305915890377936   0.0126799770404812   0
0.187955962846748   0.090769166477369   -0.00293512994978054   0.00643042226765451   0
0.184148363396838   0.0860302422742614   -0.00380759944990913   -0.00473892420310761   0
0.188682446823458   0.0822021421873768   0.00453408342661937   -0.00382810008688461   0
0.201007612948596   0.100346664559437   0.0123251661251381   0.0181445223720605   0
0.22383595584731   0.0973418658886928   0.022828342898714   -0.00300479867074457   0
0.205885280520007   0.0933324826300486   -0.0179506753273027   -0.00400938325864413   0
0.219104756478601   0.0984792514357852   0.0132194759585934   0.00514676880573658   0
0.237726141675934   0.107170183487439   0.0186213851973329   0.00869093205165371   0
0.255937792857238   0.121458680804877   0.0182116511813041   0.0142884973174381   0
0.241298330687902   0.11024886315985   -0.0146394621693353   -0.0112098176450274   0
0.239842523235665   0.110389743487933   -0.00145580745223725   0.000140880328082973   0
0.276816556965214   0.134051529594263   0.0369740337295493   0.0236617861063299   0
0.255994718610101   0.110991840212855   -0.0208218383551132   -0.0230596893814074   0
0.247169919036762   0.109509651826725   -0.00882479957333893   -0.00148218838613057   0
0.23955743997102   0.0902010734862914   -0.00761247906574197   -0.0193085783404332   0
0.277655443606387   0.11227171300807   0.0380980036353666   0.0220706395217786   0
0.249036645106322   0.111596922376442   -0.0286187985000649   -0.00067479063162848   0
0.298687347110626   0.147942261848064   0.0496507020043042   0.0363453394716225   0
0.284519814541525   0.134927352318764   -0.0141675325691011   -0.0130149095293   0
0.291901536305975   0.123204394762384   0.00738172176445029   -0.0117229575563796   0
0.297634264452661   0.126004176188776   0.00573272814668563   0.00279978142639115   0
0.295233230624541   0.133706902917615   -0.0024010338281204   0.00770272672883995   0
0.284565486973103   0.125063041087966   -0.0106677436514377   -0.00864386182964924   0
0.298011402376325   0.131509832038919   0.0134459154032226   0.00644679095095269   0
0.253317946404842   0.092108406243581   -0.0446934559714832   -0.0394014257953379   0
0.275459192680754   0.117396427507386   0.0221412462759116   0.0252880212638047   0
0.290121876758537   0.13334259773156   0.0146626840777832   0.015946170224174   0
0.309094267607848   0.136739900328666   0.0189723908493107   0.00339730259710638   0
0.310572454578367   0.139831522478851   0.00147818697051944   0.00309162215018444   0
0.316619054800441   0.139066618839055   0.00604660022207359   -0.000764903639795284   0
0.32134558521759   0.143641278859121   0.00472653041714943   0.00457466002006587   0
0.336888560182479   0.147867861713517   0.0155429749648889   0.00422658285439606   0
0.309746288431665   0.149131480789864   -0.0271422717508137   0.00126361907634653   0
0.309647552320334   0.142432101429711   -9.87361113309881e-05   -0.00669937936015236   0
0.328744138353159   0.16136229824082   0.0190965860328241   0.0189301968111082   0
0.320711837480024   0.137023211311246   -0.00803230087313439   -0.0243390869295737   0
0.321587585962406   0.140178573567213   0.000875748482381533   0.00315536225596719   0
0.320585814516725   0.161039445272854   -0.00100177144568081   0.0208608717056411   0
0.321748876729364   0.163745491312933   0.00116306221263951   0.00270604604007926   0
0.333963942302633   0.151847874746285   0.0122150655732684   -0.0118976165666481   0
0.289493066686949   0.120077340186653   -0.0444708756156837   -0.031770534559632   0
0.319424403975951   0.141635615759823   0.029931337289002   0.0215582755731701   0
0.354041862129207   0.164351657344529   0.0346174581532558   0.022716041584706   0
0.365883430913453   0.171676240959381   0.0118415687842461   0.00732458361485136   0
0.353938895906504   0.170816066030584   -0.0119445350069491   -0.000860174928796864   0
0.381497700099533   0.182548527947481   0.0275588041930289   0.0117324619168967   0
0.37867851330196   0.163775967925549   -0.00281918679757326   -0.0187725600219317   0
0.389027944781768   0.180914431862406   0.010349431479809   0.0171384639368573   0
0.414532521013369   0.199363000952024   0.0255045762316004   0.0184485690896177   0
0.404158242338618   0.19147944432078   -0.0103742786747506   -0.0078835566312441   0
0.432750760600639   0.206688160140922   0.0285925182620209   0.0152087158201418   0
0.373798590829953   0.1610885432386   -0.0589521697706857   -0.0455996169023218   0
0.394877695072127   0.185895180705282   0.0210791042421739   0.0248066374666821   0
0.420737073517705   0.19457988357861   0.0258593784455781   0.00868470287332765   0
0.445585566383797   0.203719270775095   0.0248484928660915   0.00913938719648524   0
0.433435981562781   0.205238682944918   -0.0121495848210155   0.00151941216982279   0
0.440351006825955   0.213508691792224   0.00691502526317339   0.00827000884730669   0
0.436193044743417   0.224353868378624   -0.00415796208253766   0.0108451765863997   0
0.443420294135469   0.198892823380484   0.00722724939205188   -0.0254610449981404   0
0.439911946784264   0.209558678896517   -0.00350834735120531   0.0106658555160334   0
0.42099749839706   0.202707559526329   -0.0189144483872032   -0.00685111937018823   0
0.445424339322322   0.219977148556513   0.0244268409252615   0.0172695890301844   0
0.43157725221271   0.196699207595727   -0.0138470871096117   -0.0232779409607859   0
0.440965384865173   0.200959530335141   0.00938813265246258   0.00426032273941326   0
0.453836734735572   0.211981762315882   0.012871349870399   0.0110222319807416   0
0.47211742890136   0.239599052840992   0.0182806941657886   0.0276172905251098   0
0.489923649243625   0.249113887977357   0.0178062203422644   0.00951483513636464   0
0.493760571672365   0.243847845897846   0.0038369224287399   -0.00526604207951031   0
0.501957115417528   0.244926686414533   0.00819654374516332   0.00107884051668661   0
0.470959324230159   0.212876143676808   -0.0309977911873688   -0.0320505427377247   0
0.445550959057136   0.20388906522715   -0.0254083651730235   -0.00898707844965785   0
0.489789818027461   0.227698702844424   0.0442388589703248   0.0238096376172737   0
0.530573577152103   0.242112054877436   0.0407837591246422   0.0144133520330123   0
0.510243558753626   0.236497411115566   -0.0203300183984768   -0.00561464376187079   0
0.499634500786862   0.235029621096948   -0.0106090579667643   -0.00146779001861713   0
0.500194560940878   0.238345991927284   0.000560060154016329   0.00331637083033531   0
0.520112419778012   0.24134217135492   0.0199178588371336   0.00299617942763619   0
0.50393562661946   0.223890143622584   -0.0161767931585515   -0.0174520277323363   0
0.527200518154438   0.240510498862418   0.0232648915349781   0.016620355239834   0
0.534051958649   0.252271678054039   0.00685144049456132   0.0117611791916214   0
0.569351114425547   0.270518959226957   0.0352991557765477   0.0182472811729178   0
0.570077110312719   0.289328391974382   0.000725995887172037   0.0188094327474248   0
0.589113391202552   0.319059908382053   0.0190362808898326   0.0297315164076709   0
0.606876985858071   0.315946677275035   0.0177635946555192   -0.00311323110701789   0
0.573345591147069   0.283882572695222   -0.0335313947110022   -0.0320641045798123   0
0.578237376119594   0.298894216432118   0.00489178497252518   0.0150116437368952   0
0.632377240841448   0.333788673825457   0.0541398647218543   0.0348944573933399   0
0.587252182988461   0.284135642486459   -0.0451250578529874   -0.0496530313389982   0
0.614173841593654   0.306371742841445   0.026921658605193   0.0222361003549861   0
0.595330048590971   0.30913497065206   -0.0188437930026826   0.00276322781061417   0
0.570678187834056   0.283844592162975   -0.0246518607569151   -0.0252903784890845   0
0.570587475678242   0.273028233012066   -9.07121558146873e-05   -0.0108163591509094   0
0.576829906257785   0.272569335646978   0.00624243057954332   -0.00045889736508814   0
0.608828312565649   0.296425029203082   0.0319984063078634   0.0238556935561048   0
0.66706730940202   0.341141433414474   0.0582389968363717   0.0447164042113914   0
0.642713158813826   0.276534816587929   -0.0243541505881938   -0.0646066168265451   0
0.713802315188292   0.249774049327457   0.0710891563744658   -0.0267607672604714   0
0.641983274537247   0.221538155666784   -0.0718190406510455   -0.0282358936606729   0
0.667640105286124   0.243911678519831   0.0256568307488771   0.0223735228530473   0
0.639983305713754   0.216170200184344   -0.0276567995723698   -0.0277414783354877   0
0.615130062163322   0.212653900524426   -0.0248532435504321   -0.00351629965991829   0
0.643641278619454   0.217482884653566   0.0285112164561323   0.00482898412914051   0
0.589017520423557   0.179325255537584   -0.0546237581958968   -0.0381576291159823   0
0.586091500662126   0.192910686501664   -0.00292601976143136   0.0135854309640806   0
0.581466333325228   0.18394739651078   -0.00462516733689833   -0.00896328999088422   0
0.613916146562474   0.191551273009944   0.0324498132372462   0.00760387649916378   0
0.583351605092284   0.176614763841553   -0.0305645414701903   -0.0149365091683906   0
0.595985013382656   0.177392948935901   0.012633408290372   0.000778185094347378   0
0.577242202146286   0.175448888187238   -0.0187428112363699   -0.00194406074866246   0
0.575341010415831   0.174496776435189   -0.00190119173045511   -0.000952111752048651   0
0.307407068752415   0.242982495139963   -0.267933941663415   0.0684857187047734   0
1.33271400432155   0.477421022111362   1.02530693556913   0.234438526971399   1
1.16350303704066   0.520503252093383   -0.16921096728089   0.0430822299820203   0
1.00072777647494   0.505429698325846   -0.162775260565714   -0.0150735537675366   0
1.00852133976302   0.538473163875652   0.00779356328808212   0.0330434655498059   0
1.06413612075508   0.554623242191213   0.0556147809920615   0.0161500783155616   0
1.11663988400925   0.544897212946579   0.0525037632541649   -0.00972602924463417   0
1.12342192141544   0.558148962609181   0.00678203740618732   0.0132517496626015   0
1.14970242852763   0.568651707929308   0.0262805071121943   0.0105027453201271   0
1.19117622964923   0.570016810359438   0.0414738011216018   0.00136510243013044   0
1.20664570369741   0.600915766186912   0.0154694740481749   0.0308989558274743   0
1.209703609049   0.595763739715789   0.00305790535159023   -0.00515202647112356   0
1.24884788471189   0.618044097973685   0.0391442756628966   0.0222803582578959   0
1.20440894119573   0.621745833796447   -0.0444389435161612   0.00370173582276201   0
1.17633636489709   0.606522048238588   -0.0280725762986396   -0.0152237855578587   0
1.18578771460362   0.614362025590805   0.00945134970652717   0.0078399773522172   0
1.16707147441164   0.614951004063253   -0.0187162401919787   0.000588978472447432   0
1.15257480938047   0.614092147780509   -0.0144966650311689   -0.000858856282743181   0
1.15459744092349   0.609817943691389   0.0020226315430194   -0.00427420408912071   0
1.16332878650169   0.618188617990792   0.00873134557820077   0.00837067429940352   0
1.14573445408993   0.629490818112016   -0.0175943324117622   0.0113022001212235   0
1.17200658695026   0.629467264987786   0.0262721328603286   -2.35531242297471e-05   0
1.20866480851891   0.637068528363707   0.0366582215686526   0.00760126337592093   0
1.20002268231641   0.630808088952814   -0.0086421262025016   -0.0062604394108926   0
1.19434849645304   0.627961316291034   -0.00567418586337576   -0.00284677266178013   0
1.16592138275119   0.626290982525881   -0.0284271137018413   -0.00167033376515369   0
1.18150586568902   0.631502891763849   0.015584482937828   0.0052119092379681   0
1.1385237030196   0.626901617867788   -0.0429821626694216   -0.00460127389606102   0
1.20119253347477   0.621221788116694   0.0626688304551675   -0.00567982975109371   0
1.19057892486217   0.630042109280849   -0.0106136086126001   0.00882032116415499   0
1.1941395074482   0.634398801000975   0.00356058258602743   0.00435669172012643   0
1.17405838522031   0.621507834265487   -0.0200811222278829   -0.0128909667354888   0
1.23148264331488   0.624585928707499   0.0574242580945707   0.00307809444201201   0
1.21873437775993   0.620951058263317   -0.0127482655549496   -0.00363487044418143   0
1.17104244216664   0.62156021602763   -0.0476919355932939   0.000609157764313029   0
1.1931024328198   0.627695361823185   0.022059990653156   0.00613514579555485   0
1.21036609321646   0.622362857209782   0.0172636603966623   -0.00533250461340251   0
1.17919913175072   0.61913313799509   -0.0311669614657422   -0.00322971921469273   0
1.24647092189747   0.634900699308156   0.0672717901467543   0.0157675613130662   0
1.25006847175165   0.637408058177973   0.00359754985418292   0.00250735886981734   0
1.23412176293199   0.621212072718997   -0.0159467088196588   -0.0161959854589766   0
1.23537771619813   0.617948451636544   0.00125595326613337   -0.00326362108245271   0
1.23628638260987   0.620661017930539   0.000908666411740811   0.00271256629399497   0
1.2242877463706   0.619785580202551   -0.0119986362392706   -0.000875437727987816   0
1.25787244514092   0.63672013911465   0.0335846987703174   0.0169345589120993   0
1.24781619860411   0.628291189659473   -0.0100562465368055   -0.0084289494551778   0
1.23384306397731   0.62356752520003   -0.0139731346268048   -0.00472366445944283   0
1.21622983695677   0.619678616564446   -0.0176132270205389   -0.00388890863558389   0
1.22695520794966   0.634110480328116   0.0107253709928958   0.0144318637636706   0
1.21973086407999   0.632847040381338   -0.00722434386966797   -0.00126343994677802   0
1.23208725448169   0.632144661985842   0.012356390401695   -0.000702378395496805   0
1.21533178735337   0.62658117451044   -0.0167554671283203   -0.00556348747540125   0
1.22729569634802   0.632730464655907   0.011963908994655   0.0061492901454665   0
1.22599454715179   0.635297180245438   -0.00130114919623736   0.0025667155895307   0
1.22638527165702   0.634132435681626   0.00039072450523614   -0.00116474456381155   0
1.21788582063213   0.635973622918855   -0.00849945102489302   0.00184118723722848   0
1.21380468903359   0.643083090681959   -0.00408113159853918   0.0071094677631045   0
1.23478935190238   0.6325217072443   0.0209846628687893   -0.0105613834376591   0
1.23977051989657   0.64112535893826   0.00498116799419535   0.00860365169396016   0
1.24660065429767   0.635741405118635   0.00683013440109059   -0.00538395381962509   0
1.19767723979622   0.628446141705799   -0.0489234145014485   -0.00729526341283604   0
1.22412415084004   0.630901512595057   0.0264469110438261   0.00245537088925785   0
1.22775949391201   0.621709194861104   0.003635343071966   -0.00919231773395257   0
1.20183738201823   0.619967370087662   -0.0259221118937785   -0.00174182477344209   0
1.1493961968874   0.600253864892088   -0.0524411851308353   -0.0197135051955744   0
1.12051073810629   0.621776476067651   -0.0288854587811018   0.021522611175563   0
1.10423956836485   0.59991408593356   -0.0162711697414395   -0.0218623901340906   0
1.19381645737048   0.684401865009459   0.0895768890056308   0.0844877790758984   0
1.23995227570646   0.686609832498517   0.0461358183359786   0.00220796748905805   0
1.20124163902013   0.686922456702678   -0.0387106366863288   0.000312624204161782   0
1.17454995774359   0.678623256486673   -0.0266916812765456   -0.00829920021600505   0
1.17623497243695   0.669211801306876   0.00168501469335958   -0.00941145517979713   0
1.14442564190765   0.653525018093091   -0.0318093305293012   -0.0156867832137855   0
1.11175728555294   0.660485117259394   -0.0326683563547114   0.0069600991663028   0
1.09690793614725   0.659569721503628   -0.0148493494056889   -0.000915395755765158   0
1.04294196678785   0.7030902700214   -0.0539659693593944   0.0435205485177714   0
1.07212764353577   0.703658891003957   0.0291856767479186   0.000568620982556833   0
1.05985960160462   0.696833158778873   -0.0122680419311476   -0.00682573222508354   0
1.09099853254267   0.688421003054597   0.0311389309380443   -0.00841215572427656   0
1.10941150670581   0.688907096187065   0.01841297416314   0.000486093132468612   0
1.13697713185901   0.699879856292978   0.0275656251532024   0.0109727601059133   0
1.09396880156923   0.693255081971815   -0.0430083302897837   -0.00662477432116382   0
1.0902581489441   0.696853646624406   -0.00371065262512316   0.00359856465259112   0
1.09261573764103   0.693182504052641   0.00235758869693115   -0.00367114257176482   0
1.09993868710071   0.697267551369109   0.00732294945967649   0.00408504731646808   0
