1.7763568e-15   0   0   0   0
0.0352378712694036   0.0407053387881404   0.0352378712694018   0.0407053387881404   0
0.115898923093597   0.0876310024338765   0.0806610518241938   0.0469256636457361   0
0.0885751686466463   0.0719048750128749   -0.0273237544469511   -0.0157261274210016   0
0.120327779874962   0.0869137914192157   0.0317526112283158   0.0150089164063407   0
0.13965435200665   0.0340797927391827   0.0193265721316879   -0.0528339986800329   0
0.12143743126143   0.0482428046678468   -0.0182169207452203   0.0141630119286641   0
0.078644731408891   0.0447583844808242   -0.0427926998525386   -0.0034844201870226   0
0.150758921593942   0.0499167525013106   0.0721141901850512   0.00515836802048635   0
0.086096908306812   0.04291826991983   -0.0646620132871303   -0.00699848258148055   0
0.176330691395148   0.0721631576643895   0.0902337830883364   0.0292448877445595   0
0.21529614793428   0.0718993565572662   0.0389654565391313   -0.000263801107123332   0
0.150795137222093   0.0797814071205138   -0.0645010107121863   0.00788205056324762   0
0.257363071752801   0.117260273775097   0.106567934530707   0.0374788666545837   0
0.151531546057573   0.0652755789334572   -0.105831525695228   -0.0519846948416402   0
0.139198892428729   0.0667703923076795   -0.012332653628844   0.00149481337422229   0
0.17556027943088   0.0723057755686446   0.036361387002151   0.0055353832609651   0
0.123719804982156   0.075717364536404   -0.0518404744487235   0.00341158896775937   0
0.120099492904299   0.0797548676270457   -0.00362031207785722   0.00403750309064176   0
0.105020939505846   0.059205366340332   -0.0150785533984532   -0.0205495012867138   0
0.115086739111213   0.0819309435259097   0.0100657996053672   0.0227255771855777   0
0.207037386280026   0.0794010430720223   0.0919506471688123   -0.00252990045388743   0
0.0716174558298414   0.119446244829293   -0.135419930450184   0.0400452017572703   0
0.158526682427741   0.162939379023453   0.0869092265979001   0.0434931341941609   0
0.0844475655783865   0.147527823772393   -0.0740791168493549   -0.0154115552510599   0
0.187098932489709   0.245657934657225   0.102651366911323   0.0981301108848317   0
0.110520014751404   0.207982605066175   -0.0765789177383057   -0.0376753295910501   0
0.217256170248189   0.221135484222749   0.106736155496786   0.0131528791565742   0
0.14104140570516   0.214975644557084   -0.0762147645430292   -0.006159839665665   0
0.230183989435792   0.193664394216967   0.0891425837306318   -0.0213112503401168   0
0.200864140012913   0.195212268189525   -0.0293198494228795   0.00154787397255773   0
0.0806090645981535   0.185563952782944   -0.120255075414759   -0.0096483154065814   0
0.0692423056273604   0.174611337538728   -0.0113667589707931   -0.0109526152442158   0
0.131778079164402   0.163646699467827   0.0625357735370413   -0.0109646380709015   0
0.0887120364203057   0.163476998124816   -0.043066042744096   -0.00016970134301017   0
0.154286880568001   0.13677681741454   0.0655748441476954   -0.0267001807102767   0
0.10591506958479   0.111065710062641   -0.0483718109832112   -0.0257111073518982   0
0.162916289001648   0.1123038248643   0.0570012194168582   0.00123811480165902   0
0.0922753880158796   0.0886267698361653   -0.0706409009857684   -0.0236770550281351   0
0.072015757784436   0.119270941030443   -0.0202596302314436   0.0306441711942777   0
0.142007677589859   0.116968579672242   0.0699919198054231   -0.00230236135820072   0
0.103003339036621   0.0851987689033138   -0.0390043385532377   -0.0317698107689285   0
0.147445108162472   0.10043911258439   0.0444417691258509   0.0152403436810764   0
0.133966272424385   0.0932233182107206   -0.0134788357380869   -0.00721579437366958   0
0.132000951529272   0.069450275688796   -0.00196532089511306   -0.0237730425219246   0
0.216333284596717   0.13096135359028   0.0843323330674446   0.0615110779014844   0
0.127010199086205   0.0665462527724232   -0.089323085510512   -0.0644151008178572   0
0.198771786305931   0.130329302455733   0.0717615872197261   0.0637830496833098   0
0.0979828820484798   0.0681248332527284   -0.100788904257451   -0.0622044692030046   0
0.134587420913745   0.132788069493219   0.0366045388652648   0.0646632362404906   0
0.132109588366624   0.121009707375304   -0.00247783254712111   -0.0117783621179155   0
0.106442739338756   0.125366723790741   -0.0256668490278672   0.00435701641543752   0
0.122950103954311   0.104599347267629   0.0165073646155547   -0.0207673765231122   0
0.0897538613198804   0.086787801685481   -0.0331962426344307   -0.0178115455821478   0
0.183119550888893   0.146206244917093   0.0933656895690122   0.0594184432316123   0
0.106497423503329   0.0976861728720396   -0.0766221273855634   -0.0485200720450537   0
0.165198364927987   0.137904420369453   0.0587009414246577   0.0402182474974132   0
0.126239473981914   0.0835261920490323   -0.0389588909460727   -0.0543782283204205   0
0.127689139206464   0.107451479914174   0.00144966522454998   0.0239252878651419   0
0.133477560923953   0.106729113396312   0.00578842171748847   -0.000722366517862241   0
0.115429518499933   0.100477276781821   -0.0180480424240198   -0.00625183661449055   0
0.290483520074423   0.153847591195134   0.17505400157449   0.0533703144133131   0
0.35497844428114   0.205890068261247   0.0644949242067177   0.0520424770661125   0
0.158568021137389   0.133962820173684   -0.196410423143751   -0.0719272480875627   0
0.173437426463379   0.145732325878834   0.0148694053259894   0.0117695057051499   0
0.211253472980468   0.124162841371867   0.0378160465170887   -0.0215694845069668   0
0.229954393433457   0.143108047360143   0.0187009204529893   0.0189452059882755   0
0.267087941960935   0.140169146277253   0.0371335485274779   -0.00293890108288949   0
0.933593500831989   0.377367777092322   0.666505558871054   0.237198630815069   0
0.636251823022449   0.263318236093051   -0.29734167780954   -0.114049540999271   0
0.533789375241963   0.393141323538877   -0.102462447780486   0.129823087445826   0
0.652582955315383   0.417508676685683   0.11879358007342   0.0243673531468064   0
0.53703005731479   0.354341322931263   -0.115552898000593   -0.0631673537544206   0
0.553592640226016   0.352700231465057   0.0165625829112257   -0.001641091466206   0
0.670910815749528   0.27152379062855   0.117318175523512   -0.081176440836507   0
0.759912105558853   0.171220979394101   0.0890012898093249   -0.100302811234449   0
0.345542392917462   0.264250363427244   -0.41436971264139   0.0930293840331431   0
0.415877040403549   0.335653390401517   0.0703346474860865   0.0714030269742734   0
0.494487900966059   0.398933455456576   0.07861086056251   0.0632800650550592   0
0.752510404594516   0.471468718726656   0.258022503628457   0.0725352632700802   0
0.363248901086333   0.429848407374244   -0.389261503508183   -0.0416203113524122   0
0.518697177865901   0.385434550128755   0.155448276779567   -0.0444138572454897   0
0.543958446072987   0.395999139801986   0.0252612682070862   0.0105645896732315   0
0.575820945395703   0.410996411041996   0.0318624993227162   0.0149972712400102   0
0.521927074756704   0.50100606165206   -0.053893870638999   0.090009650610064   0
0.504001546214871   0.467708225059929   -0.0179255285418328   -0.0332978365921315   0
0.469809243500333   0.485179317373009   -0.0341923027145381   0.0174710923130801   0
0.470356596014314   0.556550630675199   0.000547352513980581   0.0713713133021904   0
0.402485485582034   0.504435858790029   -0.0678711104322802   -0.0521147718851702   0
0.464472440096797   0.586597898469835   0.0619869545147632   0.0821620396798058   0
0.438264119194011   0.494854091863023   -0.0262083209027854   -0.0917438066068124   0
0.481468722911209   0.513201962492287   0.0432046037171971   0.0183478706292646   0
0.503976072620263   0.587585283566555   0.0225073497090542   0.0743833210742681   0
0.498076646377859   0.514656365428882   -0.00589942624240386   -0.0729289181376735   0
0.493252364777526   0.559803862333286   -0.00482428160033327   0.0451474969044046   0
0.510251412238811   0.626685411495478   0.0169990474612856   0.0668815491621916   0
0.4705836706835   0.558990553724917   -0.0396677415553114   -0.0676948577705612   0
0.497836341149863   0.611674342035817   0.0272526704663633   0.0526837883108999   0
0.460932306936691   0.543150327657344   -0.0369040342131718   -0.0685240143784727   0
0.479756165621923   0.595718989064791   0.018823858685232   0.0525686614074472   0
0.455139126556449   0.583060721400768   -0.0246170390654741   -0.0126582676640236   0
0.533708980328553   0.666473069149613   0.0785698537721035   0.0834123477488456   0
0.522060661061712   0.591814607572003   -0.0116483192668403   -0.0746584615776107   0
0.514659065786283   0.681296611369777   -0.00740159527542894   0.0894820037977743   0
0.497358211256827   0.609397429798087   -0.0173008545294568   -0.0718991815716902   0
0.516576911521187   0.692327390836777   0.0192187002643608   0.0829299610386905   0
0.487306147002389   0.621797684308116   -0.0292707645187986   -0.0705297065286609   0
0.482143973729509   0.699400861423078   -0.00516217327287982   0.0776031771149615   0
1.00780180212595   0.695472724442302   0.525657828396438   -0.00392813698077588   0
1.61637767058694   0.57390767486631   0.608575868460996   -0.121565049575992   0
1.27260867235295   0.641339925087008   -0.343768998233994   0.0674322502206978   0
0.967846211296149   0.515128529961764   -0.3047624610568   -0.126211395125243   0
1.34274010826111   0.644240923004882   0.374893896964961   0.129112393043118   0
1.00947471432372   0.539417407368598   -0.333265393937392   -0.104823515636284   0
0.921068387546412   0.495853749297475   -0.0884063267773058   -0.0435636580711232   0
0.892182954235161   0.520335457209234   -0.0288854333112508   0.0244817079117587   0
0.98085695349701   0.568940787282965   0.0886739992618489   0.0486053300737318   0
0.657125604607155   0.596887916472026   -0.323731348889855   0.0279471291890609   0
0.751531035196814   0.629151855461635   0.0944054305896589   0.0322639389896081   0
0.899191105595094   0.699447486802153   0.14766007039828   0.0702956313405187   0
0.558623732944472   0.61085065764273   -0.340567372650622   -0.0885968291594236   0
0.736245050725906   0.65154690314428   0.177621317781434   0.0406962455015506   0
0.714395552174238   0.613520017351222   -0.0218494985516674   -0.038026885793058   0
0.800280653351538   0.671837299509815   0.0858851011772997   0.0583172821585929   0
0.721865591677661   0.628020000780072   -0.0784150616738767   -0.0438172987297435   0
0.749941679732895   0.720569046898728   0.0280760880552332   0.0925490461186564   0
0.492985724817586   0.6250742802766   -0.256955954915308   -0.0954947666221282   0
0.785249900164441   0.703088140975554   0.292264175346855   0.0780138606989546   0
0.843651221251458   0.791501428201823   0.0584013210870167   0.0884132872262683   0
0.539136394211179   0.675068503865262   -0.304514827040278   -0.116432924336561   0
0.66951061331621   0.693814992699078   0.130374219105031   0.018746488833816   0
0.619448318352162   0.647605332946215   -0.0500622949640483   -0.0462096597528622   0
0.72897186533046   0.68571980864803   0.109523546978299   0.0381144757018141   0
0.705753314299199   0.667973477809832   -0.0232185510312611   -0.0177463308381974   0
0.680224109667443   0.696826043198586   -0.0255292046317561   0.0288525653887539   0
0.73175235345199   0.690216956793766   0.0515282437845467   -0.00660908640482039   0
0.650204533351306   0.681003124555256   -0.0815478201006834   -0.00921383223851002   0
0.739906231693684   0.717679949837939   0.0897016983423771   0.0366768252826838   0
0.637511983645189   0.680838656703431   -0.102394248048495   -0.0368412931345088   0
0.614588685625304   0.632144170434671   -0.0229232980198854   -0.0486944862687596   0
0.708759368169101   0.692051460130422   0.0941706825437975   0.0599072896957513   0
0.606133642508751   0.697076524463089   -0.10262572566035   0.00502506433266703   0
0.590398358326279   0.693488223578125   -0.0157352841824727   -0.00358830088496442   0
0.623160489312212   0.727863104276782   0.0327621309859337   0.034374880698657   0
0.431767380584815   0.66894730647512   -0.191393108727398   -0.0589157978016625   0
0.461070797677543   0.653365163676288   0.0293034170927286   -0.015582142798832   0
0.495271360860192   0.667816016796173   0.0342005631826487   0.0144508531198853   0
0.602155197190901   0.710657269321252   0.106883836330709   0.0428412525250786   0
0.577206905395721   0.669999916970252   -0.0249482917951801   -0.0406573523509993   0
0.631517875033829   0.677676115623856   0.0543109696381082   0.00767619865360425   0
0.528550581910574   0.631365303957866   -0.102967293123256   -0.0463108116659899   0
0.501185651773933   0.616346468772341   -0.0273649301366407   -0.0150188351855257   0
0.523738437602642   0.630846299620934   0.0225527858287088   0.0144998308485935   0
0.504237373318535   0.616041599363019   -0.0195010642841073   -0.014804700257915   0
0.529809497600855   0.609737236709498   0.0255721242823208   -0.00630436265352119   0
0.51773468708209   0.614887587538931   -0.0120748105187649   0.00515035082943316   0
0.47086844850462   0.572886017525894   -0.0468662385774707   -0.0420015700130375   0
0.397559424267877   0.528791706003127   -0.0733090242367424   -0.0440943115227665   0
0.441948292691674   0.559116017558874   0.0443888684237971   0.0303243115557467   0
0.415244273059598   0.555127375261414   -0.0267040196320766   -0.00398864229745943   0
0.42984461987611   0.580555078195131   0.0146003468165121   0.0254277029337167   0
0.446173166432793   0.567648126386648   0.0163285465566831   -0.012906951808483   0
0.373965688800252   0.564181032940082   -0.0722074776325412   -0.00346709344656582   0
0.447220285708884   0.567233284988268   0.0732545969086316   0.0030522520481856   0
0.333946371715659   0.543832977901981   -0.113273913993225   -0.0234003070862867   0
0.438466526626675   0.596883665587561   0.104520154911016   0.0530506876855803   0
0.37334059137151   0.5484532713938   -0.0651259352551657   -0.0484303941937615   0
0.438263931629311   0.588800287863825   0.0649233402578019   0.0403470164700246   0
0.383481663602434   0.569775243114662   -0.0547822680268777   -0.0190250447491624   0
0.500079522171957   0.62385014391683   0.116597858569523   0.0540749008021684   0
0.369445902400821   0.580568582644595   -0.130633619771136   -0.0432815612722354   0
0.427865930776691   0.611077526580734   0.0584200283758698   0.0305089439361391   0
0.395210108073002   0.613437289335076   -0.0326558227036894   0.00235976275434158   0
0.421336489466226   0.658029155133813   0.0261263813932244   0.044591865798737   0
0.409028422664973   0.598548786184424   -0.0123080668012533   -0.0594803689493892   0
0.470766368514709   0.634849937885658   0.0617379458497357   0.0363011517012346   0
0.402282050390722   0.595934579860337   -0.0684843181239871   -0.0389153580253212   0
0.501822936465684   0.659034107915208   0.099540886074962   0.0630995280548713   0
0.423649363214872   0.628632398679888   -0.0781735732508119   -0.0304017092353204   0
0.511831887385348   0.686647457284982   0.0881825241704765   0.0580150586050944   0
0.304427284801538   0.6106478633336   -0.20740460258381   -0.0759995939513824   0
0.427363019841064   0.652758113849938   0.122935735039525   0.0421102505163383   0
0.342375345504973   0.615659383189394   -0.0849876743360911   -0.0370987306605437   0
0.371894349368947   0.613233516137616   0.029519003863974   -0.00242586705177839   0
0.401515203039727   0.616589963958037   0.0296208536707802   0.0033564478204211   0
0.375519925551405   0.60223495349782   -0.0259952774883216   -0.0143550104602175   0
0.431288392025672   0.638976381187911   0.055768466474267   0.0367414276900915   0
0.363071556701131   0.627662511846456   -0.0682168353245417   -0.0113138693414547   0
0.417069483265035   0.66024921978543   0.0539979265639046   0.032586707938974   0
0.339719226274101   0.631984466399644   -0.0773502569909346   -0.0282647533857865   0
0.402670375909747   0.647183006880789   0.0629511496356469   0.0151985404811456   0
0.302992443426891   0.587048041390146   -0.0996779324828567   -0.0601349654906436   0
0.364265496555363   0.608136615551453   0.0612730531284725   0.0210885741613076   0
0.325700457307023   0.582244756156635   -0.03856503924834   -0.0258918593948183   0
0.372965446482559   0.608387740432806   0.0472649891755362   0.0261429842761708   0
0.361614170126366   0.641804498280194   -0.0113512763561932   0.0334167578473878   0
0.358595064676087   0.664109212325098   -0.00301910545027939   0.0223047140449045   0
0.43594973830942   0.703380071404944   0.0773546736333335   0.039270859079846   0
0.373918248956714   0.650907763247134   -0.0620314893527067   -0.0524723081578106   0
0.475065066452163   0.688748180457215   0.101146817495449   0.0378404172100817   0
0.44425890473523   0.688406622927537   -0.030806161716933   -0.000341557529678349   0
0.47015203115085   0.682256484358243   0.0258931264156204   -0.00615013856929369   0
0.36788938619093   0.610505981467952   -0.102262644959921   -0.0717505028902909   0
0.692924176150363   0.637841977789384   0.325034789959433   0.0273359963214318   0
0.359370919463023   0.694855490676547   -0.33355325668734   0.0570135128871632   0
0.438461584691174   0.72693725676714   0.0790906652281516   0.0320817660905925   0
0.478636415200203   0.736494939746668   0.0401748305090289   0.00955768297952808   0
0.373636401742936   0.716226035933789   -0.105000013457267   -0.0202689038128787   0
0.496154048714512   0.759043107376769   0.122517646971577   0.0428170714429795   0
0.43308800962184   0.699488274608325   -0.063066039092672   -0.059554832768444   0
0.460220237737223   0.707366842239167   0.0271322281153821   0.0078785676308426   0
0.420548963044757   0.71989504776186   -0.0396712746924656   0.0125282055226925   0
0.403883935686982   0.831887505880394   -0.0166650273577751   0.111992458118534   0
0.431549540810218   0.837259501486802   0.0276656051232363   0.00537199560640744   0
0.435136168560854   0.824741012927125   0.00358662775063601   -0.0125184885596767   0
0.456817076410999   0.854210814757433   0.0216809078501447   0.0294698018303078   0
0.396901123268359   0.901685360736067   -0.0599159531426399   0.0474745459786344   0
0.422648619902563   0.897091711338019   0.0257474966342043   -0.00459364939804796   0
0.582908411262167   0.898462015918566   0.160259791359604   0.00137030458054654   0
0.507890130052216   0.832630779168467   -0.0750182812099517   -0.0658312367500988   0
0.437804669567251   0.71844637593436   -0.0700854604849651   -0.114184403234107   0
1.02274305883587   0.778708850247355   0.584938389268615   0.0602624743129951   0
0.494081858805307   0.720020321186303   -0.528661200030559   -0.0586885290610519   0
0.395839314080136   0.69579827410553   -0.0982425447251711   -0.0242220470807737   0
0.374693995815966   0.724435025049135   -0.02114531826417   0.0286367509436053   0
0.496368119223316   0.766811487908248   0.12167412340735   0.0423764628591136   0
0.487335621363061   0.75129967714768   -0.00903249786025528   -0.0155118107605682   0
0.572261920492201   0.750465203618565   0.0849262991291398   -0.000834473529115365   0
0.503799084029929   0.730535603967034   -0.0684628364622717   -0.0199295996515312   0
0.538180634779832   0.741315771620927   0.0343815507499028   0.0107801676538931   0
0.437192071732659   0.744491078826374   -0.100988563047173   0.00317530720544723   0
