0   0   0   0   0
0.0236092265149227   0.0173646718099437   0.0236092265149227   0.0173646718099437   0
0.0539589861268169   0.0140667448339307   0.0303497596118942   -0.003297926976013   0
0.060039432982918   0.0271853266331928   0.00608044685610106   0.013118581799262   0
0.103032091437382   0.0653311791660754   0.0429926584544645   0.0381458525328826   0
0.110645618525857   0.0853619081815573   0.00761352708847415   0.0200307290154819   0
0.0993290499998424   0.134561049508688   -0.0113165685260141   0.0491991413271306   0
0.107694579552737   0.0477172174968949   0.00836552955289473   -0.0868438320117931   0
0.0417758646408896   0.105458825452619   -0.0659187149118476   0.0577416079557244   0
0.0433770883972797   0.136208317764021   0.00160122375639007   0.0307494923114018   0
0.127573536716195   0.155602118078735   0.0841964483189152   0.0193938003147143   0
0.109358549060662   0.168372576801354   -0.0182149876555329   0.0127704587226184   0
0.142115530052144   0.172800799033221   0.0327569809914821   0.00442822223186745   0
0.154816652175738   0.151985451097199   0.012701122123594   -0.0208153479360226   0
0.236883959280645   0.133027536767489   0.0820673071049068   -0.0189579143297097   0
0.236438234668137   0.178535340094355   -0.000445724612508192   0.0455078033268658   0
0.258917712756084   0.161180686009075   0.0224794780879471   -0.0173546540852792   0
0.309753451059125   0.140005933456613   0.0508357383030417   -0.0211747525524628   0
0.319208332890353   0.142245624399065   0.00945488183122783   0.00223969094245263   0
0.289913653740733   0.135416282343155   -0.0292946791496205   -0.00682934205591054   0
0.291802471644448   0.104466029207862   0.00188881790371487   -0.0309502531352926   0
0.280131224712689   0.101704660531011   -0.011671246931759   -0.00276136867685142   0
0.289489203599936   0.0968085805782394   0.00935797888724749   -0.00489607995277123   0
0.504447796303475   0.212981689232582   0.214958592703539   0.116173108654343   0
0.45091028953091   0.193304797506137   -0.0535375067725646   -0.0196768917264452   0
0.528848306204006   0.211645139056043   0.0779380166730956   0.0183403415499055   0
0.499075380548829   0.18672321160439   -0.0297729256551764   -0.0249219274516523   0
0.505909714963581   0.189953534548985   0.00683433441475173   0.00323032294459474   0
0.487793658378734   0.196612537579442   -0.0181160565848472   0.00665900303045702   0
0.459372853017797   0.191104663724624   -0.0284208053609369   -0.00550787385481805   0
0.420293375524364   0.158831952506686   -0.0390794774934327   -0.0322727112179376   0
0.453887082106508   0.179978835047574   0.0335937065821437   0.0211468825408878   0
0.469995311111989   0.198524310419605   0.0161082290054805   0.0185454753720307   0
0.53646110979999   0.213145928609401   0.0664657986880017   0.0146216181897957   0
0.502477195606407   0.194185166983258   -0.0339839141935836   -0.0189607616261429   0
0.540196174388871   0.242495347606259   0.037718978782464   0.048310180623001   0
0.46555206335474   0.222239705659325   -0.0746441110341304   -0.0202556419469339   0
0.453718896894395   0.227830175796472   -0.011833166460345   0.00559047013714772   0
0.501374822317829   0.256586052873299   0.0476559254234341   0.028755877076827   0
0.544645250995799   0.271960575223963   0.043270428677969   0.0153745223506637   0
0.500574685246355   0.26739407447898   -0.0440705657494433   -0.00456650074498371   0
0.551137463005125   0.274082058835297   0.0505627777587699   0.00668798435631762   0
0.553158057844066   0.225261050727367   0.00202059483894046   -0.0488210081079301   0
0.519315436143045   0.241219072585108   -0.0338426217010206   0.0159580218577415   0
0.522696246923212   0.263481480695811   0.00338081078016739   0.0222624081107029   0
0.486442722749398   0.252798724589349   -0.0362535241738139   -0.0106827561064627   0
0.493451016853915   0.248776322254671   0.00700829410451609   -0.00402240233467774   0
0.52714760256433   0.248443335155444   0.0336965857104152   -0.000332987099226856   0
0.493732325889978   0.223010949526755   -0.0334152766743516   -0.0254323856286893   0
0.518567183009562   0.218288129714953   0.0248348571195836   -0.00472281981180175   0
0.51334803349998   0.202983134122283   -0.00521914950958213   -0.0153049955926699   0
0.467852162201761   0.178893187361296   -0.0454958712982186   -0.0240899467609869   0
0.491895936854239   0.20044676448828   0.0240437746524782   0.0215535771269835   0
0.432821452079408   0.198641443309991   -0.0590744847748314   -0.00180532117828908   0
0.450676205795567   0.209653670275892   0.0178547537161587   0.0110122269659011   0
0.481975479158317   0.191932585771821   0.0312992733627506   -0.0177210845040713   0
0.49289863862624   0.215885980550644   0.0109231594679232   0.0239533947788239   0
0.475357189876303   0.222612178677055   -0.0175414487499372   0.00672619812641098   0
0.470774468767673   0.235778838151731   -0.00458272110863001   0.013166659474676   0
0.478351474477286   0.217100821554883   0.00757700570961262   -0.0186780165968479   0
0.469561496554606   0.267357536659961   -0.00878997792268016   0.0502567151050775   0
0.567877760704192   0.2593459371682   0.0983162641495868   -0.00801159949176117   0
0.54614937623734   0.27913906010054   -0.0217283844668524   0.01979312293234   0
0.501642747637264   0.316572138946303   -0.0445066286000755   0.037433078845763   0
0.458748154485563   0.431864784001585   -0.0428945931517019   0.115292645055283   0
0.346227688684428   0.497686248051024   -0.112520465801135   0.0658214640494383   0
0.433321630391089   0.43514916755095   0.0870939417066611   -0.0625370805000736   0
0.577162752444308   0.251351109345759   0.143841122053219   -0.183798058205191   0
0.450032590717489   0.270169609270248   -0.127130161726818   0.0188184999244892   0
0.417920378018211   0.292887159875443   -0.0321122126992784   0.0227175506051948   0
0.32005267011768   0.350327310048942   -0.0978677079005309   0.0574401501734992   0
0.336945909965745   0.380726966247942   0.0168932398480649   0.0303996561989996   0
0.368517475722435   0.347720638419369   0.0315715657566896   -0.033006327828572   0
0.422681342954384   0.33144346557603   0.0541638672319494   -0.0162771728433396   0
0.428721173048435   0.323160102689855   0.00603983009405124   -0.00828336288617504   0
0.384906244706683   0.328369237492877   -0.0438149283417518   0.00520913480302226   0
0.350082567114218   0.347055630618117   -0.0348236775924655   0.0186863931252402   0
0.382953799242632   0.338909691684365   0.0328712321284136   -0.00814593893375221   0
0.362894944568474   0.350338523972448   -0.0200588546741579   0.0114288322880831   0
0.345873810428535   0.407138543707138   -0.0170211341399384   0.0568000197346895   0
0.187324200163584   0.341853461013059   -0.158549610264951   -0.0652850826940791   0
0.165529113397553   0.520676685153571   -0.021795086766031   0.178823224140513   0
0.172518340067686   0.495677029068495   0.00698922667013313   -0.024999656085076   0
0.203675516196374   0.474317842550207   0.0311571761286872   -0.0213591865182882   0
0.224423108719699   0.442331664932239   0.0207475925233256   -0.0319861776179678   0
0.252832979206662   0.448702376353243   0.0284098704869628   0.00637071142100387   0
0.272543993532427   0.465330397965897   0.0197110143257649   0.0166280216126535   0
0.343637245007635   0.51290827987935   0.0710932514752083   0.0475778819134529   0
0.392520281567047   0.463054766594053   0.0488830365594118   -0.0498535132852965   0
0.346148174423578   0.486519282731959   -0.0463721071434693   0.0234645161379062   0
0.378330339029654   0.46437411018495   0.0321821646060764   -0.022145172547009   0
0.401177194597851   0.441669091703751   0.0228468555681967   -0.0227050184811988   0
0.329998382021841   0.450283574119583   -0.0711788125760097   0.00861448241583151   0
0.307460285715768   0.443697316543997   -0.022538096306073   -0.00658625757558595   0
0.304988587990698   0.41935947208115   -0.00247169772507   -0.0243378444628468   0
0.279593136132583   0.394967916331534   -0.0253954518581156   -0.0243915557496161   0
0.350216225062399   0.360089379002085   0.0706230889298167   -0.0348785373294494   0
0.378067371740095   0.35491077858024   0.0278511466776958   -0.00517860042184426   0
0.947184572534482   0.340266277977617   0.569117200794387   -0.0146445006026239   0
0.854661906236098   0.220325731919962   -0.0925226662983845   -0.119940546057654   0
0.757010007525254   0.205414601934978   -0.0976518987108441   -0.0149111299849845   0
0.743082618647224   0.17233890058057   -0.0139273888780295   -0.0330757013544078   0
0.751932611233185   0.194514826393795   0.00884999258596075   0.0221759258132252   0
0.672089095945597   0.159942840401027   -0.0798435152875882   -0.0345719859927684   0
0.672984145200846   0.145472721058705   0.000895049255248859   -0.0144701193423219   0
0.68898931517034   0.131734010154141   0.0160051699694945   -0.0137387109045638   0
0.726670472754769   0.140262962579993   0.0376811575844286   0.00852895242585164   0
0.721033963875898   0.143439298966961   -0.00563650887887079   0.00317633638696813   0
0.690632302086736   0.155774273115186   -0.0304016617891623   0.0123349741482254   0
0.642544562484475   0.154597015249368   -0.0480877396022609   -0.00117725786581813   0
0.667850900211148   0.169171202700398   0.0253063377266735   0.0145741874510294   0
0.592020931304304   0.186891532587854   -0.0758299689068445   0.0177203298874569   0
0.577044186506678   0.199145749110326   -0.0149767447976262   0.0122542165224715   0
0.580699400921407   0.235792706309548   0.00365521441472927   0.0366469571992223   0
0.604698898785845   0.242107819897957   0.0239994978644377   0.0063151135884088   0
0.549030552373175   0.227440534818642   -0.0556683464126693   -0.0146672850793149   0
0.527940718459537   0.255969979999716   -0.0210898339136384   0.0285294451810741   0
0.521526190731844   0.270131695084801   -0.00641452772769247   0.0141617150850849   0
0.575319982213448   0.274712048181621   0.0537937914816035   0.00458035309682014   0
0.597517854026637   0.267843280295151   0.0221978718131892   -0.00686876788647067   0
0.579444613095573   0.367448105501177   -0.0180732409310642   0.0996048252060259   0
0.59429180766524   0.567858080134223   0.0148471945696667   0.200409974633047   0
0.435705633307024   0.554033479540013   -0.158586174358216   -0.01382460059421   0
0.410999997340589   0.560050865408691   -0.0247056359664349   0.00601738586867817   0
0.388301473558485   0.561626373725394   -0.0226985237821037   0.0015755083167025   0
0.369395748062318   0.55724546546293   -0.0189057254961676   -0.0043809082624644   0
0.294971807279304   0.577354537693608   -0.0744239407830138   0.0201090722306784   0
0.275889398038961   0.589571279483784   -0.0190824092403432   0.0122167417901764   0
0.288634199188504   0.586323136207205   0.012744801149543   -0.00324814327657963   0
0.265923600526723   0.593887467253422   -0.0227105986617804   0.00756433104621712   0
0.303070718727979   0.435011982932187   0.0371471182012558   -0.158875484321235   0
0.130390279270318   0.394709820544239   -0.172680439457661   -0.0403021623879473   0
0.16122366345242   0.411832285567576   0.0308333841821023   0.0171224650233364   0
0.144795832755818   0.519263161337109   -0.0164278306966023   0.107430875769533   0
0.46393020818257   0.534373450594591   0.319134375426753   0.015110289257482   0
0.437746060623788   0.560813987913291   -0.0261841475587826   0.0264405373187006   0
0.373228517770446   0.612772089133008   -0.0645175428533413   0.0519581012197166   0
0.307110949038227   0.643860744181334   -0.0661175687322191   0.0310886550483259   0
0.226284660217839   0.636977646661258   -0.0808262888203881   -0.00688309752007554   0
0.184154045003802   0.62038719024733   -0.0421306152140372   -0.0165904564139278   0
0.201276687641298   0.637127067215179   0.0171226426374961   0.0167398769678485   0
0.239575181643293   0.644146538248139   0.0382984940019951   0.00701947103296008   0
0.165849852440676   0.666473487164625   -0.0737253292026167   0.0223269489164862   0
0.13150042813568   0.68443632567225   -0.0343494243049962   0.0179628385076244   0
0.196954036268469   0.843244595117495   0.0654536081327891   0.158808269445245   0
0.370368584361566   1.1422571438867   0.173414548093096   0.299012548769204   0
0.077007259344034   1.12219422559735   -0.293361325017531   -0.0200629182893528   0
0.0719412176360495   1.11459662352909   -0.00506604170798453   -0.00759760206825755   0
0.14938755280764   1.11078365087722   0.0774463351715901   -0.00381297265187253   0
0.269192078818097   1.1577584926495   0.119804526010458   0.0469748417722839   0
0.226415951351359   1.1896919866403   -0.0427761274667379   0.0319334939907974   0
0.237092026503978   1.17973346552253   0.0106760751526191   -0.00995852111776596   0
0.185589695511284   1.21216760562394   -0.0515023309926941   0.0324341401014101   0
0.198735980199679   1.07723257655691   0.0131462846883943   -0.134935029067034   0
0.24636294267927   1.02867856677591   0.0476269624795918   -0.0485540097809958   0
0.270011791172352   1.0120901368435   0.0236488484930811   -0.0165884299324102   0
0.274581138719069   1.00813699592272   0.00456934754671795   -0.00395314092078491   0
0.258332327057855   1.02010262744602   -0.0162488116612143   0.0119656315233025   0
0.228286867262891   1.04027010102725   -0.0300454597949647   0.0201674735812338   0
0.158546652213598   1.07739799687534   -0.0697402150492923   0.0371278958480818   0
0.148644218431503   1.10261906032674   -0.00990243378209518   0.0252210634514065   0
0.154786087628595   1.14751235785232   0.0061418691970922   0.0448932975255734   0
0.162694230015715   1.16694873381906   0.0079081423871202   0.0194363759667466   0
0.204062917584794   1.14657621467415   0.0413686875690785   -0.0203725191449107   0
0.137950627541344   1.18936331152995   -0.0661122900434503   0.0427870968558037   0
0.151960048174611   1.22802226312195   0.0140094206332677   0.0386589515919962   0
0.145773496639222   1.24236924110479   -0.00618655153538913   0.0143469779828396   0
0.248124078776065   1.27452455767579   0.102350582136843   0.0321553165709993   0
0.0750313350452187   1.28118331632297   -0.173092743730846   0.00665875864718157   0
0.198761782313028   1.29609544015394   0.123730447267809   0.0149121238309669   0
0.155791202080221   1.30203037736087   -0.042970580232807   0.00593493720693328   0
0.196460061695048   1.34270365759923   0.0406688596148265   0.0406732802383618   0
0.223438039695491   1.37472624018916   0.0269779780004439   0.0320225825899239   0
0.247236041306278   1.39862378306586   0.0237980016107864   0.0238975428766997   0
0.280314048708642   1.41664481168117   0.0330780074023641   0.0180210286153109   0
0.252481101447397   1.41504175319787   -0.0278329472612446   -0.00160305848329823   0
0.26354499330521   1.40191938805503   0.0110638918578122   -0.0131223651428363   0
0.257565991473809   1.39084829046022   -0.00597900183140038   -0.0110710975948116   0
0.217659533446513   1.39421142464055   -0.0399064580272959   0.0033631341803293   0
0.181006950927338   1.36469839810612   -0.0366525825191753   -0.0295130265344341   0
0.259394101912334   1.41471143822682   0.0783871509849964   0.0500130401207035   0
0.256501699200279   1.43014405413089   -0.00289240271205504   0.0154326159040714   0
0.358168490673877   1.43885594745208   0.101666791473598   0.00871189332118538   0
0.388738048450514   1.4590433564794   0.0305695577766368   0.0201874090273224   0
0.419647708841201   1.46843777707911   0.030909660390687   0.00939442059971229   0
0.263874006653503   1.27013342062971   -0.155773702187698   -0.198304356449407   0
0.163793482683928   1.37650430852327   -0.100080523969575   0.106370887893563   0
0.265464549901587   1.41981606155029   0.101671067217659   0.0433117530270224   0
0.3397635695292   1.41782371635743   0.0742990196276128   -0.00199234519285563   0
0.261005088341562   1.4536325976555   -0.0787584811876379   0.0358088812980699   0
0.391241987218621   1.482322004661   0.130236898877059   0.028689407005495   0
0.305702062838009   1.51984049788977   -0.0855399243806113   0.0375184932287724   0
0.498069485732196   1.57120291333098   0.192367422894187   0.0513624154412056   0
0.473798629345749   1.49661977241069   -0.0242708563864471   -0.0745831409202844   0
0.320242472557291   1.49403153873477   -0.153556156788459   -0.00258823367592087   0
0.407056599499161   1.52441587637452   0.0868141269418705   0.0303843376397426   0
0.457196705077058   1.54509421754686   0.0501401055778964   0.020678341172347   0
0.352167290056735   1.56160693703436   -0.105029415020323   0.0165127194874957   0
0.457319655498703   1.58182025055057   0.105152365441969   0.0202133135162164   0
0.438135799061921   1.56708774996724   -0.0191838564367819   -0.0147325005833332   0
0.466733128656362   1.58068820627753   0.0285973295944411   0.0136004563102921   0
0.487134436743903   1.5651255954285   0.0204013080875404   -0.0155626108490337   0
0.459368664141882   1.59082373482628   -0.0277657726020203   0.0256981393977782   0
0.456779516408717   1.60408250477849   -0.00258914773316488   0.013258769952214   0
0.519832031356951   1.61562751435974   0.0630525149482336   0.0115450095812464   0
0.465205686768435   1.62832569084475   -0.0546263445885156   0.01269817648501   0
0.538703614993429   1.6604959051991   0.0734979282249933   0.0321702143543505   0
0.561264519461303   1.68190472623889   0.0225609044678744   0.0214088210397907   0
0.571381765618765   1.69938326740207   0.0101172461574615   0.0174785411631782   0
0.570942740677697   1.71508734751514   -0.000439024941067845   0.0157040801130766   0
0.578830132920698   1.70653206869907   0.00788739224300139   -0.00855527881607432   0
0.578608596070157   1.74548580403349   -0.00022153685054116   0.0389537353344218   0
0.581724191462868   1.76595122224819   0.00311559539271111   0.0204654182146951   0
0.653763644547286   1.7811326949424   0.0720394530844183   0.0151814726942123   0
0.704265013359347   1.8001508825246   0.0505013688120606   0.0190181875822004   0
0.713801220806298   1.82825152948226   0.00953620744695149   0.028100646957657   0
0.749085212463984   1.83988572743114   0.0352839916576851   0.0116341979488865   0
0.675722826584266   1.81378547366871   -0.0733623858797173   -0.0261002537624337   0
0.693132503568288   1.82790374931456   0.0174096769840215   0.0141182756458538   0
0.730533360005195   1.84065475422953   0.0374008564369075   0.0127510049149657   0
0.701700086722953   1.84970016801663   -0.0288332732822422   0.00904541378709944   0
0.708201776744307   1.85291197461568   0.00650169002135348   0.00321180659905251   0
0.727686521798919   1.86444052394697   0.0194847450546121   0.0115285493312935   0
0.731178516150869   1.87335730250243   0.00349199435195069   0.00891677855545936   0
0.76364783743469   1.88098745470154   0.032469321283821   0.00763015219910912   0
0.773002843220299   1.88468163247121   0.00935500578560911   0.00369417776966618   0
0.78154619960157   1.88244549486736   0.00854335638127024   -0.00223613760384578   0
0.775965467215684   1.91273718002148   -0.00558073238588597   0.0302916851541146   0
0.822645188182289   1.90404849124388   0.0466797209666054   -0.00868868877759588   0
0.839694250683982   1.92183257191008   0.0170490625016932   0.0177840806661991   0
0.789541642107001   1.91620865408559   -0.0501526085769818   -0.0056239178244879   0
0.85121235453586   1.91493367316369   0.0616707124288596   -0.00127498092190503   0
0.888292834356067   1.93450479513441   0.0370804798202068   0.0195711219707198   0
0.838379343533656   1.92388860032639   -0.0499134908224108   -0.0106161948080128   0
