0   0   0   0   0
0.0130267152111565   0.0126106020218498   0.0130267152111565   0.0126106020218498   0
0.0225842435615858   0.00511795052848912   0.00955752835042932   -0.00749265149336073   0
0.0149064516057922   0.0113104420254111   -0.00767779195579361   0.00619249149692202   0
0.0123464477225564   0.0071742177657887   -0.00256000388323578   -0.00413622425962243   0
0.0106752524148614   0.00595125816795592   -0.00167119530769505   -0.00122295959783278   0
0.00868325438241588   0.0116553962478392   -0.00199199803244548   0.00570413807988324   0
0.0337230178329468   0.0156745619877767   0.0250397634505309   0.0040191657399375   0
0.0371840014481654   0.0220556592979803   0.00346098361521862   0.00638109731020369   0
0.0725649956194639   0.0236887770031813   0.0353809941712985   0.00163311770520097   0
0.0855483093867732   0.02823788363656   0.0129833137673093   0.00454910663337873   0
0.0940083453196391   0.0318033772519095   0.0084600359328659   0.00356549361534943   0
0.0860009039947691   0.0343443598238433   -0.00800744132487   0.0025409825719338   0
0.0840035009956814   0.0287815627606474   -0.00199740299908777   -0.00556279706319584   0
0.116209818392055   0.0307388020208817   0.0322063173963738   0.00195723926023422   0
0.106843327954205   0.0560796756925744   -0.00936649043784983   0.0253408736716927   0
0.121213611820888   0.047373257183277   0.0143702838666824   -0.00870641850929741   0
0.140008964249486   0.057509838119881   0.018795352428598   0.0101365809366041   0
0.125053390346225   0.0385598867504214   -0.0149555739032608   -0.0189499513694596   0
0.139472145545382   0.0482696076975507   0.0144187551991574   0.00970972094712925   0
0.129569697589977   0.053656844489111   -0.00990244795540571   0.00538723679156032   0
0.116678440240888   0.0603382496293486   -0.0128912573490888   0.00668140514023763   0
0.120480030968627   0.0625331591910799   0.00380159072773877   0.0021949095617313   0
0.120452537344652   0.0496295365769638   -2.74936239747642e-05   -0.0129036226141161   0
0.136663031370305   0.0571869173399551   0.0162104940256533   0.00755738076299135   0
0.128555565667736   0.0592050115013104   -0.00810746570256957   0.00201809416135531   0
0.131885524297655   0.0577437090395412   0.00332995862991908   -0.0014613024617692   0
0.133286649745778   0.0569644958171904   0.0014011254481236   -0.000779213222350819   0
0.118926616433456   0.0487432811214507   -0.0143600333123222   -0.00822121469573973   0
0.131372881152443   0.0609560027205629   0.0124462647189868   0.0122127215991122   0
0.121186459781573   0.0590099082704233   -0.0101864213708701   -0.00194609445013957   0
0.120496990548333   0.0647599664632914   -0.000689469233239814   0.0057500581928681   0
0.12925684270119   0.0530773142310191   0.00875985215285682   -0.0116826522322723   0
0.160400276409269   0.0629874018218497   0.0311434337080786   0.00991008759083065   0
0.168315937928395   0.074868794675412   0.00791566151912601   0.0118813928535623   0
0.158460513332301   0.0738077863866805   -0.00985542459609332   -0.0010610082887315   0
0.159939939624431   0.075727800556545   0.0014794262921298   0.00192001416986452   0
0.116353773762522   0.0774110351561066   -0.0435861658619094   0.00168323459956153   0
0.118246823196848   0.0833716952607357   0.00189304943432612   0.00596066010462913   0
0.165994291980996   0.0956119090788832   0.0477474687841486   0.0122402138181475   0
0.168986529052372   0.0940584965884286   0.00299223707137566   -0.00155341249045461   0
0.177021580216316   0.100881258178182   0.00803505116394365   0.00682276158975322   0
0.1691834116085   0.0915800883856671   -0.00783816860781536   -0.00930116979251466   0
0.166455167407811   0.0988248508906869   -0.00272824420068921   0.00724476250501982   0
0.152874942814941   0.102778096417899   -0.0135802245928701   0.00395324552721206   0
0.155286516632877   0.11023967559972   0.00241157381793583   0.00746157918182076   0
0.159258877215859   0.112385559685264   0.00397236058298162   0.00214588408554431   0
0.186960303558519   0.107263000641951   0.027701426342661   -0.00512255904331305   0
0.189355894754691   0.106352174989872   0.00239559119617189   -0.000910825652079367   0
0.207881301482202   0.118384497617203   0.0185254067275104   0.0120323226273315   0
0.192522937863534   0.119731572303241   -0.0153583636186674   0.00134707468603817   0
0.1917911962676   0.11732662121568   -0.000731741595934338   -0.00240495108756147   0
0.190236337353738   0.113635999841907   -0.00155485891386181   -0.00369062137377291   0
0.187816098069289   0.114015073453759   -0.0024202392844497   0.000379073611852271   0
0.19782928926787   0.123470020975373   0.0100131911985818   0.00945494752161331   0
0.192955464763988   0.123705507061037   -0.00487382450388282   0.000235486085663941   0
0.191261288202112   0.129349610725791   -0.00169417656187543   0.00564410366475428   0
0.232171082397223   0.133906050931274   0.0409097941951114   0.00455644020548285   0
0.23056920461918   0.138065904767464   -0.00160187777804316   0.00415985383619083   0
0.228021677666229   0.136236424248079   -0.00254752695295116   -0.00182948051938508   0
0.194035431466142   0.130490760027056   -0.0339862462000868   -0.00574566422102385   0
0.183401618417109   0.118182465684945   -0.010633813049033   -0.0123082943421103   0
0.189963583256097   0.120866412245227   0.00656196483898797   0.00268394656028197   0
0.191619531126689   0.129840893514999   0.00165594787059212   0.00897448126977149   0
0.184866774423577   0.1325467192335   -0.00675275670311223   0.00270582571850103   0
0.191543104591479   0.124013889977279   0.00667633016790167   -0.00853282925622076   0
0.214077719836267   0.133801944760152   0.0225346152447886   0.00978805478287323   0
0.194953313085309   0.143416790721949   -0.0191244067509581   0.00961484596179718   0
0.174114088071973   0.133754571834187   -0.0208392250133367   -0.00966221888776261   0
0.192544922625338   0.130420080898354   0.0184308345533653   -0.00333449093583282   0
0.205257470711139   0.143217893522126   0.0127125480858005   0.0127978126237719   0
0.19987601466065   0.140844787875436   -0.00538145605048848   -0.00237310564668977   0
0.20928000417963   0.12427907378112   0.00940398951898019   -0.0165657140943164   0
0.231576557431149   0.136731307629416   0.0222965532515183   0.0124522338482965   0
0.226725859248366   0.134141786157212   -0.00485069818278294   -0.00258952147220437   0
0.211544447651481   0.138534438644154   -0.0151814115968845   0.00439265248694246   0
0.215029948921037   0.143417148117374   0.00348550126955571   0.00488270947322006   0
0.22375589736085   0.139315128018637   0.00872594843981359   -0.00410202009873703   0
0.222944818082375   0.13999849737156   -0.000811079278475874   0.000683369352922597   0
0.220647202925248   0.148877139812715   -0.00229761515712693   0.00887864244115524   0
0.211511890981838   0.143326123618342   -0.00913531194340933   -0.00555101619437268   0
0.238085627014438   0.139860539362894   0.0265737360325992   -0.00346558425544821   0
0.238720777721264   0.149754179036743   0.000635150706826737   0.00989363967384918   0
0.236122565592298   0.152801251885812   -0.00259821212896594   0.00304707284906833   0
0.220585854909372   0.153971551136209   -0.0155367106829268   0.0011702992503973   0
0.215426586105596   0.145102273380737   -0.0051592688037759   -0.00886927775547247   0
0.225965097953676   0.148434104020057   0.01053851184808   0.00333183063932013   0
0.249897820099122   0.15375797004618   0.023932722145446   0.00532386602612331   0
0.238816589371341   0.163036789436902   -0.0110812307277807   0.0092788193907217   0
0.241713215056173   0.156734785702068   0.00289662568483251   -0.00630200373483397   0
0.243866028994183   0.150055532489083   0.00215281393800956   -0.00667925321298507   0
0.252951098949387   0.152090796917801   0.00908506995520442   0.00203526442871846   0
0.238057117958776   0.152142285925026   -0.0148939809906112   5.14890072251251e-05   0
0.237946702471239   0.165160968143384   -0.000110415487537652   0.0130186822183576   0
0.222612858400013   0.157208737419548   -0.0153338440712251   -0.00795223072383533   0
0.237599200251818   0.151350307613812   0.0149863418518048   -0.00585842980573648   0
0.245978100101294   0.159856769741074   0.00837889984947585   0.00850646212726242   0
0.225890930196501   0.155945119821636   -0.0200871699047935   -0.00391164991943804   0
0.24529040928056   0.1585938093464   0.0193994790840595   0.0026486895247636   0
0.244352857427899   0.146314523095252   -0.000937551852661117   -0.0122792862511477   0
0.245557209250868   0.159483401046741   0.00120435182296852   0.0131688779514884   0
0.234067703735955   0.159546790799643   -0.0114895055149125   6.33897529020988e-05   0
0.21756200318431   0.159260330443581   -0.0165057005516449   -0.000286460356061669   0
0.240382704862195   0.149179778158222   0.0228207016778848   -0.0100805522853588   0
0.250905961651541   0.157831409308206   0.0105232567893459   0.00865163114998369   0
0.238715500183145   0.151777054358989   -0.0121904614683955   -0.00605435494921661   0
0.248834153831444   0.156736466284099   0.0101186536482988   0.00495941192510993   0
0.256724704260093   0.155266144179632   0.00789055042864875   -0.00147032210446701   0
0.253667225164687   0.162376136726023   -0.00305747909540638   0.00710999254639072   0
0.246699413920199   0.159593377622687   -0.00696781124448745   -0.0027827591033365   0
0.235463094868361   0.148383499161563   -0.0112363190518377   -0.0112098784611239   0
0.234333021715654   0.159472099762335   -0.00113007315270747   0.0110886006007726   0
0.238162422286804   0.161632934067457   0.00382940057115028   0.00216083430512146   0
0.230969580810683   0.15894968301182   -0.00719284147612145   -0.00268325105563652   0
0.253989265449535   0.15915963308789   0.0230196846388525   0.000209950076069693   0
0.258559192930011   0.158095317661877   0.00456992748047574   -0.00106431542601279   0
0.267104716777112   0.166041016695124   0.0085455238471005   0.0079456990332466   0
0.25740359454917   0.159495028720652   -0.00970112222794151   -0.00654598797447148   0
0.252232022037083   0.166870223852927   -0.005171572512087   0.00737519513227444   0
0.245594936155566   0.155142619426795   -0.00663708588151693   -0.0117276044261314   0
0.271803822775951   0.171006449085354   0.0262088866203848   0.0158638296585588   0
0.24902513083051   0.16706899848299   -0.0227786919454411   -0.00393745060236361   0
0.258510878426882   0.171595418284032   0.00948574759637255   0.00452641980104146   0
0.252688767170865   0.166718263402034   -0.00582211125601756   -0.00487715488199755   0
0.262899262028563   0.157364256905457   0.0102104948576987   -0.00935400649657775   0
0.2648461791424   0.157020932577445   0.00194691711383704   -0.000343324328011402   0
0.253029958292294   0.170495716814846   -0.0118162208501069   0.013474784237401   0
0.255732359293114   0.166745343100393   0.00270240100082081   -0.00375037371445325   0
0.276141383082707   0.165920745489669   0.0204090237895924   -0.000824597610724481   0
0.273102161874056   0.168127912291863   -0.00303922120865113   0.00220716680219493   0
0.284982363748408   0.16850474525061   0.0118802018743522   0.000376832958746992   0
0.270868332234119   0.164746883747192   -0.0141140315142892   -0.00375786150341811   0
0.266784661731121   0.151857334899685   -0.00408367050299713   -0.0128895488475077   0
0.268942411333661   0.164132421669902   0.00215774960254   0.0122750867702172   0
0.243261888773058   0.164240697006115   -0.0256805225606039   0.000108275336213021   0
0.231913295699129   0.171738842394886   -0.0113485930739285   0.00749814538877103   0
0.258334860193236   0.161934493901687   0.0264215644941068   -0.00980434849319939   0
0.273129800754386   0.162404663679378   0.0147949405611496   0.000470169777691487   0
0.271290729227231   0.164652792509723   -0.00183907152715507   0.00224812883034525   0
0.254741136215479   0.164821186943861   -0.0165495930117516   0.000168394434137464   0
0.260945086500194   0.154988754581397   0.00620395028471504   -0.00983243236246339   0
0.233595081891019   0.156507546135439   -0.0273500046091748   0.00151879155404186   0
0.224979858496505   0.159345689088286   -0.00861522339451365   0.00283814295284721   0
0.239817822359157   0.160105665677713   0.0148379638626512   0.000759976589426115   0
0.27948941430702   0.159935434341235   0.0396715919478628   -0.000170231336477145   0
0.254412639348011   0.151693371267931   -0.0250767749590084   -0.00824206307330455   0
0.247243080925997   0.155301267654264   -0.00716955842201422   0.00360789638633338   0
0.275645804997452   0.159423147867319   0.0284027240714547   0.00412188021305515   0
0.257414808768386   0.16040517112711   -0.0182309962290654   0.000982023259790465   0
0.249875710621343   0.146966616661948   -0.00753909814704354   -0.0134385544651623   0
0.255250969027368   0.145368940989476   0.00537525840602579   -0.00159767567247182   0
0.253676698739185   0.147338831902481   -0.00157427028818391   0.00196989091300531   0
0.256500734482903   0.15679098049113   0.00282403574371881   0.00945214858864896   0
0.257993564522449   0.165802915802472   0.00149283003954559   0.00901193531134234   0
0.285150736630324   0.149847033763948   0.0271571721078752   -0.0159558820385247   0
0.287615071654109   0.156695430506414   0.00246433502378457   0.00684839674246615   0
0.283813874115738   0.15443703070796   -0.00380119753837038   -0.00225839979845369   0
0.257755431166438   0.164894696662864   -0.0260584429493007   0.0104576659549041   0
0.259716335429888   0.164272944734222   0.00196090426345008   -0.000621751928642555   0
0.272069545408721   0.163743162966562   0.0123532099788333   -0.000529781767659471   0
0.29053325560681   0.16142152280624   0.018463710198089   -0.00232164016032255   0
0.295984415194975   0.170269073466524   0.00545115958816528   0.00884755066028381   0
0.284115648710588   0.172433168160813   -0.0118687664843877   0.00216409469428933   0
0.296945131363807   0.163552396564782   0.0128294826532195   -0.00888077159603048   0
0.299234396978386   0.171301758471756   0.00228926561457848   0.00774936190697392   0
0.298507252923366   0.176697855348295   -0.00072714405501989   0.00539609687653841   0
0.288033642943844   0.168715046792627   -0.0104736099795221   -0.00798280855566766   0
0.287961591949188   0.158709781356023   -7.20509946559034e-05   -0.0100052654366042   0
0.301610327660767   0.166805206469162   0.0136487357115797   0.00809542511313885   0
0.293422651927322   0.167732760707033   -0.00818767573344514   0.000927554237870942   0
0.304660856404552   0.177187979420458   0.0112382044772295   0.00945521871342533   0
0.327331532895833   0.176053873846863   0.022670676491281   -0.00113410557359456   0
0.337152640323857   0.166777600218042   0.00982110742802433   -0.0092762736288218   0
0.310574045621123   0.16466419122843   -0.0265785947027343   -0.00211340898961163   0
0.292318950848922   0.168249610272304   -0.0182550947722006   0.00358541904387374   0
0.308453702888509   0.160669036264031   0.0161347520395871   -0.00758057400827289   0
0.316671306192477   0.166508700983603   0.00821760330396748   0.00583966471957209   0
0.288161803772205   0.177758435690956   -0.028509502420272   0.0112497347073531   0
0.293572679896685   0.164803910539519   0.00541087612448016   -0.0129545251514365   0
0.304761276137492   0.168344641473632   0.0111885962408069   0.00354073093411203   0
0.29512035758691   0.166761177405345   -0.0096409185505823   -0.00158346406828686   0
0.264885928370048   0.164610369057713   -0.030234429216862   -0.00215080834763157   0
0.29012837848727   0.162163704671189   0.0252424501172227   -0.00244666438652438   0
0.294937865241304   0.167073934094406   0.00480948675403414   0.00491022942321748   0
0.283995538384624   0.164129380952009   -0.0109423268566808   -0.00294455314239725   0
0.295192670904268   0.167554686594588   0.0111971325196447   0.00342530564257892   0
0.306961388683571   0.170391760592376   0.0117687177793027   0.0028370739977884   0
0.322780343109514   0.165817532332604   0.0158189544259429   -0.00457422825977188   0
0.303357389880634   0.160852007877512   -0.0194229532288802   -0.00496552445509224   0
0.285185243251989   0.158152236293109   -0.018172146628645   -0.00269977158440271   0
0.27961561274404   0.154845751213578   -0.00556963050794823   -0.00330648507953166   0
0.286877671229343   0.155593186716695   0.00726205848530237   0.0007474355031174   0
0.284160724912331   0.158153577453088   -0.00271694631701225   0.00256039073639253   0
0.290339332761206   0.163781913267998   0.00617860784887503   0.00562833581491057   0
0.29806183629566   0.161534936636078   0.00772250353445408   -0.00224697663191992   0
0.296236777141407   0.153647901870486   -0.00182505915425263   -0.00788703476559197   0
0.304323245772881   0.160786168676973   0.00808646863147361   0.00713826680648677   0
0.280026400508868   0.156109280397537   -0.0242968452640125   -0.00467688827943619   0
0.274084150772848   0.151633352986014   -0.00594224973601998   -0.00447592741152253   0
0.288234098042184   0.163323607859698   0.0141499472693358   0.0116902548736831   0
0.273115999861896   0.151504155040885   -0.0151180981802883   -0.0118194528188129   0
0.26861581301018   0.163464570958054   -0.00450018685171566   0.0119604159171697   0
0.275671437133428   0.151207048063488   0.00705562412324801   -0.0122575228945664   0
0.287234428769405   0.158247221732454   0.0115629916359771   0.00704017366896609   0
0.262909311653651   0.154479095595372   -0.0243251171157541   -0.00376812613708249   0
0.25986768472088   0.142764686166429   -0.00304162693277127   -0.0117144094289421   0
0.281193280269408   0.142615157901897   0.0213255955485283   -0.000149528264532045   0
0.237970139486868   0.130040380595226   -0.0432231407825397   -0.0125747773066715   0
0.231605926244638   0.132548993165347   -0.00636421324223083   0.00250861257012108   0
0.283725562818079   0.144335576385355   0.052119636573441   0.0117865832200078   0
0.293490717136549   0.158377572028884   0.00976515431847041   0.0140419956435295   0
0.312123155573337   0.16067959132261   0.0186324384367876   0.00230201929372534   0
0.28693768231442   0.188757338917287   -0.0251854732589164   0.0280777475946778   0
0.290259883783247   0.198425151146552   0.00332220146882656   0.00966781222926438   0
0.267926806923656   0.209992126275634   -0.0223330768595912   0.0115669751290825   0
0.238276465336198   0.197773175150336   -0.0296503415874576   -0.0122189511252979   0
0.232989162472187   0.190450884681249   -0.0052873028640105   -0.00732229046908789   0
0.245679764221355   0.187251675881787   0.0126906017491674   -0.00319920879946156   0
0.22849564027794   0.187345124917174   -0.0171841239434145   9.34490353874107e-05   0
0.234895398125626   0.202607236411925   0.00639975784768612   0.0152621114947505   0
0.235990228611732   0.198270733793122   0.00109483048610601   -0.00433650261880289   0
0.244043449497056   0.183102662064639   0.00805322088532362   -0.0151680717284833   0
0.254614441483726   0.19229349810564   0.0105709919866704   0.00919083604100165   0
0.238183105830111   0.182399944609606   -0.0164313356536159   -0.00989355349603457   0
0.23679096960834   0.186545716100986   -0.00139213622177056   0.0041457714913806   0
0.238292441572539   0.178220979795807   0.00150147196419931   -0.00832473630517927   0
0.242650696970719   0.185695726360956   0.00435825539817994   0.00747474656514849   0
0.236505612927506   0.19004481814222   -0.00614508404321359   0.00434909178126416   0
0.236932697846007   0.17587221696251   0.000427084918501131   -0.0141726011797099   0
0.262017659567675   0.178324406208471   0.0250849617216687   0.00245218924596102   0
0.259061308446845   0.191542082833168   -0.00295635112083026   0.0132176766246972   0
0.240788850815552   0.189079022336742   -0.0182724576312932   -0.00246306049642631   0
0.252905123236402   0.185690184253374   0.0121162724208497   -0.0033888380833674   0
0.253814946332796   0.177752241772766   0.000909823096393925   -0.00793794248060845   0
