2.00971838739175e-14   8.6736175e-17   0   0   0
0.0132345256952458   0.00286394199954266   0.0132345256952257   0.00286394199954257   0
0.0151604657839124   0.0221277269972683   0.00192594008866664   0.0192637849977256   0
0.0379586450969774   0.0279628078648865   0.0227981793130649   0.00583508086761824   0
0.0357723954224471   0.0516480748996197   -0.0021862496745303   0.0236852670347332   0
0.031441872236519   0.0250406354725271   -0.00433052318592807   -0.0266074394270926   0
0.104670444642989   0.0598971600108414   0.0732285724064696   0.0348565245383143   0
0.0948181375730373   0.0777679865873926   -0.0098523070699513   0.0178708265765511   0
0.0953763654170779   0.0766671713059357   0.000558227844040637   -0.00110081528145682   0
0.041554174258013   0.0257535842673898   -0.0538221911590649   -0.0509135870385459   0
0.0641906163346072   0.069319563490083   0.0226364420765943   0.0435659792226932   0
0.0488502033462968   0.029256576349091   -0.0153404129883105   -0.040062987140992   0
0.0703141751913686   0.0728020845094094   0.0214639718450718   0.0435455081603184   0
0.0462378395275091   0.0332272222281252   -0.0240763356638595   -0.0395748622812841   0
0.0428070370402695   0.0526252999393321   -0.00343080248723963   0.0193980777112069   0
0.0321194388861964   0.0250629683663755   -0.0106875981540731   -0.0275623315729567   0
0.0566252815002964   0.0548685225559859   0.0245058426141001   0.0298055541896104   0
0.0297392738309437   0.0222768342807958   -0.0268860076693527   -0.0325916882751901   0
0.0601265728277955   0.0481561529553694   0.0303872989968518   0.0258793186745736   0
0.0528302518944738   0.0364561814868578   -0.00729632093332166   -0.0116999714685116   0
0.0667038940731471   0.0580513292856079   0.0138736421786733   0.02159514779875   0
0.0731673070411071   0.0418737628607071   0.00646341296796002   -0.0161775664249008   0
0.060572113314411   0.0527500816796073   -0.0125951937266961   0.0108763188189002   0
0.0514197323294651   0.0469205460094424   -0.00915238098494591   -0.00582953567016498   0
0.0822458732079525   0.0705363390364089   0.0308261408784874   0.0236157930269666   0
0.0850865766249163   0.071433856490825   0.00284070341696384   0.000897517454416019   0
0.0958045935984835   0.0727234265485454   0.0107180169735672   0.00128957005772047   0
0.146837278586668   0.0745859496912623   0.0510326849881844   0.00186252314271691   0
0.135121221431515   0.0779218816677271   -0.0117160571551533   0.00333593197646478   0
0.134684943854857   0.0685617431533687   -0.000436277576657595   -0.00936013851435845   0
0.11562886205509   0.0713772789542848   -0.0190560817997667   0.00281553580091608   0
0.12889130859956   0.0713740095546262   0.0132624465444694   -3.2693996585148e-06   0
0.116214743322128   0.0788518072245969   -0.012676565277432   0.00747779766997067   0
0.125489426409049   0.070052737786298   0.00927468308692175   -0.00879906943829892   0
0.105125373160399   0.0637201188553461   -0.0203640532486506   -0.00633261893095194   0
0.113399340101854   0.0616312709437183   0.00827396694145564   -0.00208884791162777   0
0.107887631782603   0.0667868496705474   -0.00551170831925116   0.00515557872682913   0
0.174749177370225   0.120026392534574   0.0668615455876219   0.0532395428640267   0
0.19922982136529   0.107242084262483   0.0244806439950645   -0.0127843082720916   0
0.0559254463400104   0.0396530935802768   -0.143304375025279   -0.0675889906822057   0
0.0591326436185645   0.0658838353466442   0.00320719727855411   0.0262307417663674   0
0.0521053283175167   0.0801819051120734   -0.00702731530104776   0.0142980697654292   0
0.0388008473752512   0.0694455599008895   -0.0133044809422656   -0.0107363452111839   0
0.135649432816116   0.0855058104326422   0.0968485854408647   0.0160602505317527   0
0.0975204112364404   0.0642373731155038   -0.0381290215796755   -0.0212684373171384   0
0.150067580337942   0.0903724126772235   0.0525471691015019   0.0261350395617196   0
0.0771844110997777   0.0529893857200862   -0.0728831692381645   -0.0373830269571372   0
0.079497719721693   0.051525279974142   0.00231330862191526   -0.00146410574594423   0
0.0736099755239327   0.06076561130973   -0.00588774419776029   0.00924033133558801   0
0.0693537145948765   0.0643471169371363   -0.00425626092905622   0.00358150562740624   0
0.0414647829327927   0.0561882581163017   -0.0278889316620837   -0.00815885882083453   0
0.0608182475860432   0.0535472319168798   0.0193534646532504   -0.00264102619942194   0
0.0600032876776719   0.0556015391105983   -0.000814959908371306   0.00205430719371853   0
0.07650169872955   0.0591168257356488   0.0164984110518781   0.00351528662505046   0
0.0710998638203606   0.0668816037796652   -0.00540183490918941   0.00776477804401637   0
0.142231069838226   0.108135799342469   0.0711312060178652   0.0412541955628043   0
0.0306184056021673   0.0476162642936168   -0.111612664236058   -0.0605195350488526   0
0.0401274080512434   0.0309072043518672   0.00950900244907614   -0.0167090599417496   0
0.0731238832027165   0.0623910226254945   0.0329964751514731   0.0314838182736273   0
0.0483721908769545   0.0432460898726193   -0.024751692325762   -0.0191449327528752   0
0.0771753953729814   0.0247967701856836   0.0288032044960269   -0.0184493196869357   0
0.0708222907488558   0.033626623450905   -0.00635310462412569   0.00882985326522147   0
0.0743732228418702   0.0236088916145245   0.00355093209301449   -0.0100177318363806   0
0.0596226565825671   0.0297194871311347   -0.0147505662593032   0.00611059551661019   0
0.0699648229210477   0.03855842154511   0.0103421663384807   0.00883893441397528   0
0.0588623104447617   0.0332739676763084   -0.0111025124762861   -0.00528445386880155   0
0.0922514672870781   0.0279217058707027   0.0333891568423164   -0.00535226180560571   0
0.0809412294176552   0.0311758597101867   -0.0113102378694229   0.003254153839484   0
0.119403505346391   0.0560751019065057   0.0384622759287354   0.024899242196319   0
0.0800629914358799   0.0309544883904713   -0.0393405139105107   -0.0251206135160344   0
0.0882302422246214   0.0379665650938496   0.00816725078874143   0.00701207670337835   0
0.0671512559773237   0.0442557553022882   -0.0210789862472976   0.00628919020843856   0
0.0780749698192491   0.0444960298621642   0.0109237138419254   0.000240274559876012   0
0.0752610399110437   0.0623755325964579   -0.00281392990820543   0.0178795027342937   0
0.0698165707644365   0.0554629569784726   -0.00544446914660719   -0.00691257561798538   0
0.0611287976458391   0.0522083425669118   -0.00868777311859743   -0.0032546144115608   0
0.0575135013458445   0.0648759513155315   -0.00361529629999462   0.0126676087486198   0
0.0547253378888326   0.0970567217099084   -0.00278816345701182   0.0321807703943769   0
0.0537260099703334   0.0981762848661548   -0.000999327918499215   0.00111956315624635   0
0.0527998437882906   0.110990467448772   -0.000926166182042866   0.0128141825826175   0
0.0555430571647364   0.103023086131928   0.00274321337644586   -0.00796738131684444   0
0.0416298930695362   0.0982150324118128   -0.0139131640952002   -0.00480805372011506   0
0.0578227335380517   0.109272629440247   0.0161928404685154   0.0110575970284341   0
0.0985841564573077   0.0674001729288283   0.040761422919256   -0.0418724565114186   0
0.0718223000362546   0.115374742210287   -0.0267618564210531   0.0479745692814591   0
0.0656527187997556   0.108527677961838   -0.00616958123649905   -0.00684706424844961   0
0.063085770011636   0.132975680086579   -0.00256694878811957   0.0244480021247417   0
0.066845846857054   0.100158036542858   0.00376007684541806   -0.0328176435437211   0
0.0580575166702816   0.119845045741661   -0.00878833018677243   0.0196870091988026   0
0.119093756040085   0.0525651376355678   0.0610362393698033   -0.0672799081060931   0
0.065727054155691   0.0461136323481571   -0.0533667018843939   -0.0064515052874107   0
0.0608025368640287   0.0893361663903672   -0.00492451729166223   0.0432225340422101   0
0.0611649551328489   0.0891827817268542   0.000362418268820108   -0.000153384663513043   0
0.0555377988669212   0.107427319784788   -0.00562715626592768   0.0182445380579334   0
0.0446259815757355   0.0984564102048875   -0.0109118172911857   -0.0089709095799   0
0.0809844750535049   0.0743034723117638   0.0363584934777694   -0.0241529378931237   0
0.0709279723546613   0.0708911892476971   -0.0100565026988436   -0.0034122830640667   0
0.185628087417249   0.175341303457806   0.114700115062587   0.104450114210109   0
0.0251040562078522   0.0832711326657327   -0.160524031209396   -0.0920701707920731   0
0.0428933156282027   0.104432938564269   0.0177892594203504   0.0211618058985362   0
0.0765998234097978   0.075910111865325   0.0337065077815951   -0.0285228266989439   0
0.064537327186554   0.104850589098617   -0.0120624962232438   0.0289404772332919   0
0.0548618217335496   0.118038395355206   -0.00967550545300441   0.0131878062565895   0
0.102181825026053   0.0905411345381247   0.0473200032925035   -0.0274972608170816   0
0.0449461726343433   0.105345897977551   -0.0572356523917098   0.0148047634394259   0
0.0649952336701148   0.0920711631036692   0.0200490610357715   -0.0132747348738814   0
0.0531103498080603   0.107416384556339   -0.0118848838620545   0.0153452214526695   0
0.0988294832576626   0.0859085971440567   0.0457191334496022   -0.021507787412282   0
0.045032799075795   0.132185107270455   -0.0537966841818676   0.0462765101263985   0
0.0528586213872169   0.120039913892884   0.00782582231142196   -0.0121451933775713   0
0.0629278442425501   0.128850437473016   0.0100692228553332   0.00881052358013173   0
0.0809727664998857   0.110868483701851   0.0180449222573356   -0.017981953771165   0
0.0404373564628459   0.13847190727631   -0.0405354100370398   0.0276034235744593   0
0.0781327042677624   0.0878927121637161   0.0376953478049165   -0.0505791951125939   0
0.0345877374328113   0.0886469713052529   -0.043544966834951   0.000754259141536873   0
0.0534111247835529   0.0700994775434685   0.0188233873507416   -0.0185474937617844   0
0.0445587610795506   0.0784887355500985   -0.00885236370400237   0.00838925800662993   0
0.0402377354845433   0.0991624964715263   -0.00432102559500727   0.0206737609214279   0
0.0828553914762671   0.0804569067226703   0.0426176559917238   -0.018705589748856   0
0.0526170507310527   0.105703683431576   -0.0302383407452144   0.0252467767089054   0
0.0580011125041727   0.0962536926422108   0.00538406177312001   -0.00944999078936494   0
0.0288127157692967   0.103952859331807   -0.029188396734876   0.00769916668959605   0
0.0751929303773406   0.087958298368467   0.0463802146080439   -0.0159945609633399   0
0.0663678987387836   0.101386869456001   -0.00882503163855697   0.0134285710875342   0
0.0698809205833365   0.101891410054815   0.00351302184455292   0.000504540598814038   0
0.0569379475561037   0.128148794268263   -0.0129429730272328   0.0262573842134479   0
0.072304170235086   0.0995934953988028   0.0153662226789823   -0.0285552988694604   0
0.0663045819408322   0.100090882766729   -0.00599958829425382   0.0004973873679259   0
0.0688453331977568   0.0849021142333398   0.00254075125692466   -0.0151887685333888   0
0.0660466950121585   0.0869799049431389   -0.00279863818559833   0.00207779070979905   0
0.0643755476387658   0.0890840697995332   -0.00167114737339273   0.00210416485639427   0
0.0669506142563337   0.0874162560511837   0.00257506661756793   -0.00166781374834947   0
0.0626406757378943   0.0314856136744084   -0.0043099385184394   -0.0559306423767753   0
0.137304677131159   0.0473760852328964   0.0746640013932647   0.015890471558488   0
0.0941723356347805   0.0390671159052422   -0.0431323414963784   -0.00830896932765417   0
0.122250232865284   0.0393646695374274   0.028077897230504   0.000297553632185185   0
0.0804440319173921   0.039935562307676   -0.0418062009478924   0.000570892770248618   0
0.145113443296225   0.0614478236317858   0.0646694113788332   0.0215122613241098   0
0.088797010158645   0.0357263394667412   -0.0563164331375802   -0.0257214841650446   0
0.178454741749539   0.0840028707383739   0.0896577315908942   0.0482765312716327   0
0.0915311272653419   0.0480882808106774   -0.0869236144841973   -0.0359145899276965   0
0.157387331319724   0.0662586162056123   0.0658562040543817   0.0181703353949349   0
0.108739582730565   0.040676201344623   -0.0486477485891591   -0.0255824148609894   0
0.151380375049574   0.0588136544837539   0.0426407923190091   0.0181374531391309   0
0.115518268611916   0.0433459414821342   -0.0358621064376575   -0.0154677130016197   0
0.130379866322275   0.0438007108811163   0.0148615977103592   0.000454769398982091   0
0.0895701486021351   0.0349223270970682   -0.0408097177201403   -0.00887838378404808   0
0.127774230716034   0.0397953786170126   0.0382040821138987   0.00487305151994438   0
0.13193791886799   0.0333737740444351   0.00416368815195606   -0.00642160457257744   0
0.109663742119736   0.0174256146791829   -0.0222741767482536   -0.0159481593652523   0
0.134405256782489   0.0245811418131547   0.0247415146627523   0.00715552713397183   0
0.105760312138178   0.0200278279423505   -0.028644944644311   -0.00455331387080414   0
0.104941377455772   0.0358517321689282   -0.000818934682405778   0.0158239042265776   0
0.0385385123242132   0.0655784898987485   -0.0664028651315585   0.0297267577298203   0
0.0532367902968049   0.0389657860633289   0.0146982779725917   -0.0266127038354195   0
0.0804981714707264   0.028019978521566   0.0272613811739215   -0.0109458075417629   0
0.0708649739011201   0.0473832805643735   -0.00963319756960632   0.0193633020428075   0
0.12357846302347   0.0365680432822631   0.0527134891223496   -0.0108152372821104   0
0.101919431694745   0.0366621729984315   -0.0216590313287245   9.41297161683938e-05   0
0.124853215021306   0.0379340493967158   0.0229337833265604   0.00127187639828426   0
0.0664458718746818   0.072194142414303   -0.0584073431466237   0.0342600930175872   0
0.103777617970455   0.0559797953810302   0.0373317460957736   -0.0162143470332728   0
0.0900902604979224   0.0677326598049664   -0.013687357472533   0.0117528644239363   0
0.127135385275   0.0480195819140252   0.0370451247770777   -0.0197130778909412   0
0.128289338185117   0.0467363526211341   0.00115395291011644   -0.00128322929289114   0
0.1272330787749   0.0407161135687756   -0.0010562594102165   -0.00602023905235848   0
0.121805691850908   0.0376913345027602   -0.00542738692399199   -0.00302477906601541   0
0.209091672085236   0.0775612074710222   0.0872859802343284   0.039869872968262   0
0.0795217349472271   0.0554630109422041   -0.129569937138009   -0.0220981965288181   0
0.0960112022426879   0.0375875854506402   0.0164894672954608   -0.0178754254915639   0
0.0242009207234737   0.0482387465878128   -0.0718102815192142   0.0106511611371726   0
0.14212296815493   0.0613053144662343   0.117922047431457   0.0130665678784215   0
0.0337410720842773   0.0446076649367509   -0.108381896070653   -0.0166976495294834   0
0.151309121404786   0.0698391982872928   0.117568049320508   0.0252315333505419   0
0.0575546438893367   0.0565217000115408   -0.093754477515449   -0.013317498275752   0
0.0891452649174471   0.0505483273586707   0.0315906210281103   -0.00597337265287014   0
0.0822290060944459   0.0311965297148345   -0.00691625882300115   -0.0193517976438362   0
0.0461650390839454   0.074993866475158   -0.0360639670105005   0.0437973367603235   0
0.0538789490136182   0.0615907931998256   0.00771390992967275   -0.0134030732753324   0
0.0457417763911319   0.070058846434708   -0.00813717262248623   0.00846805323488235   0
0.0664006943848625   0.0077503242230754   0.0206589179937306   -0.0623085222116326   0
0.0588450407862173   0.00854129884858229   -0.00755565359864517   0.000790974625506891   0
0.125298421469524   0.0467602697139236   0.0664533806833067   0.0382189708653413   0
0.0462417910780505   0.0566359842384151   -0.0790566303914735   0.00987571452449145   0
0.0637217555694784   0.0501285068438916   0.0174799644914279   -0.0065074773945235   0
0.031896693880412   0.0309120182644622   -0.0318250616890664   -0.0192164885794293   0
0.0595706197851389   0.0317716880546094   0.0276739259047269   0.000859669790147111   0
0.092323089879126   0.0541188793283482   0.0327524700939871   0.0223471912737388   0
0.153856759855763   0.0401674116075314   0.0615336699766369   -0.0139514677208167   0
0.0965593486459275   0.0623736075609308   -0.0572974112098353   0.0222061959533994   0
0.0924325195355997   0.0552705888297521   -0.00412682911032777   -0.00710301873117879   0
0.0818455214653185   0.0577302795958597   -0.0105869980702813   0.00245969076610766   0
0.0838589604053877   0.0260585505424983   0.0020134389400692   -0.0316717290533614   0
0.0592848620168362   0.0312163201671517   -0.0245740983885515   0.00515776962465339   0
0.0596841022188868   0.029317675484815   0.000399240202050573   -0.00189864468233668   0
0.049471565684276   0.0533001495421595   -0.0102125365346108   0.0239824740573445   0
0.051595553821503   0.0191195014698249   0.00212398813722701   -0.0341806480723347   0
0.0448546688799251   0.0761308775680119   -0.00674088494157792   0.0570113760981871   0
0.0469242664861769   0.0342249584096056   0.00206959760625183   -0.0419059191584064   0
0.0464619145171088   0.0686476636888146   -0.00046235196906811   0.0344227052792091   0
0.0425221186055614   0.0403483370279906   -0.0039397959115474   -0.028299326660824   0
0.286162353395748   0.248376276560821   0.243640234790187   0.20802793953283   0
0.381507001340703   0.361496884856259   0.0953446479449547   0.113120608295438   0
0.249938434392178   0.259321828681731   -0.131568566948525   -0.102175056174527   0
0.250572991757601   0.283119345578125   0.000634557365423144   0.023797516896394   0
0.155310175449001   0.214014736928449   -0.0952628163086002   -0.0691046086496762   0
0.21081602965508   0.25546529075516   0.0555058542060788   0.0414505538267106   0
0.131340446652505   0.19602058173657   -0.079475583002575   -0.0594447090185893   0
0.178462060414731   0.245616339978471   0.047121613762226   0.0495957582419008   0
0.145244004996627   0.19498185152063   -0.0332180554181037   -0.0506344884578415   0
0.135237061610796   0.185459895593977   -0.0100069433858316   -0.00952195592665303   0
0.0938972731543464   0.15705016439599   -0.0413397884564492   -0.0284097311979867   0
0.0978142414907725   0.164764694675659   0.00391696833642613   0.00771453027966887   0
0.102270485471531   0.162593128835201   0.00445624398075839   -0.00217156584045824   0
0.0839728373661192   0.138360582496109   -0.0182976481054117   -0.0242325463390917   0
0.161542840937404   0.105405463475499   0.0775700035712852   -0.0329551190206094   0
0.167813093151433   0.15335518559508   0.00627025221402833   0.0479497221195807   0
0.115053503927788   0.172058218928673   -0.052759589223645   0.0187030333335923   0
0.0321560270233095   0.0839952955269024   -0.0828974769044782   -0.0880629234017701   0
0.139158684155355   0.0846788731061729   0.107002657132046   0.000683577579270511   0
0.226025531435366   0.138638858203293   0.0868668472800104   0.0539599850971204   0
0.226348996530158   0.133811467137917   0.000323465094792003   -0.00482739106537672   0
0.235856621714055   0.126031473170626   0.00950762518389739   -0.00777999396729104   0
0.195519812288325   0.119641296016713   -0.0403368094257299   -0.00639017715391255   0
0.168961682343115   0.101155827578294   -0.0265581299452099   -0.0184854684384192   0
0.199087042834287   0.113566675414024   0.030125360491172   0.0124108478357305   0
0.159244377268693   0.0984151618624283   -0.039842665565594   -0.015151513551596   0
0.218352729549616   0.105431769182981   0.0591083522809225   0.0070166073205528   0
0.134404508407024   0.120671112271228   -0.0839482211425918   0.0152393430882472   0
0.209991853710265   0.116879037309985   0.0755873453032408   -0.00379207496124302   0
0.184074575257059   0.129806626518386   -0.025917278453206   0.0129275892084006   0
