1.4210855e-14   6.938894e-16   0   0   0
0.0722210841731607   0.0823766167842241   0.0722210841731465   0.0823766167842234   0
0.0221294384265946   0.0440728546711719   -0.0500916457465661   -0.0383037621130522   0
0.0255883306085414   0.0770705159931538   0.0034588921819469   0.0329976613219818   0
0.0453369021216336   0.0784121270569366   0.0197485715130921   0.00134161106378279   0
0.049868209662082   0.115166372641555   0.00453130754044842   0.0367542455846181   0
0.0871395499660039   0.0264710960117479   0.0372713403039219   -0.0886952766298068   0
0.122630213394884   0.118851424993349   0.03549066342888   0.0923803289816008   0
0.089631168735648   0.127430741657825   -0.0329990446592359   0.00857931666447673   0
0.0890424802255052   0.0917323333613385   -0.000588688510142793   -0.0356984082964868   0
0.116202440354041   0.124460574622751   0.0271599601285358   0.032728241261412   0
0.115720187332148   0.129771336117306   -0.000482253021892892   0.00531076149455507   0
0.137622745917649   0.163273445731107   0.0219025585855012   0.0335021096138017   0
0.119126954575372   0.136531504471584   -0.0184957913422772   -0.0267419412595237   0
0.105299315277241   0.144171160202608   -0.0138276392981311   0.00763965573102465   0
0.13357228505532   0.191320544795784   0.028272969778079   0.0471493845931759   0
0.109241364849157   0.152876467558399   -0.024330920206163   -0.0384440772373855   0
0.10782207349444   0.152841954067958   -0.00141929135471655   -3.45134904410627e-05   0
0.145644598501217   0.19651944392545   0.0378225250067761   0.0436774898574926   0
0.0824180494034746   0.147741512494466   -0.063226549097742   -0.0487779314309842   0
0.0902722665878466   0.165578413760582   0.007854217184372   0.0178369012661156   0
0.0649567739514285   0.145123934277819   -0.0253154926364181   -0.0204544794827622   0
0.0991676487212509   0.155795405579103   0.0342108747698223   0.0106714713012837   0
0.0955075160049066   0.153773797178201   -0.00366013271634427   -0.00202160840090204   0
0.114318044803993   0.117845404554312   0.0188105287990868   -0.0359283926238893   0
0.0585173777171589   0.12358530121009   -0.0558006670868345   0.00573989665577776   0
0.0735294263997951   0.151487425052884   0.0150120486826362   0.0279021238427941   0
0.0784508045031327   0.110048002291678   0.00492137810333752   -0.0414394227612056   0
0.113300019239882   0.196014541282504   0.0348492147367496   0.0859665389908255   0
0.0645495161181574   0.148411993892405   -0.0487505031217249   -0.0476025473900987   0
0.119654443331178   0.195789101802025   0.0551049272130203   0.0473771079096204   0
0.0981092407405424   0.190984626011536   -0.0215452025906352   -0.00480447579048954   0
0.0521814655291971   0.133287133771543   -0.0459277752113453   -0.0576974922399926   0
0.123799305788155   0.194708924605715   0.0716178402589579   0.0614217908341721   0
0.0630808207406044   0.171258775401945   -0.0607184850475505   -0.0234501492037702   0
0.111577222843794   0.207663333939218   0.0484964021031896   0.0364045585372725   0
0.138740827712875   0.171031630150071   0.0271636048690811   -0.0366317037891468   0
0.149014131653193   0.22882802657559   0.0102733039403179   0.0577963964255189   0
0.124873210916452   0.193476203736909   -0.0241409207367407   -0.0353518228386811   0
0.12764507776822   0.21842842648471   0.00277186685176768   0.024952222747801   0
0.0868534854385576   0.20200900847124   -0.0407915923296624   -0.01641941801347   0
0.0941000901435372   0.22082081392843   0.00724660470497968   0.0188118054571904   0
0.080677725548581   0.229637556902354   -0.0134223645949562   0.00881674297392371   0
0.081332278781113   0.210526357985129   0.00065455323253194   -0.0191111989172244   0
0.113937027508741   0.216092954296179   0.0326047487276285   0.00556659631104964   0
0.141020936734494   0.271655560497639   0.0270839092257528   0.0555626062014598   0
0.107248407099795   0.225625851147347   -0.0337725296346994   -0.0460297093502917   0
0.125240899646611   0.254577062097224   0.0179924925468157   0.0289512109498769   0
0.108324231955067   0.260203815104523   -0.0169166676915435   0.00562675300729931   0
0.0972869351265194   0.216323456971668   -0.0110372968285477   -0.0438803581328547   0
0.148615663648364   0.258440548746201   0.0513287285218442   0.0421170917745324   0
0.0994450466619943   0.22990665849466   -0.0491706169863693   -0.0285338902515413   0
0.146793997020993   0.262305260287995   0.0473489503589987   0.0323986017933359   0
0.0970313506241895   0.227396478774725   -0.0497626463968035   -0.0349087815132703   0
0.109349362165174   0.24602574626026   0.012318011540985   0.0186292674855351   0
0.105529376250091   0.235647088663348   -0.00381998591508341   -0.010378657596912   0
0.0936695116933168   0.192867892554232   -0.0118598645567742   -0.0427791961091158   0
0.104095095068868   0.236646416537769   0.010425583375551   0.0437785239835363   0
0.110816364820889   0.196166263100762   0.00672126975202109   -0.0404801534370068   0
0.160438154275655   0.282840804605276   0.0496217894547661   0.0866745415045138   0
0.131528722479129   0.207781629910108   -0.0289094317965265   -0.0750591746951674   0
0.137523435158001   0.266745250919732   0.00599471267887208   0.0589636210096239   0
0.132822746558074   0.265731018785352   -0.00470068859992676   -0.00101423213437996   0
0.117634500120572   0.253510442932938   -0.0151882464375021   -0.0122205758524138   0
0.103669953327296   0.226082586026577   -0.013964546793276   -0.0274278569063609   0
0.119027978476979   0.253025246758408   0.0153580251496829   0.0269426607318307   0
0.14880219363118   0.229799988398037   0.029774215154201   -0.023225258360371   0
0.151389803210922   0.241654356154538   0.00258760957974249   0.0118543677565004   0
0.149810332816521   0.264053225033409   -0.0015794703944014   0.0223988688788716   0
0.150825113604375   0.225663193885311   0.00101478078785447   -0.0383900311480979   0
0.156798928196529   0.251594127978135   0.00597381459215351   0.0259309340928239   0
0.105485195841859   0.216440957052347   -0.0513137323546699   -0.0351531709257885   0
0.12117191733362   0.22549490819618   0.015686721491761   0.00905395114383373   0
0.122300896622838   0.258553253094691   0.00112897928921808   0.0330583448985101   0
0.136236937098477   0.200783077173387   0.0139360404756393   -0.0577701759213035   0
0.137094220257813   0.249729581396098   0.000857283159335392   0.0489465042227112   0
0.141717540134331   0.227024167761476   0.00462331987651854   -0.0227054136346227   0
0.129995928598552   0.234711959720539   -0.011721611535779   0.00768779195906338   0
0.132428024426562   0.207875167525216   0.00243209582800935   -0.0268367921953227   0
0.123774506925926   0.212368666519285   -0.00865351750063609   0.00449349899406895   0
0.131989674683676   0.249079138032584   0.00821516775775069   0.0367104715132985   0
0.110863233908736   0.23251760318133   -0.0211264407749399   -0.016561534851254   0
0.122404780001417   0.231154073966127   0.0115415460926805   -0.00136352921520291   0
0.120873856663563   0.232955328982636   -0.0015309233378536   0.00180125501650907   0
0.147421374356924   0.23929329236936   0.0265475176933609   0.00633796338672374   0
0.180465618944776   0.234000715596196   0.0330442445878523   -0.00529257677316339   0
0.169258877036659   0.305420787778116   -0.0112067419081173   0.0714200721819197   0
0.139913597618103   0.265285089338048   -0.0293452794185558   -0.0401356984400679   0
0.134951137144441   0.314067956885182   -0.00496246047366242   0.0487828675471338   0
0.116268928604963   0.284551012162777   -0.018682208539478   -0.0295169447224043   0
0.13713121861481   0.320282486845967   0.020862290009847   0.03573147468319   0
0.154189091021478   0.268905161746782   0.0170578724066678   -0.0513773250991856   0
0.160967999444437   0.316340637089488   0.00677890842295886   0.0474354753427059   0
0.143108834730232   0.282302852214852   -0.0178591647142048   -0.0340377848746357   0
0.150978353660642   0.316270986032178   0.00786951893041052   0.0339681338173259   0
0.142427994976377   0.275208745600639   -0.00855035868426496   -0.0410622404315393   0
0.154102874265949   0.252912638622005   0.0116748792895714   -0.0222961069786334   0
0.124802795684706   0.254217296534707   -0.0293000785812425   0.00130465791270212   0
0.116876379596793   0.25341597215678   -0.0079264160879131   -0.00080132437792696   0
0.117206463926358   0.28143088421258   0.000330084329564828   0.0280149120557994   0
0.127539049394914   0.260542619594018   0.0103325854685561   -0.0208882646185622   0
0.118726498811099   0.273142053424923   -0.00881255058381496   0.0125994338309054   0
0.118863232598125   0.285993187318291   0.00013673378702643   0.0128511338933683   0
0.128572649598021   0.297037507216193   0.00970941699989575   0.011044319897902   0
0.121929992766   0.300823655924215   -0.00664265683202145   0.00378614870802146   0
0.125692345878038   0.285540671744907   0.00376235311203824   -0.0152829841793081   0
0.0965645284465288   0.300071660939578   -0.0291278174315091   0.0145309891946718   0
0.135542902505915   0.273588190116284   0.0389783740593857   -0.0264834708232948   0
0.121852867813859   0.299434816111674   -0.0136900346920556   0.0258466259953907   0
0.149164136477315   0.27828904401845   0.0273112686634561   -0.021145772093224   0
0.127164700255775   0.2958079614745   -0.0219994362215398   0.0175189174560501   0
0.181561110120785   0.316805406735945   0.0543964098650097   0.0209974452614449   0
0.115427969210765   0.317816065839917   -0.0661331409100198   0.00101065910397147   0
0.106801099292416   0.307632326528868   -0.00862686991834923   -0.010183739311049   0
0.0985635030798159   0.295885950569782   -0.00823759621259997   -0.0117463759590855   0
0.112893218576573   0.304004206942153   0.0143297154967567   0.00811825637237112   0
0.152239757498906   0.318541407585515   0.0393465389223334   0.0145372006433616   0
0.167061950301267   0.305748143855524   0.0148221928023607   -0.012793263729991   0
0.162572568855043   0.311022919512586   -0.00448938144622413   0.00527477565706219   0
0.150082221598678   0.313771263212933   -0.0124903472563646   0.00274834370034638   0
0.123392806842972   0.294899775016752   -0.0266894147557063   -0.0188714881961806   0
0.163049446616912   0.271010443409259   0.0396566397739407   -0.0238893316074929   0
0.121632804604567   0.297938070715082   -0.0414166420123453   0.0269276273058233   0
0.119522198060237   0.312549250884066   -0.00211060654432979   0.0146111801689832   0
0.151815122820513   0.292343041916847   0.0322929247602753   -0.0202062089672183   0
0.13779189955058   0.2988766422485   -0.0140232232699327   0.00653360033165307   0
0.184306233403071   0.281010930808333   0.0465143338524911   -0.0178657114401679   0
0.16154517833985   0.296919564162641   -0.0227610550632207   0.0159086333543084   0
0.125707041891321   0.266254064627113   -0.0358381364485295   -0.0306654995355277   0
0.119386696567776   0.278437196896468   -0.00632034532354533   0.0121831322693548   0
0.129976990548827   0.268913677073798   0.0105902939810511   -0.00952351982267002   0
0.148785919345243   0.268347908418967   0.0188089287964167   -0.000565768654830989   0
0.151113016788086   0.270296077834369   0.00232709744284215   0.00194816941540166   0
0.142851156129676   0.282325332276493   -0.00826186065840936   0.0120292544421243   0
0.176582070707742   0.253898419685032   0.0337309145780654   -0.0284269125914613   0
0.155157983120213   0.285736346638817   -0.021424087587529   0.0318379269537853   0
0.154419630096367   0.255756627803443   -0.000738353023845034   -0.0299797188353741   0
0.144982755178727   0.262570126352865   -0.00943687491764011   0.00681349854942226   0
0.140754817437207   0.293177948178349   -0.00422793774151994   0.0306078218254834   0
0.138374347794996   0.291645223798873   -0.00238046964221175   -0.00153272437947599   0
0.172219197362337   0.300387628004473   0.0338448495673409   0.00874240420560002   0
0.156261129652406   0.309378265965732   -0.015958067709931   0.00899063796125921   0
0.154289958078985   0.310982832172719   -0.00197117157342042   0.00160456620698735   0
0.148424054498823   0.311848331330755   -0.00586590358016237   0.000865499158036076   0
0.154033767996834   0.284518108615111   0.00560971349801093   -0.0273302227156446   0
0.139498783510877   0.28496597509495   -0.0145349844859563   0.000447866479839243   0
0.138892165269841   0.285430160284944   -0.000606618241036638   0.000464185189993693   0
0.152084910028552   0.288347526477069   0.0131927447587113   0.00291736619212579   0
0.12032640306699   0.309081922618322   -0.0317585069615616   0.0207343961412525   0
0.153599387131713   0.293754136642216   0.0332729840647222   -0.015327785976106   0
0.12886820426043   0.309201921066284   -0.0247311828712822   0.0154477844240685   0
0.15317848436644   0.301481708245247   0.0243102801060095   -0.00772021282103752   0
0.116720600285108   0.330198482290745   -0.036457884081332   0.0287167740454983   0
0.0902253339971463   0.272681934258373   -0.0264952662879616   -0.0575165480323722   0
0.0741871070157997   0.282753606666104   -0.0160382269813466   0.010071672407731   0
0.0849738508670021   0.290214458290726   0.0107867438512024   0.00746085162462201   0
0.143545929459963   0.287466995410039   0.0585720785929606   -0.00274746288068722   0
0.133124654011466   0.284385910037139   -0.0104212754484965   -0.00308108537289986   0
0.156290597868322   0.230412726968129   0.0231659438568562   -0.0539731830690094   0
0.179526249164835   0.248090013174999   0.0232356512965124   0.0176772862068697   0
0.142123350086377   0.277068446732777   -0.0374028990784578   0.028978433557778   0
0.121493285571446   0.258773097217755   -0.0206300645149308   -0.0182953495150218   0
0.124249905317119   0.24471298085664   0.00275661974567287   -0.0140601163611156   0
0.113934033135393   0.241796686408735   -0.0103158721817261   -0.00291629444790492   0
0.163559770050702   0.237720677566826   0.049625736915309   -0.0040760088419087   0
0.198722130168106   0.254756019190619   0.0351623601174037   0.0170353416237925   0
0.179889997613015   0.240864730575283   -0.0188321325550908   -0.013891288615336   0
0.186921039084763   0.213371061131431   0.00703104147174829   -0.027493669443852   0
0.176634468224239   0.237875037128448   -0.0102865708605243   0.0245039759970177   0
0.202962554739758   0.242272304720727   0.0263280865155189   0.00439726759227865   0
0.271566558586347   0.290866229983165   0.0686040038465896   0.0485939252624381   0
0.196855006330564   0.259057598092681   -0.074711552255783   -0.0318086318904843   0
0.244041283872869   0.286375103277332   0.0471862775423045   0.0273175051846513   0
0.212022862657678   0.254867916139655   -0.0320184212151911   -0.0315071871376775   0
0.228855012230351   0.25574612982062   0.0168321495726736   0.000878213680964857   0
0.232747504564743   0.247006597310285   0.00389249233439184   -0.00873953251033455   0
0.206210025254705   0.235901499657614   -0.026537479310038   -0.0111050976526707   0
0.19735693595283   0.226908728570368   -0.00885308930187559   -0.00899277108724628   0
0.162372554921189   0.233257375934218   -0.03498438103164   0.00634864736385019   0
0.167195123266703   0.232480603820873   0.00482256834551387   -0.000776772113345009   0
0.168067170332827   0.228969238577042   0.000872047066123149   -0.00351136524383147   0
0.12311466804225   0.247294687748281   -0.0449525022905762   0.018325449171239   0
0.16771234638296   0.236598440083361   0.0445976783407099   -0.0106962476649195   0
0.156584031029528   0.261346723731263   -0.0111283153534325   0.0247482836479017   0
0.220634134457657   0.261222303926454   0.0640501034281289   -0.000124419804809317   0
0.150434507060995   0.259004287414968   -0.0701996273966619   -0.00221801651148545   0
0.147008451051503   0.256580266173998   -0.00342605600949195   -0.00242402124097019   0
0.14245157271933   0.259853981363483   -0.00455687833217247   0.00327371518948527   0
0.146160643657315   0.260624574171937   0.00370907093798509   0.000770592808453985   0
0.16524171671838   0.255464719908932   0.0190810730610646   -0.00515985426300491   0
0.18034182015606   0.255832368524032   0.0151001034376797   0.000367648615099359   0
0.1715872550921   0.257650512849642   -0.00875456506395991   0.00181814432560984   0
0.196876167302032   0.279419517349412   0.0252889122099318   0.0217690044997705   0
0.168438528788152   0.255263422164255   -0.0284376385138797   -0.0241560951851572   0
0.170617886904863   0.254206878632398   0.00217935811671136   -0.00105654353185675   0
0.155360200605423   0.247591726938746   -0.0152576862994399   -0.00661515169365212   0
0.17067356713511   0.258067861463146   0.0153133665296869   0.0104761345244004   0
0.152281430607557   0.262621661263852   -0.0183921365275528   0.00455379980070597   0
0.198030821307048   0.280934128732373   0.0457493906994908   0.0183124674685203   0
0.166669305600029   0.254329770141266   -0.0313615157070195   -0.0266043585911069   0
0.205555313006205   0.276411360978947   0.0388860074061761   0.0220815908376817   0
0.156149694270816   0.244997939434461   -0.0494056187353885   -0.0314134215444866   0
0.157225226781467   0.229230933719008   0.0010755325106509   -0.0157670057154533   0
0.203656608031736   0.262868743498126   0.0464313812502686   0.0336378097791183   0
0.146911193789148   0.272574079148479   -0.056745414242588   0.0097053356503527   0
0.101210330644302   0.224084599704173   -0.0457008631448454   -0.0484894794443052   0
0.189090753970518   0.276347152577363   0.0878804233262154   0.0522625528731892   0
0.176225610746386   0.262488670144674   -0.0128651432241323   -0.0138584824326881   0
0.233771124042415   0.271083212096563   0.0575455132960296   0.00859454195188847   0
0.183682621459944   0.254564867841733   -0.0500885025824709   -0.0165183442548302   0
0.151546515747971   0.239534388089922   -0.0321361057119736   -0.0150304797518105   0
0.140194388730236   0.237203653866913   -0.0113521270177351   -0.00233073422300875   0
0.148216046303184   0.242612112032127   0.00802165757294865   0.00540845816521393   0
0.173197053091659   0.25439685118049   0.0249810067884745   0.0117847391483621   0
0.152796224967847   0.248858321361734   -0.0204008281238117   -0.00553852981875597   0
0.152379826267547   0.259852260874154   -0.000416398700299941   0.0109939395124203   0
0.178428065395035   0.270052777654669   0.0260482391274881   0.0102005167805148   0
0.157513327551828   0.26212543485322   -0.0209147378432074   -0.00792734280144858   0
0.154700019149567   0.256038195696914   -0.0028133084022606   -0.00608723915630627   0
0.180175456449678   0.283408183707789   0.0254754373001107   0.0273699880108749   0
0.14519990036009   0.27051502005277   -0.034975556089588   -0.0128931636550188   0
0.124278121178091   0.261525804071231   -0.0209217791819989   -0.00898921598153879   0
0.166455734725259   0.24093985495215   0.0421776135471682   -0.0205859491190809   0
0.135248238253033   0.258905313040735   -0.0312074964722265   0.0179654580885846   0
0.199383848234876   0.254140475872654   0.0641356099818431   -0.00476483716808068   0
0.148277978620183   0.249764969092711   -0.051105869614693   -0.00437550677994311   0
0.187109834421755   0.266952933572433   0.0388318558015726   0.0171879644797216   0
0.133058759437643   0.260990473851271   -0.0540510749841123   -0.00596245972116161   0
0.222097220451544   0.273167889311636   0.0890384610139012   0.012177415460365   0
0.178234013181264   0.266304816768015   -0.0438632072702801   -0.00686307254362101   0
0.235310534194545   0.277865861106954   0.0570765210132807   0.0115610443389394   0
0.164928655003251   0.247808650799918   -0.0703818791912942   -0.0300572103070361   0
0.238732918480614   0.265540013396634   0.0738042634773636   0.0177313625967155   0
0.176746719348973   0.244292449280565   -0.0619861991316407   -0.0212475641160687   0
